,number,card,card_type,type,W,L,Deck,Pilot,Online Price,Paper Price,deck_id,Date,Name,Format,url_name,url_formated
1,4,Dark Confidant,,Creatures,5,0,Junk,smashilha,626 tix,"$ 1,994",242023,2014-08-04,Modern Premier #7332856,modern,modern-premier-7332856,modern-premier-7332856-2014-08-04
2,3,Scavenging Ooze,,Creatures,5,0,Junk,smashilha,626 tix,"$ 1,994",242023,2014-08-04,Modern Premier #7332856,modern,modern-premier-7332856,modern-premier-7332856-2014-08-04
3,4,Tarmogoyf,,Creatures,5,0,Junk,smashilha,626 tix,"$ 1,994",242023,2014-08-04,Modern Premier #7332856,modern,modern-premier-7332856,modern-premier-7332856-2014-08-04
5,4,Liliana of the Veil,,Planeswalkers,5,0,Junk,smashilha,626 tix,"$ 1,994",242023,2014-08-04,Modern Premier #7332856,modern,modern-premier-7332856,modern-premier-7332856-2014-08-04
7,2,Slaughter Pact,,Spells,5,0,Junk,smashilha,626 tix,"$ 1,994",242023,2014-08-04,Modern Premier #7332856,modern,modern-premier-7332856,modern-premier-7332856-2014-08-04
8,3,Inquisition of Kozilek,,Spells,5,0,Junk,smashilha,626 tix,"$ 1,994",242023,2014-08-04,Modern Premier #7332856,modern,modern-premier-7332856,modern-premier-7332856-2014-08-04
9,4,Thoughtseize,,Spells,5,0,Junk,smashilha,626 tix,"$ 1,994",242023,2014-08-04,Modern Premier #7332856,modern,modern-premier-7332856,modern-premier-7332856-2014-08-04
10,4,Abrupt Decay,,Spells,5,0,Junk,smashilha,626 tix,"$ 1,994",242023,2014-08-04,Modern Premier #7332856,modern,modern-premier-7332856,modern-premier-7332856-2014-08-04
11,2,Dismember,,Spells,5,0,Junk,smashilha,626 tix,"$ 1,994",242023,2014-08-04,Modern Premier #7332856,modern,modern-premier-7332856,modern-premier-7332856-2014-08-04
12,4,Lingering Souls,,Spells,5,0,Junk,smashilha,626 tix,"$ 1,994",242023,2014-08-04,Modern Premier #7332856,modern,modern-premier-7332856,modern-premier-7332856-2014-08-04
13,1,Maelstrom Pulse,,Spells,5,0,Junk,smashilha,626 tix,"$ 1,994",242023,2014-08-04,Modern Premier #7332856,modern,modern-premier-7332856,modern-premier-7332856-2014-08-04
15,1,Forest,,Lands,5,0,Junk,smashilha,626 tix,"$ 1,994",242023,2014-08-04,Modern Premier #7332856,modern,modern-premier-7332856,modern-premier-7332856-2014-08-04
16,1,Godless Shrine,,Lands,5,0,Junk,smashilha,626 tix,"$ 1,994",242023,2014-08-04,Modern Premier #7332856,modern,modern-premier-7332856,modern-premier-7332856-2014-08-04
17,4,Marsh Flats,,Lands,5,0,Junk,smashilha,626 tix,"$ 1,994",242023,2014-08-04,Modern Premier #7332856,modern,modern-premier-7332856,modern-premier-7332856-2014-08-04
18,2,Overgrown Tomb,,Lands,5,0,Junk,smashilha,626 tix,"$ 1,994",242023,2014-08-04,Modern Premier #7332856,modern,modern-premier-7332856,modern-premier-7332856-2014-08-04
19,1,Stirring Wildwood,,Lands,5,0,Junk,smashilha,626 tix,"$ 1,994",242023,2014-08-04,Modern Premier #7332856,modern,modern-premier-7332856,modern-premier-7332856-2014-08-04
20,2,Swamp,,Lands,5,0,Junk,smashilha,626 tix,"$ 1,994",242023,2014-08-04,Modern Premier #7332856,modern,modern-premier-7332856,modern-premier-7332856-2014-08-04
21,4,Tectonic Edge,,Lands,5,0,Junk,smashilha,626 tix,"$ 1,994",242023,2014-08-04,Modern Premier #7332856,modern,modern-premier-7332856,modern-premier-7332856-2014-08-04
22,1,Temple Garden,,Lands,5,0,Junk,smashilha,626 tix,"$ 1,994",242023,2014-08-04,Modern Premier #7332856,modern,modern-premier-7332856,modern-premier-7332856-2014-08-04
23,3,Treetop Village,,Lands,5,0,Junk,smashilha,626 tix,"$ 1,994",242023,2014-08-04,Modern Premier #7332856,modern,modern-premier-7332856,modern-premier-7332856-2014-08-04
24,1,Twilight Mire,,Lands,5,0,Junk,smashilha,626 tix,"$ 1,994",242023,2014-08-04,Modern Premier #7332856,modern,modern-premier-7332856,modern-premier-7332856-2014-08-04
25,1,"Urborg, Tomb of Yawgmoth",,Lands,5,0,Junk,smashilha,626 tix,"$ 1,994",242023,2014-08-04,Modern Premier #7332856,modern,modern-premier-7332856,modern-premier-7332856-2014-08-04
26,4,Verdant Catacombs,,Lands,5,0,Junk,smashilha,626 tix,"$ 1,994",242023,2014-08-04,Modern Premier #7332856,modern,modern-premier-7332856,modern-premier-7332856-2014-08-04
28,1,Engineered Explosives,,Sideboard,5,0,Junk,smashilha,626 tix,"$ 1,994",242023,2014-08-04,Modern Premier #7332856,modern,modern-premier-7332856,modern-premier-7332856-2014-08-04
29,2,Grafdigger's Cage,,Sideboard,5,0,Junk,smashilha,626 tix,"$ 1,994",242023,2014-08-04,Modern Premier #7332856,modern,modern-premier-7332856,modern-premier-7332856-2014-08-04
30,1,Golgari Charm,,Sideboard,5,0,Junk,smashilha,626 tix,"$ 1,994",242023,2014-08-04,Modern Premier #7332856,modern,modern-premier-7332856,modern-premier-7332856-2014-08-04
31,2,Zealous Persecution,,Sideboard,5,0,Junk,smashilha,626 tix,"$ 1,994",242023,2014-08-04,Modern Premier #7332856,modern,modern-premier-7332856,modern-premier-7332856-2014-08-04
32,2,Aven Mindcensor,,Sideboard,5,0,Junk,smashilha,626 tix,"$ 1,994",242023,2014-08-04,Modern Premier #7332856,modern,modern-premier-7332856,modern-premier-7332856-2014-08-04
33,4,Fulminator Mage,,Sideboard,5,0,Junk,smashilha,626 tix,"$ 1,994",242023,2014-08-04,Modern Premier #7332856,modern,modern-premier-7332856,modern-premier-7332856-2014-08-04
34,1,Creeping Corrosion,,Sideboard,5,0,Junk,smashilha,626 tix,"$ 1,994",242023,2014-08-04,Modern Premier #7332856,modern,modern-premier-7332856,modern-premier-7332856-2014-08-04
35,1,Eradicate,,Sideboard,5,0,Junk,smashilha,626 tix,"$ 1,994",242023,2014-08-04,Modern Premier #7332856,modern,modern-premier-7332856,modern-premier-7332856-2014-08-04
36,1,"Thrun, the Last Troll",,Sideboard,5,0,Junk,smashilha,626 tix,"$ 1,994",242023,2014-08-04,Modern Premier #7332856,modern,modern-premier-7332856,modern-premier-7332856-2014-08-04
1,4,Birds of Paradise,,Creatures,5,0,Melira Pod,settek,281 tix,$ 886,242025,2014-08-04,Modern Premier #7332856,modern,modern-premier-7332856,modern-premier-7332856-2014-08-04
2,3,Noble Hierarch,,Creatures,5,0,Melira Pod,settek,281 tix,$ 886,242025,2014-08-04,Modern Premier #7332856,modern,modern-premier-7332856,modern-premier-7332856-2014-08-04
3,1,Viscera Seer,,Creatures,5,0,Melira Pod,settek,281 tix,$ 886,242025,2014-08-04,Modern Premier #7332856,modern,modern-premier-7332856,modern-premier-7332856-2014-08-04
4,1,"Melira, Sylvok Outcast",,Creatures,5,0,Melira Pod,settek,281 tix,$ 886,242025,2014-08-04,Modern Premier #7332856,modern,modern-premier-7332856,modern-premier-7332856-2014-08-04
5,1,Qasali Pridemage,,Creatures,5,0,Melira Pod,settek,281 tix,$ 886,242025,2014-08-04,Modern Premier #7332856,modern,modern-premier-7332856,modern-premier-7332856-2014-08-04
6,1,Scavenging Ooze,,Creatures,5,0,Melira Pod,settek,281 tix,$ 886,242025,2014-08-04,Modern Premier #7332856,modern,modern-premier-7332856,modern-premier-7332856-2014-08-04
7,1,Spellskite,,Creatures,5,0,Melira Pod,settek,281 tix,$ 886,242025,2014-08-04,Modern Premier #7332856,modern,modern-premier-7332856,modern-premier-7332856-2014-08-04
8,3,Voice of Resurgence,,Creatures,5,0,Melira Pod,settek,281 tix,$ 886,242025,2014-08-04,Modern Premier #7332856,modern,modern-premier-7332856,modern-premier-7332856-2014-08-04
9,1,Wall of Roots,,Creatures,5,0,Melira Pod,settek,281 tix,$ 886,242025,2014-08-04,Modern Premier #7332856,modern,modern-premier-7332856,modern-premier-7332856-2014-08-04
10,1,Eternal Witness,,Creatures,5,0,Melira Pod,settek,281 tix,$ 886,242025,2014-08-04,Modern Premier #7332856,modern,modern-premier-7332856,modern-premier-7332856-2014-08-04
11,3,Kitchen Finks,,Creatures,5,0,Melira Pod,settek,281 tix,$ 886,242025,2014-08-04,Modern Premier #7332856,modern,modern-premier-7332856,modern-premier-7332856-2014-08-04
12,1,Orzhov Pontiff,,Creatures,5,0,Melira Pod,settek,281 tix,$ 886,242025,2014-08-04,Modern Premier #7332856,modern,modern-premier-7332856,modern-premier-7332856-2014-08-04
13,1,Spike Feeder,,Creatures,5,0,Melira Pod,settek,281 tix,$ 886,242025,2014-08-04,Modern Premier #7332856,modern,modern-premier-7332856,modern-premier-7332856-2014-08-04
14,1,"Linvala, Keeper of Silence",,Creatures,5,0,Melira Pod,settek,281 tix,$ 886,242025,2014-08-04,Modern Premier #7332856,modern,modern-premier-7332856,modern-premier-7332856-2014-08-04
15,1,Murderous Redcap,,Creatures,5,0,Melira Pod,settek,281 tix,$ 886,242025,2014-08-04,Modern Premier #7332856,modern,modern-premier-7332856,modern-premier-7332856-2014-08-04
16,1,Phyrexian Metamorph,,Creatures,5,0,Melira Pod,settek,281 tix,$ 886,242025,2014-08-04,Modern Premier #7332856,modern,modern-premier-7332856,modern-premier-7332856-2014-08-04
17,1,Ranger of Eos,,Creatures,5,0,Melira Pod,settek,281 tix,$ 886,242025,2014-08-04,Modern Premier #7332856,modern,modern-premier-7332856,modern-premier-7332856-2014-08-04
18,1,Archangel of Thune,,Creatures,5,0,Melira Pod,settek,281 tix,$ 886,242025,2014-08-04,Modern Premier #7332856,modern,modern-premier-7332856,modern-premier-7332856-2014-08-04
19,1,Reveillark,,Creatures,5,0,Melira Pod,settek,281 tix,$ 886,242025,2014-08-04,Modern Premier #7332856,modern,modern-premier-7332856,modern-premier-7332856-2014-08-04
20,1,Shriekmaw,,Creatures,5,0,Melira Pod,settek,281 tix,$ 886,242025,2014-08-04,Modern Premier #7332856,modern,modern-premier-7332856,modern-premier-7332856-2014-08-04
22,2,Abrupt Decay,,Spells,5,0,Melira Pod,settek,281 tix,$ 886,242025,2014-08-04,Modern Premier #7332856,modern,modern-premier-7332856,modern-premier-7332856-2014-08-04
23,2,Chord of Calling,,Spells,5,0,Melira Pod,settek,281 tix,$ 886,242025,2014-08-04,Modern Premier #7332856,modern,modern-premier-7332856,modern-premier-7332856-2014-08-04
25,4,Birthing Pod,,Artifacts,5,0,Melira Pod,settek,281 tix,$ 886,242025,2014-08-04,Modern Premier #7332856,modern,modern-premier-7332856,modern-premier-7332856-2014-08-04
27,3,Forest,,Lands,5,0,Melira Pod,settek,281 tix,$ 886,242025,2014-08-04,Modern Premier #7332856,modern,modern-premier-7332856,modern-premier-7332856-2014-08-04
28,3,Gavony Township,,Lands,5,0,Melira Pod,settek,281 tix,$ 886,242025,2014-08-04,Modern Premier #7332856,modern,modern-premier-7332856,modern-premier-7332856-2014-08-04
29,1,Godless Shrine,,Lands,5,0,Melira Pod,settek,281 tix,$ 886,242025,2014-08-04,Modern Premier #7332856,modern,modern-premier-7332856,modern-premier-7332856-2014-08-04
30,4,Misty Rainforest,,Lands,5,0,Melira Pod,settek,281 tix,$ 886,242025,2014-08-04,Modern Premier #7332856,modern,modern-premier-7332856,modern-premier-7332856-2014-08-04
31,2,Overgrown Tomb,,Lands,5,0,Melira Pod,settek,281 tix,$ 886,242025,2014-08-04,Modern Premier #7332856,modern,modern-premier-7332856,modern-premier-7332856-2014-08-04
32,3,Razorverge Thicket,,Lands,5,0,Melira Pod,settek,281 tix,$ 886,242025,2014-08-04,Modern Premier #7332856,modern,modern-premier-7332856,modern-premier-7332856-2014-08-04
33,1,Swamp,,Lands,5,0,Melira Pod,settek,281 tix,$ 886,242025,2014-08-04,Modern Premier #7332856,modern,modern-premier-7332856,modern-premier-7332856-2014-08-04
34,1,Temple Garden,,Lands,5,0,Melira Pod,settek,281 tix,$ 886,242025,2014-08-04,Modern Premier #7332856,modern,modern-premier-7332856,modern-premier-7332856-2014-08-04
35,4,Verdant Catacombs,,Lands,5,0,Melira Pod,settek,281 tix,$ 886,242025,2014-08-04,Modern Premier #7332856,modern,modern-premier-7332856,modern-premier-7332856-2014-08-04
36,1,Woodland Cemetery,,Lands,5,0,Melira Pod,settek,281 tix,$ 886,242025,2014-08-04,Modern Premier #7332856,modern,modern-premier-7332856,modern-premier-7332856-2014-08-04
38,4,Thoughtseize,,Sideboard,5,0,Melira Pod,settek,281 tix,$ 886,242025,2014-08-04,Modern Premier #7332856,modern,modern-premier-7332856,modern-premier-7332856-2014-08-04
39,1,Abrupt Decay,,Sideboard,5,0,Melira Pod,settek,281 tix,$ 886,242025,2014-08-04,Modern Premier #7332856,modern,modern-premier-7332856,modern-premier-7332856-2014-08-04
40,1,Scavenging Ooze,,Sideboard,5,0,Melira Pod,settek,281 tix,$ 886,242025,2014-08-04,Modern Premier #7332856,modern,modern-premier-7332856,modern-premier-7332856-2014-08-04
41,2,Dismember,,Sideboard,5,0,Melira Pod,settek,281 tix,$ 886,242025,2014-08-04,Modern Premier #7332856,modern,modern-premier-7332856,modern-premier-7332856-2014-08-04
42,1,Orzhov Pontiff,,Sideboard,5,0,Melira Pod,settek,281 tix,$ 886,242025,2014-08-04,Modern Premier #7332856,modern,modern-premier-7332856,modern-premier-7332856-2014-08-04
43,1,Reclamation Sage,,Sideboard,5,0,Melira Pod,settek,281 tix,$ 886,242025,2014-08-04,Modern Premier #7332856,modern,modern-premier-7332856,modern-premier-7332856-2014-08-04
44,2,Sin Collector,,Sideboard,5,0,Melira Pod,settek,281 tix,$ 886,242025,2014-08-04,Modern Premier #7332856,modern,modern-premier-7332856,modern-premier-7332856-2014-08-04
45,1,Entomber Exarch,,Sideboard,5,0,Melira Pod,settek,281 tix,$ 886,242025,2014-08-04,Modern Premier #7332856,modern,modern-premier-7332856,modern-premier-7332856-2014-08-04
46,1,"Thrun, the Last Troll",,Sideboard,5,0,Melira Pod,settek,281 tix,$ 886,242025,2014-08-04,Modern Premier #7332856,modern,modern-premier-7332856,modern-premier-7332856-2014-08-04
47,1,"Sigarda, Host of Herons",,Sideboard,5,0,Melira Pod,settek,281 tix,$ 886,242025,2014-08-04,Modern Premier #7332856,modern,modern-premier-7332856,modern-premier-7332856-2014-08-04
1,4,Birds of Paradise,,Creatures,5,0,Melira Pod,Lyserg,270 tix,$ 875,242027,2014-08-04,Modern Premier #7332856,modern,modern-premier-7332856,modern-premier-7332856-2014-08-04
2,3,Noble Hierarch,,Creatures,5,0,Melira Pod,Lyserg,270 tix,$ 875,242027,2014-08-04,Modern Premier #7332856,modern,modern-premier-7332856,modern-premier-7332856-2014-08-04
3,1,Scavenging Ooze,,Creatures,5,0,Melira Pod,Lyserg,270 tix,$ 875,242027,2014-08-04,Modern Premier #7332856,modern,modern-premier-7332856,modern-premier-7332856-2014-08-04
4,1,Spellskite,,Creatures,5,0,Melira Pod,Lyserg,270 tix,$ 875,242027,2014-08-04,Modern Premier #7332856,modern,modern-premier-7332856,modern-premier-7332856-2014-08-04
5,3,Voice of Resurgence,,Creatures,5,0,Melira Pod,Lyserg,270 tix,$ 875,242027,2014-08-04,Modern Premier #7332856,modern,modern-premier-7332856,modern-premier-7332856-2014-08-04
6,1,Wall of Roots,,Creatures,5,0,Melira Pod,Lyserg,270 tix,$ 875,242027,2014-08-04,Modern Premier #7332856,modern,modern-premier-7332856,modern-premier-7332856-2014-08-04
7,1,Eternal Witness,,Creatures,5,0,Melira Pod,Lyserg,270 tix,$ 875,242027,2014-08-04,Modern Premier #7332856,modern,modern-premier-7332856,modern-premier-7332856-2014-08-04
8,2,Kitchen Finks,,Creatures,5,0,Melira Pod,Lyserg,270 tix,$ 875,242027,2014-08-04,Modern Premier #7332856,modern,modern-premier-7332856,modern-premier-7332856-2014-08-04
9,1,Orzhov Pontiff,,Creatures,5,0,Melira Pod,Lyserg,270 tix,$ 875,242027,2014-08-04,Modern Premier #7332856,modern,modern-premier-7332856,modern-premier-7332856-2014-08-04
10,1,Reclamation Sage,,Creatures,5,0,Melira Pod,Lyserg,270 tix,$ 875,242027,2014-08-04,Modern Premier #7332856,modern,modern-premier-7332856,modern-premier-7332856-2014-08-04
11,1,Sin Collector,,Creatures,5,0,Melira Pod,Lyserg,270 tix,$ 875,242027,2014-08-04,Modern Premier #7332856,modern,modern-premier-7332856,modern-premier-7332856-2014-08-04
12,1,Spike Feeder,,Creatures,5,0,Melira Pod,Lyserg,270 tix,$ 875,242027,2014-08-04,Modern Premier #7332856,modern,modern-premier-7332856,modern-premier-7332856-2014-08-04
13,1,"Linvala, Keeper of Silence",,Creatures,5,0,Melira Pod,Lyserg,270 tix,$ 875,242027,2014-08-04,Modern Premier #7332856,modern,modern-premier-7332856,modern-premier-7332856-2014-08-04
14,1,Murderous Redcap,,Creatures,5,0,Melira Pod,Lyserg,270 tix,$ 875,242027,2014-08-04,Modern Premier #7332856,modern,modern-premier-7332856,modern-premier-7332856-2014-08-04
15,2,Restoration Angel,,Creatures,5,0,Melira Pod,Lyserg,270 tix,$ 875,242027,2014-08-04,Modern Premier #7332856,modern,modern-premier-7332856,modern-premier-7332856-2014-08-04
16,1,Archangel of Thune,,Creatures,5,0,Melira Pod,Lyserg,270 tix,$ 875,242027,2014-08-04,Modern Premier #7332856,modern,modern-premier-7332856,modern-premier-7332856-2014-08-04
17,1,Reveillark,,Creatures,5,0,Melira Pod,Lyserg,270 tix,$ 875,242027,2014-08-04,Modern Premier #7332856,modern,modern-premier-7332856,modern-premier-7332856-2014-08-04
18,1,Shriekmaw,,Creatures,5,0,Melira Pod,Lyserg,270 tix,$ 875,242027,2014-08-04,Modern Premier #7332856,modern,modern-premier-7332856,modern-premier-7332856-2014-08-04
20,2,Thoughtseize,,Spells,5,0,Melira Pod,Lyserg,270 tix,$ 875,242027,2014-08-04,Modern Premier #7332856,modern,modern-premier-7332856,modern-premier-7332856-2014-08-04
21,2,Abrupt Decay,,Spells,5,0,Melira Pod,Lyserg,270 tix,$ 875,242027,2014-08-04,Modern Premier #7332856,modern,modern-premier-7332856,modern-premier-7332856-2014-08-04
22,2,Chord of Calling,,Spells,5,0,Melira Pod,Lyserg,270 tix,$ 875,242027,2014-08-04,Modern Premier #7332856,modern,modern-premier-7332856,modern-premier-7332856-2014-08-04
24,4,Birthing Pod,,Artifacts,5,0,Melira Pod,Lyserg,270 tix,$ 875,242027,2014-08-04,Modern Premier #7332856,modern,modern-premier-7332856,modern-premier-7332856-2014-08-04
26,3,Forest,,Lands,5,0,Melira Pod,Lyserg,270 tix,$ 875,242027,2014-08-04,Modern Premier #7332856,modern,modern-premier-7332856,modern-premier-7332856-2014-08-04
27,3,Gavony Township,,Lands,5,0,Melira Pod,Lyserg,270 tix,$ 875,242027,2014-08-04,Modern Premier #7332856,modern,modern-premier-7332856,modern-premier-7332856-2014-08-04
28,1,Godless Shrine,,Lands,5,0,Melira Pod,Lyserg,270 tix,$ 875,242027,2014-08-04,Modern Premier #7332856,modern,modern-premier-7332856,modern-premier-7332856-2014-08-04
29,2,Marsh Flats,,Lands,5,0,Melira Pod,Lyserg,270 tix,$ 875,242027,2014-08-04,Modern Premier #7332856,modern,modern-premier-7332856,modern-premier-7332856-2014-08-04
30,2,Misty Rainforest,,Lands,5,0,Melira Pod,Lyserg,270 tix,$ 875,242027,2014-08-04,Modern Premier #7332856,modern,modern-premier-7332856,modern-premier-7332856-2014-08-04
31,2,Overgrown Tomb,,Lands,5,0,Melira Pod,Lyserg,270 tix,$ 875,242027,2014-08-04,Modern Premier #7332856,modern,modern-premier-7332856,modern-premier-7332856-2014-08-04
32,4,Razorverge Thicket,,Lands,5,0,Melira Pod,Lyserg,270 tix,$ 875,242027,2014-08-04,Modern Premier #7332856,modern,modern-premier-7332856,modern-premier-7332856-2014-08-04
33,1,Swamp,,Lands,5,0,Melira Pod,Lyserg,270 tix,$ 875,242027,2014-08-04,Modern Premier #7332856,modern,modern-premier-7332856,modern-premier-7332856-2014-08-04
34,1,Temple Garden,,Lands,5,0,Melira Pod,Lyserg,270 tix,$ 875,242027,2014-08-04,Modern Premier #7332856,modern,modern-premier-7332856,modern-premier-7332856-2014-08-04
35,4,Verdant Catacombs,,Lands,5,0,Melira Pod,Lyserg,270 tix,$ 875,242027,2014-08-04,Modern Premier #7332856,modern,modern-premier-7332856,modern-premier-7332856-2014-08-04
37,1,Path to Exile,,Sideboard,5,0,Melira Pod,Lyserg,270 tix,$ 875,242027,2014-08-04,Modern Premier #7332856,modern,modern-premier-7332856,modern-premier-7332856-2014-08-04
38,2,Thoughtseize,,Sideboard,5,0,Melira Pod,Lyserg,270 tix,$ 875,242027,2014-08-04,Modern Premier #7332856,modern,modern-premier-7332856,modern-premier-7332856-2014-08-04
39,1,"Kataki, War's Wage",,Sideboard,5,0,Melira Pod,Lyserg,270 tix,$ 875,242027,2014-08-04,Modern Premier #7332856,modern,modern-premier-7332856,modern-premier-7332856-2014-08-04
40,1,Phyrexian Revoker,,Sideboard,5,0,Melira Pod,Lyserg,270 tix,$ 875,242027,2014-08-04,Modern Premier #7332856,modern,modern-premier-7332856,modern-premier-7332856-2014-08-04
41,1,Qasali Pridemage,,Sideboard,5,0,Melira Pod,Lyserg,270 tix,$ 875,242027,2014-08-04,Modern Premier #7332856,modern,modern-premier-7332856,modern-premier-7332856-2014-08-04
42,1,Dismember,,Sideboard,5,0,Melira Pod,Lyserg,270 tix,$ 875,242027,2014-08-04,Modern Premier #7332856,modern,modern-premier-7332856,modern-premier-7332856-2014-08-04
43,1,Eidolon of Rhetoric,,Sideboard,5,0,Melira Pod,Lyserg,270 tix,$ 875,242027,2014-08-04,Modern Premier #7332856,modern,modern-premier-7332856,modern-premier-7332856-2014-08-04
44,1,Maelstrom Pulse,,Sideboard,5,0,Melira Pod,Lyserg,270 tix,$ 875,242027,2014-08-04,Modern Premier #7332856,modern,modern-premier-7332856,modern-premier-7332856-2014-08-04
45,1,Orzhov Pontiff,,Sideboard,5,0,Melira Pod,Lyserg,270 tix,$ 875,242027,2014-08-04,Modern Premier #7332856,modern,modern-premier-7332856,modern-premier-7332856-2014-08-04
46,1,Sin Collector,,Sideboard,5,0,Melira Pod,Lyserg,270 tix,$ 875,242027,2014-08-04,Modern Premier #7332856,modern,modern-premier-7332856,modern-premier-7332856-2014-08-04
47,1,Entomber Exarch,,Sideboard,5,0,Melira Pod,Lyserg,270 tix,$ 875,242027,2014-08-04,Modern Premier #7332856,modern,modern-premier-7332856,modern-premier-7332856-2014-08-04
48,1,"Linvala, Keeper of Silence",,Sideboard,5,0,Melira Pod,Lyserg,270 tix,$ 875,242027,2014-08-04,Modern Premier #7332856,modern,modern-premier-7332856,modern-premier-7332856-2014-08-04
49,1,Nekrataal,,Sideboard,5,0,Melira Pod,Lyserg,270 tix,$ 875,242027,2014-08-04,Modern Premier #7332856,modern,modern-premier-7332856,modern-premier-7332856-2014-08-04
50,1,"Sigarda, Host of Herons",,Sideboard,5,0,Melira Pod,Lyserg,270 tix,$ 875,242027,2014-08-04,Modern Premier #7332856,modern,modern-premier-7332856,modern-premier-7332856-2014-08-04
1,4,Sakura-Tribe Elder,,Creatures,5,0,Scapeshift,leearson,259 tix,"$ 1,025",242031,2014-08-04,Modern Premier #7332856,modern,modern-premier-7332856,modern-premier-7332856-2014-08-04
2,3,Snapcaster Mage,,Creatures,5,0,Scapeshift,leearson,259 tix,"$ 1,025",242031,2014-08-04,Modern Premier #7332856,modern,modern-premier-7332856,modern-premier-7332856-2014-08-04
4,2,Quicken,,Spells,5,0,Scapeshift,leearson,259 tix,"$ 1,025",242031,2014-08-04,Modern Premier #7332856,modern,modern-premier-7332856,modern-premier-7332856-2014-08-04
5,2,Repeal,,Spells,5,0,Scapeshift,leearson,259 tix,"$ 1,025",242031,2014-08-04,Modern Premier #7332856,modern,modern-premier-7332856,modern-premier-7332856-2014-08-04
6,3,Serum Visions,,Spells,5,0,Scapeshift,leearson,259 tix,"$ 1,025",242031,2014-08-04,Modern Premier #7332856,modern,modern-premier-7332856,modern-premier-7332856-2014-08-04
7,2,Izzet Charm,,Spells,5,0,Scapeshift,leearson,259 tix,"$ 1,025",242031,2014-08-04,Modern Premier #7332856,modern,modern-premier-7332856,modern-premier-7332856-2014-08-04
8,4,Remand,,Spells,5,0,Scapeshift,leearson,259 tix,"$ 1,025",242031,2014-08-04,Modern Premier #7332856,modern,modern-premier-7332856,modern-premier-7332856-2014-08-04
9,3,Telling Time,,Spells,5,0,Scapeshift,leearson,259 tix,"$ 1,025",242031,2014-08-04,Modern Premier #7332856,modern,modern-premier-7332856,modern-premier-7332856-2014-08-04
10,2,Electrolyze,,Spells,5,0,Scapeshift,leearson,259 tix,"$ 1,025",242031,2014-08-04,Modern Premier #7332856,modern,modern-premier-7332856,modern-premier-7332856-2014-08-04
11,4,Search for Tomorrow,,Spells,5,0,Scapeshift,leearson,259 tix,"$ 1,025",242031,2014-08-04,Modern Premier #7332856,modern,modern-premier-7332856,modern-premier-7332856-2014-08-04
12,3,Cryptic Command,,Spells,5,0,Scapeshift,leearson,259 tix,"$ 1,025",242031,2014-08-04,Modern Premier #7332856,modern,modern-premier-7332856,modern-premier-7332856-2014-08-04
13,4,Scapeshift,,Spells,5,0,Scapeshift,leearson,259 tix,"$ 1,025",242031,2014-08-04,Modern Premier #7332856,modern,modern-premier-7332856,modern-premier-7332856-2014-08-04
15,2,Breeding Pool,,Lands,5,0,Scapeshift,leearson,259 tix,"$ 1,025",242031,2014-08-04,Modern Premier #7332856,modern,modern-premier-7332856,modern-premier-7332856-2014-08-04
16,1,Flooded Grove,,Lands,5,0,Scapeshift,leearson,259 tix,"$ 1,025",242031,2014-08-04,Modern Premier #7332856,modern,modern-premier-7332856,modern-premier-7332856-2014-08-04
17,3,Forest,,Lands,5,0,Scapeshift,leearson,259 tix,"$ 1,025",242031,2014-08-04,Modern Premier #7332856,modern,modern-premier-7332856,modern-premier-7332856-2014-08-04
18,1,Halimar Depths,,Lands,5,0,Scapeshift,leearson,259 tix,"$ 1,025",242031,2014-08-04,Modern Premier #7332856,modern,modern-premier-7332856,modern-premier-7332856-2014-08-04
19,3,Island,,Lands,5,0,Scapeshift,leearson,259 tix,"$ 1,025",242031,2014-08-04,Modern Premier #7332856,modern,modern-premier-7332856,modern-premier-7332856-2014-08-04
20,2,Misty Rainforest,,Lands,5,0,Scapeshift,leearson,259 tix,"$ 1,025",242031,2014-08-04,Modern Premier #7332856,modern,modern-premier-7332856,modern-premier-7332856-2014-08-04
21,2,Mountain,,Lands,5,0,Scapeshift,leearson,259 tix,"$ 1,025",242031,2014-08-04,Modern Premier #7332856,modern,modern-premier-7332856,modern-premier-7332856-2014-08-04
22,4,Steam Vents,,Lands,5,0,Scapeshift,leearson,259 tix,"$ 1,025",242031,2014-08-04,Modern Premier #7332856,modern,modern-premier-7332856,modern-premier-7332856-2014-08-04
23,4,Stomping Ground,,Lands,5,0,Scapeshift,leearson,259 tix,"$ 1,025",242031,2014-08-04,Modern Premier #7332856,modern,modern-premier-7332856,modern-premier-7332856-2014-08-04
24,2,"Valakut, the Molten Pinnacle",,Lands,5,0,Scapeshift,leearson,259 tix,"$ 1,025",242031,2014-08-04,Modern Premier #7332856,modern,modern-premier-7332856,modern-premier-7332856-2014-08-04
26,1,Engineered Explosives,,Sideboard,5,0,Scapeshift,leearson,259 tix,"$ 1,025",242031,2014-08-04,Modern Premier #7332856,modern,modern-premier-7332856,modern-premier-7332856-2014-08-04
27,2,Nature's Claim,,Sideboard,5,0,Scapeshift,leearson,259 tix,"$ 1,025",242031,2014-08-04,Modern Premier #7332856,modern,modern-premier-7332856,modern-premier-7332856-2014-08-04
28,2,Relic of Progenitus,,Sideboard,5,0,Scapeshift,leearson,259 tix,"$ 1,025",242031,2014-08-04,Modern Premier #7332856,modern,modern-premier-7332856,modern-premier-7332856-2014-08-04
29,1,Ancient Grudge,,Sideboard,5,0,Scapeshift,leearson,259 tix,"$ 1,025",242031,2014-08-04,Modern Premier #7332856,modern,modern-premier-7332856,modern-premier-7332856-2014-08-04
30,2,Negate,,Sideboard,5,0,Scapeshift,leearson,259 tix,"$ 1,025",242031,2014-08-04,Modern Premier #7332856,modern,modern-premier-7332856,modern-premier-7332856-2014-08-04
31,2,Anger of the Gods,,Sideboard,5,0,Scapeshift,leearson,259 tix,"$ 1,025",242031,2014-08-04,Modern Premier #7332856,modern,modern-premier-7332856,modern-premier-7332856-2014-08-04
32,2,Vendilion Clique,,Sideboard,5,0,Scapeshift,leearson,259 tix,"$ 1,025",242031,2014-08-04,Modern Premier #7332856,modern,modern-premier-7332856,modern-premier-7332856-2014-08-04
33,2,Obstinate Baloth,,Sideboard,5,0,Scapeshift,leearson,259 tix,"$ 1,025",242031,2014-08-04,Modern Premier #7332856,modern,modern-premier-7332856,modern-premier-7332856-2014-08-04
34,1,Batterskull,,Sideboard,5,0,Scapeshift,leearson,259 tix,"$ 1,025",242031,2014-08-04,Modern Premier #7332856,modern,modern-premier-7332856,modern-premier-7332856-2014-08-04
1,4,Birds of Paradise,,Creatures,4,1,Kiki Pod,DetectedDestiny,242 tix,$ 747,242024,2014-08-04,Modern Premier #7332856,modern,modern-premier-7332856,modern-premier-7332856-2014-08-04
2,3,Noble Hierarch,,Creatures,4,1,Kiki Pod,DetectedDestiny,242 tix,$ 747,242024,2014-08-04,Modern Premier #7332856,modern,modern-premier-7332856,modern-premier-7332856-2014-08-04
3,1,Phantasmal Image,,Creatures,4,1,Kiki Pod,DetectedDestiny,242 tix,$ 747,242024,2014-08-04,Modern Premier #7332856,modern,modern-premier-7332856,modern-premier-7332856-2014-08-04
4,1,Qasali Pridemage,,Creatures,4,1,Kiki Pod,DetectedDestiny,242 tix,$ 747,242024,2014-08-04,Modern Premier #7332856,modern,modern-premier-7332856,modern-premier-7332856-2014-08-04
5,2,Scavenging Ooze,,Creatures,4,1,Kiki Pod,DetectedDestiny,242 tix,$ 747,242024,2014-08-04,Modern Premier #7332856,modern,modern-premier-7332856,modern-premier-7332856-2014-08-04
6,1,Spellskite,,Creatures,4,1,Kiki Pod,DetectedDestiny,242 tix,$ 747,242024,2014-08-04,Modern Premier #7332856,modern,modern-premier-7332856,modern-premier-7332856-2014-08-04
7,1,Voice of Resurgence,,Creatures,4,1,Kiki Pod,DetectedDestiny,242 tix,$ 747,242024,2014-08-04,Modern Premier #7332856,modern,modern-premier-7332856,modern-premier-7332856-2014-08-04
8,2,Wall of Roots,,Creatures,4,1,Kiki Pod,DetectedDestiny,242 tix,$ 747,242024,2014-08-04,Modern Premier #7332856,modern,modern-premier-7332856,modern-premier-7332856-2014-08-04
9,1,Deceiver Exarch,,Creatures,4,1,Kiki Pod,DetectedDestiny,242 tix,$ 747,242024,2014-08-04,Modern Premier #7332856,modern,modern-premier-7332856,modern-premier-7332856-2014-08-04
10,1,Eternal Witness,,Creatures,4,1,Kiki Pod,DetectedDestiny,242 tix,$ 747,242024,2014-08-04,Modern Premier #7332856,modern,modern-premier-7332856,modern-premier-7332856-2014-08-04
11,1,Izzet Staticaster,,Creatures,4,1,Kiki Pod,DetectedDestiny,242 tix,$ 747,242024,2014-08-04,Modern Premier #7332856,modern,modern-premier-7332856,modern-premier-7332856-2014-08-04
12,2,Kitchen Finks,,Creatures,4,1,Kiki Pod,DetectedDestiny,242 tix,$ 747,242024,2014-08-04,Modern Premier #7332856,modern,modern-premier-7332856,modern-premier-7332856-2014-08-04
13,1,Glen Elendra Archmage,,Creatures,4,1,Kiki Pod,DetectedDestiny,242 tix,$ 747,242024,2014-08-04,Modern Premier #7332856,modern,modern-premier-7332856,modern-premier-7332856-2014-08-04
14,1,"Linvala, Keeper of Silence",,Creatures,4,1,Kiki Pod,DetectedDestiny,242 tix,$ 747,242024,2014-08-04,Modern Premier #7332856,modern,modern-premier-7332856,modern-premier-7332856-2014-08-04
15,4,Restoration Angel,,Creatures,4,1,Kiki Pod,DetectedDestiny,242 tix,$ 747,242024,2014-08-04,Modern Premier #7332856,modern,modern-premier-7332856,modern-premier-7332856-2014-08-04
16,2,"Kiki-Jiki, Mirror Breaker",,Creatures,4,1,Kiki Pod,DetectedDestiny,242 tix,$ 747,242024,2014-08-04,Modern Premier #7332856,modern,modern-premier-7332856,modern-premier-7332856-2014-08-04
17,1,Zealous Conscripts,,Creatures,4,1,Kiki Pod,DetectedDestiny,242 tix,$ 747,242024,2014-08-04,Modern Premier #7332856,modern,modern-premier-7332856,modern-premier-7332856-2014-08-04
19,2,Path to Exile,,Spells,4,1,Kiki Pod,DetectedDestiny,242 tix,$ 747,242024,2014-08-04,Modern Premier #7332856,modern,modern-premier-7332856,modern-premier-7332856-2014-08-04
20,2,Chord of Calling,,Spells,4,1,Kiki Pod,DetectedDestiny,242 tix,$ 747,242024,2014-08-04,Modern Premier #7332856,modern,modern-premier-7332856,modern-premier-7332856-2014-08-04
22,4,Birthing Pod,,Artifacts,4,1,Kiki Pod,DetectedDestiny,242 tix,$ 747,242024,2014-08-04,Modern Premier #7332856,modern,modern-premier-7332856,modern-premier-7332856-2014-08-04
24,4,Arid Mesa,,Lands,4,1,Kiki Pod,DetectedDestiny,242 tix,$ 747,242024,2014-08-04,Modern Premier #7332856,modern,modern-premier-7332856,modern-premier-7332856-2014-08-04
25,1,Breeding Pool,,Lands,4,1,Kiki Pod,DetectedDestiny,242 tix,$ 747,242024,2014-08-04,Modern Premier #7332856,modern,modern-premier-7332856,modern-premier-7332856-2014-08-04
26,2,Copperline Gorge,,Lands,4,1,Kiki Pod,DetectedDestiny,242 tix,$ 747,242024,2014-08-04,Modern Premier #7332856,modern,modern-premier-7332856,modern-premier-7332856-2014-08-04
27,2,Forest,,Lands,4,1,Kiki Pod,DetectedDestiny,242 tix,$ 747,242024,2014-08-04,Modern Premier #7332856,modern,modern-premier-7332856,modern-premier-7332856-2014-08-04
28,2,Gavony Township,,Lands,4,1,Kiki Pod,DetectedDestiny,242 tix,$ 747,242024,2014-08-04,Modern Premier #7332856,modern,modern-premier-7332856,modern-premier-7332856-2014-08-04
29,1,Grove of the Burnwillows,,Lands,4,1,Kiki Pod,DetectedDestiny,242 tix,$ 747,242024,2014-08-04,Modern Premier #7332856,modern,modern-premier-7332856,modern-premier-7332856-2014-08-04
30,3,Misty Rainforest,,Lands,4,1,Kiki Pod,DetectedDestiny,242 tix,$ 747,242024,2014-08-04,Modern Premier #7332856,modern,modern-premier-7332856,modern-premier-7332856-2014-08-04
31,1,Plains,,Lands,4,1,Kiki Pod,DetectedDestiny,242 tix,$ 747,242024,2014-08-04,Modern Premier #7332856,modern,modern-premier-7332856,modern-premier-7332856-2014-08-04
32,1,Razorverge Thicket,,Lands,4,1,Kiki Pod,DetectedDestiny,242 tix,$ 747,242024,2014-08-04,Modern Premier #7332856,modern,modern-premier-7332856,modern-premier-7332856-2014-08-04
33,1,Sacred Foundry,,Lands,4,1,Kiki Pod,DetectedDestiny,242 tix,$ 747,242024,2014-08-04,Modern Premier #7332856,modern,modern-premier-7332856,modern-premier-7332856-2014-08-04
34,1,Steam Vents,,Lands,4,1,Kiki Pod,DetectedDestiny,242 tix,$ 747,242024,2014-08-04,Modern Premier #7332856,modern,modern-premier-7332856,modern-premier-7332856-2014-08-04
35,1,Stomping Ground,,Lands,4,1,Kiki Pod,DetectedDestiny,242 tix,$ 747,242024,2014-08-04,Modern Premier #7332856,modern,modern-premier-7332856,modern-premier-7332856-2014-08-04
36,3,Temple Garden,,Lands,4,1,Kiki Pod,DetectedDestiny,242 tix,$ 747,242024,2014-08-04,Modern Premier #7332856,modern,modern-premier-7332856,modern-premier-7332856-2014-08-04
38,2,Path to Exile,,Sideboard,4,1,Kiki Pod,DetectedDestiny,242 tix,$ 747,242024,2014-08-04,Modern Premier #7332856,modern,modern-premier-7332856,modern-premier-7332856-2014-08-04
39,2,Ancient Grudge,,Sideboard,4,1,Kiki Pod,DetectedDestiny,242 tix,$ 747,242024,2014-08-04,Modern Premier #7332856,modern,modern-premier-7332856,modern-premier-7332856-2014-08-04
40,1,Combust,,Sideboard,4,1,Kiki Pod,DetectedDestiny,242 tix,$ 747,242024,2014-08-04,Modern Premier #7332856,modern,modern-premier-7332856,modern-premier-7332856-2014-08-04
41,1,Ethersworn Canonist,,Sideboard,4,1,Kiki Pod,DetectedDestiny,242 tix,$ 747,242024,2014-08-04,Modern Premier #7332856,modern,modern-premier-7332856,modern-premier-7332856-2014-08-04
42,2,Unified Will,,Sideboard,4,1,Kiki Pod,DetectedDestiny,242 tix,$ 747,242024,2014-08-04,Modern Premier #7332856,modern,modern-premier-7332856,modern-premier-7332856-2014-08-04
43,1,Domri Rade,,Sideboard,4,1,Kiki Pod,DetectedDestiny,242 tix,$ 747,242024,2014-08-04,Modern Premier #7332856,modern,modern-premier-7332856,modern-premier-7332856-2014-08-04
44,1,Fiery Justice,,Sideboard,4,1,Kiki Pod,DetectedDestiny,242 tix,$ 747,242024,2014-08-04,Modern Premier #7332856,modern,modern-premier-7332856,modern-premier-7332856-2014-08-04
45,2,Loxodon Smiter,,Sideboard,4,1,Kiki Pod,DetectedDestiny,242 tix,$ 747,242024,2014-08-04,Modern Premier #7332856,modern,modern-premier-7332856,modern-premier-7332856-2014-08-04
46,1,Avalanche Riders,,Sideboard,4,1,Kiki Pod,DetectedDestiny,242 tix,$ 747,242024,2014-08-04,Modern Premier #7332856,modern,modern-premier-7332856,modern-premier-7332856-2014-08-04
47,1,"Thrun, the Last Troll",,Sideboard,4,1,Kiki Pod,DetectedDestiny,242 tix,$ 747,242024,2014-08-04,Modern Premier #7332856,modern,modern-premier-7332856,modern-premier-7332856-2014-08-04
48,1,Thragtusk,,Sideboard,4,1,Kiki Pod,DetectedDestiny,242 tix,$ 747,242024,2014-08-04,Modern Premier #7332856,modern,modern-premier-7332856,modern-premier-7332856-2014-08-04
1,3,Wurmcoil Engine,,Creatures,4,1,RG Tron,JayPG,292 tix,$ 948,242026,2014-08-04,Modern Premier #7332856,modern,modern-premier-7332856,modern-premier-7332856-2014-08-04
2,1,Sundering Titan,,Creatures,4,1,RG Tron,JayPG,292 tix,$ 948,242026,2014-08-04,Modern Premier #7332856,modern,modern-premier-7332856,modern-premier-7332856-2014-08-04
3,1,"Emrakul, the Aeons Torn",,Creatures,4,1,RG Tron,JayPG,292 tix,$ 948,242026,2014-08-04,Modern Premier #7332856,modern,modern-premier-7332856,modern-premier-7332856-2014-08-04
5,4,Karn Liberated,,Planeswalkers,4,1,RG Tron,JayPG,292 tix,$ 948,242026,2014-08-04,Modern Premier #7332856,modern,modern-premier-7332856,modern-premier-7332856-2014-08-04
7,4,Ancient Stirrings,,Spells,4,1,RG Tron,JayPG,292 tix,$ 948,242026,2014-08-04,Modern Premier #7332856,modern,modern-premier-7332856,modern-premier-7332856-2014-08-04
8,4,Pyroclasm,,Spells,4,1,RG Tron,JayPG,292 tix,$ 948,242026,2014-08-04,Modern Premier #7332856,modern,modern-premier-7332856,modern-premier-7332856-2014-08-04
9,4,Sylvan Scrying,,Spells,4,1,RG Tron,JayPG,292 tix,$ 948,242026,2014-08-04,Modern Premier #7332856,modern,modern-premier-7332856,modern-premier-7332856-2014-08-04
11,4,Chromatic Sphere,,Artifacts,4,1,RG Tron,JayPG,292 tix,$ 948,242026,2014-08-04,Modern Premier #7332856,modern,modern-premier-7332856,modern-premier-7332856-2014-08-04
12,4,Chromatic Star,,Artifacts,4,1,RG Tron,JayPG,292 tix,$ 948,242026,2014-08-04,Modern Premier #7332856,modern,modern-premier-7332856,modern-premier-7332856-2014-08-04
13,4,Expedition Map,,Artifacts,4,1,RG Tron,JayPG,292 tix,$ 948,242026,2014-08-04,Modern Premier #7332856,modern,modern-premier-7332856,modern-premier-7332856-2014-08-04
14,3,Relic of Progenitus,,Artifacts,4,1,RG Tron,JayPG,292 tix,$ 948,242026,2014-08-04,Modern Premier #7332856,modern,modern-premier-7332856,modern-premier-7332856-2014-08-04
15,4,Oblivion Stone,,Artifacts,4,1,RG Tron,JayPG,292 tix,$ 948,242026,2014-08-04,Modern Premier #7332856,modern,modern-premier-7332856,modern-premier-7332856-2014-08-04
17,1,Cavern of Souls,,Lands,4,1,RG Tron,JayPG,292 tix,$ 948,242026,2014-08-04,Modern Premier #7332856,modern,modern-premier-7332856,modern-premier-7332856-2014-08-04
18,1,Eye of Ugin,,Lands,4,1,RG Tron,JayPG,292 tix,$ 948,242026,2014-08-04,Modern Premier #7332856,modern,modern-premier-7332856,modern-premier-7332856-2014-08-04
19,1,Forest,,Lands,4,1,RG Tron,JayPG,292 tix,$ 948,242026,2014-08-04,Modern Premier #7332856,modern,modern-premier-7332856,modern-premier-7332856-2014-08-04
20,1,Ghost Quarter,,Lands,4,1,RG Tron,JayPG,292 tix,$ 948,242026,2014-08-04,Modern Premier #7332856,modern,modern-premier-7332856,modern-premier-7332856-2014-08-04
21,4,Grove of the Burnwillows,,Lands,4,1,RG Tron,JayPG,292 tix,$ 948,242026,2014-08-04,Modern Premier #7332856,modern,modern-premier-7332856,modern-premier-7332856-2014-08-04
22,4,Urza's Mine,,Lands,4,1,RG Tron,JayPG,292 tix,$ 948,242026,2014-08-04,Modern Premier #7332856,modern,modern-premier-7332856,modern-premier-7332856-2014-08-04
23,4,Urza's Power Plant,,Lands,4,1,RG Tron,JayPG,292 tix,$ 948,242026,2014-08-04,Modern Premier #7332856,modern,modern-premier-7332856,modern-premier-7332856-2014-08-04
24,4,Urza's Tower,,Lands,4,1,RG Tron,JayPG,292 tix,$ 948,242026,2014-08-04,Modern Premier #7332856,modern,modern-premier-7332856,modern-premier-7332856-2014-08-04
26,4,Nature's Claim,,Sideboard,4,1,RG Tron,JayPG,292 tix,$ 948,242026,2014-08-04,Modern Premier #7332856,modern,modern-premier-7332856,modern-premier-7332856-2014-08-04
27,1,Vandalblast,,Sideboard,4,1,RG Tron,JayPG,292 tix,$ 948,242026,2014-08-04,Modern Premier #7332856,modern,modern-premier-7332856,modern-premier-7332856-2014-08-04
28,1,Ancient Grudge,,Sideboard,4,1,RG Tron,JayPG,292 tix,$ 948,242026,2014-08-04,Modern Premier #7332856,modern,modern-premier-7332856,modern-premier-7332856-2014-08-04
29,1,Defense Grid,,Sideboard,4,1,RG Tron,JayPG,292 tix,$ 948,242026,2014-08-04,Modern Premier #7332856,modern,modern-premier-7332856,modern-premier-7332856-2014-08-04
30,1,Spellskite,,Sideboard,4,1,RG Tron,JayPG,292 tix,$ 948,242026,2014-08-04,Modern Premier #7332856,modern,modern-premier-7332856,modern-premier-7332856-2014-08-04
31,1,Thorn of Amethyst,,Sideboard,4,1,RG Tron,JayPG,292 tix,$ 948,242026,2014-08-04,Modern Premier #7332856,modern,modern-premier-7332856,modern-premier-7332856-2014-08-04
32,1,Crucible of Worlds,,Sideboard,4,1,RG Tron,JayPG,292 tix,$ 948,242026,2014-08-04,Modern Premier #7332856,modern,modern-premier-7332856,modern-premier-7332856-2014-08-04
33,2,Boil,,Sideboard,4,1,RG Tron,JayPG,292 tix,$ 948,242026,2014-08-04,Modern Premier #7332856,modern,modern-premier-7332856,modern-premier-7332856-2014-08-04
34,1,Wurmcoil Engine,,Sideboard,4,1,RG Tron,JayPG,292 tix,$ 948,242026,2014-08-04,Modern Premier #7332856,modern,modern-premier-7332856,modern-premier-7332856-2014-08-04
35,1,All Is Dust,,Sideboard,4,1,RG Tron,JayPG,292 tix,$ 948,242026,2014-08-04,Modern Premier #7332856,modern,modern-premier-7332856,modern-premier-7332856-2014-08-04
36,1,"Kozilek, Butcher of Truth",,Sideboard,4,1,RG Tron,JayPG,292 tix,$ 948,242026,2014-08-04,Modern Premier #7332856,modern,modern-premier-7332856,modern-premier-7332856-2014-08-04
1,1,Spellskite,,Creatures,4,1,RG Tron,RainerZahnfall92,204 tix,$ 714,242028,2014-08-04,Modern Premier #7332856,modern,modern-premier-7332856,modern-premier-7332856-2014-08-04
2,3,Wurmcoil Engine,,Creatures,4,1,RG Tron,RainerZahnfall92,204 tix,$ 714,242028,2014-08-04,Modern Premier #7332856,modern,modern-premier-7332856,modern-premier-7332856-2014-08-04
3,1,"Emrakul, the Aeons Torn",,Creatures,4,1,RG Tron,RainerZahnfall92,204 tix,$ 714,242028,2014-08-04,Modern Premier #7332856,modern,modern-premier-7332856,modern-premier-7332856-2014-08-04
5,4,Karn Liberated,,Planeswalkers,4,1,RG Tron,RainerZahnfall92,204 tix,$ 714,242028,2014-08-04,Modern Premier #7332856,modern,modern-premier-7332856,modern-premier-7332856-2014-08-04
7,4,Ancient Stirrings,,Spells,4,1,RG Tron,RainerZahnfall92,204 tix,$ 714,242028,2014-08-04,Modern Premier #7332856,modern,modern-premier-7332856,modern-premier-7332856-2014-08-04
8,3,Pyroclasm,,Spells,4,1,RG Tron,RainerZahnfall92,204 tix,$ 714,242028,2014-08-04,Modern Premier #7332856,modern,modern-premier-7332856,modern-premier-7332856-2014-08-04
9,4,Sylvan Scrying,,Spells,4,1,RG Tron,RainerZahnfall92,204 tix,$ 714,242028,2014-08-04,Modern Premier #7332856,modern,modern-premier-7332856,modern-premier-7332856-2014-08-04
10,2,All Is Dust,,Spells,4,1,RG Tron,RainerZahnfall92,204 tix,$ 714,242028,2014-08-04,Modern Premier #7332856,modern,modern-premier-7332856,modern-premier-7332856-2014-08-04
12,4,Chromatic Sphere,,Artifacts,4,1,RG Tron,RainerZahnfall92,204 tix,$ 714,242028,2014-08-04,Modern Premier #7332856,modern,modern-premier-7332856,modern-premier-7332856-2014-08-04
13,4,Chromatic Star,,Artifacts,4,1,RG Tron,RainerZahnfall92,204 tix,$ 714,242028,2014-08-04,Modern Premier #7332856,modern,modern-premier-7332856,modern-premier-7332856-2014-08-04
14,4,Expedition Map,,Artifacts,4,1,RG Tron,RainerZahnfall92,204 tix,$ 714,242028,2014-08-04,Modern Premier #7332856,modern,modern-premier-7332856,modern-premier-7332856-2014-08-04
15,2,Relic of Progenitus,,Artifacts,4,1,RG Tron,RainerZahnfall92,204 tix,$ 714,242028,2014-08-04,Modern Premier #7332856,modern,modern-premier-7332856,modern-premier-7332856-2014-08-04
16,4,Oblivion Stone,,Artifacts,4,1,RG Tron,RainerZahnfall92,204 tix,$ 714,242028,2014-08-04,Modern Premier #7332856,modern,modern-premier-7332856,modern-premier-7332856-2014-08-04
18,1,Eye of Ugin,,Lands,4,1,RG Tron,RainerZahnfall92,204 tix,$ 714,242028,2014-08-04,Modern Premier #7332856,modern,modern-premier-7332856,modern-premier-7332856-2014-08-04
19,1,Forest,,Lands,4,1,RG Tron,RainerZahnfall92,204 tix,$ 714,242028,2014-08-04,Modern Premier #7332856,modern,modern-premier-7332856,modern-premier-7332856-2014-08-04
20,1,Ghost Quarter,,Lands,4,1,RG Tron,RainerZahnfall92,204 tix,$ 714,242028,2014-08-04,Modern Premier #7332856,modern,modern-premier-7332856,modern-premier-7332856-2014-08-04
21,4,Karplusan Forest,,Lands,4,1,RG Tron,RainerZahnfall92,204 tix,$ 714,242028,2014-08-04,Modern Premier #7332856,modern,modern-premier-7332856,modern-premier-7332856-2014-08-04
22,1,Llanowar Wastes,,Lands,4,1,RG Tron,RainerZahnfall92,204 tix,$ 714,242028,2014-08-04,Modern Premier #7332856,modern,modern-premier-7332856,modern-premier-7332856-2014-08-04
23,4,Urza's Mine,,Lands,4,1,RG Tron,RainerZahnfall92,204 tix,$ 714,242028,2014-08-04,Modern Premier #7332856,modern,modern-premier-7332856,modern-premier-7332856-2014-08-04
24,4,Urza's Power Plant,,Lands,4,1,RG Tron,RainerZahnfall92,204 tix,$ 714,242028,2014-08-04,Modern Premier #7332856,modern,modern-premier-7332856,modern-premier-7332856-2014-08-04
25,4,Urza's Tower,,Lands,4,1,RG Tron,RainerZahnfall92,204 tix,$ 714,242028,2014-08-04,Modern Premier #7332856,modern,modern-premier-7332856,modern-premier-7332856-2014-08-04
27,3,Nature's Claim,,Sideboard,4,1,RG Tron,RainerZahnfall92,204 tix,$ 714,242028,2014-08-04,Modern Premier #7332856,modern,modern-premier-7332856,modern-premier-7332856-2014-08-04
28,2,Relic of Progenitus,,Sideboard,4,1,RG Tron,RainerZahnfall92,204 tix,$ 714,242028,2014-08-04,Modern Premier #7332856,modern,modern-premier-7332856,modern-premier-7332856-2014-08-04
29,2,Combust,,Sideboard,4,1,RG Tron,RainerZahnfall92,204 tix,$ 714,242028,2014-08-04,Modern Premier #7332856,modern,modern-premier-7332856,modern-premier-7332856-2014-08-04
30,2,Defense Grid,,Sideboard,4,1,RG Tron,RainerZahnfall92,204 tix,$ 714,242028,2014-08-04,Modern Premier #7332856,modern,modern-premier-7332856,modern-premier-7332856-2014-08-04
31,1,Spellskite,,Sideboard,4,1,RG Tron,RainerZahnfall92,204 tix,$ 714,242028,2014-08-04,Modern Premier #7332856,modern,modern-premier-7332856,modern-premier-7332856-2014-08-04
32,2,Torpor Orb,,Sideboard,4,1,RG Tron,RainerZahnfall92,204 tix,$ 714,242028,2014-08-04,Modern Premier #7332856,modern,modern-premier-7332856,modern-premier-7332856-2014-08-04
33,1,Slaughter Games,,Sideboard,4,1,RG Tron,RainerZahnfall92,204 tix,$ 714,242028,2014-08-04,Modern Premier #7332856,modern,modern-premier-7332856,modern-premier-7332856-2014-08-04
34,1,All Is Dust,,Sideboard,4,1,RG Tron,RainerZahnfall92,204 tix,$ 714,242028,2014-08-04,Modern Premier #7332856,modern,modern-premier-7332856,modern-premier-7332856-2014-08-04
35,1,Sundering Titan,,Sideboard,4,1,RG Tron,RainerZahnfall92,204 tix,$ 714,242028,2014-08-04,Modern Premier #7332856,modern,modern-premier-7332856,modern-premier-7332856-2014-08-04
1,4,Snapcaster Mage,,Creatures,4,1,Splinter Twin,rarehunter13,403 tix,"$ 1,512",242029,2014-08-04,Modern Premier #7332856,modern,modern-premier-7332856,modern-premier-7332856-2014-08-04
2,4,Tarmogoyf,,Creatures,4,1,Splinter Twin,rarehunter13,403 tix,"$ 1,512",242029,2014-08-04,Modern Premier #7332856,modern,modern-premier-7332856,modern-premier-7332856-2014-08-04
3,3,Deceiver Exarch,,Creatures,4,1,Splinter Twin,rarehunter13,403 tix,"$ 1,512",242029,2014-08-04,Modern Premier #7332856,modern,modern-premier-7332856,modern-premier-7332856-2014-08-04
4,3,Pestermite,,Creatures,4,1,Splinter Twin,rarehunter13,403 tix,"$ 1,512",242029,2014-08-04,Modern Premier #7332856,modern,modern-premier-7332856,modern-premier-7332856-2014-08-04
5,2,Huntmaster of the Fells,,Creatures,4,1,Splinter Twin,rarehunter13,403 tix,"$ 1,512",242029,2014-08-04,Modern Premier #7332856,modern,modern-premier-7332856,modern-premier-7332856-2014-08-04
7,1,Flame Slash,,Spells,4,1,Splinter Twin,rarehunter13,403 tix,"$ 1,512",242029,2014-08-04,Modern Premier #7332856,modern,modern-premier-7332856,modern-premier-7332856-2014-08-04
8,2,Gitaxian Probe,,Spells,4,1,Splinter Twin,rarehunter13,403 tix,"$ 1,512",242029,2014-08-04,Modern Premier #7332856,modern,modern-premier-7332856,modern-premier-7332856-2014-08-04
9,4,Lightning Bolt,,Spells,4,1,Splinter Twin,rarehunter13,403 tix,"$ 1,512",242029,2014-08-04,Modern Premier #7332856,modern,modern-premier-7332856,modern-premier-7332856-2014-08-04
10,4,Serum Visions,,Spells,4,1,Splinter Twin,rarehunter13,403 tix,"$ 1,512",242029,2014-08-04,Modern Premier #7332856,modern,modern-premier-7332856,modern-premier-7332856-2014-08-04
11,4,Remand,,Spells,4,1,Splinter Twin,rarehunter13,403 tix,"$ 1,512",242029,2014-08-04,Modern Premier #7332856,modern,modern-premier-7332856,modern-premier-7332856-2014-08-04
12,1,Electrolyze,,Spells,4,1,Splinter Twin,rarehunter13,403 tix,"$ 1,512",242029,2014-08-04,Modern Premier #7332856,modern,modern-premier-7332856,modern-premier-7332856-2014-08-04
13,2,Cryptic Command,,Spells,4,1,Splinter Twin,rarehunter13,403 tix,"$ 1,512",242029,2014-08-04,Modern Premier #7332856,modern,modern-premier-7332856,modern-premier-7332856-2014-08-04
15,4,Splinter Twin,,Enchantments,4,1,Splinter Twin,rarehunter13,403 tix,"$ 1,512",242029,2014-08-04,Modern Premier #7332856,modern,modern-premier-7332856,modern-premier-7332856-2014-08-04
17,1,Breeding Pool,,Lands,4,1,Splinter Twin,rarehunter13,403 tix,"$ 1,512",242029,2014-08-04,Modern Premier #7332856,modern,modern-premier-7332856,modern-premier-7332856-2014-08-04
18,1,Forest,,Lands,4,1,Splinter Twin,rarehunter13,403 tix,"$ 1,512",242029,2014-08-04,Modern Premier #7332856,modern,modern-premier-7332856,modern-premier-7332856-2014-08-04
19,2,Hinterland Harbor,,Lands,4,1,Splinter Twin,rarehunter13,403 tix,"$ 1,512",242029,2014-08-04,Modern Premier #7332856,modern,modern-premier-7332856,modern-premier-7332856-2014-08-04
20,3,Island,,Lands,4,1,Splinter Twin,rarehunter13,403 tix,"$ 1,512",242029,2014-08-04,Modern Premier #7332856,modern,modern-premier-7332856,modern-premier-7332856-2014-08-04
21,4,Misty Rainforest,,Lands,4,1,Splinter Twin,rarehunter13,403 tix,"$ 1,512",242029,2014-08-04,Modern Premier #7332856,modern,modern-premier-7332856,modern-premier-7332856-2014-08-04
22,1,Mountain,,Lands,4,1,Splinter Twin,rarehunter13,403 tix,"$ 1,512",242029,2014-08-04,Modern Premier #7332856,modern,modern-premier-7332856,modern-premier-7332856-2014-08-04
23,4,Scalding Tarn,,Lands,4,1,Splinter Twin,rarehunter13,403 tix,"$ 1,512",242029,2014-08-04,Modern Premier #7332856,modern,modern-premier-7332856,modern-premier-7332856-2014-08-04
24,3,Steam Vents,,Lands,4,1,Splinter Twin,rarehunter13,403 tix,"$ 1,512",242029,2014-08-04,Modern Premier #7332856,modern,modern-premier-7332856,modern-premier-7332856-2014-08-04
25,1,Stomping Ground,,Lands,4,1,Splinter Twin,rarehunter13,403 tix,"$ 1,512",242029,2014-08-04,Modern Premier #7332856,modern,modern-premier-7332856,modern-premier-7332856-2014-08-04
26,2,Sulfur Falls,,Lands,4,1,Splinter Twin,rarehunter13,403 tix,"$ 1,512",242029,2014-08-04,Modern Premier #7332856,modern,modern-premier-7332856,modern-premier-7332856-2014-08-04
28,1,Engineered Explosives,,Sideboard,4,1,Splinter Twin,rarehunter13,403 tix,"$ 1,512",242029,2014-08-04,Modern Premier #7332856,modern,modern-premier-7332856,modern-premier-7332856-2014-08-04
29,1,Dispel,,Sideboard,4,1,Splinter Twin,rarehunter13,403 tix,"$ 1,512",242029,2014-08-04,Modern Premier #7332856,modern,modern-premier-7332856,modern-premier-7332856-2014-08-04
30,2,Relic of Progenitus,,Sideboard,4,1,Splinter Twin,rarehunter13,403 tix,"$ 1,512",242029,2014-08-04,Modern Premier #7332856,modern,modern-premier-7332856,modern-premier-7332856-2014-08-04
31,2,Ancient Grudge,,Sideboard,4,1,Splinter Twin,rarehunter13,403 tix,"$ 1,512",242029,2014-08-04,Modern Premier #7332856,modern,modern-premier-7332856,modern-premier-7332856-2014-08-04
32,1,Combust,,Sideboard,4,1,Splinter Twin,rarehunter13,403 tix,"$ 1,512",242029,2014-08-04,Modern Premier #7332856,modern,modern-premier-7332856,modern-premier-7332856-2014-08-04
33,1,Negate,,Sideboard,4,1,Splinter Twin,rarehunter13,403 tix,"$ 1,512",242029,2014-08-04,Modern Premier #7332856,modern,modern-premier-7332856,modern-premier-7332856-2014-08-04
34,2,Anger of the Gods,,Sideboard,4,1,Splinter Twin,rarehunter13,403 tix,"$ 1,512",242029,2014-08-04,Modern Premier #7332856,modern,modern-premier-7332856,modern-premier-7332856-2014-08-04
35,1,Dismember,,Sideboard,4,1,Splinter Twin,rarehunter13,403 tix,"$ 1,512",242029,2014-08-04,Modern Premier #7332856,modern,modern-premier-7332856,modern-premier-7332856-2014-08-04
36,1,Threads of Disloyalty,,Sideboard,4,1,Splinter Twin,rarehunter13,403 tix,"$ 1,512",242029,2014-08-04,Modern Premier #7332856,modern,modern-premier-7332856,modern-premier-7332856-2014-08-04
37,1,Vendilion Clique,,Sideboard,4,1,Splinter Twin,rarehunter13,403 tix,"$ 1,512",242029,2014-08-04,Modern Premier #7332856,modern,modern-premier-7332856,modern-premier-7332856-2014-08-04
38,1,Batterskull,,Sideboard,4,1,Splinter Twin,rarehunter13,403 tix,"$ 1,512",242029,2014-08-04,Modern Premier #7332856,modern,modern-premier-7332856,modern-premier-7332856-2014-08-04
39,1,"Keranos, God of Storms",,Sideboard,4,1,Splinter Twin,rarehunter13,403 tix,"$ 1,512",242029,2014-08-04,Modern Premier #7332856,modern,modern-premier-7332856,modern-premier-7332856-2014-08-04
1,2,Grim Lavamancer,,Creatures,4,1,Splinter Twin,MrHaas,339 tix,"$ 1,227",242030,2014-08-04,Modern Premier #7332856,modern,modern-premier-7332856,modern-premier-7332856-2014-08-04
2,4,Snapcaster Mage,,Creatures,4,1,Splinter Twin,MrHaas,339 tix,"$ 1,227",242030,2014-08-04,Modern Premier #7332856,modern,modern-premier-7332856,modern-premier-7332856-2014-08-04
3,3,Deceiver Exarch,,Creatures,4,1,Splinter Twin,MrHaas,339 tix,"$ 1,227",242030,2014-08-04,Modern Premier #7332856,modern,modern-premier-7332856,modern-premier-7332856-2014-08-04
4,3,Pestermite,,Creatures,4,1,Splinter Twin,MrHaas,339 tix,"$ 1,227",242030,2014-08-04,Modern Premier #7332856,modern,modern-premier-7332856,modern-premier-7332856-2014-08-04
5,1,Vendilion Clique,,Creatures,4,1,Splinter Twin,MrHaas,339 tix,"$ 1,227",242030,2014-08-04,Modern Premier #7332856,modern,modern-premier-7332856,modern-premier-7332856-2014-08-04
7,1,Flame Slash,,Spells,4,1,Splinter Twin,MrHaas,339 tix,"$ 1,227",242030,2014-08-04,Modern Premier #7332856,modern,modern-premier-7332856,modern-premier-7332856-2014-08-04
8,4,Lightning Bolt,,Spells,4,1,Splinter Twin,MrHaas,339 tix,"$ 1,227",242030,2014-08-04,Modern Premier #7332856,modern,modern-premier-7332856,modern-premier-7332856-2014-08-04
9,1,Peek,,Spells,4,1,Splinter Twin,MrHaas,339 tix,"$ 1,227",242030,2014-08-04,Modern Premier #7332856,modern,modern-premier-7332856,modern-premier-7332856-2014-08-04
10,4,Serum Visions,,Spells,4,1,Splinter Twin,MrHaas,339 tix,"$ 1,227",242030,2014-08-04,Modern Premier #7332856,modern,modern-premier-7332856,modern-premier-7332856-2014-08-04
11,1,Twisted Image,,Spells,4,1,Splinter Twin,MrHaas,339 tix,"$ 1,227",242030,2014-08-04,Modern Premier #7332856,modern,modern-premier-7332856,modern-premier-7332856-2014-08-04
12,4,Remand,,Spells,4,1,Splinter Twin,MrHaas,339 tix,"$ 1,227",242030,2014-08-04,Modern Premier #7332856,modern,modern-premier-7332856,modern-premier-7332856-2014-08-04
13,1,Electrolyze,,Spells,4,1,Splinter Twin,MrHaas,339 tix,"$ 1,227",242030,2014-08-04,Modern Premier #7332856,modern,modern-premier-7332856,modern-premier-7332856-2014-08-04
14,2,Cryptic Command,,Spells,4,1,Splinter Twin,MrHaas,339 tix,"$ 1,227",242030,2014-08-04,Modern Premier #7332856,modern,modern-premier-7332856,modern-premier-7332856-2014-08-04
16,1,Vedalken Shackles,,Artifacts,4,1,Splinter Twin,MrHaas,339 tix,"$ 1,227",242030,2014-08-04,Modern Premier #7332856,modern,modern-premier-7332856,modern-premier-7332856-2014-08-04
18,2,Spreading Seas,,Enchantments,4,1,Splinter Twin,MrHaas,339 tix,"$ 1,227",242030,2014-08-04,Modern Premier #7332856,modern,modern-premier-7332856,modern-premier-7332856-2014-08-04
19,4,Splinter Twin,,Enchantments,4,1,Splinter Twin,MrHaas,339 tix,"$ 1,227",242030,2014-08-04,Modern Premier #7332856,modern,modern-premier-7332856,modern-premier-7332856-2014-08-04
21,1,Desolate Lighthouse,,Lands,4,1,Splinter Twin,MrHaas,339 tix,"$ 1,227",242030,2014-08-04,Modern Premier #7332856,modern,modern-premier-7332856,modern-premier-7332856-2014-08-04
22,4,Island,,Lands,4,1,Splinter Twin,MrHaas,339 tix,"$ 1,227",242030,2014-08-04,Modern Premier #7332856,modern,modern-premier-7332856,modern-premier-7332856-2014-08-04
23,4,Misty Rainforest,,Lands,4,1,Splinter Twin,MrHaas,339 tix,"$ 1,227",242030,2014-08-04,Modern Premier #7332856,modern,modern-premier-7332856,modern-premier-7332856-2014-08-04
24,1,Mountain,,Lands,4,1,Splinter Twin,MrHaas,339 tix,"$ 1,227",242030,2014-08-04,Modern Premier #7332856,modern,modern-premier-7332856,modern-premier-7332856-2014-08-04
25,4,Scalding Tarn,,Lands,4,1,Splinter Twin,MrHaas,339 tix,"$ 1,227",242030,2014-08-04,Modern Premier #7332856,modern,modern-premier-7332856,modern-premier-7332856-2014-08-04
26,3,Steam Vents,,Lands,4,1,Splinter Twin,MrHaas,339 tix,"$ 1,227",242030,2014-08-04,Modern Premier #7332856,modern,modern-premier-7332856,modern-premier-7332856-2014-08-04
27,1,Stomping Ground,,Lands,4,1,Splinter Twin,MrHaas,339 tix,"$ 1,227",242030,2014-08-04,Modern Premier #7332856,modern,modern-premier-7332856,modern-premier-7332856-2014-08-04
28,3,Sulfur Falls,,Lands,4,1,Splinter Twin,MrHaas,339 tix,"$ 1,227",242030,2014-08-04,Modern Premier #7332856,modern,modern-premier-7332856,modern-premier-7332856-2014-08-04
29,1,Tectonic Edge,,Lands,4,1,Splinter Twin,MrHaas,339 tix,"$ 1,227",242030,2014-08-04,Modern Premier #7332856,modern,modern-premier-7332856,modern-premier-7332856-2014-08-04
31,1,Engineered Explosives,,Sideboard,4,1,Splinter Twin,MrHaas,339 tix,"$ 1,227",242030,2014-08-04,Modern Premier #7332856,modern,modern-premier-7332856,modern-premier-7332856-2014-08-04
32,2,Dispel,,Sideboard,4,1,Splinter Twin,MrHaas,339 tix,"$ 1,227",242030,2014-08-04,Modern Premier #7332856,modern,modern-premier-7332856,modern-premier-7332856-2014-08-04
33,2,Relic of Progenitus,,Sideboard,4,1,Splinter Twin,MrHaas,339 tix,"$ 1,227",242030,2014-08-04,Modern Premier #7332856,modern,modern-premier-7332856,modern-premier-7332856-2014-08-04
34,2,Ancient Grudge,,Sideboard,4,1,Splinter Twin,MrHaas,339 tix,"$ 1,227",242030,2014-08-04,Modern Premier #7332856,modern,modern-premier-7332856,modern-premier-7332856-2014-08-04
35,2,Spellskite,,Sideboard,4,1,Splinter Twin,MrHaas,339 tix,"$ 1,227",242030,2014-08-04,Modern Premier #7332856,modern,modern-premier-7332856,modern-premier-7332856-2014-08-04
36,2,Anger of the Gods,,Sideboard,4,1,Splinter Twin,MrHaas,339 tix,"$ 1,227",242030,2014-08-04,Modern Premier #7332856,modern,modern-premier-7332856,modern-premier-7332856-2014-08-04
37,2,Blood Moon,,Sideboard,4,1,Splinter Twin,MrHaas,339 tix,"$ 1,227",242030,2014-08-04,Modern Premier #7332856,modern,modern-premier-7332856,modern-premier-7332856-2014-08-04
38,1,Batterskull,,Sideboard,4,1,Splinter Twin,MrHaas,339 tix,"$ 1,227",242030,2014-08-04,Modern Premier #7332856,modern,modern-premier-7332856,modern-premier-7332856-2014-08-04
39,1,"Keranos, God of Storms",,Sideboard,4,1,Splinter Twin,MrHaas,339 tix,"$ 1,227",242030,2014-08-04,Modern Premier #7332856,modern,modern-premier-7332856,modern-premier-7332856-2014-08-04
1,4,Snapcaster Mage,,Creatures,4,1,Splinter Twin,fedxkev,390 tix,"$ 1,490",242032,2014-08-04,Modern Premier #7332856,modern,modern-premier-7332856,modern-premier-7332856-2014-08-04
2,4,Tarmogoyf,,Creatures,4,1,Splinter Twin,fedxkev,390 tix,"$ 1,490",242032,2014-08-04,Modern Premier #7332856,modern,modern-premier-7332856,modern-premier-7332856-2014-08-04
3,3,Deceiver Exarch,,Creatures,4,1,Splinter Twin,fedxkev,390 tix,"$ 1,490",242032,2014-08-04,Modern Premier #7332856,modern,modern-premier-7332856,modern-premier-7332856-2014-08-04
4,3,Pestermite,,Creatures,4,1,Splinter Twin,fedxkev,390 tix,"$ 1,490",242032,2014-08-04,Modern Premier #7332856,modern,modern-premier-7332856,modern-premier-7332856-2014-08-04
5,2,Huntmaster of the Fells,,Creatures,4,1,Splinter Twin,fedxkev,390 tix,"$ 1,490",242032,2014-08-04,Modern Premier #7332856,modern,modern-premier-7332856,modern-premier-7332856-2014-08-04
7,1,Flame Slash,,Spells,4,1,Splinter Twin,fedxkev,390 tix,"$ 1,490",242032,2014-08-04,Modern Premier #7332856,modern,modern-premier-7332856,modern-premier-7332856-2014-08-04
8,2,Gitaxian Probe,,Spells,4,1,Splinter Twin,fedxkev,390 tix,"$ 1,490",242032,2014-08-04,Modern Premier #7332856,modern,modern-premier-7332856,modern-premier-7332856-2014-08-04
9,4,Lightning Bolt,,Spells,4,1,Splinter Twin,fedxkev,390 tix,"$ 1,490",242032,2014-08-04,Modern Premier #7332856,modern,modern-premier-7332856,modern-premier-7332856-2014-08-04
10,4,Serum Visions,,Spells,4,1,Splinter Twin,fedxkev,390 tix,"$ 1,490",242032,2014-08-04,Modern Premier #7332856,modern,modern-premier-7332856,modern-premier-7332856-2014-08-04
11,4,Remand,,Spells,4,1,Splinter Twin,fedxkev,390 tix,"$ 1,490",242032,2014-08-04,Modern Premier #7332856,modern,modern-premier-7332856,modern-premier-7332856-2014-08-04
12,1,Electrolyze,,Spells,4,1,Splinter Twin,fedxkev,390 tix,"$ 1,490",242032,2014-08-04,Modern Premier #7332856,modern,modern-premier-7332856,modern-premier-7332856-2014-08-04
13,2,Cryptic Command,,Spells,4,1,Splinter Twin,fedxkev,390 tix,"$ 1,490",242032,2014-08-04,Modern Premier #7332856,modern,modern-premier-7332856,modern-premier-7332856-2014-08-04
15,4,Splinter Twin,,Enchantments,4,1,Splinter Twin,fedxkev,390 tix,"$ 1,490",242032,2014-08-04,Modern Premier #7332856,modern,modern-premier-7332856,modern-premier-7332856-2014-08-04
17,1,Breeding Pool,,Lands,4,1,Splinter Twin,fedxkev,390 tix,"$ 1,490",242032,2014-08-04,Modern Premier #7332856,modern,modern-premier-7332856,modern-premier-7332856-2014-08-04
18,1,Forest,,Lands,4,1,Splinter Twin,fedxkev,390 tix,"$ 1,490",242032,2014-08-04,Modern Premier #7332856,modern,modern-premier-7332856,modern-premier-7332856-2014-08-04
19,2,Hinterland Harbor,,Lands,4,1,Splinter Twin,fedxkev,390 tix,"$ 1,490",242032,2014-08-04,Modern Premier #7332856,modern,modern-premier-7332856,modern-premier-7332856-2014-08-04
20,2,Island,,Lands,4,1,Splinter Twin,fedxkev,390 tix,"$ 1,490",242032,2014-08-04,Modern Premier #7332856,modern,modern-premier-7332856,modern-premier-7332856-2014-08-04
21,4,Misty Rainforest,,Lands,4,1,Splinter Twin,fedxkev,390 tix,"$ 1,490",242032,2014-08-04,Modern Premier #7332856,modern,modern-premier-7332856,modern-premier-7332856-2014-08-04
22,1,Mountain,,Lands,4,1,Splinter Twin,fedxkev,390 tix,"$ 1,490",242032,2014-08-04,Modern Premier #7332856,modern,modern-premier-7332856,modern-premier-7332856-2014-08-04
23,4,Scalding Tarn,,Lands,4,1,Splinter Twin,fedxkev,390 tix,"$ 1,490",242032,2014-08-04,Modern Premier #7332856,modern,modern-premier-7332856,modern-premier-7332856-2014-08-04
24,3,Steam Vents,,Lands,4,1,Splinter Twin,fedxkev,390 tix,"$ 1,490",242032,2014-08-04,Modern Premier #7332856,modern,modern-premier-7332856,modern-premier-7332856-2014-08-04
25,1,Stomping Ground,,Lands,4,1,Splinter Twin,fedxkev,390 tix,"$ 1,490",242032,2014-08-04,Modern Premier #7332856,modern,modern-premier-7332856,modern-premier-7332856-2014-08-04
26,1,Sulfur Falls,,Lands,4,1,Splinter Twin,fedxkev,390 tix,"$ 1,490",242032,2014-08-04,Modern Premier #7332856,modern,modern-premier-7332856,modern-premier-7332856-2014-08-04
27,2,Tectonic Edge,,Lands,4,1,Splinter Twin,fedxkev,390 tix,"$ 1,490",242032,2014-08-04,Modern Premier #7332856,modern,modern-premier-7332856,modern-premier-7332856-2014-08-04
29,1,Engineered Explosives,,Sideboard,4,1,Splinter Twin,fedxkev,390 tix,"$ 1,490",242032,2014-08-04,Modern Premier #7332856,modern,modern-premier-7332856,modern-premier-7332856-2014-08-04
30,1,Dispel,,Sideboard,4,1,Splinter Twin,fedxkev,390 tix,"$ 1,490",242032,2014-08-04,Modern Premier #7332856,modern,modern-premier-7332856,modern-premier-7332856-2014-08-04
31,2,Relic of Progenitus,,Sideboard,4,1,Splinter Twin,fedxkev,390 tix,"$ 1,490",242032,2014-08-04,Modern Premier #7332856,modern,modern-premier-7332856,modern-premier-7332856-2014-08-04
32,1,Twisted Image,,Sideboard,4,1,Splinter Twin,fedxkev,390 tix,"$ 1,490",242032,2014-08-04,Modern Premier #7332856,modern,modern-premier-7332856,modern-premier-7332856-2014-08-04
33,2,Ancient Grudge,,Sideboard,4,1,Splinter Twin,fedxkev,390 tix,"$ 1,490",242032,2014-08-04,Modern Premier #7332856,modern,modern-premier-7332856,modern-premier-7332856-2014-08-04
34,1,Negate,,Sideboard,4,1,Splinter Twin,fedxkev,390 tix,"$ 1,490",242032,2014-08-04,Modern Premier #7332856,modern,modern-premier-7332856,modern-premier-7332856-2014-08-04
35,2,Anger of the Gods,,Sideboard,4,1,Splinter Twin,fedxkev,390 tix,"$ 1,490",242032,2014-08-04,Modern Premier #7332856,modern,modern-premier-7332856,modern-premier-7332856-2014-08-04
36,1,Counterflux,,Sideboard,4,1,Splinter Twin,fedxkev,390 tix,"$ 1,490",242032,2014-08-04,Modern Premier #7332856,modern,modern-premier-7332856,modern-premier-7332856-2014-08-04
37,1,Dismember,,Sideboard,4,1,Splinter Twin,fedxkev,390 tix,"$ 1,490",242032,2014-08-04,Modern Premier #7332856,modern,modern-premier-7332856,modern-premier-7332856-2014-08-04
38,1,Sowing Salt,,Sideboard,4,1,Splinter Twin,fedxkev,390 tix,"$ 1,490",242032,2014-08-04,Modern Premier #7332856,modern,modern-premier-7332856,modern-premier-7332856-2014-08-04
39,1,Batterskull,,Sideboard,4,1,Splinter Twin,fedxkev,390 tix,"$ 1,490",242032,2014-08-04,Modern Premier #7332856,modern,modern-premier-7332856,modern-premier-7332856-2014-08-04
40,1,"Keranos, God of Storms",,Sideboard,4,1,Splinter Twin,fedxkev,390 tix,"$ 1,490",242032,2014-08-04,Modern Premier #7332856,modern,modern-premier-7332856,modern-premier-7332856-2014-08-04
1,1,Dryad Arbor,,Creatures,3,2,Bogles,kaempfml,141 tix,$ 669,242035,2014-08-04,Modern Premier #7332856,modern,modern-premier-7332856,modern-premier-7332856-2014-08-04
2,4,Gladecover Scout,,Creatures,3,2,Bogles,kaempfml,141 tix,$ 669,242035,2014-08-04,Modern Premier #7332856,modern,modern-premier-7332856,modern-premier-7332856-2014-08-04
3,4,Slippery Bogle,,Creatures,3,2,Bogles,kaempfml,141 tix,$ 669,242035,2014-08-04,Modern Premier #7332856,modern,modern-premier-7332856,modern-premier-7332856-2014-08-04
4,4,Kor Spiritdancer,,Creatures,3,2,Bogles,kaempfml,141 tix,$ 669,242035,2014-08-04,Modern Premier #7332856,modern,modern-premier-7332856,modern-premier-7332856-2014-08-04
6,4,Ethereal Armor,,Enchantments,3,2,Bogles,kaempfml,141 tix,$ 669,242035,2014-08-04,Modern Premier #7332856,modern,modern-premier-7332856,modern-premier-7332856-2014-08-04
7,3,Hyena Umbra,,Enchantments,3,2,Bogles,kaempfml,141 tix,$ 669,242035,2014-08-04,Modern Premier #7332856,modern,modern-premier-7332856,modern-premier-7332856-2014-08-04
8,2,Keen Sense,,Enchantments,3,2,Bogles,kaempfml,141 tix,$ 669,242035,2014-08-04,Modern Premier #7332856,modern,modern-premier-7332856,modern-premier-7332856-2014-08-04
9,4,Rancor,,Enchantments,3,2,Bogles,kaempfml,141 tix,$ 669,242035,2014-08-04,Modern Premier #7332856,modern,modern-premier-7332856,modern-premier-7332856-2014-08-04
10,3,Spider Umbra,,Enchantments,3,2,Bogles,kaempfml,141 tix,$ 669,242035,2014-08-04,Modern Premier #7332856,modern,modern-premier-7332856,modern-premier-7332856-2014-08-04
11,1,Spirit Link,,Enchantments,3,2,Bogles,kaempfml,141 tix,$ 669,242035,2014-08-04,Modern Premier #7332856,modern,modern-premier-7332856,modern-premier-7332856-2014-08-04
12,4,Daybreak Coronet,,Enchantments,3,2,Bogles,kaempfml,141 tix,$ 669,242035,2014-08-04,Modern Premier #7332856,modern,modern-premier-7332856,modern-premier-7332856-2014-08-04
13,4,Spirit Mantle,,Enchantments,3,2,Bogles,kaempfml,141 tix,$ 669,242035,2014-08-04,Modern Premier #7332856,modern,modern-premier-7332856,modern-premier-7332856-2014-08-04
14,4,Suppression Field,,Enchantments,3,2,Bogles,kaempfml,141 tix,$ 669,242035,2014-08-04,Modern Premier #7332856,modern,modern-premier-7332856,modern-premier-7332856-2014-08-04
15,1,Unflinching Courage,,Enchantments,3,2,Bogles,kaempfml,141 tix,$ 669,242035,2014-08-04,Modern Premier #7332856,modern,modern-premier-7332856,modern-premier-7332856-2014-08-04
17,2,Forest,,Lands,3,2,Bogles,kaempfml,141 tix,$ 669,242035,2014-08-04,Modern Premier #7332856,modern,modern-premier-7332856,modern-premier-7332856-2014-08-04
18,3,Plains,,Lands,3,2,Bogles,kaempfml,141 tix,$ 669,242035,2014-08-04,Modern Premier #7332856,modern,modern-premier-7332856,modern-premier-7332856-2014-08-04
19,4,Razorverge Thicket,,Lands,3,2,Bogles,kaempfml,141 tix,$ 669,242035,2014-08-04,Modern Premier #7332856,modern,modern-premier-7332856,modern-premier-7332856-2014-08-04
20,4,Temple Garden,,Lands,3,2,Bogles,kaempfml,141 tix,$ 669,242035,2014-08-04,Modern Premier #7332856,modern,modern-premier-7332856,modern-premier-7332856-2014-08-04
21,4,Verdant Catacombs,,Lands,3,2,Bogles,kaempfml,141 tix,$ 669,242035,2014-08-04,Modern Premier #7332856,modern,modern-premier-7332856,modern-premier-7332856-2014-08-04
23,3,Nature's Claim,,Sideboard,3,2,Bogles,kaempfml,141 tix,$ 669,242035,2014-08-04,Modern Premier #7332856,modern,modern-premier-7332856,modern-premier-7332856-2014-08-04
24,3,Path to Exile,,Sideboard,3,2,Bogles,kaempfml,141 tix,$ 669,242035,2014-08-04,Modern Premier #7332856,modern,modern-premier-7332856,modern-premier-7332856-2014-08-04
25,2,Rest in Peace,,Sideboard,3,2,Bogles,kaempfml,141 tix,$ 669,242035,2014-08-04,Modern Premier #7332856,modern,modern-premier-7332856,modern-premier-7332856-2014-08-04
26,1,Silhana Ledgewalker,,Sideboard,3,2,Bogles,kaempfml,141 tix,$ 669,242035,2014-08-04,Modern Premier #7332856,modern,modern-premier-7332856,modern-premier-7332856-2014-08-04
27,2,Stony Silence,,Sideboard,3,2,Bogles,kaempfml,141 tix,$ 669,242035,2014-08-04,Modern Premier #7332856,modern,modern-premier-7332856,modern-premier-7332856-2014-08-04
28,4,Leyline of Sanctity,,Sideboard,3,2,Bogles,kaempfml,141 tix,$ 669,242035,2014-08-04,Modern Premier #7332856,modern,modern-premier-7332856,modern-premier-7332856-2014-08-04
1,4,Goblin Guide,,Creatures,3,2,Burn,SpacejAm,81 tix,$ 189,242034,2014-08-04,Modern Premier #7332856,modern,modern-premier-7332856,modern-premier-7332856-2014-08-04
2,2,Spark Elemental,,Creatures,3,2,Burn,SpacejAm,81 tix,$ 189,242034,2014-08-04,Modern Premier #7332856,modern,modern-premier-7332856,modern-premier-7332856-2014-08-04
3,4,Eidolon of the Great Revel,,Creatures,3,2,Burn,SpacejAm,81 tix,$ 189,242034,2014-08-04,Modern Premier #7332856,modern,modern-premier-7332856,modern-premier-7332856-2014-08-04
4,4,Hellspark Elemental,,Creatures,3,2,Burn,SpacejAm,81 tix,$ 189,242034,2014-08-04,Modern Premier #7332856,modern,modern-premier-7332856,modern-premier-7332856-2014-08-04
6,4,Lava Spike,,Spells,3,2,Burn,SpacejAm,81 tix,$ 189,242034,2014-08-04,Modern Premier #7332856,modern,modern-premier-7332856,modern-premier-7332856-2014-08-04
7,4,Lightning Bolt,,Spells,3,2,Burn,SpacejAm,81 tix,$ 189,242034,2014-08-04,Modern Premier #7332856,modern,modern-premier-7332856,modern-premier-7332856-2014-08-04
8,3,Shard Volley,,Spells,3,2,Burn,SpacejAm,81 tix,$ 189,242034,2014-08-04,Modern Premier #7332856,modern,modern-premier-7332856,modern-premier-7332856-2014-08-04
9,4,Searing Blaze,,Spells,3,2,Burn,SpacejAm,81 tix,$ 189,242034,2014-08-04,Modern Premier #7332856,modern,modern-premier-7332856,modern-premier-7332856-2014-08-04
10,4,Skullcrack,,Spells,3,2,Burn,SpacejAm,81 tix,$ 189,242034,2014-08-04,Modern Premier #7332856,modern,modern-premier-7332856,modern-premier-7332856-2014-08-04
11,4,Flames of the Blood Hand,,Spells,3,2,Burn,SpacejAm,81 tix,$ 189,242034,2014-08-04,Modern Premier #7332856,modern,modern-premier-7332856,modern-premier-7332856-2014-08-04
12,4,Rift Bolt,,Spells,3,2,Burn,SpacejAm,81 tix,$ 189,242034,2014-08-04,Modern Premier #7332856,modern,modern-premier-7332856,modern-premier-7332856-2014-08-04
14,19,Mountain,,Lands,3,2,Burn,SpacejAm,81 tix,$ 189,242034,2014-08-04,Modern Premier #7332856,modern,modern-premier-7332856,modern-premier-7332856-2014-08-04
16,3,Combust,,Sideboard,3,2,Burn,SpacejAm,81 tix,$ 189,242034,2014-08-04,Modern Premier #7332856,modern,modern-premier-7332856,modern-premier-7332856-2014-08-04
17,2,Dragon's Claw,,Sideboard,3,2,Burn,SpacejAm,81 tix,$ 189,242034,2014-08-04,Modern Premier #7332856,modern,modern-premier-7332856,modern-premier-7332856-2014-08-04
18,2,Searing Blood,,Sideboard,3,2,Burn,SpacejAm,81 tix,$ 189,242034,2014-08-04,Modern Premier #7332856,modern,modern-premier-7332856,modern-premier-7332856-2014-08-04
19,3,Smash to Smithereens,,Sideboard,3,2,Burn,SpacejAm,81 tix,$ 189,242034,2014-08-04,Modern Premier #7332856,modern,modern-premier-7332856,modern-premier-7332856-2014-08-04
20,3,Molten Rain,,Sideboard,3,2,Burn,SpacejAm,81 tix,$ 189,242034,2014-08-04,Modern Premier #7332856,modern,modern-premier-7332856,modern-premier-7332856-2014-08-04
21,2,Volcanic Fallout,,Sideboard,3,2,Burn,SpacejAm,81 tix,$ 189,242034,2014-08-04,Modern Premier #7332856,modern,modern-premier-7332856,modern-premier-7332856-2014-08-04
1,4,Goblin Guide,,Creatures,3,2,RDW,palmix,261 tix,$ 970,242038,2014-08-04,Modern Premier #7332856,modern,modern-premier-7332856,modern-premier-7332856-2014-08-04
2,4,Eidolon of the Great Revel,,Creatures,3,2,RDW,palmix,261 tix,$ 970,242038,2014-08-04,Modern Premier #7332856,modern,modern-premier-7332856,modern-premier-7332856-2014-08-04
3,3,Hellspark Elemental,,Creatures,3,2,RDW,palmix,261 tix,$ 970,242038,2014-08-04,Modern Premier #7332856,modern,modern-premier-7332856,modern-premier-7332856-2014-08-04
5,3,Lava Spike,,Spells,3,2,RDW,palmix,261 tix,$ 970,242038,2014-08-04,Modern Premier #7332856,modern,modern-premier-7332856,modern-premier-7332856-2014-08-04
6,4,Lightning Bolt,,Spells,3,2,RDW,palmix,261 tix,$ 970,242038,2014-08-04,Modern Premier #7332856,modern,modern-premier-7332856,modern-premier-7332856-2014-08-04
7,2,Shard Volley,,Spells,3,2,RDW,palmix,261 tix,$ 970,242038,2014-08-04,Modern Premier #7332856,modern,modern-premier-7332856,modern-premier-7332856-2014-08-04
8,4,Boros Charm,,Spells,3,2,RDW,palmix,261 tix,$ 970,242038,2014-08-04,Modern Premier #7332856,modern,modern-premier-7332856,modern-premier-7332856-2014-08-04
9,1,Rakdos Charm,,Spells,3,2,RDW,palmix,261 tix,$ 970,242038,2014-08-04,Modern Premier #7332856,modern,modern-premier-7332856,modern-premier-7332856-2014-08-04
10,4,Searing Blaze,,Spells,3,2,RDW,palmix,261 tix,$ 970,242038,2014-08-04,Modern Premier #7332856,modern,modern-premier-7332856,modern-premier-7332856-2014-08-04
11,4,Skullcrack,,Spells,3,2,RDW,palmix,261 tix,$ 970,242038,2014-08-04,Modern Premier #7332856,modern,modern-premier-7332856,modern-premier-7332856-2014-08-04
12,2,Smash to Smithereens,,Spells,3,2,RDW,palmix,261 tix,$ 970,242038,2014-08-04,Modern Premier #7332856,modern,modern-premier-7332856,modern-premier-7332856-2014-08-04
13,1,Molten Rain,,Spells,3,2,RDW,palmix,261 tix,$ 970,242038,2014-08-04,Modern Premier #7332856,modern,modern-premier-7332856,modern-premier-7332856-2014-08-04
14,4,Rift Bolt,,Spells,3,2,RDW,palmix,261 tix,$ 970,242038,2014-08-04,Modern Premier #7332856,modern,modern-premier-7332856,modern-premier-7332856-2014-08-04
16,4,Arid Mesa,,Lands,3,2,RDW,palmix,261 tix,$ 970,242038,2014-08-04,Modern Premier #7332856,modern,modern-premier-7332856,modern-premier-7332856-2014-08-04
17,2,Blackcleave Cliffs,,Lands,3,2,RDW,palmix,261 tix,$ 970,242038,2014-08-04,Modern Premier #7332856,modern,modern-premier-7332856,modern-premier-7332856-2014-08-04
18,2,Blood Crypt,,Lands,3,2,RDW,palmix,261 tix,$ 970,242038,2014-08-04,Modern Premier #7332856,modern,modern-premier-7332856,modern-premier-7332856-2014-08-04
19,1,Marsh Flats,,Lands,3,2,RDW,palmix,261 tix,$ 970,242038,2014-08-04,Modern Premier #7332856,modern,modern-premier-7332856,modern-premier-7332856-2014-08-04
20,3,Mountain,,Lands,3,2,RDW,palmix,261 tix,$ 970,242038,2014-08-04,Modern Premier #7332856,modern,modern-premier-7332856,modern-premier-7332856-2014-08-04
21,4,Sacred Foundry,,Lands,3,2,RDW,palmix,261 tix,$ 970,242038,2014-08-04,Modern Premier #7332856,modern,modern-premier-7332856,modern-premier-7332856-2014-08-04
22,4,Scalding Tarn,,Lands,3,2,RDW,palmix,261 tix,$ 970,242038,2014-08-04,Modern Premier #7332856,modern,modern-premier-7332856,modern-premier-7332856-2014-08-04
24,2,Wear & Tear,,Sideboard,3,2,RDW,palmix,261 tix,$ 970,242038,2014-08-04,Modern Premier #7332856,modern,modern-premier-7332856,modern-premier-7332856-2014-08-04
25,2,Combust,,Sideboard,3,2,RDW,palmix,261 tix,$ 970,242038,2014-08-04,Modern Premier #7332856,modern,modern-premier-7332856,modern-premier-7332856-2014-08-04
26,1,"Kataki, War's Wage",,Sideboard,3,2,RDW,palmix,261 tix,$ 970,242038,2014-08-04,Modern Premier #7332856,modern,modern-premier-7332856,modern-premier-7332856-2014-08-04
27,2,Rain of Gore,,Sideboard,3,2,RDW,palmix,261 tix,$ 970,242038,2014-08-04,Modern Premier #7332856,modern,modern-premier-7332856,modern-premier-7332856-2014-08-04
28,1,Smash to Smithereens,,Sideboard,3,2,RDW,palmix,261 tix,$ 970,242038,2014-08-04,Modern Premier #7332856,modern,modern-premier-7332856,modern-premier-7332856-2014-08-04
29,2,Torpor Orb,,Sideboard,3,2,RDW,palmix,261 tix,$ 970,242038,2014-08-04,Modern Premier #7332856,modern,modern-premier-7332856,modern-premier-7332856-2014-08-04
30,2,Anger of the Gods,,Sideboard,3,2,RDW,palmix,261 tix,$ 970,242038,2014-08-04,Modern Premier #7332856,modern,modern-premier-7332856,modern-premier-7332856-2014-08-04
31,1,Molten Rain,,Sideboard,3,2,RDW,palmix,261 tix,$ 970,242038,2014-08-04,Modern Premier #7332856,modern,modern-premier-7332856,modern-premier-7332856-2014-08-04
32,2,Leyline of Sanctity,,Sideboard,3,2,RDW,palmix,261 tix,$ 970,242038,2014-08-04,Modern Premier #7332856,modern,modern-premier-7332856,modern-premier-7332856-2014-08-04
1,4,Sakura-Tribe Elder,,Creatures,3,2,Scapeshift,_Raiden,303 tix,"$ 1,127",242033,2014-08-04,Modern Premier #7332856,modern,modern-premier-7332856,modern-premier-7332856-2014-08-04
2,2,Snapcaster Mage,,Creatures,3,2,Scapeshift,_Raiden,303 tix,"$ 1,127",242033,2014-08-04,Modern Premier #7332856,modern,modern-premier-7332856,modern-premier-7332856-2014-08-04
4,4,Lightning Bolt,,Spells,3,2,Scapeshift,_Raiden,303 tix,"$ 1,127",242033,2014-08-04,Modern Premier #7332856,modern,modern-premier-7332856,modern-premier-7332856-2014-08-04
5,3,Izzet Charm,,Spells,3,2,Scapeshift,_Raiden,303 tix,"$ 1,127",242033,2014-08-04,Modern Premier #7332856,modern,modern-premier-7332856,modern-premier-7332856-2014-08-04
6,2,Peer Through Depths,,Spells,3,2,Scapeshift,_Raiden,303 tix,"$ 1,127",242033,2014-08-04,Modern Premier #7332856,modern,modern-premier-7332856,modern-premier-7332856-2014-08-04
7,4,Remand,,Spells,3,2,Scapeshift,_Raiden,303 tix,"$ 1,127",242033,2014-08-04,Modern Premier #7332856,modern,modern-premier-7332856,modern-premier-7332856-2014-08-04
8,2,Telling Time,,Spells,3,2,Scapeshift,_Raiden,303 tix,"$ 1,127",242033,2014-08-04,Modern Premier #7332856,modern,modern-premier-7332856,modern-premier-7332856-2014-08-04
9,2,Electrolyze,,Spells,3,2,Scapeshift,_Raiden,303 tix,"$ 1,127",242033,2014-08-04,Modern Premier #7332856,modern,modern-premier-7332856,modern-premier-7332856-2014-08-04
10,4,Search for Tomorrow,,Spells,3,2,Scapeshift,_Raiden,303 tix,"$ 1,127",242033,2014-08-04,Modern Premier #7332856,modern,modern-premier-7332856,modern-premier-7332856-2014-08-04
11,4,Cryptic Command,,Spells,3,2,Scapeshift,_Raiden,303 tix,"$ 1,127",242033,2014-08-04,Modern Premier #7332856,modern,modern-premier-7332856,modern-premier-7332856-2014-08-04
12,4,Scapeshift,,Spells,3,2,Scapeshift,_Raiden,303 tix,"$ 1,127",242033,2014-08-04,Modern Premier #7332856,modern,modern-premier-7332856,modern-premier-7332856-2014-08-04
14,1,Breeding Pool,,Lands,3,2,Scapeshift,_Raiden,303 tix,"$ 1,127",242033,2014-08-04,Modern Premier #7332856,modern,modern-premier-7332856,modern-premier-7332856-2014-08-04
15,2,Flooded Grove,,Lands,3,2,Scapeshift,_Raiden,303 tix,"$ 1,127",242033,2014-08-04,Modern Premier #7332856,modern,modern-premier-7332856,modern-premier-7332856-2014-08-04
16,3,Forest,,Lands,3,2,Scapeshift,_Raiden,303 tix,"$ 1,127",242033,2014-08-04,Modern Premier #7332856,modern,modern-premier-7332856,modern-premier-7332856-2014-08-04
17,3,Island,,Lands,3,2,Scapeshift,_Raiden,303 tix,"$ 1,127",242033,2014-08-04,Modern Premier #7332856,modern,modern-premier-7332856,modern-premier-7332856-2014-08-04
18,4,Misty Rainforest,,Lands,3,2,Scapeshift,_Raiden,303 tix,"$ 1,127",242033,2014-08-04,Modern Premier #7332856,modern,modern-premier-7332856,modern-premier-7332856-2014-08-04
19,2,Mountain,,Lands,3,2,Scapeshift,_Raiden,303 tix,"$ 1,127",242033,2014-08-04,Modern Premier #7332856,modern,modern-premier-7332856,modern-premier-7332856-2014-08-04
20,4,Steam Vents,,Lands,3,2,Scapeshift,_Raiden,303 tix,"$ 1,127",242033,2014-08-04,Modern Premier #7332856,modern,modern-premier-7332856,modern-premier-7332856-2014-08-04
21,4,Stomping Ground,,Lands,3,2,Scapeshift,_Raiden,303 tix,"$ 1,127",242033,2014-08-04,Modern Premier #7332856,modern,modern-premier-7332856,modern-premier-7332856-2014-08-04
22,2,"Valakut, the Molten Pinnacle",,Lands,3,2,Scapeshift,_Raiden,303 tix,"$ 1,127",242033,2014-08-04,Modern Premier #7332856,modern,modern-premier-7332856,modern-premier-7332856-2014-08-04
24,2,Engineered Explosives,,Sideboard,3,2,Scapeshift,_Raiden,303 tix,"$ 1,127",242033,2014-08-04,Modern Premier #7332856,modern,modern-premier-7332856,modern-premier-7332856-2014-08-04
25,1,Nature's Claim,,Sideboard,3,2,Scapeshift,_Raiden,303 tix,"$ 1,127",242033,2014-08-04,Modern Premier #7332856,modern,modern-premier-7332856,modern-premier-7332856-2014-08-04
26,2,Negate,,Sideboard,3,2,Scapeshift,_Raiden,303 tix,"$ 1,127",242033,2014-08-04,Modern Premier #7332856,modern,modern-premier-7332856,modern-premier-7332856-2014-08-04
27,2,Anger of the Gods,,Sideboard,3,2,Scapeshift,_Raiden,303 tix,"$ 1,127",242033,2014-08-04,Modern Premier #7332856,modern,modern-premier-7332856,modern-premier-7332856-2014-08-04
28,1,Counterflux,,Sideboard,3,2,Scapeshift,_Raiden,303 tix,"$ 1,127",242033,2014-08-04,Modern Premier #7332856,modern,modern-premier-7332856,modern-premier-7332856-2014-08-04
29,2,Vendilion Clique,,Sideboard,3,2,Scapeshift,_Raiden,303 tix,"$ 1,127",242033,2014-08-04,Modern Premier #7332856,modern,modern-premier-7332856,modern-premier-7332856-2014-08-04
30,2,Creeping Corrosion,,Sideboard,3,2,Scapeshift,_Raiden,303 tix,"$ 1,127",242033,2014-08-04,Modern Premier #7332856,modern,modern-premier-7332856,modern-premier-7332856-2014-08-04
31,3,Obstinate Baloth,,Sideboard,3,2,Scapeshift,_Raiden,303 tix,"$ 1,127",242033,2014-08-04,Modern Premier #7332856,modern,modern-premier-7332856,modern-premier-7332856-2014-08-04
1,4,Sakura-Tribe Elder,,Creatures,3,2,Scapeshift,stikfas,253 tix,"$ 1,026",242037,2014-08-04,Modern Premier #7332856,modern,modern-premier-7332856,modern-premier-7332856-2014-08-04
2,3,Snapcaster Mage,,Creatures,3,2,Scapeshift,stikfas,253 tix,"$ 1,026",242037,2014-08-04,Modern Premier #7332856,modern,modern-premier-7332856,modern-premier-7332856-2014-08-04
4,2,Repeal,,Spells,3,2,Scapeshift,stikfas,253 tix,"$ 1,026",242037,2014-08-04,Modern Premier #7332856,modern,modern-premier-7332856,modern-premier-7332856-2014-08-04
5,3,Serum Visions,,Spells,3,2,Scapeshift,stikfas,253 tix,"$ 1,026",242037,2014-08-04,Modern Premier #7332856,modern,modern-premier-7332856,modern-premier-7332856-2014-08-04
6,1,Farseek,,Spells,3,2,Scapeshift,stikfas,253 tix,"$ 1,026",242037,2014-08-04,Modern Premier #7332856,modern,modern-premier-7332856,modern-premier-7332856-2014-08-04
7,2,Izzet Charm,,Spells,3,2,Scapeshift,stikfas,253 tix,"$ 1,026",242037,2014-08-04,Modern Premier #7332856,modern,modern-premier-7332856,modern-premier-7332856-2014-08-04
8,1,Peer Through Depths,,Spells,3,2,Scapeshift,stikfas,253 tix,"$ 1,026",242037,2014-08-04,Modern Premier #7332856,modern,modern-premier-7332856,modern-premier-7332856-2014-08-04
9,4,Remand,,Spells,3,2,Scapeshift,stikfas,253 tix,"$ 1,026",242037,2014-08-04,Modern Premier #7332856,modern,modern-premier-7332856,modern-premier-7332856-2014-08-04
10,3,Telling Time,,Spells,3,2,Scapeshift,stikfas,253 tix,"$ 1,026",242037,2014-08-04,Modern Premier #7332856,modern,modern-premier-7332856,modern-premier-7332856-2014-08-04
11,1,Electrolyze,,Spells,3,2,Scapeshift,stikfas,253 tix,"$ 1,026",242037,2014-08-04,Modern Premier #7332856,modern,modern-premier-7332856,modern-premier-7332856-2014-08-04
12,4,Search for Tomorrow,,Spells,3,2,Scapeshift,stikfas,253 tix,"$ 1,026",242037,2014-08-04,Modern Premier #7332856,modern,modern-premier-7332856,modern-premier-7332856-2014-08-04
13,4,Cryptic Command,,Spells,3,2,Scapeshift,stikfas,253 tix,"$ 1,026",242037,2014-08-04,Modern Premier #7332856,modern,modern-premier-7332856,modern-premier-7332856-2014-08-04
14,4,Scapeshift,,Spells,3,2,Scapeshift,stikfas,253 tix,"$ 1,026",242037,2014-08-04,Modern Premier #7332856,modern,modern-premier-7332856,modern-premier-7332856-2014-08-04
16,1,Breeding Pool,,Lands,3,2,Scapeshift,stikfas,253 tix,"$ 1,026",242037,2014-08-04,Modern Premier #7332856,modern,modern-premier-7332856,modern-premier-7332856-2014-08-04
17,1,Flooded Grove,,Lands,3,2,Scapeshift,stikfas,253 tix,"$ 1,026",242037,2014-08-04,Modern Premier #7332856,modern,modern-premier-7332856,modern-premier-7332856-2014-08-04
18,3,Forest,,Lands,3,2,Scapeshift,stikfas,253 tix,"$ 1,026",242037,2014-08-04,Modern Premier #7332856,modern,modern-premier-7332856,modern-premier-7332856-2014-08-04
19,1,Halimar Depths,,Lands,3,2,Scapeshift,stikfas,253 tix,"$ 1,026",242037,2014-08-04,Modern Premier #7332856,modern,modern-premier-7332856,modern-premier-7332856-2014-08-04
20,3,Island,,Lands,3,2,Scapeshift,stikfas,253 tix,"$ 1,026",242037,2014-08-04,Modern Premier #7332856,modern,modern-premier-7332856,modern-premier-7332856-2014-08-04
21,2,Misty Rainforest,,Lands,3,2,Scapeshift,stikfas,253 tix,"$ 1,026",242037,2014-08-04,Modern Premier #7332856,modern,modern-premier-7332856,modern-premier-7332856-2014-08-04
22,2,Mountain,,Lands,3,2,Scapeshift,stikfas,253 tix,"$ 1,026",242037,2014-08-04,Modern Premier #7332856,modern,modern-premier-7332856,modern-premier-7332856-2014-08-04
23,4,Steam Vents,,Lands,3,2,Scapeshift,stikfas,253 tix,"$ 1,026",242037,2014-08-04,Modern Premier #7332856,modern,modern-premier-7332856,modern-premier-7332856-2014-08-04
24,4,Stomping Ground,,Lands,3,2,Scapeshift,stikfas,253 tix,"$ 1,026",242037,2014-08-04,Modern Premier #7332856,modern,modern-premier-7332856,modern-premier-7332856-2014-08-04
25,1,Sulfur Falls,,Lands,3,2,Scapeshift,stikfas,253 tix,"$ 1,026",242037,2014-08-04,Modern Premier #7332856,modern,modern-premier-7332856,modern-premier-7332856-2014-08-04
26,2,"Valakut, the Molten Pinnacle",,Lands,3,2,Scapeshift,stikfas,253 tix,"$ 1,026",242037,2014-08-04,Modern Premier #7332856,modern,modern-premier-7332856,modern-premier-7332856-2014-08-04
28,1,Engineered Explosives,,Sideboard,3,2,Scapeshift,stikfas,253 tix,"$ 1,026",242037,2014-08-04,Modern Premier #7332856,modern,modern-premier-7332856,modern-premier-7332856-2014-08-04
29,2,Nature's Claim,,Sideboard,3,2,Scapeshift,stikfas,253 tix,"$ 1,026",242037,2014-08-04,Modern Premier #7332856,modern,modern-premier-7332856,modern-premier-7332856-2014-08-04
30,2,Relic of Progenitus,,Sideboard,3,2,Scapeshift,stikfas,253 tix,"$ 1,026",242037,2014-08-04,Modern Premier #7332856,modern,modern-premier-7332856,modern-premier-7332856-2014-08-04
31,2,Ancient Grudge,,Sideboard,3,2,Scapeshift,stikfas,253 tix,"$ 1,026",242037,2014-08-04,Modern Premier #7332856,modern,modern-premier-7332856,modern-premier-7332856-2014-08-04
32,1,Negate,,Sideboard,3,2,Scapeshift,stikfas,253 tix,"$ 1,026",242037,2014-08-04,Modern Premier #7332856,modern,modern-premier-7332856,modern-premier-7332856-2014-08-04
33,2,Anger of the Gods,,Sideboard,3,2,Scapeshift,stikfas,253 tix,"$ 1,026",242037,2014-08-04,Modern Premier #7332856,modern,modern-premier-7332856,modern-premier-7332856-2014-08-04
34,1,Electrolyze,,Sideboard,3,2,Scapeshift,stikfas,253 tix,"$ 1,026",242037,2014-08-04,Modern Premier #7332856,modern,modern-premier-7332856,modern-premier-7332856-2014-08-04
35,1,Firespout,,Sideboard,3,2,Scapeshift,stikfas,253 tix,"$ 1,026",242037,2014-08-04,Modern Premier #7332856,modern,modern-premier-7332856,modern-premier-7332856-2014-08-04
36,2,Vendilion Clique,,Sideboard,3,2,Scapeshift,stikfas,253 tix,"$ 1,026",242037,2014-08-04,Modern Premier #7332856,modern,modern-premier-7332856,modern-premier-7332856-2014-08-04
37,1,"Teferi, Mage of Zhalfir",,Sideboard,3,2,Scapeshift,stikfas,253 tix,"$ 1,026",242037,2014-08-04,Modern Premier #7332856,modern,modern-premier-7332856,modern-premier-7332856-2014-08-04
1,4,Delver of Secrets,,Creatures,3,2,UR tempo,looknonumbers,227 tix,"$ 1,005",242036,2014-08-04,Modern Premier #7332856,modern,modern-premier-7332856,modern-premier-7332856-2014-08-04
2,4,Snapcaster Mage,,Creatures,3,2,UR tempo,looknonumbers,227 tix,"$ 1,005",242036,2014-08-04,Modern Premier #7332856,modern,modern-premier-7332856,modern-premier-7332856-2014-08-04
3,4,Spellstutter Sprite,,Creatures,3,2,UR tempo,looknonumbers,227 tix,"$ 1,005",242036,2014-08-04,Modern Premier #7332856,modern,modern-premier-7332856,modern-premier-7332856-2014-08-04
4,2,Vendilion Clique,,Creatures,3,2,UR tempo,looknonumbers,227 tix,"$ 1,005",242036,2014-08-04,Modern Premier #7332856,modern,modern-premier-7332856,modern-premier-7332856-2014-08-04
6,2,Burst Lightning,,Spells,3,2,UR tempo,looknonumbers,227 tix,"$ 1,005",242036,2014-08-04,Modern Premier #7332856,modern,modern-premier-7332856,modern-premier-7332856-2014-08-04
7,4,Lightning Bolt,,Spells,3,2,UR tempo,looknonumbers,227 tix,"$ 1,005",242036,2014-08-04,Modern Premier #7332856,modern,modern-premier-7332856,modern-premier-7332856-2014-08-04
8,2,Pillar of Flame,,Spells,3,2,UR tempo,looknonumbers,227 tix,"$ 1,005",242036,2014-08-04,Modern Premier #7332856,modern,modern-premier-7332856,modern-premier-7332856-2014-08-04
9,2,Spell Pierce,,Spells,3,2,UR tempo,looknonumbers,227 tix,"$ 1,005",242036,2014-08-04,Modern Premier #7332856,modern,modern-premier-7332856,modern-premier-7332856-2014-08-04
10,2,Spell Snare,,Spells,3,2,UR tempo,looknonumbers,227 tix,"$ 1,005",242036,2014-08-04,Modern Premier #7332856,modern,modern-premier-7332856,modern-premier-7332856-2014-08-04
11,1,Vapor Snag,,Spells,3,2,UR tempo,looknonumbers,227 tix,"$ 1,005",242036,2014-08-04,Modern Premier #7332856,modern,modern-premier-7332856,modern-premier-7332856-2014-08-04
12,4,Mana Leak,,Spells,3,2,UR tempo,looknonumbers,227 tix,"$ 1,005",242036,2014-08-04,Modern Premier #7332856,modern,modern-premier-7332856,modern-premier-7332856-2014-08-04
13,4,Remand,,Spells,3,2,UR tempo,looknonumbers,227 tix,"$ 1,005",242036,2014-08-04,Modern Premier #7332856,modern,modern-premier-7332856,modern-premier-7332856-2014-08-04
15,1,Sword of Fire and Ice,,Artifacts,3,2,UR tempo,looknonumbers,227 tix,"$ 1,005",242036,2014-08-04,Modern Premier #7332856,modern,modern-premier-7332856,modern-premier-7332856-2014-08-04
16,1,Sword of Light and Shadow,,Artifacts,3,2,UR tempo,looknonumbers,227 tix,"$ 1,005",242036,2014-08-04,Modern Premier #7332856,modern,modern-premier-7332856,modern-premier-7332856-2014-08-04
18,1,Turn & Burn,,Others,3,2,UR tempo,looknonumbers,227 tix,"$ 1,005",242036,2014-08-04,Modern Premier #7332856,modern,modern-premier-7332856,modern-premier-7332856-2014-08-04
20,5,Island,,Lands,3,2,UR tempo,looknonumbers,227 tix,"$ 1,005",242036,2014-08-04,Modern Premier #7332856,modern,modern-premier-7332856,modern-premier-7332856-2014-08-04
21,3,Misty Rainforest,,Lands,3,2,UR tempo,looknonumbers,227 tix,"$ 1,005",242036,2014-08-04,Modern Premier #7332856,modern,modern-premier-7332856,modern-premier-7332856-2014-08-04
22,1,Mountain,,Lands,3,2,UR tempo,looknonumbers,227 tix,"$ 1,005",242036,2014-08-04,Modern Premier #7332856,modern,modern-premier-7332856,modern-premier-7332856-2014-08-04
23,4,Mutavault,,Lands,3,2,UR tempo,looknonumbers,227 tix,"$ 1,005",242036,2014-08-04,Modern Premier #7332856,modern,modern-premier-7332856,modern-premier-7332856-2014-08-04
24,3,Scalding Tarn,,Lands,3,2,UR tempo,looknonumbers,227 tix,"$ 1,005",242036,2014-08-04,Modern Premier #7332856,modern,modern-premier-7332856,modern-premier-7332856-2014-08-04
25,3,Steam Vents,,Lands,3,2,UR tempo,looknonumbers,227 tix,"$ 1,005",242036,2014-08-04,Modern Premier #7332856,modern,modern-premier-7332856,modern-premier-7332856-2014-08-04
26,3,Sulfur Falls,,Lands,3,2,UR tempo,looknonumbers,227 tix,"$ 1,005",242036,2014-08-04,Modern Premier #7332856,modern,modern-premier-7332856,modern-premier-7332856-2014-08-04
28,1,Turn & Burn,,Sideboard,3,2,UR tempo,looknonumbers,227 tix,"$ 1,005",242036,2014-08-04,Modern Premier #7332856,modern,modern-premier-7332856,modern-premier-7332856-2014-08-04
29,3,Magma Spray,,Sideboard,3,2,UR tempo,looknonumbers,227 tix,"$ 1,005",242036,2014-08-04,Modern Premier #7332856,modern,modern-premier-7332856,modern-premier-7332856-2014-08-04
30,2,Negate,,Sideboard,3,2,UR tempo,looknonumbers,227 tix,"$ 1,005",242036,2014-08-04,Modern Premier #7332856,modern,modern-premier-7332856,modern-premier-7332856-2014-08-04
31,3,Ratchet Bomb,,Sideboard,3,2,UR tempo,looknonumbers,227 tix,"$ 1,005",242036,2014-08-04,Modern Premier #7332856,modern,modern-premier-7332856,modern-premier-7332856-2014-08-04
32,2,Spellskite,,Sideboard,3,2,UR tempo,looknonumbers,227 tix,"$ 1,005",242036,2014-08-04,Modern Premier #7332856,modern,modern-premier-7332856,modern-premier-7332856-2014-08-04
33,2,Spreading Seas,,Sideboard,3,2,UR tempo,looknonumbers,227 tix,"$ 1,005",242036,2014-08-04,Modern Premier #7332856,modern,modern-premier-7332856,modern-premier-7332856-2014-08-04
34,1,Dismember,,Sideboard,3,2,UR tempo,looknonumbers,227 tix,"$ 1,005",242036,2014-08-04,Modern Premier #7332856,modern,modern-premier-7332856,modern-premier-7332856-2014-08-04
35,1,"Keranos, God of Storms",,Sideboard,3,2,UR tempo,looknonumbers,227 tix,"$ 1,005",242036,2014-08-04,Modern Premier #7332856,modern,modern-premier-7332856,modern-premier-7332856-2014-08-04
1,1,Dryad Arbor,,Creatures,4,0,Bogle,VeJi,440 tix,$ 942,242043,2014-08-04,Modern Daily #7332891,modern,modern-daily-7332891,modern-daily-7332891-2014-08-04
2,4,Gladecover Scout,,Creatures,4,0,Bogle,VeJi,440 tix,$ 942,242043,2014-08-04,Modern Daily #7332891,modern,modern-daily-7332891,modern-daily-7332891-2014-08-04
3,4,Noble Hierarch,,Creatures,4,0,Bogle,VeJi,440 tix,$ 942,242043,2014-08-04,Modern Daily #7332891,modern,modern-daily-7332891,modern-daily-7332891-2014-08-04
4,4,Slippery Bogle,,Creatures,4,0,Bogle,VeJi,440 tix,$ 942,242043,2014-08-04,Modern Daily #7332891,modern,modern-daily-7332891,modern-daily-7332891-2014-08-04
5,4,Kor Spiritdancer,,Creatures,4,0,Bogle,VeJi,440 tix,$ 942,242043,2014-08-04,Modern Daily #7332891,modern,modern-daily-7332891,modern-daily-7332891-2014-08-04
7,4,Path to Exile,,Spells,4,0,Bogle,VeJi,440 tix,$ 942,242043,2014-08-04,Modern Daily #7332891,modern,modern-daily-7332891,modern-daily-7332891-2014-08-04
9,4,Ethereal Armor,,Enchantments,4,0,Bogle,VeJi,440 tix,$ 942,242043,2014-08-04,Modern Daily #7332891,modern,modern-daily-7332891,modern-daily-7332891-2014-08-04
10,1,Hyena Umbra,,Enchantments,4,0,Bogle,VeJi,440 tix,$ 942,242043,2014-08-04,Modern Daily #7332891,modern,modern-daily-7332891,modern-daily-7332891-2014-08-04
11,4,Rancor,,Enchantments,4,0,Bogle,VeJi,440 tix,$ 942,242043,2014-08-04,Modern Daily #7332891,modern,modern-daily-7332891,modern-daily-7332891-2014-08-04
12,4,Spider Umbra,,Enchantments,4,0,Bogle,VeJi,440 tix,$ 942,242043,2014-08-04,Modern Daily #7332891,modern,modern-daily-7332891,modern-daily-7332891-2014-08-04
13,4,Daybreak Coronet,,Enchantments,4,0,Bogle,VeJi,440 tix,$ 942,242043,2014-08-04,Modern Daily #7332891,modern,modern-daily-7332891,modern-daily-7332891-2014-08-04
14,4,Spirit Mantle,,Enchantments,4,0,Bogle,VeJi,440 tix,$ 942,242043,2014-08-04,Modern Daily #7332891,modern,modern-daily-7332891,modern-daily-7332891-2014-08-04
16,1,Brushland,,Lands,4,0,Bogle,VeJi,440 tix,$ 942,242043,2014-08-04,Modern Daily #7332891,modern,modern-daily-7332891,modern-daily-7332891-2014-08-04
17,1,Forest,,Lands,4,0,Bogle,VeJi,440 tix,$ 942,242043,2014-08-04,Modern Daily #7332891,modern,modern-daily-7332891,modern-daily-7332891-2014-08-04
18,4,Horizon Canopy,,Lands,4,0,Bogle,VeJi,440 tix,$ 942,242043,2014-08-04,Modern Daily #7332891,modern,modern-daily-7332891,modern-daily-7332891-2014-08-04
19,4,Razorverge Thicket,,Lands,4,0,Bogle,VeJi,440 tix,$ 942,242043,2014-08-04,Modern Daily #7332891,modern,modern-daily-7332891,modern-daily-7332891-2014-08-04
20,4,Temple Garden,,Lands,4,0,Bogle,VeJi,440 tix,$ 942,242043,2014-08-04,Modern Daily #7332891,modern,modern-daily-7332891,modern-daily-7332891-2014-08-04
21,4,Verdant Catacombs,,Lands,4,0,Bogle,VeJi,440 tix,$ 942,242043,2014-08-04,Modern Daily #7332891,modern,modern-daily-7332891,modern-daily-7332891-2014-08-04
23,2,Grafdigger's Cage,,Sideboard,4,0,Bogle,VeJi,440 tix,$ 942,242043,2014-08-04,Modern Daily #7332891,modern,modern-daily-7332891,modern-daily-7332891-2014-08-04
24,2,Nature's Claim,,Sideboard,4,0,Bogle,VeJi,440 tix,$ 942,242043,2014-08-04,Modern Daily #7332891,modern,modern-daily-7332891,modern-daily-7332891-2014-08-04
25,1,Gaddock Teeg,,Sideboard,4,0,Bogle,VeJi,440 tix,$ 942,242043,2014-08-04,Modern Daily #7332891,modern,modern-daily-7332891,modern-daily-7332891-2014-08-04
26,2,Rest in Peace,,Sideboard,4,0,Bogle,VeJi,440 tix,$ 942,242043,2014-08-04,Modern Daily #7332891,modern,modern-daily-7332891,modern-daily-7332891-2014-08-04
27,4,Stony Silence,,Sideboard,4,0,Bogle,VeJi,440 tix,$ 942,242043,2014-08-04,Modern Daily #7332891,modern,modern-daily-7332891,modern-daily-7332891-2014-08-04
28,4,Leyline of Sanctity,,Sideboard,4,0,Bogle,VeJi,440 tix,$ 942,242043,2014-08-04,Modern Daily #7332891,modern,modern-daily-7332891,modern-daily-7332891-2014-08-04
1,4,Birds of Paradise,,Creatures,4,0,Melira Pod,Grischa__,264 tix,$ 802,242039,2014-08-04,Modern Daily #7332891,modern,modern-daily-7332891,modern-daily-7332891-2014-08-04
2,3,Noble Hierarch,,Creatures,4,0,Melira Pod,Grischa__,264 tix,$ 802,242039,2014-08-04,Modern Daily #7332891,modern,modern-daily-7332891,modern-daily-7332891-2014-08-04
3,1,Viscera Seer,,Creatures,4,0,Melira Pod,Grischa__,264 tix,$ 802,242039,2014-08-04,Modern Daily #7332891,modern,modern-daily-7332891,modern-daily-7332891-2014-08-04
4,1,"Melira, Sylvok Outcast",,Creatures,4,0,Melira Pod,Grischa__,264 tix,$ 802,242039,2014-08-04,Modern Daily #7332891,modern,modern-daily-7332891,modern-daily-7332891-2014-08-04
5,1,Qasali Pridemage,,Creatures,4,0,Melira Pod,Grischa__,264 tix,$ 802,242039,2014-08-04,Modern Daily #7332891,modern,modern-daily-7332891,modern-daily-7332891-2014-08-04
6,1,Scavenging Ooze,,Creatures,4,0,Melira Pod,Grischa__,264 tix,$ 802,242039,2014-08-04,Modern Daily #7332891,modern,modern-daily-7332891,modern-daily-7332891-2014-08-04
7,1,Spellskite,,Creatures,4,0,Melira Pod,Grischa__,264 tix,$ 802,242039,2014-08-04,Modern Daily #7332891,modern,modern-daily-7332891,modern-daily-7332891-2014-08-04
8,2,Voice of Resurgence,,Creatures,4,0,Melira Pod,Grischa__,264 tix,$ 802,242039,2014-08-04,Modern Daily #7332891,modern,modern-daily-7332891,modern-daily-7332891-2014-08-04
9,1,Wall of Roots,,Creatures,4,0,Melira Pod,Grischa__,264 tix,$ 802,242039,2014-08-04,Modern Daily #7332891,modern,modern-daily-7332891,modern-daily-7332891-2014-08-04
10,1,Eternal Witness,,Creatures,4,0,Melira Pod,Grischa__,264 tix,$ 802,242039,2014-08-04,Modern Daily #7332891,modern,modern-daily-7332891,modern-daily-7332891-2014-08-04
11,4,Kitchen Finks,,Creatures,4,0,Melira Pod,Grischa__,264 tix,$ 802,242039,2014-08-04,Modern Daily #7332891,modern,modern-daily-7332891,modern-daily-7332891-2014-08-04
12,1,Orzhov Pontiff,,Creatures,4,0,Melira Pod,Grischa__,264 tix,$ 802,242039,2014-08-04,Modern Daily #7332891,modern,modern-daily-7332891,modern-daily-7332891-2014-08-04
13,1,Sin Collector,,Creatures,4,0,Melira Pod,Grischa__,264 tix,$ 802,242039,2014-08-04,Modern Daily #7332891,modern,modern-daily-7332891,modern-daily-7332891-2014-08-04
14,1,"Linvala, Keeper of Silence",,Creatures,4,0,Melira Pod,Grischa__,264 tix,$ 802,242039,2014-08-04,Modern Daily #7332891,modern,modern-daily-7332891,modern-daily-7332891-2014-08-04
15,1,Murderous Redcap,,Creatures,4,0,Melira Pod,Grischa__,264 tix,$ 802,242039,2014-08-04,Modern Daily #7332891,modern,modern-daily-7332891,modern-daily-7332891-2014-08-04
16,1,Ranger of Eos,,Creatures,4,0,Melira Pod,Grischa__,264 tix,$ 802,242039,2014-08-04,Modern Daily #7332891,modern,modern-daily-7332891,modern-daily-7332891-2014-08-04
17,2,Restoration Angel,,Creatures,4,0,Melira Pod,Grischa__,264 tix,$ 802,242039,2014-08-04,Modern Daily #7332891,modern,modern-daily-7332891,modern-daily-7332891-2014-08-04
18,1,Reveillark,,Creatures,4,0,Melira Pod,Grischa__,264 tix,$ 802,242039,2014-08-04,Modern Daily #7332891,modern,modern-daily-7332891,modern-daily-7332891-2014-08-04
19,1,Shriekmaw,,Creatures,4,0,Melira Pod,Grischa__,264 tix,$ 802,242039,2014-08-04,Modern Daily #7332891,modern,modern-daily-7332891,modern-daily-7332891-2014-08-04
21,2,Abrupt Decay,,Spells,4,0,Melira Pod,Grischa__,264 tix,$ 802,242039,2014-08-04,Modern Daily #7332891,modern,modern-daily-7332891,modern-daily-7332891-2014-08-04
22,2,Chord of Calling,,Spells,4,0,Melira Pod,Grischa__,264 tix,$ 802,242039,2014-08-04,Modern Daily #7332891,modern,modern-daily-7332891,modern-daily-7332891-2014-08-04
24,4,Birthing Pod,,Artifacts,4,0,Melira Pod,Grischa__,264 tix,$ 802,242039,2014-08-04,Modern Daily #7332891,modern,modern-daily-7332891,modern-daily-7332891-2014-08-04
26,3,Forest,,Lands,4,0,Melira Pod,Grischa__,264 tix,$ 802,242039,2014-08-04,Modern Daily #7332891,modern,modern-daily-7332891,modern-daily-7332891-2014-08-04
27,3,Gavony Township,,Lands,4,0,Melira Pod,Grischa__,264 tix,$ 802,242039,2014-08-04,Modern Daily #7332891,modern,modern-daily-7332891,modern-daily-7332891-2014-08-04
28,1,Godless Shrine,,Lands,4,0,Melira Pod,Grischa__,264 tix,$ 802,242039,2014-08-04,Modern Daily #7332891,modern,modern-daily-7332891,modern-daily-7332891-2014-08-04
29,4,Marsh Flats,,Lands,4,0,Melira Pod,Grischa__,264 tix,$ 802,242039,2014-08-04,Modern Daily #7332891,modern,modern-daily-7332891,modern-daily-7332891-2014-08-04
30,2,Overgrown Tomb,,Lands,4,0,Melira Pod,Grischa__,264 tix,$ 802,242039,2014-08-04,Modern Daily #7332891,modern,modern-daily-7332891,modern-daily-7332891-2014-08-04
31,4,Razorverge Thicket,,Lands,4,0,Melira Pod,Grischa__,264 tix,$ 802,242039,2014-08-04,Modern Daily #7332891,modern,modern-daily-7332891,modern-daily-7332891-2014-08-04
32,1,Swamp,,Lands,4,0,Melira Pod,Grischa__,264 tix,$ 802,242039,2014-08-04,Modern Daily #7332891,modern,modern-daily-7332891,modern-daily-7332891-2014-08-04
33,1,Temple Garden,,Lands,4,0,Melira Pod,Grischa__,264 tix,$ 802,242039,2014-08-04,Modern Daily #7332891,modern,modern-daily-7332891,modern-daily-7332891-2014-08-04
34,4,Verdant Catacombs,,Lands,4,0,Melira Pod,Grischa__,264 tix,$ 802,242039,2014-08-04,Modern Daily #7332891,modern,modern-daily-7332891,modern-daily-7332891-2014-08-04
36,1,Slaughter Pact,,Sideboard,4,0,Melira Pod,Grischa__,264 tix,$ 802,242039,2014-08-04,Modern Daily #7332891,modern,modern-daily-7332891,modern-daily-7332891-2014-08-04
37,4,Thoughtseize,,Sideboard,4,0,Melira Pod,Grischa__,264 tix,$ 802,242039,2014-08-04,Modern Daily #7332891,modern,modern-daily-7332891,modern-daily-7332891-2014-08-04
38,1,"Kataki, War's Wage",,Sideboard,4,0,Melira Pod,Grischa__,264 tix,$ 802,242039,2014-08-04,Modern Daily #7332891,modern,modern-daily-7332891,modern-daily-7332891-2014-08-04
39,1,Scavenging Ooze,,Sideboard,4,0,Melira Pod,Grischa__,264 tix,$ 802,242039,2014-08-04,Modern Daily #7332891,modern,modern-daily-7332891,modern-daily-7332891-2014-08-04
40,2,Dismember,,Sideboard,4,0,Melira Pod,Grischa__,264 tix,$ 802,242039,2014-08-04,Modern Daily #7332891,modern,modern-daily-7332891,modern-daily-7332891-2014-08-04
41,1,Eidolon of Rhetoric,,Sideboard,4,0,Melira Pod,Grischa__,264 tix,$ 802,242039,2014-08-04,Modern Daily #7332891,modern,modern-daily-7332891,modern-daily-7332891-2014-08-04
42,1,Lingering Souls,,Sideboard,4,0,Melira Pod,Grischa__,264 tix,$ 802,242039,2014-08-04,Modern Daily #7332891,modern,modern-daily-7332891,modern-daily-7332891-2014-08-04
43,1,Reclamation Sage,,Sideboard,4,0,Melira Pod,Grischa__,264 tix,$ 802,242039,2014-08-04,Modern Daily #7332891,modern,modern-daily-7332891,modern-daily-7332891-2014-08-04
44,1,Sin Collector,,Sideboard,4,0,Melira Pod,Grischa__,264 tix,$ 802,242039,2014-08-04,Modern Daily #7332891,modern,modern-daily-7332891,modern-daily-7332891-2014-08-04
45,1,Entomber Exarch,,Sideboard,4,0,Melira Pod,Grischa__,264 tix,$ 802,242039,2014-08-04,Modern Daily #7332891,modern,modern-daily-7332891,modern-daily-7332891-2014-08-04
46,1,Restoration Angel,,Sideboard,4,0,Melira Pod,Grischa__,264 tix,$ 802,242039,2014-08-04,Modern Daily #7332891,modern,modern-daily-7332891,modern-daily-7332891-2014-08-04
1,4,Birds of Paradise,,Creatures,4,0,Melira Pod,LucaAshok,281 tix,$ 893,242041,2014-08-04,Modern Daily #7332891,modern,modern-daily-7332891,modern-daily-7332891-2014-08-04
2,3,Noble Hierarch,,Creatures,4,0,Melira Pod,LucaAshok,281 tix,$ 893,242041,2014-08-04,Modern Daily #7332891,modern,modern-daily-7332891,modern-daily-7332891-2014-08-04
3,1,Viscera Seer,,Creatures,4,0,Melira Pod,LucaAshok,281 tix,$ 893,242041,2014-08-04,Modern Daily #7332891,modern,modern-daily-7332891,modern-daily-7332891-2014-08-04
4,1,"Melira, Sylvok Outcast",,Creatures,4,0,Melira Pod,LucaAshok,281 tix,$ 893,242041,2014-08-04,Modern Daily #7332891,modern,modern-daily-7332891,modern-daily-7332891-2014-08-04
5,1,Qasali Pridemage,,Creatures,4,0,Melira Pod,LucaAshok,281 tix,$ 893,242041,2014-08-04,Modern Daily #7332891,modern,modern-daily-7332891,modern-daily-7332891-2014-08-04
6,1,Scavenging Ooze,,Creatures,4,0,Melira Pod,LucaAshok,281 tix,$ 893,242041,2014-08-04,Modern Daily #7332891,modern,modern-daily-7332891,modern-daily-7332891-2014-08-04
7,1,Spellskite,,Creatures,4,0,Melira Pod,LucaAshok,281 tix,$ 893,242041,2014-08-04,Modern Daily #7332891,modern,modern-daily-7332891,modern-daily-7332891-2014-08-04
8,3,Voice of Resurgence,,Creatures,4,0,Melira Pod,LucaAshok,281 tix,$ 893,242041,2014-08-04,Modern Daily #7332891,modern,modern-daily-7332891,modern-daily-7332891-2014-08-04
9,1,Wall of Roots,,Creatures,4,0,Melira Pod,LucaAshok,281 tix,$ 893,242041,2014-08-04,Modern Daily #7332891,modern,modern-daily-7332891,modern-daily-7332891-2014-08-04
10,1,Eternal Witness,,Creatures,4,0,Melira Pod,LucaAshok,281 tix,$ 893,242041,2014-08-04,Modern Daily #7332891,modern,modern-daily-7332891,modern-daily-7332891-2014-08-04
11,4,Kitchen Finks,,Creatures,4,0,Melira Pod,LucaAshok,281 tix,$ 893,242041,2014-08-04,Modern Daily #7332891,modern,modern-daily-7332891,modern-daily-7332891-2014-08-04
12,1,Orzhov Pontiff,,Creatures,4,0,Melira Pod,LucaAshok,281 tix,$ 893,242041,2014-08-04,Modern Daily #7332891,modern,modern-daily-7332891,modern-daily-7332891-2014-08-04
13,1,"Linvala, Keeper of Silence",,Creatures,4,0,Melira Pod,LucaAshok,281 tix,$ 893,242041,2014-08-04,Modern Daily #7332891,modern,modern-daily-7332891,modern-daily-7332891-2014-08-04
14,1,Murderous Redcap,,Creatures,4,0,Melira Pod,LucaAshok,281 tix,$ 893,242041,2014-08-04,Modern Daily #7332891,modern,modern-daily-7332891,modern-daily-7332891-2014-08-04
15,1,Phyrexian Metamorph,,Creatures,4,0,Melira Pod,LucaAshok,281 tix,$ 893,242041,2014-08-04,Modern Daily #7332891,modern,modern-daily-7332891,modern-daily-7332891-2014-08-04
16,1,Ranger of Eos,,Creatures,4,0,Melira Pod,LucaAshok,281 tix,$ 893,242041,2014-08-04,Modern Daily #7332891,modern,modern-daily-7332891,modern-daily-7332891-2014-08-04
17,1,Reveillark,,Creatures,4,0,Melira Pod,LucaAshok,281 tix,$ 893,242041,2014-08-04,Modern Daily #7332891,modern,modern-daily-7332891,modern-daily-7332891-2014-08-04
18,1,Shriekmaw,,Creatures,4,0,Melira Pod,LucaAshok,281 tix,$ 893,242041,2014-08-04,Modern Daily #7332891,modern,modern-daily-7332891,modern-daily-7332891-2014-08-04
20,2,Abrupt Decay,,Spells,4,0,Melira Pod,LucaAshok,281 tix,$ 893,242041,2014-08-04,Modern Daily #7332891,modern,modern-daily-7332891,modern-daily-7332891-2014-08-04
21,3,Chord of Calling,,Spells,4,0,Melira Pod,LucaAshok,281 tix,$ 893,242041,2014-08-04,Modern Daily #7332891,modern,modern-daily-7332891,modern-daily-7332891-2014-08-04
23,4,Birthing Pod,,Artifacts,4,0,Melira Pod,LucaAshok,281 tix,$ 893,242041,2014-08-04,Modern Daily #7332891,modern,modern-daily-7332891,modern-daily-7332891-2014-08-04
25,3,Forest,,Lands,4,0,Melira Pod,LucaAshok,281 tix,$ 893,242041,2014-08-04,Modern Daily #7332891,modern,modern-daily-7332891,modern-daily-7332891-2014-08-04
26,3,Gavony Township,,Lands,4,0,Melira Pod,LucaAshok,281 tix,$ 893,242041,2014-08-04,Modern Daily #7332891,modern,modern-daily-7332891,modern-daily-7332891-2014-08-04
27,1,Godless Shrine,,Lands,4,0,Melira Pod,LucaAshok,281 tix,$ 893,242041,2014-08-04,Modern Daily #7332891,modern,modern-daily-7332891,modern-daily-7332891-2014-08-04
28,4,Misty Rainforest,,Lands,4,0,Melira Pod,LucaAshok,281 tix,$ 893,242041,2014-08-04,Modern Daily #7332891,modern,modern-daily-7332891,modern-daily-7332891-2014-08-04
29,2,Overgrown Tomb,,Lands,4,0,Melira Pod,LucaAshok,281 tix,$ 893,242041,2014-08-04,Modern Daily #7332891,modern,modern-daily-7332891,modern-daily-7332891-2014-08-04
30,3,Razorverge Thicket,,Lands,4,0,Melira Pod,LucaAshok,281 tix,$ 893,242041,2014-08-04,Modern Daily #7332891,modern,modern-daily-7332891,modern-daily-7332891-2014-08-04
31,1,Swamp,,Lands,4,0,Melira Pod,LucaAshok,281 tix,$ 893,242041,2014-08-04,Modern Daily #7332891,modern,modern-daily-7332891,modern-daily-7332891-2014-08-04
32,1,Temple Garden,,Lands,4,0,Melira Pod,LucaAshok,281 tix,$ 893,242041,2014-08-04,Modern Daily #7332891,modern,modern-daily-7332891,modern-daily-7332891-2014-08-04
33,4,Verdant Catacombs,,Lands,4,0,Melira Pod,LucaAshok,281 tix,$ 893,242041,2014-08-04,Modern Daily #7332891,modern,modern-daily-7332891,modern-daily-7332891-2014-08-04
34,1,Woodland Cemetery,,Lands,4,0,Melira Pod,LucaAshok,281 tix,$ 893,242041,2014-08-04,Modern Daily #7332891,modern,modern-daily-7332891,modern-daily-7332891-2014-08-04
36,4,Thoughtseize,,Sideboard,4,0,Melira Pod,LucaAshok,281 tix,$ 893,242041,2014-08-04,Modern Daily #7332891,modern,modern-daily-7332891,modern-daily-7332891-2014-08-04
37,1,Abrupt Decay,,Sideboard,4,0,Melira Pod,LucaAshok,281 tix,$ 893,242041,2014-08-04,Modern Daily #7332891,modern,modern-daily-7332891,modern-daily-7332891-2014-08-04
38,1,Scavenging Ooze,,Sideboard,4,0,Melira Pod,LucaAshok,281 tix,$ 893,242041,2014-08-04,Modern Daily #7332891,modern,modern-daily-7332891,modern-daily-7332891-2014-08-04
39,2,Dismember,,Sideboard,4,0,Melira Pod,LucaAshok,281 tix,$ 893,242041,2014-08-04,Modern Daily #7332891,modern,modern-daily-7332891,modern-daily-7332891-2014-08-04
40,1,Orzhov Pontiff,,Sideboard,4,0,Melira Pod,LucaAshok,281 tix,$ 893,242041,2014-08-04,Modern Daily #7332891,modern,modern-daily-7332891,modern-daily-7332891-2014-08-04
41,1,Reclamation Sage,,Sideboard,4,0,Melira Pod,LucaAshok,281 tix,$ 893,242041,2014-08-04,Modern Daily #7332891,modern,modern-daily-7332891,modern-daily-7332891-2014-08-04
42,2,Sin Collector,,Sideboard,4,0,Melira Pod,LucaAshok,281 tix,$ 893,242041,2014-08-04,Modern Daily #7332891,modern,modern-daily-7332891,modern-daily-7332891-2014-08-04
43,1,Entomber Exarch,,Sideboard,4,0,Melira Pod,LucaAshok,281 tix,$ 893,242041,2014-08-04,Modern Daily #7332891,modern,modern-daily-7332891,modern-daily-7332891-2014-08-04
44,1,"Thrun, the Last Troll",,Sideboard,4,0,Melira Pod,LucaAshok,281 tix,$ 893,242041,2014-08-04,Modern Daily #7332891,modern,modern-daily-7332891,modern-daily-7332891-2014-08-04
45,1,"Sigarda, Host of Herons",,Sideboard,4,0,Melira Pod,LucaAshok,281 tix,$ 893,242041,2014-08-04,Modern Daily #7332891,modern,modern-daily-7332891,modern-daily-7332891-2014-08-04
1,4,Goblin Guide,,Creatures,4,0,RDW,NatiMark,175 tix,$ 570,242040,2014-08-04,Modern Daily #7332891,modern,modern-daily-7332891,modern-daily-7332891-2014-08-04
2,3,Grim Lavamancer,,Creatures,4,0,RDW,NatiMark,175 tix,$ 570,242040,2014-08-04,Modern Daily #7332891,modern,modern-daily-7332891,modern-daily-7332891-2014-08-04
3,4,Eidolon of the Great Revel,,Creatures,4,0,RDW,NatiMark,175 tix,$ 570,242040,2014-08-04,Modern Daily #7332891,modern,modern-daily-7332891,modern-daily-7332891-2014-08-04
5,4,Bump in the Night,,Spells,4,0,RDW,NatiMark,175 tix,$ 570,242040,2014-08-04,Modern Daily #7332891,modern,modern-daily-7332891,modern-daily-7332891-2014-08-04
6,3,Gitaxian Probe,,Spells,4,0,RDW,NatiMark,175 tix,$ 570,242040,2014-08-04,Modern Daily #7332891,modern,modern-daily-7332891,modern-daily-7332891-2014-08-04
7,4,Lava Spike,,Spells,4,0,RDW,NatiMark,175 tix,$ 570,242040,2014-08-04,Modern Daily #7332891,modern,modern-daily-7332891,modern-daily-7332891-2014-08-04
8,4,Lightning Bolt,,Spells,4,0,RDW,NatiMark,175 tix,$ 570,242040,2014-08-04,Modern Daily #7332891,modern,modern-daily-7332891,modern-daily-7332891-2014-08-04
9,3,Shard Volley,,Spells,4,0,RDW,NatiMark,175 tix,$ 570,242040,2014-08-04,Modern Daily #7332891,modern,modern-daily-7332891,modern-daily-7332891-2014-08-04
10,4,Searing Blaze,,Spells,4,0,RDW,NatiMark,175 tix,$ 570,242040,2014-08-04,Modern Daily #7332891,modern,modern-daily-7332891,modern-daily-7332891-2014-08-04
11,4,Skullcrack,,Spells,4,0,RDW,NatiMark,175 tix,$ 570,242040,2014-08-04,Modern Daily #7332891,modern,modern-daily-7332891,modern-daily-7332891-2014-08-04
12,4,Rift Bolt,,Spells,4,0,RDW,NatiMark,175 tix,$ 570,242040,2014-08-04,Modern Daily #7332891,modern,modern-daily-7332891,modern-daily-7332891-2014-08-04
14,4,Arid Mesa,,Lands,4,0,RDW,NatiMark,175 tix,$ 570,242040,2014-08-04,Modern Daily #7332891,modern,modern-daily-7332891,modern-daily-7332891-2014-08-04
15,4,Blood Crypt,,Lands,4,0,RDW,NatiMark,175 tix,$ 570,242040,2014-08-04,Modern Daily #7332891,modern,modern-daily-7332891,modern-daily-7332891-2014-08-04
16,9,Mountain,,Lands,4,0,RDW,NatiMark,175 tix,$ 570,242040,2014-08-04,Modern Daily #7332891,modern,modern-daily-7332891,modern-daily-7332891-2014-08-04
17,2,Scalding Tarn,,Lands,4,0,RDW,NatiMark,175 tix,$ 570,242040,2014-08-04,Modern Daily #7332891,modern,modern-daily-7332891,modern-daily-7332891-2014-08-04
19,2,Rakdos Charm,,Sideboard,4,0,RDW,NatiMark,175 tix,$ 570,242040,2014-08-04,Modern Daily #7332891,modern,modern-daily-7332891,modern-daily-7332891-2014-08-04
20,4,Searing Blood,,Sideboard,4,0,RDW,NatiMark,175 tix,$ 570,242040,2014-08-04,Modern Daily #7332891,modern,modern-daily-7332891,modern-daily-7332891-2014-08-04
21,3,Smash to Smithereens,,Sideboard,4,0,RDW,NatiMark,175 tix,$ 570,242040,2014-08-04,Modern Daily #7332891,modern,modern-daily-7332891,modern-daily-7332891-2014-08-04
22,3,Torpor Orb,,Sideboard,4,0,RDW,NatiMark,175 tix,$ 570,242040,2014-08-04,Modern Daily #7332891,modern,modern-daily-7332891,modern-daily-7332891-2014-08-04
23,3,Molten Rain,,Sideboard,4,0,RDW,NatiMark,175 tix,$ 570,242040,2014-08-04,Modern Daily #7332891,modern,modern-daily-7332891,modern-daily-7332891-2014-08-04
1,2,Grim Lavamancer,,Creatures,4,0,Splinter Twin,LoveConnection,324 tix,"$ 1,192",242042,2014-08-04,Modern Daily #7332891,modern,modern-daily-7332891,modern-daily-7332891-2014-08-04
2,4,Snapcaster Mage,,Creatures,4,0,Splinter Twin,LoveConnection,324 tix,"$ 1,192",242042,2014-08-04,Modern Daily #7332891,modern,modern-daily-7332891,modern-daily-7332891-2014-08-04
3,3,Deceiver Exarch,,Creatures,4,0,Splinter Twin,LoveConnection,324 tix,"$ 1,192",242042,2014-08-04,Modern Daily #7332891,modern,modern-daily-7332891,modern-daily-7332891-2014-08-04
4,3,Pestermite,,Creatures,4,0,Splinter Twin,LoveConnection,324 tix,"$ 1,192",242042,2014-08-04,Modern Daily #7332891,modern,modern-daily-7332891,modern-daily-7332891-2014-08-04
5,1,"Kiki-Jiki, Mirror Breaker",,Creatures,4,0,Splinter Twin,LoveConnection,324 tix,"$ 1,192",242042,2014-08-04,Modern Daily #7332891,modern,modern-daily-7332891,modern-daily-7332891-2014-08-04
7,1,Flame Slash,,Spells,4,0,Splinter Twin,LoveConnection,324 tix,"$ 1,192",242042,2014-08-04,Modern Daily #7332891,modern,modern-daily-7332891,modern-daily-7332891-2014-08-04
8,4,Lightning Bolt,,Spells,4,0,Splinter Twin,LoveConnection,324 tix,"$ 1,192",242042,2014-08-04,Modern Daily #7332891,modern,modern-daily-7332891,modern-daily-7332891-2014-08-04
9,2,Peek,,Spells,4,0,Splinter Twin,LoveConnection,324 tix,"$ 1,192",242042,2014-08-04,Modern Daily #7332891,modern,modern-daily-7332891,modern-daily-7332891-2014-08-04
10,4,Serum Visions,,Spells,4,0,Splinter Twin,LoveConnection,324 tix,"$ 1,192",242042,2014-08-04,Modern Daily #7332891,modern,modern-daily-7332891,modern-daily-7332891-2014-08-04
11,4,Remand,,Spells,4,0,Splinter Twin,LoveConnection,324 tix,"$ 1,192",242042,2014-08-04,Modern Daily #7332891,modern,modern-daily-7332891,modern-daily-7332891-2014-08-04
12,1,Dismember,,Spells,4,0,Splinter Twin,LoveConnection,324 tix,"$ 1,192",242042,2014-08-04,Modern Daily #7332891,modern,modern-daily-7332891,modern-daily-7332891-2014-08-04
13,1,Electrolyze,,Spells,4,0,Splinter Twin,LoveConnection,324 tix,"$ 1,192",242042,2014-08-04,Modern Daily #7332891,modern,modern-daily-7332891,modern-daily-7332891-2014-08-04
14,2,Cryptic Command,,Spells,4,0,Splinter Twin,LoveConnection,324 tix,"$ 1,192",242042,2014-08-04,Modern Daily #7332891,modern,modern-daily-7332891,modern-daily-7332891-2014-08-04
16,2,Spreading Seas,,Enchantments,4,0,Splinter Twin,LoveConnection,324 tix,"$ 1,192",242042,2014-08-04,Modern Daily #7332891,modern,modern-daily-7332891,modern-daily-7332891-2014-08-04
17,4,Splinter Twin,,Enchantments,4,0,Splinter Twin,LoveConnection,324 tix,"$ 1,192",242042,2014-08-04,Modern Daily #7332891,modern,modern-daily-7332891,modern-daily-7332891-2014-08-04
19,1,Desolate Lighthouse,,Lands,4,0,Splinter Twin,LoveConnection,324 tix,"$ 1,192",242042,2014-08-04,Modern Daily #7332891,modern,modern-daily-7332891,modern-daily-7332891-2014-08-04
20,4,Island,,Lands,4,0,Splinter Twin,LoveConnection,324 tix,"$ 1,192",242042,2014-08-04,Modern Daily #7332891,modern,modern-daily-7332891,modern-daily-7332891-2014-08-04
21,4,Misty Rainforest,,Lands,4,0,Splinter Twin,LoveConnection,324 tix,"$ 1,192",242042,2014-08-04,Modern Daily #7332891,modern,modern-daily-7332891,modern-daily-7332891-2014-08-04
22,1,Mountain,,Lands,4,0,Splinter Twin,LoveConnection,324 tix,"$ 1,192",242042,2014-08-04,Modern Daily #7332891,modern,modern-daily-7332891,modern-daily-7332891-2014-08-04
23,4,Scalding Tarn,,Lands,4,0,Splinter Twin,LoveConnection,324 tix,"$ 1,192",242042,2014-08-04,Modern Daily #7332891,modern,modern-daily-7332891,modern-daily-7332891-2014-08-04
24,3,Steam Vents,,Lands,4,0,Splinter Twin,LoveConnection,324 tix,"$ 1,192",242042,2014-08-04,Modern Daily #7332891,modern,modern-daily-7332891,modern-daily-7332891-2014-08-04
25,1,Stomping Ground,,Lands,4,0,Splinter Twin,LoveConnection,324 tix,"$ 1,192",242042,2014-08-04,Modern Daily #7332891,modern,modern-daily-7332891,modern-daily-7332891-2014-08-04
26,2,Sulfur Falls,,Lands,4,0,Splinter Twin,LoveConnection,324 tix,"$ 1,192",242042,2014-08-04,Modern Daily #7332891,modern,modern-daily-7332891,modern-daily-7332891-2014-08-04
27,2,Tectonic Edge,,Lands,4,0,Splinter Twin,LoveConnection,324 tix,"$ 1,192",242042,2014-08-04,Modern Daily #7332891,modern,modern-daily-7332891,modern-daily-7332891-2014-08-04
29,1,Engineered Explosives,,Sideboard,4,0,Splinter Twin,LoveConnection,324 tix,"$ 1,192",242042,2014-08-04,Modern Daily #7332891,modern,modern-daily-7332891,modern-daily-7332891-2014-08-04
30,2,Dispel,,Sideboard,4,0,Splinter Twin,LoveConnection,324 tix,"$ 1,192",242042,2014-08-04,Modern Daily #7332891,modern,modern-daily-7332891,modern-daily-7332891-2014-08-04
31,1,Relic of Progenitus,,Sideboard,4,0,Splinter Twin,LoveConnection,324 tix,"$ 1,192",242042,2014-08-04,Modern Daily #7332891,modern,modern-daily-7332891,modern-daily-7332891-2014-08-04
32,2,Ancient Grudge,,Sideboard,4,0,Splinter Twin,LoveConnection,324 tix,"$ 1,192",242042,2014-08-04,Modern Daily #7332891,modern,modern-daily-7332891,modern-daily-7332891-2014-08-04
33,1,Negate,,Sideboard,4,0,Splinter Twin,LoveConnection,324 tix,"$ 1,192",242042,2014-08-04,Modern Daily #7332891,modern,modern-daily-7332891,modern-daily-7332891-2014-08-04
34,1,Spellskite,,Sideboard,4,0,Splinter Twin,LoveConnection,324 tix,"$ 1,192",242042,2014-08-04,Modern Daily #7332891,modern,modern-daily-7332891,modern-daily-7332891-2014-08-04
35,1,Spreading Seas,,Sideboard,4,0,Splinter Twin,LoveConnection,324 tix,"$ 1,192",242042,2014-08-04,Modern Daily #7332891,modern,modern-daily-7332891,modern-daily-7332891-2014-08-04
36,2,Blood Moon,,Sideboard,4,0,Splinter Twin,LoveConnection,324 tix,"$ 1,192",242042,2014-08-04,Modern Daily #7332891,modern,modern-daily-7332891,modern-daily-7332891-2014-08-04
37,2,Talrand's Invocation,,Sideboard,4,0,Splinter Twin,LoveConnection,324 tix,"$ 1,192",242042,2014-08-04,Modern Daily #7332891,modern,modern-daily-7332891,modern-daily-7332891-2014-08-04
38,1,Batterskull,,Sideboard,4,0,Splinter Twin,LoveConnection,324 tix,"$ 1,192",242042,2014-08-04,Modern Daily #7332891,modern,modern-daily-7332891,modern-daily-7332891-2014-08-04
39,1,"Keranos, God of Storms",,Sideboard,4,0,Splinter Twin,LoveConnection,324 tix,"$ 1,192",242042,2014-08-04,Modern Daily #7332891,modern,modern-daily-7332891,modern-daily-7332891-2014-08-04
1,3,Memnite,,Creatures,3,1,Affinity,Aaroxz,399 tix,$ 969,242047,2014-08-04,Modern Daily #7332891,modern,modern-daily-7332891,modern-daily-7332891-2014-08-04
2,4,Ornithopter,,Creatures,3,1,Affinity,Aaroxz,399 tix,$ 969,242047,2014-08-04,Modern Daily #7332891,modern,modern-daily-7332891,modern-daily-7332891-2014-08-04
3,4,Signal Pest,,Creatures,3,1,Affinity,Aaroxz,399 tix,$ 969,242047,2014-08-04,Modern Daily #7332891,modern,modern-daily-7332891,modern-daily-7332891-2014-08-04
4,4,Arcbound Ravager,,Creatures,3,1,Affinity,Aaroxz,399 tix,$ 969,242047,2014-08-04,Modern Daily #7332891,modern,modern-daily-7332891,modern-daily-7332891-2014-08-04
5,4,Steel Overseer,,Creatures,3,1,Affinity,Aaroxz,399 tix,$ 969,242047,2014-08-04,Modern Daily #7332891,modern,modern-daily-7332891,modern-daily-7332891-2014-08-04
6,4,Vault Skirge,,Creatures,3,1,Affinity,Aaroxz,399 tix,$ 969,242047,2014-08-04,Modern Daily #7332891,modern,modern-daily-7332891,modern-daily-7332891-2014-08-04
7,2,Etched Champion,,Creatures,3,1,Affinity,Aaroxz,399 tix,$ 969,242047,2014-08-04,Modern Daily #7332891,modern,modern-daily-7332891,modern-daily-7332891-2014-08-04
8,2,Master of Etherium,,Creatures,3,1,Affinity,Aaroxz,399 tix,$ 969,242047,2014-08-04,Modern Daily #7332891,modern,modern-daily-7332891,modern-daily-7332891-2014-08-04
10,2,Galvanic Blast,,Spells,3,1,Affinity,Aaroxz,399 tix,$ 969,242047,2014-08-04,Modern Daily #7332891,modern,modern-daily-7332891,modern-daily-7332891-2014-08-04
11,2,Thoughtcast,,Spells,3,1,Affinity,Aaroxz,399 tix,$ 969,242047,2014-08-04,Modern Daily #7332891,modern,modern-daily-7332891,modern-daily-7332891-2014-08-04
13,4,Mox Opal,,Artifacts,3,1,Affinity,Aaroxz,399 tix,$ 969,242047,2014-08-04,Modern Daily #7332891,modern,modern-daily-7332891,modern-daily-7332891-2014-08-04
14,4,Springleaf Drum,,Artifacts,3,1,Affinity,Aaroxz,399 tix,$ 969,242047,2014-08-04,Modern Daily #7332891,modern,modern-daily-7332891,modern-daily-7332891-2014-08-04
15,4,Cranial Plating,,Artifacts,3,1,Affinity,Aaroxz,399 tix,$ 969,242047,2014-08-04,Modern Daily #7332891,modern,modern-daily-7332891,modern-daily-7332891-2014-08-04
17,4,Blinkmoth Nexus,,Lands,3,1,Affinity,Aaroxz,399 tix,$ 969,242047,2014-08-04,Modern Daily #7332891,modern,modern-daily-7332891,modern-daily-7332891-2014-08-04
18,4,Darksteel Citadel,,Lands,3,1,Affinity,Aaroxz,399 tix,$ 969,242047,2014-08-04,Modern Daily #7332891,modern,modern-daily-7332891,modern-daily-7332891-2014-08-04
19,4,Glimmervoid,,Lands,3,1,Affinity,Aaroxz,399 tix,$ 969,242047,2014-08-04,Modern Daily #7332891,modern,modern-daily-7332891,modern-daily-7332891-2014-08-04
20,4,Inkmoth Nexus,,Lands,3,1,Affinity,Aaroxz,399 tix,$ 969,242047,2014-08-04,Modern Daily #7332891,modern,modern-daily-7332891,modern-daily-7332891-2014-08-04
21,1,Island,,Lands,3,1,Affinity,Aaroxz,399 tix,$ 969,242047,2014-08-04,Modern Daily #7332891,modern,modern-daily-7332891,modern-daily-7332891-2014-08-04
23,1,Tormod's Crypt,,Sideboard,3,1,Affinity,Aaroxz,399 tix,$ 969,242047,2014-08-04,Modern Daily #7332891,modern,modern-daily-7332891,modern-daily-7332891-2014-08-04
24,1,Grafdigger's Cage,,Sideboard,3,1,Affinity,Aaroxz,399 tix,$ 969,242047,2014-08-04,Modern Daily #7332891,modern,modern-daily-7332891,modern-daily-7332891-2014-08-04
25,3,Thoughtseize,,Sideboard,3,1,Affinity,Aaroxz,399 tix,$ 969,242047,2014-08-04,Modern Daily #7332891,modern,modern-daily-7332891,modern-daily-7332891-2014-08-04
26,2,Ancient Grudge,,Sideboard,3,1,Affinity,Aaroxz,399 tix,$ 969,242047,2014-08-04,Modern Daily #7332891,modern,modern-daily-7332891,modern-daily-7332891-2014-08-04
27,2,Spellskite,,Sideboard,3,1,Affinity,Aaroxz,399 tix,$ 969,242047,2014-08-04,Modern Daily #7332891,modern,modern-daily-7332891,modern-daily-7332891-2014-08-04
28,1,Whipflare,,Sideboard,3,1,Affinity,Aaroxz,399 tix,$ 969,242047,2014-08-04,Modern Daily #7332891,modern,modern-daily-7332891,modern-daily-7332891-2014-08-04
29,1,Blood Moon,,Sideboard,3,1,Affinity,Aaroxz,399 tix,$ 969,242047,2014-08-04,Modern Daily #7332891,modern,modern-daily-7332891,modern-daily-7332891-2014-08-04
30,1,Dismember,,Sideboard,3,1,Affinity,Aaroxz,399 tix,$ 969,242047,2014-08-04,Modern Daily #7332891,modern,modern-daily-7332891,modern-daily-7332891-2014-08-04
31,2,Etched Champion,,Sideboard,3,1,Affinity,Aaroxz,399 tix,$ 969,242047,2014-08-04,Modern Daily #7332891,modern,modern-daily-7332891,modern-daily-7332891-2014-08-04
32,1,Rule of Law,,Sideboard,3,1,Affinity,Aaroxz,399 tix,$ 969,242047,2014-08-04,Modern Daily #7332891,modern,modern-daily-7332891,modern-daily-7332891-2014-08-04
1,3,Memnite,,Creatures,3,1,Affinity,lotushead666,391 tix,$ 916,242067,2014-08-04,Modern Daily #7332891,modern,modern-daily-7332891,modern-daily-7332891-2014-08-04
2,4,Ornithopter,,Creatures,3,1,Affinity,lotushead666,391 tix,$ 916,242067,2014-08-04,Modern Daily #7332891,modern,modern-daily-7332891,modern-daily-7332891-2014-08-04
3,4,Signal Pest,,Creatures,3,1,Affinity,lotushead666,391 tix,$ 916,242067,2014-08-04,Modern Daily #7332891,modern,modern-daily-7332891,modern-daily-7332891-2014-08-04
4,4,Arcbound Ravager,,Creatures,3,1,Affinity,lotushead666,391 tix,$ 916,242067,2014-08-04,Modern Daily #7332891,modern,modern-daily-7332891,modern-daily-7332891-2014-08-04
5,3,Steel Overseer,,Creatures,3,1,Affinity,lotushead666,391 tix,$ 916,242067,2014-08-04,Modern Daily #7332891,modern,modern-daily-7332891,modern-daily-7332891-2014-08-04
6,4,Vault Skirge,,Creatures,3,1,Affinity,lotushead666,391 tix,$ 916,242067,2014-08-04,Modern Daily #7332891,modern,modern-daily-7332891,modern-daily-7332891-2014-08-04
7,2,Etched Champion,,Creatures,3,1,Affinity,lotushead666,391 tix,$ 916,242067,2014-08-04,Modern Daily #7332891,modern,modern-daily-7332891,modern-daily-7332891-2014-08-04
8,2,Master of Etherium,,Creatures,3,1,Affinity,lotushead666,391 tix,$ 916,242067,2014-08-04,Modern Daily #7332891,modern,modern-daily-7332891,modern-daily-7332891-2014-08-04
10,3,Galvanic Blast,,Spells,3,1,Affinity,lotushead666,391 tix,$ 916,242067,2014-08-04,Modern Daily #7332891,modern,modern-daily-7332891,modern-daily-7332891-2014-08-04
11,3,Thoughtcast,,Spells,3,1,Affinity,lotushead666,391 tix,$ 916,242067,2014-08-04,Modern Daily #7332891,modern,modern-daily-7332891,modern-daily-7332891-2014-08-04
13,4,Mox Opal,,Artifacts,3,1,Affinity,lotushead666,391 tix,$ 916,242067,2014-08-04,Modern Daily #7332891,modern,modern-daily-7332891,modern-daily-7332891-2014-08-04
14,4,Springleaf Drum,,Artifacts,3,1,Affinity,lotushead666,391 tix,$ 916,242067,2014-08-04,Modern Daily #7332891,modern,modern-daily-7332891,modern-daily-7332891-2014-08-04
15,4,Cranial Plating,,Artifacts,3,1,Affinity,lotushead666,391 tix,$ 916,242067,2014-08-04,Modern Daily #7332891,modern,modern-daily-7332891,modern-daily-7332891-2014-08-04
17,4,Blinkmoth Nexus,,Lands,3,1,Affinity,lotushead666,391 tix,$ 916,242067,2014-08-04,Modern Daily #7332891,modern,modern-daily-7332891,modern-daily-7332891-2014-08-04
18,4,Darksteel Citadel,,Lands,3,1,Affinity,lotushead666,391 tix,$ 916,242067,2014-08-04,Modern Daily #7332891,modern,modern-daily-7332891,modern-daily-7332891-2014-08-04
19,3,Glimmervoid,,Lands,3,1,Affinity,lotushead666,391 tix,$ 916,242067,2014-08-04,Modern Daily #7332891,modern,modern-daily-7332891,modern-daily-7332891-2014-08-04
20,4,Inkmoth Nexus,,Lands,3,1,Affinity,lotushead666,391 tix,$ 916,242067,2014-08-04,Modern Daily #7332891,modern,modern-daily-7332891,modern-daily-7332891-2014-08-04
21,1,Island,,Lands,3,1,Affinity,lotushead666,391 tix,$ 916,242067,2014-08-04,Modern Daily #7332891,modern,modern-daily-7332891,modern-daily-7332891-2014-08-04
23,1,Grafdigger's Cage,,Sideboard,3,1,Affinity,lotushead666,391 tix,$ 916,242067,2014-08-04,Modern Daily #7332891,modern,modern-daily-7332891,modern-daily-7332891-2014-08-04
24,1,Illness in the Ranks,,Sideboard,3,1,Affinity,lotushead666,391 tix,$ 916,242067,2014-08-04,Modern Daily #7332891,modern,modern-daily-7332891,modern-daily-7332891-2014-08-04
25,1,Spell Pierce,,Sideboard,3,1,Affinity,lotushead666,391 tix,$ 916,242067,2014-08-04,Modern Daily #7332891,modern,modern-daily-7332891,modern-daily-7332891-2014-08-04
26,2,Thoughtseize,,Sideboard,3,1,Affinity,lotushead666,391 tix,$ 916,242067,2014-08-04,Modern Daily #7332891,modern,modern-daily-7332891,modern-daily-7332891-2014-08-04
27,3,Ancient Grudge,,Sideboard,3,1,Affinity,lotushead666,391 tix,$ 916,242067,2014-08-04,Modern Daily #7332891,modern,modern-daily-7332891,modern-daily-7332891-2014-08-04
28,2,Spellskite,,Sideboard,3,1,Affinity,lotushead666,391 tix,$ 916,242067,2014-08-04,Modern Daily #7332891,modern,modern-daily-7332891,modern-daily-7332891-2014-08-04
29,1,Whipflare,,Sideboard,3,1,Affinity,lotushead666,391 tix,$ 916,242067,2014-08-04,Modern Daily #7332891,modern,modern-daily-7332891,modern-daily-7332891-2014-08-04
30,1,Blood Moon,,Sideboard,3,1,Affinity,lotushead666,391 tix,$ 916,242067,2014-08-04,Modern Daily #7332891,modern,modern-daily-7332891,modern-daily-7332891-2014-08-04
31,1,Dismember,,Sideboard,3,1,Affinity,lotushead666,391 tix,$ 916,242067,2014-08-04,Modern Daily #7332891,modern,modern-daily-7332891,modern-daily-7332891-2014-08-04
32,1,Etched Champion,,Sideboard,3,1,Affinity,lotushead666,391 tix,$ 916,242067,2014-08-04,Modern Daily #7332891,modern,modern-daily-7332891,modern-daily-7332891-2014-08-04
33,1,Rule of Law,,Sideboard,3,1,Affinity,lotushead666,391 tix,$ 916,242067,2014-08-04,Modern Daily #7332891,modern,modern-daily-7332891,modern-daily-7332891-2014-08-04
1,4,Snapcaster Mage,,Creatures,3,1,American Tempo,Androod,263 tix,"$ 1,098",242045,2014-08-04,Modern Daily #7332891,modern,modern-daily-7332891,modern-daily-7332891-2014-08-04
2,3,"Brimaz, King of Oreskos",,Creatures,3,1,American Tempo,Androod,263 tix,"$ 1,098",242045,2014-08-04,Modern Daily #7332891,modern,modern-daily-7332891,modern-daily-7332891-2014-08-04
3,2,Vendilion Clique,,Creatures,3,1,American Tempo,Androod,263 tix,"$ 1,098",242045,2014-08-04,Modern Daily #7332891,modern,modern-daily-7332891,modern-daily-7332891-2014-08-04
4,1,"Keranos, God of Storms",,Creatures,3,1,American Tempo,Androod,263 tix,"$ 1,098",242045,2014-08-04,Modern Daily #7332891,modern,modern-daily-7332891,modern-daily-7332891-2014-08-04
5,2,Stormbreath Dragon,,Creatures,3,1,American Tempo,Androod,263 tix,"$ 1,098",242045,2014-08-04,Modern Daily #7332891,modern,modern-daily-7332891,modern-daily-7332891-2014-08-04
7,1,Burst Lightning,,Spells,3,1,American Tempo,Androod,263 tix,"$ 1,098",242045,2014-08-04,Modern Daily #7332891,modern,modern-daily-7332891,modern-daily-7332891-2014-08-04
8,4,Lightning Bolt,,Spells,3,1,American Tempo,Androod,263 tix,"$ 1,098",242045,2014-08-04,Modern Daily #7332891,modern,modern-daily-7332891,modern-daily-7332891-2014-08-04
9,3,Path to Exile,,Spells,3,1,American Tempo,Androod,263 tix,"$ 1,098",242045,2014-08-04,Modern Daily #7332891,modern,modern-daily-7332891,modern-daily-7332891-2014-08-04
10,2,Spell Snare,,Spells,3,1,American Tempo,Androod,263 tix,"$ 1,098",242045,2014-08-04,Modern Daily #7332891,modern,modern-daily-7332891,modern-daily-7332891-2014-08-04
11,3,Izzet Charm,,Spells,3,1,American Tempo,Androod,263 tix,"$ 1,098",242045,2014-08-04,Modern Daily #7332891,modern,modern-daily-7332891,modern-daily-7332891-2014-08-04
12,3,Lightning Helix,,Spells,3,1,American Tempo,Androod,263 tix,"$ 1,098",242045,2014-08-04,Modern Daily #7332891,modern,modern-daily-7332891,modern-daily-7332891-2014-08-04
13,2,Negate,,Spells,3,1,American Tempo,Androod,263 tix,"$ 1,098",242045,2014-08-04,Modern Daily #7332891,modern,modern-daily-7332891,modern-daily-7332891-2014-08-04
14,1,Anger of the Gods,,Spells,3,1,American Tempo,Androod,263 tix,"$ 1,098",242045,2014-08-04,Modern Daily #7332891,modern,modern-daily-7332891,modern-daily-7332891-2014-08-04
15,1,Electrolyze,,Spells,3,1,American Tempo,Androod,263 tix,"$ 1,098",242045,2014-08-04,Modern Daily #7332891,modern,modern-daily-7332891,modern-daily-7332891-2014-08-04
17,2,Relic of Progenitus,,Artifacts,3,1,American Tempo,Androod,263 tix,"$ 1,098",242045,2014-08-04,Modern Daily #7332891,modern,modern-daily-7332891,modern-daily-7332891-2014-08-04
18,1,Batterskull,,Artifacts,3,1,American Tempo,Androod,263 tix,"$ 1,098",242045,2014-08-04,Modern Daily #7332891,modern,modern-daily-7332891,modern-daily-7332891-2014-08-04
20,4,Arid Mesa,,Lands,3,1,American Tempo,Androod,263 tix,"$ 1,098",242045,2014-08-04,Modern Daily #7332891,modern,modern-daily-7332891,modern-daily-7332891-2014-08-04
21,3,Celestial Colonnade,,Lands,3,1,American Tempo,Androod,263 tix,"$ 1,098",242045,2014-08-04,Modern Daily #7332891,modern,modern-daily-7332891,modern-daily-7332891-2014-08-04
22,1,Glacial Fortress,,Lands,3,1,American Tempo,Androod,263 tix,"$ 1,098",242045,2014-08-04,Modern Daily #7332891,modern,modern-daily-7332891,modern-daily-7332891-2014-08-04
23,1,Hallowed Fountain,,Lands,3,1,American Tempo,Androod,263 tix,"$ 1,098",242045,2014-08-04,Modern Daily #7332891,modern,modern-daily-7332891,modern-daily-7332891-2014-08-04
24,1,Island,,Lands,3,1,American Tempo,Androod,263 tix,"$ 1,098",242045,2014-08-04,Modern Daily #7332891,modern,modern-daily-7332891,modern-daily-7332891-2014-08-04
25,1,Mountain,,Lands,3,1,American Tempo,Androod,263 tix,"$ 1,098",242045,2014-08-04,Modern Daily #7332891,modern,modern-daily-7332891,modern-daily-7332891-2014-08-04
26,2,Plains,,Lands,3,1,American Tempo,Androod,263 tix,"$ 1,098",242045,2014-08-04,Modern Daily #7332891,modern,modern-daily-7332891,modern-daily-7332891-2014-08-04
27,2,Rugged Prairie,,Lands,3,1,American Tempo,Androod,263 tix,"$ 1,098",242045,2014-08-04,Modern Daily #7332891,modern,modern-daily-7332891,modern-daily-7332891-2014-08-04
28,2,Sacred Foundry,,Lands,3,1,American Tempo,Androod,263 tix,"$ 1,098",242045,2014-08-04,Modern Daily #7332891,modern,modern-daily-7332891,modern-daily-7332891-2014-08-04
29,2,Scalding Tarn,,Lands,3,1,American Tempo,Androod,263 tix,"$ 1,098",242045,2014-08-04,Modern Daily #7332891,modern,modern-daily-7332891,modern-daily-7332891-2014-08-04
30,2,Steam Vents,,Lands,3,1,American Tempo,Androod,263 tix,"$ 1,098",242045,2014-08-04,Modern Daily #7332891,modern,modern-daily-7332891,modern-daily-7332891-2014-08-04
31,2,Sulfur Falls,,Lands,3,1,American Tempo,Androod,263 tix,"$ 1,098",242045,2014-08-04,Modern Daily #7332891,modern,modern-daily-7332891,modern-daily-7332891-2014-08-04
32,1,Temple of Enlightenment,,Lands,3,1,American Tempo,Androod,263 tix,"$ 1,098",242045,2014-08-04,Modern Daily #7332891,modern,modern-daily-7332891,modern-daily-7332891-2014-08-04
33,1,Temple of Triumph,,Lands,3,1,American Tempo,Androod,263 tix,"$ 1,098",242045,2014-08-04,Modern Daily #7332891,modern,modern-daily-7332891,modern-daily-7332891-2014-08-04
35,3,Wear & Tear,,Sideboard,3,1,American Tempo,Androod,263 tix,"$ 1,098",242045,2014-08-04,Modern Daily #7332891,modern,modern-daily-7332891,modern-daily-7332891-2014-08-04
36,1,Flashfreeze,,Sideboard,3,1,American Tempo,Androod,263 tix,"$ 1,098",242045,2014-08-04,Modern Daily #7332891,modern,modern-daily-7332891,modern-daily-7332891-2014-08-04
37,1,Negate,,Sideboard,3,1,American Tempo,Androod,263 tix,"$ 1,098",242045,2014-08-04,Modern Daily #7332891,modern,modern-daily-7332891,modern-daily-7332891-2014-08-04
38,2,Spellskite,,Sideboard,3,1,American Tempo,Androod,263 tix,"$ 1,098",242045,2014-08-04,Modern Daily #7332891,modern,modern-daily-7332891,modern-daily-7332891-2014-08-04
39,2,Spreading Seas,,Sideboard,3,1,American Tempo,Androod,263 tix,"$ 1,098",242045,2014-08-04,Modern Daily #7332891,modern,modern-daily-7332891,modern-daily-7332891-2014-08-04
40,1,Anger of the Gods,,Sideboard,3,1,American Tempo,Androod,263 tix,"$ 1,098",242045,2014-08-04,Modern Daily #7332891,modern,modern-daily-7332891,modern-daily-7332891-2014-08-04
41,3,Molten Rain,,Sideboard,3,1,American Tempo,Androod,263 tix,"$ 1,098",242045,2014-08-04,Modern Daily #7332891,modern,modern-daily-7332891,modern-daily-7332891-2014-08-04
42,2,Supreme Verdict,,Sideboard,3,1,American Tempo,Androod,263 tix,"$ 1,098",242045,2014-08-04,Modern Daily #7332891,modern,modern-daily-7332891,modern-daily-7332891-2014-08-04
1,4,Snapcaster Mage,,Creatures,3,1,Azorius Flash,_Nukesaku_,306 tix,"$ 1,144",242060,2014-08-04,Modern Daily #7332891,modern,modern-daily-7332891,modern-daily-7332891-2014-08-04
2,2,Wall of Omens,,Creatures,3,1,Azorius Flash,_Nukesaku_,306 tix,"$ 1,144",242060,2014-08-04,Modern Daily #7332891,modern,modern-daily-7332891,modern-daily-7332891-2014-08-04
3,4,Geist of Saint Traft,,Creatures,3,1,Azorius Flash,_Nukesaku_,306 tix,"$ 1,144",242060,2014-08-04,Modern Daily #7332891,modern,modern-daily-7332891,modern-daily-7332891-2014-08-04
4,2,Kitchen Finks,,Creatures,3,1,Azorius Flash,_Nukesaku_,306 tix,"$ 1,144",242060,2014-08-04,Modern Daily #7332891,modern,modern-daily-7332891,modern-daily-7332891-2014-08-04
5,2,Vendilion Clique,,Creatures,3,1,Azorius Flash,_Nukesaku_,306 tix,"$ 1,144",242060,2014-08-04,Modern Daily #7332891,modern,modern-daily-7332891,modern-daily-7332891-2014-08-04
6,4,Restoration Angel,,Creatures,3,1,Azorius Flash,_Nukesaku_,306 tix,"$ 1,144",242060,2014-08-04,Modern Daily #7332891,modern,modern-daily-7332891,modern-daily-7332891-2014-08-04
8,4,Path to Exile,,Spells,3,1,Azorius Flash,_Nukesaku_,306 tix,"$ 1,144",242060,2014-08-04,Modern Daily #7332891,modern,modern-daily-7332891,modern-daily-7332891-2014-08-04
9,4,Spell Snare,,Spells,3,1,Azorius Flash,_Nukesaku_,306 tix,"$ 1,144",242060,2014-08-04,Modern Daily #7332891,modern,modern-daily-7332891,modern-daily-7332891-2014-08-04
10,4,Mana Leak,,Spells,3,1,Azorius Flash,_Nukesaku_,306 tix,"$ 1,144",242060,2014-08-04,Modern Daily #7332891,modern,modern-daily-7332891,modern-daily-7332891-2014-08-04
11,2,Dismember,,Spells,3,1,Azorius Flash,_Nukesaku_,306 tix,"$ 1,144",242060,2014-08-04,Modern Daily #7332891,modern,modern-daily-7332891,modern-daily-7332891-2014-08-04
12,3,Cryptic Command,,Spells,3,1,Azorius Flash,_Nukesaku_,306 tix,"$ 1,144",242060,2014-08-04,Modern Daily #7332891,modern,modern-daily-7332891,modern-daily-7332891-2014-08-04
14,1,Arid Mesa,,Lands,3,1,Azorius Flash,_Nukesaku_,306 tix,"$ 1,144",242060,2014-08-04,Modern Daily #7332891,modern,modern-daily-7332891,modern-daily-7332891-2014-08-04
15,4,Celestial Colonnade,,Lands,3,1,Azorius Flash,_Nukesaku_,306 tix,"$ 1,144",242060,2014-08-04,Modern Daily #7332891,modern,modern-daily-7332891,modern-daily-7332891-2014-08-04
16,1,Eiganjo Castle,,Lands,3,1,Azorius Flash,_Nukesaku_,306 tix,"$ 1,144",242060,2014-08-04,Modern Daily #7332891,modern,modern-daily-7332891,modern-daily-7332891-2014-08-04
17,3,Hallowed Fountain,,Lands,3,1,Azorius Flash,_Nukesaku_,306 tix,"$ 1,144",242060,2014-08-04,Modern Daily #7332891,modern,modern-daily-7332891,modern-daily-7332891-2014-08-04
18,4,Island,,Lands,3,1,Azorius Flash,_Nukesaku_,306 tix,"$ 1,144",242060,2014-08-04,Modern Daily #7332891,modern,modern-daily-7332891,modern-daily-7332891-2014-08-04
19,1,Mystic Gate,,Lands,3,1,Azorius Flash,_Nukesaku_,306 tix,"$ 1,144",242060,2014-08-04,Modern Daily #7332891,modern,modern-daily-7332891,modern-daily-7332891-2014-08-04
20,1,Plains,,Lands,3,1,Azorius Flash,_Nukesaku_,306 tix,"$ 1,144",242060,2014-08-04,Modern Daily #7332891,modern,modern-daily-7332891,modern-daily-7332891-2014-08-04
21,2,Scalding Tarn,,Lands,3,1,Azorius Flash,_Nukesaku_,306 tix,"$ 1,144",242060,2014-08-04,Modern Daily #7332891,modern,modern-daily-7332891,modern-daily-7332891-2014-08-04
22,4,Seachrome Coast,,Lands,3,1,Azorius Flash,_Nukesaku_,306 tix,"$ 1,144",242060,2014-08-04,Modern Daily #7332891,modern,modern-daily-7332891,modern-daily-7332891-2014-08-04
23,4,Tectonic Edge,,Lands,3,1,Azorius Flash,_Nukesaku_,306 tix,"$ 1,144",242060,2014-08-04,Modern Daily #7332891,modern,modern-daily-7332891,modern-daily-7332891-2014-08-04
25,1,Annul,,Sideboard,3,1,Azorius Flash,_Nukesaku_,306 tix,"$ 1,144",242060,2014-08-04,Modern Daily #7332891,modern,modern-daily-7332891,modern-daily-7332891-2014-08-04
26,2,Spell Pierce,,Sideboard,3,1,Azorius Flash,_Nukesaku_,306 tix,"$ 1,144",242060,2014-08-04,Modern Daily #7332891,modern,modern-daily-7332891,modern-daily-7332891-2014-08-04
27,1,Celestial Purge,,Sideboard,3,1,Azorius Flash,_Nukesaku_,306 tix,"$ 1,144",242060,2014-08-04,Modern Daily #7332891,modern,modern-daily-7332891,modern-daily-7332891-2014-08-04
28,1,Disenchant,,Sideboard,3,1,Azorius Flash,_Nukesaku_,306 tix,"$ 1,144",242060,2014-08-04,Modern Daily #7332891,modern,modern-daily-7332891,modern-daily-7332891-2014-08-04
29,2,Stony Silence,,Sideboard,3,1,Azorius Flash,_Nukesaku_,306 tix,"$ 1,144",242060,2014-08-04,Modern Daily #7332891,modern,modern-daily-7332891,modern-daily-7332891-2014-08-04
30,2,Aven Mindcensor,,Sideboard,3,1,Azorius Flash,_Nukesaku_,306 tix,"$ 1,144",242060,2014-08-04,Modern Daily #7332891,modern,modern-daily-7332891,modern-daily-7332891-2014-08-04
31,2,Sower of Temptation,,Sideboard,3,1,Azorius Flash,_Nukesaku_,306 tix,"$ 1,144",242060,2014-08-04,Modern Daily #7332891,modern,modern-daily-7332891,modern-daily-7332891-2014-08-04
32,2,Supreme Verdict,,Sideboard,3,1,Azorius Flash,_Nukesaku_,306 tix,"$ 1,144",242060,2014-08-04,Modern Daily #7332891,modern,modern-daily-7332891,modern-daily-7332891-2014-08-04
33,1,Wrath of God,,Sideboard,3,1,Azorius Flash,_Nukesaku_,306 tix,"$ 1,144",242060,2014-08-04,Modern Daily #7332891,modern,modern-daily-7332891,modern-daily-7332891-2014-08-04
34,1,Batterskull,,Sideboard,3,1,Azorius Flash,_Nukesaku_,306 tix,"$ 1,144",242060,2014-08-04,Modern Daily #7332891,modern,modern-daily-7332891,modern-daily-7332891-2014-08-04
1,4,Snapcaster Mage,,Creatures,3,1,Blue Moon,osmanozguney,528 tix,"$ 1,760",242046,2014-08-04,Modern Daily #7332891,modern,modern-daily-7332891,modern-daily-7332891-2014-08-04
2,4,Tarmogoyf,,Creatures,3,1,Blue Moon,osmanozguney,528 tix,"$ 1,760",242046,2014-08-04,Modern Daily #7332891,modern,modern-daily-7332891,modern-daily-7332891-2014-08-04
3,2,Vendilion Clique,,Creatures,3,1,Blue Moon,osmanozguney,528 tix,"$ 1,760",242046,2014-08-04,Modern Daily #7332891,modern,modern-daily-7332891,modern-daily-7332891-2014-08-04
4,2,Huntmaster of the Fells,,Creatures,3,1,Blue Moon,osmanozguney,528 tix,"$ 1,760",242046,2014-08-04,Modern Daily #7332891,modern,modern-daily-7332891,modern-daily-7332891-2014-08-04
6,2,"Jace, Architect of Thought",,Planeswalkers,3,1,Blue Moon,osmanozguney,528 tix,"$ 1,760",242046,2014-08-04,Modern Daily #7332891,modern,modern-daily-7332891,modern-daily-7332891-2014-08-04
8,4,Lightning Bolt,,Spells,3,1,Blue Moon,osmanozguney,528 tix,"$ 1,760",242046,2014-08-04,Modern Daily #7332891,modern,modern-daily-7332891,modern-daily-7332891-2014-08-04
9,4,Serum Visions,,Spells,3,1,Blue Moon,osmanozguney,528 tix,"$ 1,760",242046,2014-08-04,Modern Daily #7332891,modern,modern-daily-7332891,modern-daily-7332891-2014-08-04
10,3,Spell Snare,,Spells,3,1,Blue Moon,osmanozguney,528 tix,"$ 1,760",242046,2014-08-04,Modern Daily #7332891,modern,modern-daily-7332891,modern-daily-7332891-2014-08-04
11,2,Vapor Snag,,Spells,3,1,Blue Moon,osmanozguney,528 tix,"$ 1,760",242046,2014-08-04,Modern Daily #7332891,modern,modern-daily-7332891,modern-daily-7332891-2014-08-04
12,3,Mana Leak,,Spells,3,1,Blue Moon,osmanozguney,528 tix,"$ 1,760",242046,2014-08-04,Modern Daily #7332891,modern,modern-daily-7332891,modern-daily-7332891-2014-08-04
13,2,Remand,,Spells,3,1,Blue Moon,osmanozguney,528 tix,"$ 1,760",242046,2014-08-04,Modern Daily #7332891,modern,modern-daily-7332891,modern-daily-7332891-2014-08-04
14,2,Cryptic Command,,Spells,3,1,Blue Moon,osmanozguney,528 tix,"$ 1,760",242046,2014-08-04,Modern Daily #7332891,modern,modern-daily-7332891,modern-daily-7332891-2014-08-04
16,2,Vedalken Shackles,,Artifacts,3,1,Blue Moon,osmanozguney,528 tix,"$ 1,760",242046,2014-08-04,Modern Daily #7332891,modern,modern-daily-7332891,modern-daily-7332891-2014-08-04
18,2,Blood Moon,,Enchantments,3,1,Blue Moon,osmanozguney,528 tix,"$ 1,760",242046,2014-08-04,Modern Daily #7332891,modern,modern-daily-7332891,modern-daily-7332891-2014-08-04
20,2,Breeding Pool,,Lands,3,1,Blue Moon,osmanozguney,528 tix,"$ 1,760",242046,2014-08-04,Modern Daily #7332891,modern,modern-daily-7332891,modern-daily-7332891-2014-08-04
21,1,Forest,,Lands,3,1,Blue Moon,osmanozguney,528 tix,"$ 1,760",242046,2014-08-04,Modern Daily #7332891,modern,modern-daily-7332891,modern-daily-7332891-2014-08-04
22,7,Island,,Lands,3,1,Blue Moon,osmanozguney,528 tix,"$ 1,760",242046,2014-08-04,Modern Daily #7332891,modern,modern-daily-7332891,modern-daily-7332891-2014-08-04
23,4,Misty Rainforest,,Lands,3,1,Blue Moon,osmanozguney,528 tix,"$ 1,760",242046,2014-08-04,Modern Daily #7332891,modern,modern-daily-7332891,modern-daily-7332891-2014-08-04
24,1,Mountain,,Lands,3,1,Blue Moon,osmanozguney,528 tix,"$ 1,760",242046,2014-08-04,Modern Daily #7332891,modern,modern-daily-7332891,modern-daily-7332891-2014-08-04
25,4,Scalding Tarn,,Lands,3,1,Blue Moon,osmanozguney,528 tix,"$ 1,760",242046,2014-08-04,Modern Daily #7332891,modern,modern-daily-7332891,modern-daily-7332891-2014-08-04
26,2,Steam Vents,,Lands,3,1,Blue Moon,osmanozguney,528 tix,"$ 1,760",242046,2014-08-04,Modern Daily #7332891,modern,modern-daily-7332891,modern-daily-7332891-2014-08-04
27,1,Stomping Ground,,Lands,3,1,Blue Moon,osmanozguney,528 tix,"$ 1,760",242046,2014-08-04,Modern Daily #7332891,modern,modern-daily-7332891,modern-daily-7332891-2014-08-04
29,3,Engineered Explosives,,Sideboard,3,1,Blue Moon,osmanozguney,528 tix,"$ 1,760",242046,2014-08-04,Modern Daily #7332891,modern,modern-daily-7332891,modern-daily-7332891-2014-08-04
30,2,Relic of Progenitus,,Sideboard,3,1,Blue Moon,osmanozguney,528 tix,"$ 1,760",242046,2014-08-04,Modern Daily #7332891,modern,modern-daily-7332891,modern-daily-7332891-2014-08-04
31,2,Ancient Grudge,,Sideboard,3,1,Blue Moon,osmanozguney,528 tix,"$ 1,760",242046,2014-08-04,Modern Daily #7332891,modern,modern-daily-7332891,modern-daily-7332891-2014-08-04
32,2,Negate,,Sideboard,3,1,Blue Moon,osmanozguney,528 tix,"$ 1,760",242046,2014-08-04,Modern Daily #7332891,modern,modern-daily-7332891,modern-daily-7332891-2014-08-04
33,1,Blood Moon,,Sideboard,3,1,Blue Moon,osmanozguney,528 tix,"$ 1,760",242046,2014-08-04,Modern Daily #7332891,modern,modern-daily-7332891,modern-daily-7332891-2014-08-04
34,1,Vedalken Shackles,,Sideboard,3,1,Blue Moon,osmanozguney,528 tix,"$ 1,760",242046,2014-08-04,Modern Daily #7332891,modern,modern-daily-7332891,modern-daily-7332891-2014-08-04
35,2,Glen Elendra Archmage,,Sideboard,3,1,Blue Moon,osmanozguney,528 tix,"$ 1,760",242046,2014-08-04,Modern Daily #7332891,modern,modern-daily-7332891,modern-daily-7332891-2014-08-04
36,2,Obstinate Baloth,,Sideboard,3,1,Blue Moon,osmanozguney,528 tix,"$ 1,760",242046,2014-08-04,Modern Daily #7332891,modern,modern-daily-7332891,modern-daily-7332891-2014-08-04
1,1,Dryad Arbor,,Creatures,3,1,Bogles,Cadaz,337 tix,$ 848,242052,2014-08-04,Modern Daily #7332891,modern,modern-daily-7332891,modern-daily-7332891-2014-08-04
2,4,Gladecover Scout,,Creatures,3,1,Bogles,Cadaz,337 tix,$ 848,242052,2014-08-04,Modern Daily #7332891,modern,modern-daily-7332891,modern-daily-7332891-2014-08-04
3,4,Slippery Bogle,,Creatures,3,1,Bogles,Cadaz,337 tix,$ 848,242052,2014-08-04,Modern Daily #7332891,modern,modern-daily-7332891,modern-daily-7332891-2014-08-04
4,3,Kor Spiritdancer,,Creatures,3,1,Bogles,Cadaz,337 tix,$ 848,242052,2014-08-04,Modern Daily #7332891,modern,modern-daily-7332891,modern-daily-7332891-2014-08-04
5,2,Silhana Ledgewalker,,Creatures,3,1,Bogles,Cadaz,337 tix,$ 848,242052,2014-08-04,Modern Daily #7332891,modern,modern-daily-7332891,modern-daily-7332891-2014-08-04
7,2,Path to Exile,,Spells,3,1,Bogles,Cadaz,337 tix,$ 848,242052,2014-08-04,Modern Daily #7332891,modern,modern-daily-7332891,modern-daily-7332891-2014-08-04
9,4,Ethereal Armor,,Enchantments,3,1,Bogles,Cadaz,337 tix,$ 848,242052,2014-08-04,Modern Daily #7332891,modern,modern-daily-7332891,modern-daily-7332891-2014-08-04
10,4,Hyena Umbra,,Enchantments,3,1,Bogles,Cadaz,337 tix,$ 848,242052,2014-08-04,Modern Daily #7332891,modern,modern-daily-7332891,modern-daily-7332891-2014-08-04
11,4,Rancor,,Enchantments,3,1,Bogles,Cadaz,337 tix,$ 848,242052,2014-08-04,Modern Daily #7332891,modern,modern-daily-7332891,modern-daily-7332891-2014-08-04
12,4,Spider Umbra,,Enchantments,3,1,Bogles,Cadaz,337 tix,$ 848,242052,2014-08-04,Modern Daily #7332891,modern,modern-daily-7332891,modern-daily-7332891-2014-08-04
13,1,Spirit Link,,Enchantments,3,1,Bogles,Cadaz,337 tix,$ 848,242052,2014-08-04,Modern Daily #7332891,modern,modern-daily-7332891,modern-daily-7332891-2014-08-04
14,4,Daybreak Coronet,,Enchantments,3,1,Bogles,Cadaz,337 tix,$ 848,242052,2014-08-04,Modern Daily #7332891,modern,modern-daily-7332891,modern-daily-7332891-2014-08-04
15,3,Spirit Mantle,,Enchantments,3,1,Bogles,Cadaz,337 tix,$ 848,242052,2014-08-04,Modern Daily #7332891,modern,modern-daily-7332891,modern-daily-7332891-2014-08-04
16,2,Suppression Field,,Enchantments,3,1,Bogles,Cadaz,337 tix,$ 848,242052,2014-08-04,Modern Daily #7332891,modern,modern-daily-7332891,modern-daily-7332891-2014-08-04
18,3,Brushland,,Lands,3,1,Bogles,Cadaz,337 tix,$ 848,242052,2014-08-04,Modern Daily #7332891,modern,modern-daily-7332891,modern-daily-7332891-2014-08-04
19,4,Horizon Canopy,,Lands,3,1,Bogles,Cadaz,337 tix,$ 848,242052,2014-08-04,Modern Daily #7332891,modern,modern-daily-7332891,modern-daily-7332891-2014-08-04
20,4,Razorverge Thicket,,Lands,3,1,Bogles,Cadaz,337 tix,$ 848,242052,2014-08-04,Modern Daily #7332891,modern,modern-daily-7332891,modern-daily-7332891-2014-08-04
21,4,Temple Garden,,Lands,3,1,Bogles,Cadaz,337 tix,$ 848,242052,2014-08-04,Modern Daily #7332891,modern,modern-daily-7332891,modern-daily-7332891-2014-08-04
22,3,Verdant Catacombs,,Lands,3,1,Bogles,Cadaz,337 tix,$ 848,242052,2014-08-04,Modern Daily #7332891,modern,modern-daily-7332891,modern-daily-7332891-2014-08-04
24,2,Grafdigger's Cage,,Sideboard,3,1,Bogles,Cadaz,337 tix,$ 848,242052,2014-08-04,Modern Daily #7332891,modern,modern-daily-7332891,modern-daily-7332891-2014-08-04
25,1,Path to Exile,,Sideboard,3,1,Bogles,Cadaz,337 tix,$ 848,242052,2014-08-04,Modern Daily #7332891,modern,modern-daily-7332891,modern-daily-7332891-2014-08-04
26,1,Spirit Link,,Sideboard,3,1,Bogles,Cadaz,337 tix,$ 848,242052,2014-08-04,Modern Daily #7332891,modern,modern-daily-7332891,modern-daily-7332891-2014-08-04
27,2,Rest in Peace,,Sideboard,3,1,Bogles,Cadaz,337 tix,$ 848,242052,2014-08-04,Modern Daily #7332891,modern,modern-daily-7332891,modern-daily-7332891-2014-08-04
28,3,Stony Silence,,Sideboard,3,1,Bogles,Cadaz,337 tix,$ 848,242052,2014-08-04,Modern Daily #7332891,modern,modern-daily-7332891,modern-daily-7332891-2014-08-04
29,2,Suppression Field,,Sideboard,3,1,Bogles,Cadaz,337 tix,$ 848,242052,2014-08-04,Modern Daily #7332891,modern,modern-daily-7332891,modern-daily-7332891-2014-08-04
30,4,Leyline of Sanctity,,Sideboard,3,1,Bogles,Cadaz,337 tix,$ 848,242052,2014-08-04,Modern Daily #7332891,modern,modern-daily-7332891,modern-daily-7332891-2014-08-04
1,4,Goblin Guide,,Creatures,3,1,Burn,zbishop,85 tix,$ 231,242049,2014-08-04,Modern Daily #7332891,modern,modern-daily-7332891,modern-daily-7332891-2014-08-04
2,4,Vexing Devil,,Creatures,3,1,Burn,zbishop,85 tix,$ 231,242049,2014-08-04,Modern Daily #7332891,modern,modern-daily-7332891,modern-daily-7332891-2014-08-04
3,4,Eidolon of the Great Revel,,Creatures,3,1,Burn,zbishop,85 tix,$ 231,242049,2014-08-04,Modern Daily #7332891,modern,modern-daily-7332891,modern-daily-7332891-2014-08-04
4,1,Ball Lightning,,Creatures,3,1,Burn,zbishop,85 tix,$ 231,242049,2014-08-04,Modern Daily #7332891,modern,modern-daily-7332891,modern-daily-7332891-2014-08-04
6,4,Lava Spike,,Spells,3,1,Burn,zbishop,85 tix,$ 231,242049,2014-08-04,Modern Daily #7332891,modern,modern-daily-7332891,modern-daily-7332891-2014-08-04
7,4,Lightning Bolt,,Spells,3,1,Burn,zbishop,85 tix,$ 231,242049,2014-08-04,Modern Daily #7332891,modern,modern-daily-7332891,modern-daily-7332891-2014-08-04
8,4,Shard Volley,,Spells,3,1,Burn,zbishop,85 tix,$ 231,242049,2014-08-04,Modern Daily #7332891,modern,modern-daily-7332891,modern-daily-7332891-2014-08-04
9,3,Searing Blaze,,Spells,3,1,Burn,zbishop,85 tix,$ 231,242049,2014-08-04,Modern Daily #7332891,modern,modern-daily-7332891,modern-daily-7332891-2014-08-04
10,4,Skullcrack,,Spells,3,1,Burn,zbishop,85 tix,$ 231,242049,2014-08-04,Modern Daily #7332891,modern,modern-daily-7332891,modern-daily-7332891-2014-08-04
11,4,Flames of the Blood Hand,,Spells,3,1,Burn,zbishop,85 tix,$ 231,242049,2014-08-04,Modern Daily #7332891,modern,modern-daily-7332891,modern-daily-7332891-2014-08-04
12,4,Rift Bolt,,Spells,3,1,Burn,zbishop,85 tix,$ 231,242049,2014-08-04,Modern Daily #7332891,modern,modern-daily-7332891,modern-daily-7332891-2014-08-04
14,20,Mountain,,Lands,3,1,Burn,zbishop,85 tix,$ 231,242049,2014-08-04,Modern Daily #7332891,modern,modern-daily-7332891,modern-daily-7332891-2014-08-04
16,2,Relic of Progenitus,,Sideboard,3,1,Burn,zbishop,85 tix,$ 231,242049,2014-08-04,Modern Daily #7332891,modern,modern-daily-7332891,modern-daily-7332891-2014-08-04
17,4,Combust,,Sideboard,3,1,Burn,zbishop,85 tix,$ 231,242049,2014-08-04,Modern Daily #7332891,modern,modern-daily-7332891,modern-daily-7332891-2014-08-04
18,3,Searing Blood,,Sideboard,3,1,Burn,zbishop,85 tix,$ 231,242049,2014-08-04,Modern Daily #7332891,modern,modern-daily-7332891,modern-daily-7332891-2014-08-04
19,4,Smash to Smithereens,,Sideboard,3,1,Burn,zbishop,85 tix,$ 231,242049,2014-08-04,Modern Daily #7332891,modern,modern-daily-7332891,modern-daily-7332891-2014-08-04
20,2,Molten Rain,,Sideboard,3,1,Burn,zbishop,85 tix,$ 231,242049,2014-08-04,Modern Daily #7332891,modern,modern-daily-7332891,modern-daily-7332891-2014-08-04
1,4,Goblin Guide,,Creatures,3,1,Burn,njs555,31 tix,$ 173,242057,2014-08-04,Modern Daily #7332891,modern,modern-daily-7332891,modern-daily-7332891-2014-08-04
2,4,Spark Elemental,,Creatures,3,1,Burn,njs555,31 tix,$ 173,242057,2014-08-04,Modern Daily #7332891,modern,modern-daily-7332891,modern-daily-7332891-2014-08-04
3,4,Hellspark Elemental,,Creatures,3,1,Burn,njs555,31 tix,$ 173,242057,2014-08-04,Modern Daily #7332891,modern,modern-daily-7332891,modern-daily-7332891-2014-08-04
5,4,Lava Spike,,Spells,3,1,Burn,njs555,31 tix,$ 173,242057,2014-08-04,Modern Daily #7332891,modern,modern-daily-7332891,modern-daily-7332891-2014-08-04
6,4,Lightning Bolt,,Spells,3,1,Burn,njs555,31 tix,$ 173,242057,2014-08-04,Modern Daily #7332891,modern,modern-daily-7332891,modern-daily-7332891-2014-08-04
7,4,Shard Volley,,Spells,3,1,Burn,njs555,31 tix,$ 173,242057,2014-08-04,Modern Daily #7332891,modern,modern-daily-7332891,modern-daily-7332891-2014-08-04
8,4,Searing Blaze,,Spells,3,1,Burn,njs555,31 tix,$ 173,242057,2014-08-04,Modern Daily #7332891,modern,modern-daily-7332891,modern-daily-7332891-2014-08-04
9,4,Skullcrack,,Spells,3,1,Burn,njs555,31 tix,$ 173,242057,2014-08-04,Modern Daily #7332891,modern,modern-daily-7332891,modern-daily-7332891-2014-08-04
10,4,Flames of the Firebrand,,Spells,3,1,Burn,njs555,31 tix,$ 173,242057,2014-08-04,Modern Daily #7332891,modern,modern-daily-7332891,modern-daily-7332891-2014-08-04
11,4,Rift Bolt,,Spells,3,1,Burn,njs555,31 tix,$ 173,242057,2014-08-04,Modern Daily #7332891,modern,modern-daily-7332891,modern-daily-7332891-2014-08-04
13,20,Mountain,,Lands,3,1,Burn,njs555,31 tix,$ 173,242057,2014-08-04,Modern Daily #7332891,modern,modern-daily-7332891,modern-daily-7332891-2014-08-04
15,1,Wear & Tear,,Sideboard,3,1,Burn,njs555,31 tix,$ 173,242057,2014-08-04,Modern Daily #7332891,modern,modern-daily-7332891,modern-daily-7332891-2014-08-04
16,2,Electrickery,,Sideboard,3,1,Burn,njs555,31 tix,$ 173,242057,2014-08-04,Modern Daily #7332891,modern,modern-daily-7332891,modern-daily-7332891-2014-08-04
17,1,Pyrite Spellbomb,,Sideboard,3,1,Burn,njs555,31 tix,$ 173,242057,2014-08-04,Modern Daily #7332891,modern,modern-daily-7332891,modern-daily-7332891-2014-08-04
18,2,Relic of Progenitus,,Sideboard,3,1,Burn,njs555,31 tix,$ 173,242057,2014-08-04,Modern Daily #7332891,modern,modern-daily-7332891,modern-daily-7332891-2014-08-04
19,2,Combust,,Sideboard,3,1,Burn,njs555,31 tix,$ 173,242057,2014-08-04,Modern Daily #7332891,modern,modern-daily-7332891,modern-daily-7332891-2014-08-04
20,2,Ratchet Bomb,,Sideboard,3,1,Burn,njs555,31 tix,$ 173,242057,2014-08-04,Modern Daily #7332891,modern,modern-daily-7332891,modern-daily-7332891-2014-08-04
21,3,Smash to Smithereens,,Sideboard,3,1,Burn,njs555,31 tix,$ 173,242057,2014-08-04,Modern Daily #7332891,modern,modern-daily-7332891,modern-daily-7332891-2014-08-04
22,1,Anger of the Gods,,Sideboard,3,1,Burn,njs555,31 tix,$ 173,242057,2014-08-04,Modern Daily #7332891,modern,modern-daily-7332891,modern-daily-7332891-2014-08-04
23,1,Brimstone Volley,,Sideboard,3,1,Burn,njs555,31 tix,$ 173,242057,2014-08-04,Modern Daily #7332891,modern,modern-daily-7332891,modern-daily-7332891-2014-08-04
1,4,Goblin Guide,,Creatures,3,1,Burn,luissergio82,88 tix,$ 241,242061,2014-08-04,Modern Daily #7332891,modern,modern-daily-7332891,modern-daily-7332891-2014-08-04
2,2,Grim Lavamancer,,Creatures,3,1,Burn,luissergio82,88 tix,$ 241,242061,2014-08-04,Modern Daily #7332891,modern,modern-daily-7332891,modern-daily-7332891-2014-08-04
3,4,Vexing Devil,,Creatures,3,1,Burn,luissergio82,88 tix,$ 241,242061,2014-08-04,Modern Daily #7332891,modern,modern-daily-7332891,modern-daily-7332891-2014-08-04
4,4,Eidolon of the Great Revel,,Creatures,3,1,Burn,luissergio82,88 tix,$ 241,242061,2014-08-04,Modern Daily #7332891,modern,modern-daily-7332891,modern-daily-7332891-2014-08-04
6,4,Lava Spike,,Spells,3,1,Burn,luissergio82,88 tix,$ 241,242061,2014-08-04,Modern Daily #7332891,modern,modern-daily-7332891,modern-daily-7332891-2014-08-04
7,4,Lightning Bolt,,Spells,3,1,Burn,luissergio82,88 tix,$ 241,242061,2014-08-04,Modern Daily #7332891,modern,modern-daily-7332891,modern-daily-7332891-2014-08-04
8,3,Shard Volley,,Spells,3,1,Burn,luissergio82,88 tix,$ 241,242061,2014-08-04,Modern Daily #7332891,modern,modern-daily-7332891,modern-daily-7332891-2014-08-04
9,3,Searing Blaze,,Spells,3,1,Burn,luissergio82,88 tix,$ 241,242061,2014-08-04,Modern Daily #7332891,modern,modern-daily-7332891,modern-daily-7332891-2014-08-04
10,2,Searing Blood,,Spells,3,1,Burn,luissergio82,88 tix,$ 241,242061,2014-08-04,Modern Daily #7332891,modern,modern-daily-7332891,modern-daily-7332891-2014-08-04
11,3,Skullcrack,,Spells,3,1,Burn,luissergio82,88 tix,$ 241,242061,2014-08-04,Modern Daily #7332891,modern,modern-daily-7332891,modern-daily-7332891-2014-08-04
12,4,Flames of the Blood Hand,,Spells,3,1,Burn,luissergio82,88 tix,$ 241,242061,2014-08-04,Modern Daily #7332891,modern,modern-daily-7332891,modern-daily-7332891-2014-08-04
13,3,Rift Bolt,,Spells,3,1,Burn,luissergio82,88 tix,$ 241,242061,2014-08-04,Modern Daily #7332891,modern,modern-daily-7332891,modern-daily-7332891-2014-08-04
15,20,Mountain,,Lands,3,1,Burn,luissergio82,88 tix,$ 241,242061,2014-08-04,Modern Daily #7332891,modern,modern-daily-7332891,modern-daily-7332891-2014-08-04
17,2,Relic of Progenitus,,Sideboard,3,1,Burn,luissergio82,88 tix,$ 241,242061,2014-08-04,Modern Daily #7332891,modern,modern-daily-7332891,modern-daily-7332891-2014-08-04
18,2,Dragon's Claw,,Sideboard,3,1,Burn,luissergio82,88 tix,$ 241,242061,2014-08-04,Modern Daily #7332891,modern,modern-daily-7332891,modern-daily-7332891-2014-08-04
19,3,Satyr Firedancer,,Sideboard,3,1,Burn,luissergio82,88 tix,$ 241,242061,2014-08-04,Modern Daily #7332891,modern,modern-daily-7332891,modern-daily-7332891-2014-08-04
20,1,Searing Blaze,,Sideboard,3,1,Burn,luissergio82,88 tix,$ 241,242061,2014-08-04,Modern Daily #7332891,modern,modern-daily-7332891,modern-daily-7332891-2014-08-04
21,3,Smash to Smithereens,,Sideboard,3,1,Burn,luissergio82,88 tix,$ 241,242061,2014-08-04,Modern Daily #7332891,modern,modern-daily-7332891,modern-daily-7332891-2014-08-04
22,1,Faerie Macabre,,Sideboard,3,1,Burn,luissergio82,88 tix,$ 241,242061,2014-08-04,Modern Daily #7332891,modern,modern-daily-7332891,modern-daily-7332891-2014-08-04
23,3,Molten Rain,,Sideboard,3,1,Burn,luissergio82,88 tix,$ 241,242061,2014-08-04,Modern Daily #7332891,modern,modern-daily-7332891,modern-daily-7332891-2014-08-04
1,1,Grim Lavamancer,,Creatures,3,1,Jund,tyokorisu,649 tix,"$ 2,173",242044,2014-08-04,Modern Daily #7332891,modern,modern-daily-7332891,modern-daily-7332891-2014-08-04
2,4,Dark Confidant,,Creatures,3,1,Jund,tyokorisu,649 tix,"$ 2,173",242044,2014-08-04,Modern Daily #7332891,modern,modern-daily-7332891,modern-daily-7332891-2014-08-04
3,3,Scavenging Ooze,,Creatures,3,1,Jund,tyokorisu,649 tix,"$ 2,173",242044,2014-08-04,Modern Daily #7332891,modern,modern-daily-7332891,modern-daily-7332891-2014-08-04
4,4,Tarmogoyf,,Creatures,3,1,Jund,tyokorisu,649 tix,"$ 2,173",242044,2014-08-04,Modern Daily #7332891,modern,modern-daily-7332891,modern-daily-7332891-2014-08-04
5,1,Olivia Voldaren,,Creatures,3,1,Jund,tyokorisu,649 tix,"$ 2,173",242044,2014-08-04,Modern Daily #7332891,modern,modern-daily-7332891,modern-daily-7332891-2014-08-04
7,4,Liliana of the Veil,,Planeswalkers,3,1,Jund,tyokorisu,649 tix,"$ 2,173",242044,2014-08-04,Modern Daily #7332891,modern,modern-daily-7332891,modern-daily-7332891-2014-08-04
8,1,"Chandra, Pyromaster",,Planeswalkers,3,1,Jund,tyokorisu,649 tix,"$ 2,173",242044,2014-08-04,Modern Daily #7332891,modern,modern-daily-7332891,modern-daily-7332891-2014-08-04
10,3,Inquisition of Kozilek,,Spells,3,1,Jund,tyokorisu,649 tix,"$ 2,173",242044,2014-08-04,Modern Daily #7332891,modern,modern-daily-7332891,modern-daily-7332891-2014-08-04
11,4,Lightning Bolt,,Spells,3,1,Jund,tyokorisu,649 tix,"$ 2,173",242044,2014-08-04,Modern Daily #7332891,modern,modern-daily-7332891,modern-daily-7332891-2014-08-04
12,3,Thoughtseize,,Spells,3,1,Jund,tyokorisu,649 tix,"$ 2,173",242044,2014-08-04,Modern Daily #7332891,modern,modern-daily-7332891,modern-daily-7332891-2014-08-04
13,3,Abrupt Decay,,Spells,3,1,Jund,tyokorisu,649 tix,"$ 2,173",242044,2014-08-04,Modern Daily #7332891,modern,modern-daily-7332891,modern-daily-7332891-2014-08-04
14,2,Terminate,,Spells,3,1,Jund,tyokorisu,649 tix,"$ 2,173",242044,2014-08-04,Modern Daily #7332891,modern,modern-daily-7332891,modern-daily-7332891-2014-08-04
15,1,Anger of the Gods,,Spells,3,1,Jund,tyokorisu,649 tix,"$ 2,173",242044,2014-08-04,Modern Daily #7332891,modern,modern-daily-7332891,modern-daily-7332891-2014-08-04
16,1,Maelstrom Pulse,,Spells,3,1,Jund,tyokorisu,649 tix,"$ 2,173",242044,2014-08-04,Modern Daily #7332891,modern,modern-daily-7332891,modern-daily-7332891-2014-08-04
18,1,Batterskull,,Artifacts,3,1,Jund,tyokorisu,649 tix,"$ 2,173",242044,2014-08-04,Modern Daily #7332891,modern,modern-daily-7332891,modern-daily-7332891-2014-08-04
20,4,Blackcleave Cliffs,,Lands,3,1,Jund,tyokorisu,649 tix,"$ 2,173",242044,2014-08-04,Modern Daily #7332891,modern,modern-daily-7332891,modern-daily-7332891-2014-08-04
21,2,Blood Crypt,,Lands,3,1,Jund,tyokorisu,649 tix,"$ 2,173",242044,2014-08-04,Modern Daily #7332891,modern,modern-daily-7332891,modern-daily-7332891-2014-08-04
22,1,Forest,,Lands,3,1,Jund,tyokorisu,649 tix,"$ 2,173",242044,2014-08-04,Modern Daily #7332891,modern,modern-daily-7332891,modern-daily-7332891-2014-08-04
23,4,Marsh Flats,,Lands,3,1,Jund,tyokorisu,649 tix,"$ 2,173",242044,2014-08-04,Modern Daily #7332891,modern,modern-daily-7332891,modern-daily-7332891-2014-08-04
24,1,Overgrown Tomb,,Lands,3,1,Jund,tyokorisu,649 tix,"$ 2,173",242044,2014-08-04,Modern Daily #7332891,modern,modern-daily-7332891,modern-daily-7332891-2014-08-04
25,1,Raging Ravine,,Lands,3,1,Jund,tyokorisu,649 tix,"$ 2,173",242044,2014-08-04,Modern Daily #7332891,modern,modern-daily-7332891,modern-daily-7332891-2014-08-04
26,1,Stomping Ground,,Lands,3,1,Jund,tyokorisu,649 tix,"$ 2,173",242044,2014-08-04,Modern Daily #7332891,modern,modern-daily-7332891,modern-daily-7332891-2014-08-04
27,2,Swamp,,Lands,3,1,Jund,tyokorisu,649 tix,"$ 2,173",242044,2014-08-04,Modern Daily #7332891,modern,modern-daily-7332891,modern-daily-7332891-2014-08-04
28,3,Treetop Village,,Lands,3,1,Jund,tyokorisu,649 tix,"$ 2,173",242044,2014-08-04,Modern Daily #7332891,modern,modern-daily-7332891,modern-daily-7332891-2014-08-04
29,1,Twilight Mire,,Lands,3,1,Jund,tyokorisu,649 tix,"$ 2,173",242044,2014-08-04,Modern Daily #7332891,modern,modern-daily-7332891,modern-daily-7332891-2014-08-04
30,4,Verdant Catacombs,,Lands,3,1,Jund,tyokorisu,649 tix,"$ 2,173",242044,2014-08-04,Modern Daily #7332891,modern,modern-daily-7332891,modern-daily-7332891-2014-08-04
32,1,Engineered Explosives,,Sideboard,3,1,Jund,tyokorisu,649 tix,"$ 2,173",242044,2014-08-04,Modern Daily #7332891,modern,modern-daily-7332891,modern-daily-7332891-2014-08-04
33,2,Grafdigger's Cage,,Sideboard,3,1,Jund,tyokorisu,649 tix,"$ 2,173",242044,2014-08-04,Modern Daily #7332891,modern,modern-daily-7332891,modern-daily-7332891-2014-08-04
34,1,Abrupt Decay,,Sideboard,3,1,Jund,tyokorisu,649 tix,"$ 2,173",242044,2014-08-04,Modern Daily #7332891,modern,modern-daily-7332891,modern-daily-7332891-2014-08-04
35,2,Ancient Grudge,,Sideboard,3,1,Jund,tyokorisu,649 tix,"$ 2,173",242044,2014-08-04,Modern Daily #7332891,modern,modern-daily-7332891,modern-daily-7332891-2014-08-04
36,2,Anger of the Gods,,Sideboard,3,1,Jund,tyokorisu,649 tix,"$ 2,173",242044,2014-08-04,Modern Daily #7332891,modern,modern-daily-7332891,modern-daily-7332891-2014-08-04
37,3,Fulminator Mage,,Sideboard,3,1,Jund,tyokorisu,649 tix,"$ 2,173",242044,2014-08-04,Modern Daily #7332891,modern,modern-daily-7332891,modern-daily-7332891-2014-08-04
38,2,Shatterstorm,,Sideboard,3,1,Jund,tyokorisu,649 tix,"$ 2,173",242044,2014-08-04,Modern Daily #7332891,modern,modern-daily-7332891,modern-daily-7332891-2014-08-04
39,1,Sowing Salt,,Sideboard,3,1,Jund,tyokorisu,649 tix,"$ 2,173",242044,2014-08-04,Modern Daily #7332891,modern,modern-daily-7332891,modern-daily-7332891-2014-08-04
40,1,"Thrun, the Last Troll",,Sideboard,3,1,Jund,tyokorisu,649 tix,"$ 2,173",242044,2014-08-04,Modern Daily #7332891,modern,modern-daily-7332891,modern-daily-7332891-2014-08-04
1,4,Dark Confidant,,Creatures,3,1,Junk,CheeseTomato,494 tix,"$ 1,714",242048,2014-08-04,Modern Daily #7332891,modern,modern-daily-7332891,modern-daily-7332891-2014-08-04
2,2,Scavenging Ooze,,Creatures,3,1,Junk,CheeseTomato,494 tix,"$ 1,714",242048,2014-08-04,Modern Daily #7332891,modern,modern-daily-7332891,modern-daily-7332891-2014-08-04
3,4,Tarmogoyf,,Creatures,3,1,Junk,CheeseTomato,494 tix,"$ 1,714",242048,2014-08-04,Modern Daily #7332891,modern,modern-daily-7332891,modern-daily-7332891-2014-08-04
4,1,Courser of Kruphix,,Creatures,3,1,Junk,CheeseTomato,494 tix,"$ 1,714",242048,2014-08-04,Modern Daily #7332891,modern,modern-daily-7332891,modern-daily-7332891-2014-08-04
5,2,Restoration Angel,,Creatures,3,1,Junk,CheeseTomato,494 tix,"$ 1,714",242048,2014-08-04,Modern Daily #7332891,modern,modern-daily-7332891,modern-daily-7332891-2014-08-04
7,3,Liliana of the Veil,,Planeswalkers,3,1,Junk,CheeseTomato,494 tix,"$ 1,714",242048,2014-08-04,Modern Daily #7332891,modern,modern-daily-7332891,modern-daily-7332891-2014-08-04
8,1,Garruk Wildspeaker,,Planeswalkers,3,1,Junk,CheeseTomato,494 tix,"$ 1,714",242048,2014-08-04,Modern Daily #7332891,modern,modern-daily-7332891,modern-daily-7332891-2014-08-04
10,3,Inquisition of Kozilek,,Spells,3,1,Junk,CheeseTomato,494 tix,"$ 1,714",242048,2014-08-04,Modern Daily #7332891,modern,modern-daily-7332891,modern-daily-7332891-2014-08-04
11,2,Path to Exile,,Spells,3,1,Junk,CheeseTomato,494 tix,"$ 1,714",242048,2014-08-04,Modern Daily #7332891,modern,modern-daily-7332891,modern-daily-7332891-2014-08-04
12,3,Thoughtseize,,Spells,3,1,Junk,CheeseTomato,494 tix,"$ 1,714",242048,2014-08-04,Modern Daily #7332891,modern,modern-daily-7332891,modern-daily-7332891-2014-08-04
13,3,Abrupt Decay,,Spells,3,1,Junk,CheeseTomato,494 tix,"$ 1,714",242048,2014-08-04,Modern Daily #7332891,modern,modern-daily-7332891,modern-daily-7332891-2014-08-04
14,1,Victim of Night,,Spells,3,1,Junk,CheeseTomato,494 tix,"$ 1,714",242048,2014-08-04,Modern Daily #7332891,modern,modern-daily-7332891,modern-daily-7332891-2014-08-04
15,1,Dismember,,Spells,3,1,Junk,CheeseTomato,494 tix,"$ 1,714",242048,2014-08-04,Modern Daily #7332891,modern,modern-daily-7332891,modern-daily-7332891-2014-08-04
16,4,Lingering Souls,,Spells,3,1,Junk,CheeseTomato,494 tix,"$ 1,714",242048,2014-08-04,Modern Daily #7332891,modern,modern-daily-7332891,modern-daily-7332891-2014-08-04
17,1,Maelstrom Pulse,,Spells,3,1,Junk,CheeseTomato,494 tix,"$ 1,714",242048,2014-08-04,Modern Daily #7332891,modern,modern-daily-7332891,modern-daily-7332891-2014-08-04
19,1,Forest,,Lands,3,1,Junk,CheeseTomato,494 tix,"$ 1,714",242048,2014-08-04,Modern Daily #7332891,modern,modern-daily-7332891,modern-daily-7332891-2014-08-04
20,1,Gavony Township,,Lands,3,1,Junk,CheeseTomato,494 tix,"$ 1,714",242048,2014-08-04,Modern Daily #7332891,modern,modern-daily-7332891,modern-daily-7332891-2014-08-04
21,2,Godless Shrine,,Lands,3,1,Junk,CheeseTomato,494 tix,"$ 1,714",242048,2014-08-04,Modern Daily #7332891,modern,modern-daily-7332891,modern-daily-7332891-2014-08-04
22,1,Isolated Chapel,,Lands,3,1,Junk,CheeseTomato,494 tix,"$ 1,714",242048,2014-08-04,Modern Daily #7332891,modern,modern-daily-7332891,modern-daily-7332891-2014-08-04
23,3,Marsh Flats,,Lands,3,1,Junk,CheeseTomato,494 tix,"$ 1,714",242048,2014-08-04,Modern Daily #7332891,modern,modern-daily-7332891,modern-daily-7332891-2014-08-04
24,2,Overgrown Tomb,,Lands,3,1,Junk,CheeseTomato,494 tix,"$ 1,714",242048,2014-08-04,Modern Daily #7332891,modern,modern-daily-7332891,modern-daily-7332891-2014-08-04
25,1,Plains,,Lands,3,1,Junk,CheeseTomato,494 tix,"$ 1,714",242048,2014-08-04,Modern Daily #7332891,modern,modern-daily-7332891,modern-daily-7332891-2014-08-04
26,2,Stirring Wildwood,,Lands,3,1,Junk,CheeseTomato,494 tix,"$ 1,714",242048,2014-08-04,Modern Daily #7332891,modern,modern-daily-7332891,modern-daily-7332891-2014-08-04
27,2,Swamp,,Lands,3,1,Junk,CheeseTomato,494 tix,"$ 1,714",242048,2014-08-04,Modern Daily #7332891,modern,modern-daily-7332891,modern-daily-7332891-2014-08-04
28,2,Tectonic Edge,,Lands,3,1,Junk,CheeseTomato,494 tix,"$ 1,714",242048,2014-08-04,Modern Daily #7332891,modern,modern-daily-7332891,modern-daily-7332891-2014-08-04
29,1,Temple Garden,,Lands,3,1,Junk,CheeseTomato,494 tix,"$ 1,714",242048,2014-08-04,Modern Daily #7332891,modern,modern-daily-7332891,modern-daily-7332891-2014-08-04
30,2,Treetop Village,,Lands,3,1,Junk,CheeseTomato,494 tix,"$ 1,714",242048,2014-08-04,Modern Daily #7332891,modern,modern-daily-7332891,modern-daily-7332891-2014-08-04
31,1,"Urborg, Tomb of Yawgmoth",,Lands,3,1,Junk,CheeseTomato,494 tix,"$ 1,714",242048,2014-08-04,Modern Daily #7332891,modern,modern-daily-7332891,modern-daily-7332891-2014-08-04
32,4,Verdant Catacombs,,Lands,3,1,Junk,CheeseTomato,494 tix,"$ 1,714",242048,2014-08-04,Modern Daily #7332891,modern,modern-daily-7332891,modern-daily-7332891-2014-08-04
34,2,Grafdigger's Cage,,Sideboard,3,1,Junk,CheeseTomato,494 tix,"$ 1,714",242048,2014-08-04,Modern Daily #7332891,modern,modern-daily-7332891,modern-daily-7332891-2014-08-04
35,1,Path to Exile,,Sideboard,3,1,Junk,CheeseTomato,494 tix,"$ 1,714",242048,2014-08-04,Modern Daily #7332891,modern,modern-daily-7332891,modern-daily-7332891-2014-08-04
36,1,Thoughtseize,,Sideboard,3,1,Junk,CheeseTomato,494 tix,"$ 1,714",242048,2014-08-04,Modern Daily #7332891,modern,modern-daily-7332891,modern-daily-7332891-2014-08-04
37,1,Scavenging Ooze,,Sideboard,3,1,Junk,CheeseTomato,494 tix,"$ 1,714",242048,2014-08-04,Modern Daily #7332891,modern,modern-daily-7332891,modern-daily-7332891-2014-08-04
38,2,Stony Silence,,Sideboard,3,1,Junk,CheeseTomato,494 tix,"$ 1,714",242048,2014-08-04,Modern Daily #7332891,modern,modern-daily-7332891,modern-daily-7332891-2014-08-04
39,2,Choke,,Sideboard,3,1,Junk,CheeseTomato,494 tix,"$ 1,714",242048,2014-08-04,Modern Daily #7332891,modern,modern-daily-7332891,modern-daily-7332891-2014-08-04
40,1,Damping Matrix,,Sideboard,3,1,Junk,CheeseTomato,494 tix,"$ 1,714",242048,2014-08-04,Modern Daily #7332891,modern,modern-daily-7332891,modern-daily-7332891-2014-08-04
41,1,Sin Collector,,Sideboard,3,1,Junk,CheeseTomato,494 tix,"$ 1,714",242048,2014-08-04,Modern Daily #7332891,modern,modern-daily-7332891,modern-daily-7332891-2014-08-04
42,1,Sword of Feast and Famine,,Sideboard,3,1,Junk,CheeseTomato,494 tix,"$ 1,714",242048,2014-08-04,Modern Daily #7332891,modern,modern-daily-7332891,modern-daily-7332891-2014-08-04
43,2,Creeping Corrosion,,Sideboard,3,1,Junk,CheeseTomato,494 tix,"$ 1,714",242048,2014-08-04,Modern Daily #7332891,modern,modern-daily-7332891,modern-daily-7332891-2014-08-04
44,1,Batterskull,,Sideboard,3,1,Junk,CheeseTomato,494 tix,"$ 1,714",242048,2014-08-04,Modern Daily #7332891,modern,modern-daily-7332891,modern-daily-7332891-2014-08-04
1,4,Dark Confidant,,Creatures,3,1,Junk,kjon999,531 tix,"$ 1,774",242050,2014-08-04,Modern Daily #7332891,modern,modern-daily-7332891,modern-daily-7332891-2014-08-04
2,3,Scavenging Ooze,,Creatures,3,1,Junk,kjon999,531 tix,"$ 1,774",242050,2014-08-04,Modern Daily #7332891,modern,modern-daily-7332891,modern-daily-7332891-2014-08-04
3,4,Tarmogoyf,,Creatures,3,1,Junk,kjon999,531 tix,"$ 1,774",242050,2014-08-04,Modern Daily #7332891,modern,modern-daily-7332891,modern-daily-7332891-2014-08-04
4,2,Courser of Kruphix,,Creatures,3,1,Junk,kjon999,531 tix,"$ 1,774",242050,2014-08-04,Modern Daily #7332891,modern,modern-daily-7332891,modern-daily-7332891-2014-08-04
6,3,Liliana of the Veil,,Planeswalkers,3,1,Junk,kjon999,531 tix,"$ 1,774",242050,2014-08-04,Modern Daily #7332891,modern,modern-daily-7332891,modern-daily-7332891-2014-08-04
8,1,Slaughter Pact,,Spells,3,1,Junk,kjon999,531 tix,"$ 1,774",242050,2014-08-04,Modern Daily #7332891,modern,modern-daily-7332891,modern-daily-7332891-2014-08-04
9,3,Inquisition of Kozilek,,Spells,3,1,Junk,kjon999,531 tix,"$ 1,774",242050,2014-08-04,Modern Daily #7332891,modern,modern-daily-7332891,modern-daily-7332891-2014-08-04
10,4,Thoughtseize,,Spells,3,1,Junk,kjon999,531 tix,"$ 1,774",242050,2014-08-04,Modern Daily #7332891,modern,modern-daily-7332891,modern-daily-7332891-2014-08-04
11,4,Abrupt Decay,,Spells,3,1,Junk,kjon999,531 tix,"$ 1,774",242050,2014-08-04,Modern Daily #7332891,modern,modern-daily-7332891,modern-daily-7332891-2014-08-04
12,2,Dismember,,Spells,3,1,Junk,kjon999,531 tix,"$ 1,774",242050,2014-08-04,Modern Daily #7332891,modern,modern-daily-7332891,modern-daily-7332891-2014-08-04
13,3,Lingering Souls,,Spells,3,1,Junk,kjon999,531 tix,"$ 1,774",242050,2014-08-04,Modern Daily #7332891,modern,modern-daily-7332891,modern-daily-7332891-2014-08-04
14,1,Maelstrom Pulse,,Spells,3,1,Junk,kjon999,531 tix,"$ 1,774",242050,2014-08-04,Modern Daily #7332891,modern,modern-daily-7332891,modern-daily-7332891-2014-08-04
15,1,Putrefy,,Spells,3,1,Junk,kjon999,531 tix,"$ 1,774",242050,2014-08-04,Modern Daily #7332891,modern,modern-daily-7332891,modern-daily-7332891-2014-08-04
17,1,Forest,,Lands,3,1,Junk,kjon999,531 tix,"$ 1,774",242050,2014-08-04,Modern Daily #7332891,modern,modern-daily-7332891,modern-daily-7332891-2014-08-04
18,1,Godless Shrine,,Lands,3,1,Junk,kjon999,531 tix,"$ 1,774",242050,2014-08-04,Modern Daily #7332891,modern,modern-daily-7332891,modern-daily-7332891-2014-08-04
19,1,Isolated Chapel,,Lands,3,1,Junk,kjon999,531 tix,"$ 1,774",242050,2014-08-04,Modern Daily #7332891,modern,modern-daily-7332891,modern-daily-7332891-2014-08-04
20,4,Marsh Flats,,Lands,3,1,Junk,kjon999,531 tix,"$ 1,774",242050,2014-08-04,Modern Daily #7332891,modern,modern-daily-7332891,modern-daily-7332891-2014-08-04
21,2,Overgrown Tomb,,Lands,3,1,Junk,kjon999,531 tix,"$ 1,774",242050,2014-08-04,Modern Daily #7332891,modern,modern-daily-7332891,modern-daily-7332891-2014-08-04
22,1,Stirring Wildwood,,Lands,3,1,Junk,kjon999,531 tix,"$ 1,774",242050,2014-08-04,Modern Daily #7332891,modern,modern-daily-7332891,modern-daily-7332891-2014-08-04
23,2,Swamp,,Lands,3,1,Junk,kjon999,531 tix,"$ 1,774",242050,2014-08-04,Modern Daily #7332891,modern,modern-daily-7332891,modern-daily-7332891-2014-08-04
24,3,Tectonic Edge,,Lands,3,1,Junk,kjon999,531 tix,"$ 1,774",242050,2014-08-04,Modern Daily #7332891,modern,modern-daily-7332891,modern-daily-7332891-2014-08-04
25,1,Temple Garden,,Lands,3,1,Junk,kjon999,531 tix,"$ 1,774",242050,2014-08-04,Modern Daily #7332891,modern,modern-daily-7332891,modern-daily-7332891-2014-08-04
26,3,Treetop Village,,Lands,3,1,Junk,kjon999,531 tix,"$ 1,774",242050,2014-08-04,Modern Daily #7332891,modern,modern-daily-7332891,modern-daily-7332891-2014-08-04
27,2,Twilight Mire,,Lands,3,1,Junk,kjon999,531 tix,"$ 1,774",242050,2014-08-04,Modern Daily #7332891,modern,modern-daily-7332891,modern-daily-7332891-2014-08-04
28,4,Verdant Catacombs,,Lands,3,1,Junk,kjon999,531 tix,"$ 1,774",242050,2014-08-04,Modern Daily #7332891,modern,modern-daily-7332891,modern-daily-7332891-2014-08-04
30,2,Grafdigger's Cage,,Sideboard,3,1,Junk,kjon999,531 tix,"$ 1,774",242050,2014-08-04,Modern Daily #7332891,modern,modern-daily-7332891,modern-daily-7332891-2014-08-04
31,2,Stony Silence,,Sideboard,3,1,Junk,kjon999,531 tix,"$ 1,774",242050,2014-08-04,Modern Daily #7332891,modern,modern-daily-7332891,modern-daily-7332891-2014-08-04
32,1,Bow of Nylea,,Sideboard,3,1,Junk,kjon999,531 tix,"$ 1,774",242050,2014-08-04,Modern Daily #7332891,modern,modern-daily-7332891,modern-daily-7332891-2014-08-04
33,2,Drown in Sorrow,,Sideboard,3,1,Junk,kjon999,531 tix,"$ 1,774",242050,2014-08-04,Modern Daily #7332891,modern,modern-daily-7332891,modern-daily-7332891-2014-08-04
34,3,Fulminator Mage,,Sideboard,3,1,Junk,kjon999,531 tix,"$ 1,774",242050,2014-08-04,Modern Daily #7332891,modern,modern-daily-7332891,modern-daily-7332891-2014-08-04
35,2,Creeping Corrosion,,Sideboard,3,1,Junk,kjon999,531 tix,"$ 1,774",242050,2014-08-04,Modern Daily #7332891,modern,modern-daily-7332891,modern-daily-7332891-2014-08-04
36,1,Obstinate Baloth,,Sideboard,3,1,Junk,kjon999,531 tix,"$ 1,774",242050,2014-08-04,Modern Daily #7332891,modern,modern-daily-7332891,modern-daily-7332891-2014-08-04
37,1,"Thrun, the Last Troll",,Sideboard,3,1,Junk,kjon999,531 tix,"$ 1,774",242050,2014-08-04,Modern Daily #7332891,modern,modern-daily-7332891,modern-daily-7332891-2014-08-04
1,4,Dark Confidant,,Creatures,3,1,Junk,Olioolli,488 tix,"$ 1,709",242056,2014-08-04,Modern Daily #7332891,modern,modern-daily-7332891,modern-daily-7332891-2014-08-04
2,3,Scavenging Ooze,,Creatures,3,1,Junk,Olioolli,488 tix,"$ 1,709",242056,2014-08-04,Modern Daily #7332891,modern,modern-daily-7332891,modern-daily-7332891-2014-08-04
3,4,Tarmogoyf,,Creatures,3,1,Junk,Olioolli,488 tix,"$ 1,709",242056,2014-08-04,Modern Daily #7332891,modern,modern-daily-7332891,modern-daily-7332891-2014-08-04
5,3,Liliana of the Veil,,Planeswalkers,3,1,Junk,Olioolli,488 tix,"$ 1,709",242056,2014-08-04,Modern Daily #7332891,modern,modern-daily-7332891,modern-daily-7332891-2014-08-04
6,1,Garruk Wildspeaker,,Planeswalkers,3,1,Junk,Olioolli,488 tix,"$ 1,709",242056,2014-08-04,Modern Daily #7332891,modern,modern-daily-7332891,modern-daily-7332891-2014-08-04
8,1,Slaughter Pact,,Spells,3,1,Junk,Olioolli,488 tix,"$ 1,709",242056,2014-08-04,Modern Daily #7332891,modern,modern-daily-7332891,modern-daily-7332891-2014-08-04
9,4,Inquisition of Kozilek,,Spells,3,1,Junk,Olioolli,488 tix,"$ 1,709",242056,2014-08-04,Modern Daily #7332891,modern,modern-daily-7332891,modern-daily-7332891-2014-08-04
10,1,Path to Exile,,Spells,3,1,Junk,Olioolli,488 tix,"$ 1,709",242056,2014-08-04,Modern Daily #7332891,modern,modern-daily-7332891,modern-daily-7332891-2014-08-04
11,3,Thoughtseize,,Spells,3,1,Junk,Olioolli,488 tix,"$ 1,709",242056,2014-08-04,Modern Daily #7332891,modern,modern-daily-7332891,modern-daily-7332891-2014-08-04
12,4,Abrupt Decay,,Spells,3,1,Junk,Olioolli,488 tix,"$ 1,709",242056,2014-08-04,Modern Daily #7332891,modern,modern-daily-7332891,modern-daily-7332891-2014-08-04
13,1,Dismember,,Spells,3,1,Junk,Olioolli,488 tix,"$ 1,709",242056,2014-08-04,Modern Daily #7332891,modern,modern-daily-7332891,modern-daily-7332891-2014-08-04
14,4,Lingering Souls,,Spells,3,1,Junk,Olioolli,488 tix,"$ 1,709",242056,2014-08-04,Modern Daily #7332891,modern,modern-daily-7332891,modern-daily-7332891-2014-08-04
15,2,Maelstrom Pulse,,Spells,3,1,Junk,Olioolli,488 tix,"$ 1,709",242056,2014-08-04,Modern Daily #7332891,modern,modern-daily-7332891,modern-daily-7332891-2014-08-04
17,1,Forest,,Lands,3,1,Junk,Olioolli,488 tix,"$ 1,709",242056,2014-08-04,Modern Daily #7332891,modern,modern-daily-7332891,modern-daily-7332891-2014-08-04
18,1,Godless Shrine,,Lands,3,1,Junk,Olioolli,488 tix,"$ 1,709",242056,2014-08-04,Modern Daily #7332891,modern,modern-daily-7332891,modern-daily-7332891-2014-08-04
19,4,Marsh Flats,,Lands,3,1,Junk,Olioolli,488 tix,"$ 1,709",242056,2014-08-04,Modern Daily #7332891,modern,modern-daily-7332891,modern-daily-7332891-2014-08-04
20,3,Overgrown Tomb,,Lands,3,1,Junk,Olioolli,488 tix,"$ 1,709",242056,2014-08-04,Modern Daily #7332891,modern,modern-daily-7332891,modern-daily-7332891-2014-08-04
21,1,Stirring Wildwood,,Lands,3,1,Junk,Olioolli,488 tix,"$ 1,709",242056,2014-08-04,Modern Daily #7332891,modern,modern-daily-7332891,modern-daily-7332891-2014-08-04
22,2,Swamp,,Lands,3,1,Junk,Olioolli,488 tix,"$ 1,709",242056,2014-08-04,Modern Daily #7332891,modern,modern-daily-7332891,modern-daily-7332891-2014-08-04
23,3,Tectonic Edge,,Lands,3,1,Junk,Olioolli,488 tix,"$ 1,709",242056,2014-08-04,Modern Daily #7332891,modern,modern-daily-7332891,modern-daily-7332891-2014-08-04
24,1,Temple Garden,,Lands,3,1,Junk,Olioolli,488 tix,"$ 1,709",242056,2014-08-04,Modern Daily #7332891,modern,modern-daily-7332891,modern-daily-7332891-2014-08-04
25,3,Treetop Village,,Lands,3,1,Junk,Olioolli,488 tix,"$ 1,709",242056,2014-08-04,Modern Daily #7332891,modern,modern-daily-7332891,modern-daily-7332891-2014-08-04
26,1,"Urborg, Tomb of Yawgmoth",,Lands,3,1,Junk,Olioolli,488 tix,"$ 1,709",242056,2014-08-04,Modern Daily #7332891,modern,modern-daily-7332891,modern-daily-7332891-2014-08-04
27,4,Verdant Catacombs,,Lands,3,1,Junk,Olioolli,488 tix,"$ 1,709",242056,2014-08-04,Modern Daily #7332891,modern,modern-daily-7332891,modern-daily-7332891-2014-08-04
28,1,Woodland Cemetery,,Lands,3,1,Junk,Olioolli,488 tix,"$ 1,709",242056,2014-08-04,Modern Daily #7332891,modern,modern-daily-7332891,modern-daily-7332891-2014-08-04
30,1,Darkblast,,Sideboard,3,1,Junk,Olioolli,488 tix,"$ 1,709",242056,2014-08-04,Modern Daily #7332891,modern,modern-daily-7332891,modern-daily-7332891-2014-08-04
31,1,Deathmark,,Sideboard,3,1,Junk,Olioolli,488 tix,"$ 1,709",242056,2014-08-04,Modern Daily #7332891,modern,modern-daily-7332891,modern-daily-7332891-2014-08-04
32,2,Grafdigger's Cage,,Sideboard,3,1,Junk,Olioolli,488 tix,"$ 1,709",242056,2014-08-04,Modern Daily #7332891,modern,modern-daily-7332891,modern-daily-7332891-2014-08-04
33,2,Stony Silence,,Sideboard,3,1,Junk,Olioolli,488 tix,"$ 1,709",242056,2014-08-04,Modern Daily #7332891,modern,modern-daily-7332891,modern-daily-7332891-2014-08-04
34,2,Choke,,Sideboard,3,1,Junk,Olioolli,488 tix,"$ 1,709",242056,2014-08-04,Modern Daily #7332891,modern,modern-daily-7332891,modern-daily-7332891-2014-08-04
35,1,Drown in Sorrow,,Sideboard,3,1,Junk,Olioolli,488 tix,"$ 1,709",242056,2014-08-04,Modern Daily #7332891,modern,modern-daily-7332891,modern-daily-7332891-2014-08-04
36,1,Kitchen Finks,,Sideboard,3,1,Junk,Olioolli,488 tix,"$ 1,709",242056,2014-08-04,Modern Daily #7332891,modern,modern-daily-7332891,modern-daily-7332891-2014-08-04
37,1,Rain of Tears,,Sideboard,3,1,Junk,Olioolli,488 tix,"$ 1,709",242056,2014-08-04,Modern Daily #7332891,modern,modern-daily-7332891,modern-daily-7332891-2014-08-04
38,2,Creeping Corrosion,,Sideboard,3,1,Junk,Olioolli,488 tix,"$ 1,709",242056,2014-08-04,Modern Daily #7332891,modern,modern-daily-7332891,modern-daily-7332891-2014-08-04
39,1,Mutilate,,Sideboard,3,1,Junk,Olioolli,488 tix,"$ 1,709",242056,2014-08-04,Modern Daily #7332891,modern,modern-daily-7332891,modern-daily-7332891-2014-08-04
40,1,Obstinate Baloth,,Sideboard,3,1,Junk,Olioolli,488 tix,"$ 1,709",242056,2014-08-04,Modern Daily #7332891,modern,modern-daily-7332891,modern-daily-7332891-2014-08-04
1,4,Birds of Paradise,,Creatures,3,1,Melira Pod,HermonHero,280 tix,$ 879,242064,2014-08-04,Modern Daily #7332891,modern,modern-daily-7332891,modern-daily-7332891-2014-08-04
2,3,Noble Hierarch,,Creatures,3,1,Melira Pod,HermonHero,280 tix,$ 879,242064,2014-08-04,Modern Daily #7332891,modern,modern-daily-7332891,modern-daily-7332891-2014-08-04
3,1,Qasali Pridemage,,Creatures,3,1,Melira Pod,HermonHero,280 tix,$ 879,242064,2014-08-04,Modern Daily #7332891,modern,modern-daily-7332891,modern-daily-7332891-2014-08-04
4,1,Scavenging Ooze,,Creatures,3,1,Melira Pod,HermonHero,280 tix,$ 879,242064,2014-08-04,Modern Daily #7332891,modern,modern-daily-7332891,modern-daily-7332891-2014-08-04
5,1,Spellskite,,Creatures,3,1,Melira Pod,HermonHero,280 tix,$ 879,242064,2014-08-04,Modern Daily #7332891,modern,modern-daily-7332891,modern-daily-7332891-2014-08-04
6,3,Voice of Resurgence,,Creatures,3,1,Melira Pod,HermonHero,280 tix,$ 879,242064,2014-08-04,Modern Daily #7332891,modern,modern-daily-7332891,modern-daily-7332891-2014-08-04
7,1,Eternal Witness,,Creatures,3,1,Melira Pod,HermonHero,280 tix,$ 879,242064,2014-08-04,Modern Daily #7332891,modern,modern-daily-7332891,modern-daily-7332891-2014-08-04
8,1,Kitchen Finks,,Creatures,3,1,Melira Pod,HermonHero,280 tix,$ 879,242064,2014-08-04,Modern Daily #7332891,modern,modern-daily-7332891,modern-daily-7332891-2014-08-04
9,1,Orzhov Pontiff,,Creatures,3,1,Melira Pod,HermonHero,280 tix,$ 879,242064,2014-08-04,Modern Daily #7332891,modern,modern-daily-7332891,modern-daily-7332891-2014-08-04
10,1,Sin Collector,,Creatures,3,1,Melira Pod,HermonHero,280 tix,$ 879,242064,2014-08-04,Modern Daily #7332891,modern,modern-daily-7332891,modern-daily-7332891-2014-08-04
11,1,Spike Feeder,,Creatures,3,1,Melira Pod,HermonHero,280 tix,$ 879,242064,2014-08-04,Modern Daily #7332891,modern,modern-daily-7332891,modern-daily-7332891-2014-08-04
12,1,"Linvala, Keeper of Silence",,Creatures,3,1,Melira Pod,HermonHero,280 tix,$ 879,242064,2014-08-04,Modern Daily #7332891,modern,modern-daily-7332891,modern-daily-7332891-2014-08-04
13,1,Murderous Redcap,,Creatures,3,1,Melira Pod,HermonHero,280 tix,$ 879,242064,2014-08-04,Modern Daily #7332891,modern,modern-daily-7332891,modern-daily-7332891-2014-08-04
14,1,Restoration Angel,,Creatures,3,1,Melira Pod,HermonHero,280 tix,$ 879,242064,2014-08-04,Modern Daily #7332891,modern,modern-daily-7332891,modern-daily-7332891-2014-08-04
15,1,Archangel of Thune,,Creatures,3,1,Melira Pod,HermonHero,280 tix,$ 879,242064,2014-08-04,Modern Daily #7332891,modern,modern-daily-7332891,modern-daily-7332891-2014-08-04
16,1,Reveillark,,Creatures,3,1,Melira Pod,HermonHero,280 tix,$ 879,242064,2014-08-04,Modern Daily #7332891,modern,modern-daily-7332891,modern-daily-7332891-2014-08-04
17,1,Shriekmaw,,Creatures,3,1,Melira Pod,HermonHero,280 tix,$ 879,242064,2014-08-04,Modern Daily #7332891,modern,modern-daily-7332891,modern-daily-7332891-2014-08-04
19,3,Thoughtseize,,Spells,3,1,Melira Pod,HermonHero,280 tix,$ 879,242064,2014-08-04,Modern Daily #7332891,modern,modern-daily-7332891,modern-daily-7332891-2014-08-04
20,3,Abrupt Decay,,Spells,3,1,Melira Pod,HermonHero,280 tix,$ 879,242064,2014-08-04,Modern Daily #7332891,modern,modern-daily-7332891,modern-daily-7332891-2014-08-04
21,3,Chord of Calling,,Spells,3,1,Melira Pod,HermonHero,280 tix,$ 879,242064,2014-08-04,Modern Daily #7332891,modern,modern-daily-7332891,modern-daily-7332891-2014-08-04
23,4,Birthing Pod,,Artifacts,3,1,Melira Pod,HermonHero,280 tix,$ 879,242064,2014-08-04,Modern Daily #7332891,modern,modern-daily-7332891,modern-daily-7332891-2014-08-04
25,3,Forest,,Lands,3,1,Melira Pod,HermonHero,280 tix,$ 879,242064,2014-08-04,Modern Daily #7332891,modern,modern-daily-7332891,modern-daily-7332891-2014-08-04
26,3,Gavony Township,,Lands,3,1,Melira Pod,HermonHero,280 tix,$ 879,242064,2014-08-04,Modern Daily #7332891,modern,modern-daily-7332891,modern-daily-7332891-2014-08-04
27,1,Godless Shrine,,Lands,3,1,Melira Pod,HermonHero,280 tix,$ 879,242064,2014-08-04,Modern Daily #7332891,modern,modern-daily-7332891,modern-daily-7332891-2014-08-04
28,4,Misty Rainforest,,Lands,3,1,Melira Pod,HermonHero,280 tix,$ 879,242064,2014-08-04,Modern Daily #7332891,modern,modern-daily-7332891,modern-daily-7332891-2014-08-04
29,2,Overgrown Tomb,,Lands,3,1,Melira Pod,HermonHero,280 tix,$ 879,242064,2014-08-04,Modern Daily #7332891,modern,modern-daily-7332891,modern-daily-7332891-2014-08-04
30,3,Razorverge Thicket,,Lands,3,1,Melira Pod,HermonHero,280 tix,$ 879,242064,2014-08-04,Modern Daily #7332891,modern,modern-daily-7332891,modern-daily-7332891-2014-08-04
31,1,Swamp,,Lands,3,1,Melira Pod,HermonHero,280 tix,$ 879,242064,2014-08-04,Modern Daily #7332891,modern,modern-daily-7332891,modern-daily-7332891-2014-08-04
32,1,Temple Garden,,Lands,3,1,Melira Pod,HermonHero,280 tix,$ 879,242064,2014-08-04,Modern Daily #7332891,modern,modern-daily-7332891,modern-daily-7332891-2014-08-04
33,4,Verdant Catacombs,,Lands,3,1,Melira Pod,HermonHero,280 tix,$ 879,242064,2014-08-04,Modern Daily #7332891,modern,modern-daily-7332891,modern-daily-7332891-2014-08-04
34,1,Woodland Cemetery,,Lands,3,1,Melira Pod,HermonHero,280 tix,$ 879,242064,2014-08-04,Modern Daily #7332891,modern,modern-daily-7332891,modern-daily-7332891-2014-08-04
36,2,Path to Exile,,Sideboard,3,1,Melira Pod,HermonHero,280 tix,$ 879,242064,2014-08-04,Modern Daily #7332891,modern,modern-daily-7332891,modern-daily-7332891-2014-08-04
37,1,Thoughtseize,,Sideboard,3,1,Melira Pod,HermonHero,280 tix,$ 879,242064,2014-08-04,Modern Daily #7332891,modern,modern-daily-7332891,modern-daily-7332891-2014-08-04
38,1,"Kataki, War's Wage",,Sideboard,3,1,Melira Pod,HermonHero,280 tix,$ 879,242064,2014-08-04,Modern Daily #7332891,modern,modern-daily-7332891,modern-daily-7332891-2014-08-04
39,1,Aven Mindcensor,,Sideboard,3,1,Melira Pod,HermonHero,280 tix,$ 879,242064,2014-08-04,Modern Daily #7332891,modern,modern-daily-7332891,modern-daily-7332891-2014-08-04
40,2,Dismember,,Sideboard,3,1,Melira Pod,HermonHero,280 tix,$ 879,242064,2014-08-04,Modern Daily #7332891,modern,modern-daily-7332891,modern-daily-7332891-2014-08-04
41,2,Lingering Souls,,Sideboard,3,1,Melira Pod,HermonHero,280 tix,$ 879,242064,2014-08-04,Modern Daily #7332891,modern,modern-daily-7332891,modern-daily-7332891-2014-08-04
42,1,Orzhov Pontiff,,Sideboard,3,1,Melira Pod,HermonHero,280 tix,$ 879,242064,2014-08-04,Modern Daily #7332891,modern,modern-daily-7332891,modern-daily-7332891-2014-08-04
43,1,Reclamation Sage,,Sideboard,3,1,Melira Pod,HermonHero,280 tix,$ 879,242064,2014-08-04,Modern Daily #7332891,modern,modern-daily-7332891,modern-daily-7332891-2014-08-04
44,1,Creeping Corrosion,,Sideboard,3,1,Melira Pod,HermonHero,280 tix,$ 879,242064,2014-08-04,Modern Daily #7332891,modern,modern-daily-7332891,modern-daily-7332891-2014-08-04
45,1,Entomber Exarch,,Sideboard,3,1,Melira Pod,HermonHero,280 tix,$ 879,242064,2014-08-04,Modern Daily #7332891,modern,modern-daily-7332891,modern-daily-7332891-2014-08-04
46,1,"Thrun, the Last Troll",,Sideboard,3,1,Melira Pod,HermonHero,280 tix,$ 879,242064,2014-08-04,Modern Daily #7332891,modern,modern-daily-7332891,modern-daily-7332891-2014-08-04
47,1,"Sigarda, Host of Herons",,Sideboard,3,1,Melira Pod,HermonHero,280 tix,$ 879,242064,2014-08-04,Modern Daily #7332891,modern,modern-daily-7332891,modern-daily-7332891-2014-08-04
1,4,Cursecatcher,,Creatures,3,1,Merfolk,adzam3,143 tix,$ 386,242051,2014-08-04,Modern Daily #7332891,modern,modern-daily-7332891,modern-daily-7332891-2014-08-04
2,1,Coralhelm Commander,,Creatures,3,1,Merfolk,adzam3,143 tix,$ 386,242051,2014-08-04,Modern Daily #7332891,modern,modern-daily-7332891,modern-daily-7332891-2014-08-04
3,4,Lord of Atlantis,,Creatures,3,1,Merfolk,adzam3,143 tix,$ 386,242051,2014-08-04,Modern Daily #7332891,modern,modern-daily-7332891,modern-daily-7332891-2014-08-04
4,4,Master of the Pearl Trident,,Creatures,3,1,Merfolk,adzam3,143 tix,$ 386,242051,2014-08-04,Modern Daily #7332891,modern,modern-daily-7332891,modern-daily-7332891-2014-08-04
5,4,Silvergill Adept,,Creatures,3,1,Merfolk,adzam3,143 tix,$ 386,242051,2014-08-04,Modern Daily #7332891,modern,modern-daily-7332891,modern-daily-7332891-2014-08-04
6,2,"Kira, Great Glass-Spinner",,Creatures,3,1,Merfolk,adzam3,143 tix,$ 386,242051,2014-08-04,Modern Daily #7332891,modern,modern-daily-7332891,modern-daily-7332891-2014-08-04
7,2,Merrow Reejerey,,Creatures,3,1,Merfolk,adzam3,143 tix,$ 386,242051,2014-08-04,Modern Daily #7332891,modern,modern-daily-7332891,modern-daily-7332891-2014-08-04
8,4,Master of Waves,,Creatures,3,1,Merfolk,adzam3,143 tix,$ 386,242051,2014-08-04,Modern Daily #7332891,modern,modern-daily-7332891,modern-daily-7332891-2014-08-04
10,3,Vapor Snag,,Spells,3,1,Merfolk,adzam3,143 tix,$ 386,242051,2014-08-04,Modern Daily #7332891,modern,modern-daily-7332891,modern-daily-7332891-2014-08-04
11,2,Dismember,,Spells,3,1,Merfolk,adzam3,143 tix,$ 386,242051,2014-08-04,Modern Daily #7332891,modern,modern-daily-7332891,modern-daily-7332891-2014-08-04
13,4,Aether Vial,,Artifacts,3,1,Merfolk,adzam3,143 tix,$ 386,242051,2014-08-04,Modern Daily #7332891,modern,modern-daily-7332891,modern-daily-7332891-2014-08-04
14,2,Relic of Progenitus,,Artifacts,3,1,Merfolk,adzam3,143 tix,$ 386,242051,2014-08-04,Modern Daily #7332891,modern,modern-daily-7332891,modern-daily-7332891-2014-08-04
16,4,Spreading Seas,,Enchantments,3,1,Merfolk,adzam3,143 tix,$ 386,242051,2014-08-04,Modern Daily #7332891,modern,modern-daily-7332891,modern-daily-7332891-2014-08-04
18,15,Island,,Lands,3,1,Merfolk,adzam3,143 tix,$ 386,242051,2014-08-04,Modern Daily #7332891,modern,modern-daily-7332891,modern-daily-7332891-2014-08-04
19,1,"Minamo, School at Water's Edge",,Lands,3,1,Merfolk,adzam3,143 tix,$ 386,242051,2014-08-04,Modern Daily #7332891,modern,modern-daily-7332891,modern-daily-7332891-2014-08-04
20,4,Mutavault,,Lands,3,1,Merfolk,adzam3,143 tix,$ 386,242051,2014-08-04,Modern Daily #7332891,modern,modern-daily-7332891,modern-daily-7332891-2014-08-04
22,4,Tectonic Edge,,Sideboard,3,1,Merfolk,adzam3,143 tix,$ 386,242051,2014-08-04,Modern Daily #7332891,modern,modern-daily-7332891,modern-daily-7332891-2014-08-04
23,1,Relic of Progenitus,,Sideboard,3,1,Merfolk,adzam3,143 tix,$ 386,242051,2014-08-04,Modern Daily #7332891,modern,modern-daily-7332891,modern-daily-7332891-2014-08-04
24,3,Spell Pierce,,Sideboard,3,1,Merfolk,adzam3,143 tix,$ 386,242051,2014-08-04,Modern Daily #7332891,modern,modern-daily-7332891,modern-daily-7332891-2014-08-04
25,1,Swan Song,,Sideboard,3,1,Merfolk,adzam3,143 tix,$ 386,242051,2014-08-04,Modern Daily #7332891,modern,modern-daily-7332891,modern-daily-7332891-2014-08-04
26,3,Tidebinder Mage,,Sideboard,3,1,Merfolk,adzam3,143 tix,$ 386,242051,2014-08-04,Modern Daily #7332891,modern,modern-daily-7332891,modern-daily-7332891-2014-08-04
27,1,Dismember,,Sideboard,3,1,Merfolk,adzam3,143 tix,$ 386,242051,2014-08-04,Modern Daily #7332891,modern,modern-daily-7332891,modern-daily-7332891-2014-08-04
28,1,"Kira, Great Glass-Spinner",,Sideboard,3,1,Merfolk,adzam3,143 tix,$ 386,242051,2014-08-04,Modern Daily #7332891,modern,modern-daily-7332891,modern-daily-7332891-2014-08-04
29,1,Merrow Reejerey,,Sideboard,3,1,Merfolk,adzam3,143 tix,$ 386,242051,2014-08-04,Modern Daily #7332891,modern,modern-daily-7332891,modern-daily-7332891-2014-08-04
1,4,Goblin Guide,,Creatures,3,1,RDW,Jeferson_s,128 tix,$ 434,242058,2014-08-04,Modern Daily #7332891,modern,modern-daily-7332891,modern-daily-7332891-2014-08-04
2,4,Eidolon of the Great Revel,,Creatures,3,1,RDW,Jeferson_s,128 tix,$ 434,242058,2014-08-04,Modern Daily #7332891,modern,modern-daily-7332891,modern-daily-7332891-2014-08-04
4,4,Lava Spike,,Spells,3,1,RDW,Jeferson_s,128 tix,$ 434,242058,2014-08-04,Modern Daily #7332891,modern,modern-daily-7332891,modern-daily-7332891-2014-08-04
5,4,Lightning Bolt,,Spells,3,1,RDW,Jeferson_s,128 tix,$ 434,242058,2014-08-04,Modern Daily #7332891,modern,modern-daily-7332891,modern-daily-7332891-2014-08-04
6,4,Boros Charm,,Spells,3,1,RDW,Jeferson_s,128 tix,$ 434,242058,2014-08-04,Modern Daily #7332891,modern,modern-daily-7332891,modern-daily-7332891-2014-08-04
7,4,Lightning Helix,,Spells,3,1,RDW,Jeferson_s,128 tix,$ 434,242058,2014-08-04,Modern Daily #7332891,modern,modern-daily-7332891,modern-daily-7332891-2014-08-04
8,4,Searing Blaze,,Spells,3,1,RDW,Jeferson_s,128 tix,$ 434,242058,2014-08-04,Modern Daily #7332891,modern,modern-daily-7332891,modern-daily-7332891-2014-08-04
9,4,Skullcrack,,Spells,3,1,RDW,Jeferson_s,128 tix,$ 434,242058,2014-08-04,Modern Daily #7332891,modern,modern-daily-7332891,modern-daily-7332891-2014-08-04
10,4,Flames of the Blood Hand,,Spells,3,1,RDW,Jeferson_s,128 tix,$ 434,242058,2014-08-04,Modern Daily #7332891,modern,modern-daily-7332891,modern-daily-7332891-2014-08-04
11,4,Rift Bolt,,Spells,3,1,RDW,Jeferson_s,128 tix,$ 434,242058,2014-08-04,Modern Daily #7332891,modern,modern-daily-7332891,modern-daily-7332891-2014-08-04
13,4,Arid Mesa,,Lands,3,1,RDW,Jeferson_s,128 tix,$ 434,242058,2014-08-04,Modern Daily #7332891,modern,modern-daily-7332891,modern-daily-7332891-2014-08-04
14,4,Clifftop Retreat,,Lands,3,1,RDW,Jeferson_s,128 tix,$ 434,242058,2014-08-04,Modern Daily #7332891,modern,modern-daily-7332891,modern-daily-7332891-2014-08-04
15,8,Mountain,,Lands,3,1,RDW,Jeferson_s,128 tix,$ 434,242058,2014-08-04,Modern Daily #7332891,modern,modern-daily-7332891,modern-daily-7332891-2014-08-04
16,4,Sacred Foundry,,Lands,3,1,RDW,Jeferson_s,128 tix,$ 434,242058,2014-08-04,Modern Daily #7332891,modern,modern-daily-7332891,modern-daily-7332891-2014-08-04
18,3,Wear & Tear,,Sideboard,3,1,RDW,Jeferson_s,128 tix,$ 434,242058,2014-08-04,Modern Daily #7332891,modern,modern-daily-7332891,modern-daily-7332891-2014-08-04
19,2,Dragon's Claw,,Sideboard,3,1,RDW,Jeferson_s,128 tix,$ 434,242058,2014-08-04,Modern Daily #7332891,modern,modern-daily-7332891,modern-daily-7332891-2014-08-04
20,2,Searing Blood,,Sideboard,3,1,RDW,Jeferson_s,128 tix,$ 434,242058,2014-08-04,Modern Daily #7332891,modern,modern-daily-7332891,modern-daily-7332891-2014-08-04
21,2,Smash to Smithereens,,Sideboard,3,1,RDW,Jeferson_s,128 tix,$ 434,242058,2014-08-04,Modern Daily #7332891,modern,modern-daily-7332891,modern-daily-7332891-2014-08-04
22,3,Anger of the Gods,,Sideboard,3,1,RDW,Jeferson_s,128 tix,$ 434,242058,2014-08-04,Modern Daily #7332891,modern,modern-daily-7332891,modern-daily-7332891-2014-08-04
23,3,Molten Rain,,Sideboard,3,1,RDW,Jeferson_s,128 tix,$ 434,242058,2014-08-04,Modern Daily #7332891,modern,modern-daily-7332891,modern-daily-7332891-2014-08-04
1,1,Spellskite,,Creatures,3,1,RG Tron,lickadonkey,317 tix,$ 917,242055,2014-08-04,Modern Daily #7332891,modern,modern-daily-7332891,modern-daily-7332891-2014-08-04
2,3,Wurmcoil Engine,,Creatures,3,1,RG Tron,lickadonkey,317 tix,$ 917,242055,2014-08-04,Modern Daily #7332891,modern,modern-daily-7332891,modern-daily-7332891-2014-08-04
3,1,"Ulamog, the Infinite Gyre",,Creatures,3,1,RG Tron,lickadonkey,317 tix,$ 917,242055,2014-08-04,Modern Daily #7332891,modern,modern-daily-7332891,modern-daily-7332891-2014-08-04
4,1,"Emrakul, the Aeons Torn",,Creatures,3,1,RG Tron,lickadonkey,317 tix,$ 917,242055,2014-08-04,Modern Daily #7332891,modern,modern-daily-7332891,modern-daily-7332891-2014-08-04
6,4,Karn Liberated,,Planeswalkers,3,1,RG Tron,lickadonkey,317 tix,$ 917,242055,2014-08-04,Modern Daily #7332891,modern,modern-daily-7332891,modern-daily-7332891-2014-08-04
8,4,Ancient Stirrings,,Spells,3,1,RG Tron,lickadonkey,317 tix,$ 917,242055,2014-08-04,Modern Daily #7332891,modern,modern-daily-7332891,modern-daily-7332891-2014-08-04
9,4,Sylvan Scrying,,Spells,3,1,RG Tron,lickadonkey,317 tix,$ 917,242055,2014-08-04,Modern Daily #7332891,modern,modern-daily-7332891,modern-daily-7332891-2014-08-04
10,2,Firespout,,Spells,3,1,RG Tron,lickadonkey,317 tix,$ 917,242055,2014-08-04,Modern Daily #7332891,modern,modern-daily-7332891,modern-daily-7332891-2014-08-04
11,1,All Is Dust,,Spells,3,1,RG Tron,lickadonkey,317 tix,$ 917,242055,2014-08-04,Modern Daily #7332891,modern,modern-daily-7332891,modern-daily-7332891-2014-08-04
13,4,Chromatic Sphere,,Artifacts,3,1,RG Tron,lickadonkey,317 tix,$ 917,242055,2014-08-04,Modern Daily #7332891,modern,modern-daily-7332891,modern-daily-7332891-2014-08-04
14,4,Chromatic Star,,Artifacts,3,1,RG Tron,lickadonkey,317 tix,$ 917,242055,2014-08-04,Modern Daily #7332891,modern,modern-daily-7332891,modern-daily-7332891-2014-08-04
15,4,Expedition Map,,Artifacts,3,1,RG Tron,lickadonkey,317 tix,$ 917,242055,2014-08-04,Modern Daily #7332891,modern,modern-daily-7332891,modern-daily-7332891-2014-08-04
16,3,Relic of Progenitus,,Artifacts,3,1,RG Tron,lickadonkey,317 tix,$ 917,242055,2014-08-04,Modern Daily #7332891,modern,modern-daily-7332891,modern-daily-7332891-2014-08-04
17,1,Torpor Orb,,Artifacts,3,1,RG Tron,lickadonkey,317 tix,$ 917,242055,2014-08-04,Modern Daily #7332891,modern,modern-daily-7332891,modern-daily-7332891-2014-08-04
18,3,Oblivion Stone,,Artifacts,3,1,RG Tron,lickadonkey,317 tix,$ 917,242055,2014-08-04,Modern Daily #7332891,modern,modern-daily-7332891,modern-daily-7332891-2014-08-04
20,1,Cavern of Souls,,Lands,3,1,RG Tron,lickadonkey,317 tix,$ 917,242055,2014-08-04,Modern Daily #7332891,modern,modern-daily-7332891,modern-daily-7332891-2014-08-04
21,1,Copperline Gorge,,Lands,3,1,RG Tron,lickadonkey,317 tix,$ 917,242055,2014-08-04,Modern Daily #7332891,modern,modern-daily-7332891,modern-daily-7332891-2014-08-04
22,1,Eye of Ugin,,Lands,3,1,RG Tron,lickadonkey,317 tix,$ 917,242055,2014-08-04,Modern Daily #7332891,modern,modern-daily-7332891,modern-daily-7332891-2014-08-04
23,2,Forest,,Lands,3,1,RG Tron,lickadonkey,317 tix,$ 917,242055,2014-08-04,Modern Daily #7332891,modern,modern-daily-7332891,modern-daily-7332891-2014-08-04
24,1,Ghost Quarter,,Lands,3,1,RG Tron,lickadonkey,317 tix,$ 917,242055,2014-08-04,Modern Daily #7332891,modern,modern-daily-7332891,modern-daily-7332891-2014-08-04
25,2,Grove of the Burnwillows,,Lands,3,1,RG Tron,lickadonkey,317 tix,$ 917,242055,2014-08-04,Modern Daily #7332891,modern,modern-daily-7332891,modern-daily-7332891-2014-08-04
26,4,Urza's Mine,,Lands,3,1,RG Tron,lickadonkey,317 tix,$ 917,242055,2014-08-04,Modern Daily #7332891,modern,modern-daily-7332891,modern-daily-7332891-2014-08-04
27,4,Urza's Power Plant,,Lands,3,1,RG Tron,lickadonkey,317 tix,$ 917,242055,2014-08-04,Modern Daily #7332891,modern,modern-daily-7332891,modern-daily-7332891-2014-08-04
28,4,Urza's Tower,,Lands,3,1,RG Tron,lickadonkey,317 tix,$ 917,242055,2014-08-04,Modern Daily #7332891,modern,modern-daily-7332891,modern-daily-7332891-2014-08-04
30,4,Nature's Claim,,Sideboard,3,1,RG Tron,lickadonkey,317 tix,$ 917,242055,2014-08-04,Modern Daily #7332891,modern,modern-daily-7332891,modern-daily-7332891-2014-08-04
31,1,Relic of Progenitus,,Sideboard,3,1,RG Tron,lickadonkey,317 tix,$ 917,242055,2014-08-04,Modern Daily #7332891,modern,modern-daily-7332891,modern-daily-7332891-2014-08-04
32,2,Surgical Extraction,,Sideboard,3,1,RG Tron,lickadonkey,317 tix,$ 917,242055,2014-08-04,Modern Daily #7332891,modern,modern-daily-7332891,modern-daily-7332891-2014-08-04
33,1,Vandalblast,,Sideboard,3,1,RG Tron,lickadonkey,317 tix,$ 917,242055,2014-08-04,Modern Daily #7332891,modern,modern-daily-7332891,modern-daily-7332891-2014-08-04
34,2,Combust,,Sideboard,3,1,RG Tron,lickadonkey,317 tix,$ 917,242055,2014-08-04,Modern Daily #7332891,modern,modern-daily-7332891,modern-daily-7332891-2014-08-04
35,1,Spellskite,,Sideboard,3,1,RG Tron,lickadonkey,317 tix,$ 917,242055,2014-08-04,Modern Daily #7332891,modern,modern-daily-7332891,modern-daily-7332891-2014-08-04
36,1,Torpor Orb,,Sideboard,3,1,RG Tron,lickadonkey,317 tix,$ 917,242055,2014-08-04,Modern Daily #7332891,modern,modern-daily-7332891,modern-daily-7332891-2014-08-04
37,2,Leyline of Sanctity,,Sideboard,3,1,RG Tron,lickadonkey,317 tix,$ 917,242055,2014-08-04,Modern Daily #7332891,modern,modern-daily-7332891,modern-daily-7332891-2014-08-04
38,1,Sundering Titan,,Sideboard,3,1,RG Tron,lickadonkey,317 tix,$ 917,242055,2014-08-04,Modern Daily #7332891,modern,modern-daily-7332891,modern-daily-7332891-2014-08-04
1,4,Sakura-Tribe Elder,,Creatures,3,1,Scapeshift,Aldmhac,238 tix,"$ 1,011",242054,2014-08-04,Modern Daily #7332891,modern,modern-daily-7332891,modern-daily-7332891-2014-08-04
2,3,Snapcaster Mage,,Creatures,3,1,Scapeshift,Aldmhac,238 tix,"$ 1,011",242054,2014-08-04,Modern Daily #7332891,modern,modern-daily-7332891,modern-daily-7332891-2014-08-04
4,2,Repeal,,Spells,3,1,Scapeshift,Aldmhac,238 tix,"$ 1,011",242054,2014-08-04,Modern Daily #7332891,modern,modern-daily-7332891,modern-daily-7332891-2014-08-04
5,4,Serum Visions,,Spells,3,1,Scapeshift,Aldmhac,238 tix,"$ 1,011",242054,2014-08-04,Modern Daily #7332891,modern,modern-daily-7332891,modern-daily-7332891-2014-08-04
6,3,Izzet Charm,,Spells,3,1,Scapeshift,Aldmhac,238 tix,"$ 1,011",242054,2014-08-04,Modern Daily #7332891,modern,modern-daily-7332891,modern-daily-7332891-2014-08-04
7,4,Remand,,Spells,3,1,Scapeshift,Aldmhac,238 tix,"$ 1,011",242054,2014-08-04,Modern Daily #7332891,modern,modern-daily-7332891,modern-daily-7332891-2014-08-04
8,3,Telling Time,,Spells,3,1,Scapeshift,Aldmhac,238 tix,"$ 1,011",242054,2014-08-04,Modern Daily #7332891,modern,modern-daily-7332891,modern-daily-7332891-2014-08-04
9,2,Electrolyze,,Spells,3,1,Scapeshift,Aldmhac,238 tix,"$ 1,011",242054,2014-08-04,Modern Daily #7332891,modern,modern-daily-7332891,modern-daily-7332891-2014-08-04
10,4,Search for Tomorrow,,Spells,3,1,Scapeshift,Aldmhac,238 tix,"$ 1,011",242054,2014-08-04,Modern Daily #7332891,modern,modern-daily-7332891,modern-daily-7332891-2014-08-04
11,3,Cryptic Command,,Spells,3,1,Scapeshift,Aldmhac,238 tix,"$ 1,011",242054,2014-08-04,Modern Daily #7332891,modern,modern-daily-7332891,modern-daily-7332891-2014-08-04
12,4,Scapeshift,,Spells,3,1,Scapeshift,Aldmhac,238 tix,"$ 1,011",242054,2014-08-04,Modern Daily #7332891,modern,modern-daily-7332891,modern-daily-7332891-2014-08-04
14,1,Breeding Pool,,Lands,3,1,Scapeshift,Aldmhac,238 tix,"$ 1,011",242054,2014-08-04,Modern Daily #7332891,modern,modern-daily-7332891,modern-daily-7332891-2014-08-04
15,2,Flooded Grove,,Lands,3,1,Scapeshift,Aldmhac,238 tix,"$ 1,011",242054,2014-08-04,Modern Daily #7332891,modern,modern-daily-7332891,modern-daily-7332891-2014-08-04
16,3,Forest,,Lands,3,1,Scapeshift,Aldmhac,238 tix,"$ 1,011",242054,2014-08-04,Modern Daily #7332891,modern,modern-daily-7332891,modern-daily-7332891-2014-08-04
17,3,Island,,Lands,3,1,Scapeshift,Aldmhac,238 tix,"$ 1,011",242054,2014-08-04,Modern Daily #7332891,modern,modern-daily-7332891,modern-daily-7332891-2014-08-04
18,3,Misty Rainforest,,Lands,3,1,Scapeshift,Aldmhac,238 tix,"$ 1,011",242054,2014-08-04,Modern Daily #7332891,modern,modern-daily-7332891,modern-daily-7332891-2014-08-04
19,2,Mountain,,Lands,3,1,Scapeshift,Aldmhac,238 tix,"$ 1,011",242054,2014-08-04,Modern Daily #7332891,modern,modern-daily-7332891,modern-daily-7332891-2014-08-04
20,4,Steam Vents,,Lands,3,1,Scapeshift,Aldmhac,238 tix,"$ 1,011",242054,2014-08-04,Modern Daily #7332891,modern,modern-daily-7332891,modern-daily-7332891-2014-08-04
21,4,Stomping Ground,,Lands,3,1,Scapeshift,Aldmhac,238 tix,"$ 1,011",242054,2014-08-04,Modern Daily #7332891,modern,modern-daily-7332891,modern-daily-7332891-2014-08-04
22,2,"Valakut, the Molten Pinnacle",,Lands,3,1,Scapeshift,Aldmhac,238 tix,"$ 1,011",242054,2014-08-04,Modern Daily #7332891,modern,modern-daily-7332891,modern-daily-7332891-2014-08-04
24,1,Engineered Explosives,,Sideboard,3,1,Scapeshift,Aldmhac,238 tix,"$ 1,011",242054,2014-08-04,Modern Daily #7332891,modern,modern-daily-7332891,modern-daily-7332891-2014-08-04
25,3,Swan Song,,Sideboard,3,1,Scapeshift,Aldmhac,238 tix,"$ 1,011",242054,2014-08-04,Modern Daily #7332891,modern,modern-daily-7332891,modern-daily-7332891-2014-08-04
26,2,Ancient Grudge,,Sideboard,3,1,Scapeshift,Aldmhac,238 tix,"$ 1,011",242054,2014-08-04,Modern Daily #7332891,modern,modern-daily-7332891,modern-daily-7332891-2014-08-04
27,3,Anger of the Gods,,Sideboard,3,1,Scapeshift,Aldmhac,238 tix,"$ 1,011",242054,2014-08-04,Modern Daily #7332891,modern,modern-daily-7332891,modern-daily-7332891-2014-08-04
28,2,Counterflux,,Sideboard,3,1,Scapeshift,Aldmhac,238 tix,"$ 1,011",242054,2014-08-04,Modern Daily #7332891,modern,modern-daily-7332891,modern-daily-7332891-2014-08-04
29,1,Creeping Corrosion,,Sideboard,3,1,Scapeshift,Aldmhac,238 tix,"$ 1,011",242054,2014-08-04,Modern Daily #7332891,modern,modern-daily-7332891,modern-daily-7332891-2014-08-04
30,3,Obstinate Baloth,,Sideboard,3,1,Scapeshift,Aldmhac,238 tix,"$ 1,011",242054,2014-08-04,Modern Daily #7332891,modern,modern-daily-7332891,modern-daily-7332891-2014-08-04
1,4,Sakura-Tribe Elder,,Creatures,3,1,Scapeshift,Bodega,283 tix,"$ 1,126",242062,2014-08-04,Modern Daily #7332891,modern,modern-daily-7332891,modern-daily-7332891-2014-08-04
2,3,Snapcaster Mage,,Creatures,3,1,Scapeshift,Bodega,283 tix,"$ 1,126",242062,2014-08-04,Modern Daily #7332891,modern,modern-daily-7332891,modern-daily-7332891-2014-08-04
4,3,Lightning Bolt,,Spells,3,1,Scapeshift,Bodega,283 tix,"$ 1,126",242062,2014-08-04,Modern Daily #7332891,modern,modern-daily-7332891,modern-daily-7332891-2014-08-04
5,4,Serum Visions,,Spells,3,1,Scapeshift,Bodega,283 tix,"$ 1,126",242062,2014-08-04,Modern Daily #7332891,modern,modern-daily-7332891,modern-daily-7332891-2014-08-04
6,3,Izzet Charm,,Spells,3,1,Scapeshift,Bodega,283 tix,"$ 1,126",242062,2014-08-04,Modern Daily #7332891,modern,modern-daily-7332891,modern-daily-7332891-2014-08-04
7,4,Remand,,Spells,3,1,Scapeshift,Bodega,283 tix,"$ 1,126",242062,2014-08-04,Modern Daily #7332891,modern,modern-daily-7332891,modern-daily-7332891-2014-08-04
8,3,Telling Time,,Spells,3,1,Scapeshift,Bodega,283 tix,"$ 1,126",242062,2014-08-04,Modern Daily #7332891,modern,modern-daily-7332891,modern-daily-7332891-2014-08-04
9,4,Search for Tomorrow,,Spells,3,1,Scapeshift,Bodega,283 tix,"$ 1,126",242062,2014-08-04,Modern Daily #7332891,modern,modern-daily-7332891,modern-daily-7332891-2014-08-04
10,4,Cryptic Command,,Spells,3,1,Scapeshift,Bodega,283 tix,"$ 1,126",242062,2014-08-04,Modern Daily #7332891,modern,modern-daily-7332891,modern-daily-7332891-2014-08-04
11,4,Scapeshift,,Spells,3,1,Scapeshift,Bodega,283 tix,"$ 1,126",242062,2014-08-04,Modern Daily #7332891,modern,modern-daily-7332891,modern-daily-7332891-2014-08-04
13,1,Breeding Pool,,Lands,3,1,Scapeshift,Bodega,283 tix,"$ 1,126",242062,2014-08-04,Modern Daily #7332891,modern,modern-daily-7332891,modern-daily-7332891-2014-08-04
14,1,Cascade Bluffs,,Lands,3,1,Scapeshift,Bodega,283 tix,"$ 1,126",242062,2014-08-04,Modern Daily #7332891,modern,modern-daily-7332891,modern-daily-7332891-2014-08-04
15,1,Flooded Grove,,Lands,3,1,Scapeshift,Bodega,283 tix,"$ 1,126",242062,2014-08-04,Modern Daily #7332891,modern,modern-daily-7332891,modern-daily-7332891-2014-08-04
16,3,Forest,,Lands,3,1,Scapeshift,Bodega,283 tix,"$ 1,126",242062,2014-08-04,Modern Daily #7332891,modern,modern-daily-7332891,modern-daily-7332891-2014-08-04
17,3,Island,,Lands,3,1,Scapeshift,Bodega,283 tix,"$ 1,126",242062,2014-08-04,Modern Daily #7332891,modern,modern-daily-7332891,modern-daily-7332891-2014-08-04
18,3,Misty Rainforest,,Lands,3,1,Scapeshift,Bodega,283 tix,"$ 1,126",242062,2014-08-04,Modern Daily #7332891,modern,modern-daily-7332891,modern-daily-7332891-2014-08-04
19,2,Mountain,,Lands,3,1,Scapeshift,Bodega,283 tix,"$ 1,126",242062,2014-08-04,Modern Daily #7332891,modern,modern-daily-7332891,modern-daily-7332891-2014-08-04
20,4,Steam Vents,,Lands,3,1,Scapeshift,Bodega,283 tix,"$ 1,126",242062,2014-08-04,Modern Daily #7332891,modern,modern-daily-7332891,modern-daily-7332891-2014-08-04
21,4,Stomping Ground,,Lands,3,1,Scapeshift,Bodega,283 tix,"$ 1,126",242062,2014-08-04,Modern Daily #7332891,modern,modern-daily-7332891,modern-daily-7332891-2014-08-04
22,2,"Valakut, the Molten Pinnacle",,Lands,3,1,Scapeshift,Bodega,283 tix,"$ 1,126",242062,2014-08-04,Modern Daily #7332891,modern,modern-daily-7332891,modern-daily-7332891-2014-08-04
24,1,"Boseiju, Who Shelters All",,Sideboard,3,1,Scapeshift,Bodega,283 tix,"$ 1,126",242062,2014-08-04,Modern Daily #7332891,modern,modern-daily-7332891,modern-daily-7332891-2014-08-04
25,1,Engineered Explosives,,Sideboard,3,1,Scapeshift,Bodega,283 tix,"$ 1,126",242062,2014-08-04,Modern Daily #7332891,modern,modern-daily-7332891,modern-daily-7332891-2014-08-04
26,2,Swan Song,,Sideboard,3,1,Scapeshift,Bodega,283 tix,"$ 1,126",242062,2014-08-04,Modern Daily #7332891,modern,modern-daily-7332891,modern-daily-7332891-2014-08-04
27,1,Spellskite,,Sideboard,3,1,Scapeshift,Bodega,283 tix,"$ 1,126",242062,2014-08-04,Modern Daily #7332891,modern,modern-daily-7332891,modern-daily-7332891-2014-08-04
28,3,Anger of the Gods,,Sideboard,3,1,Scapeshift,Bodega,283 tix,"$ 1,126",242062,2014-08-04,Modern Daily #7332891,modern,modern-daily-7332891,modern-daily-7332891-2014-08-04
29,2,Vendilion Clique,,Sideboard,3,1,Scapeshift,Bodega,283 tix,"$ 1,126",242062,2014-08-04,Modern Daily #7332891,modern,modern-daily-7332891,modern-daily-7332891-2014-08-04
30,2,Obstinate Baloth,,Sideboard,3,1,Scapeshift,Bodega,283 tix,"$ 1,126",242062,2014-08-04,Modern Daily #7332891,modern,modern-daily-7332891,modern-daily-7332891-2014-08-04
31,2,Shatterstorm,,Sideboard,3,1,Scapeshift,Bodega,283 tix,"$ 1,126",242062,2014-08-04,Modern Daily #7332891,modern,modern-daily-7332891,modern-daily-7332891-2014-08-04
32,1,Batterskull,,Sideboard,3,1,Scapeshift,Bodega,283 tix,"$ 1,126",242062,2014-08-04,Modern Daily #7332891,modern,modern-daily-7332891,modern-daily-7332891-2014-08-04
1,4,Snapcaster Mage,,Creatures,3,1,Splinter Twin,shhsneaky,347 tix,"$ 1,216",242053,2014-08-04,Modern Daily #7332891,modern,modern-daily-7332891,modern-daily-7332891-2014-08-04
2,2,Spellskite,,Creatures,3,1,Splinter Twin,shhsneaky,347 tix,"$ 1,216",242053,2014-08-04,Modern Daily #7332891,modern,modern-daily-7332891,modern-daily-7332891-2014-08-04
3,4,Deceiver Exarch,,Creatures,3,1,Splinter Twin,shhsneaky,347 tix,"$ 1,216",242053,2014-08-04,Modern Daily #7332891,modern,modern-daily-7332891,modern-daily-7332891-2014-08-04
4,2,Pestermite,,Creatures,3,1,Splinter Twin,shhsneaky,347 tix,"$ 1,216",242053,2014-08-04,Modern Daily #7332891,modern,modern-daily-7332891,modern-daily-7332891-2014-08-04
5,2,Vendilion Clique,,Creatures,3,1,Splinter Twin,shhsneaky,347 tix,"$ 1,216",242053,2014-08-04,Modern Daily #7332891,modern,modern-daily-7332891,modern-daily-7332891-2014-08-04
6,1,"Kiki-Jiki, Mirror Breaker",,Creatures,3,1,Splinter Twin,shhsneaky,347 tix,"$ 1,216",242053,2014-08-04,Modern Daily #7332891,modern,modern-daily-7332891,modern-daily-7332891-2014-08-04
8,1,Dispel,,Spells,3,1,Splinter Twin,shhsneaky,347 tix,"$ 1,216",242053,2014-08-04,Modern Daily #7332891,modern,modern-daily-7332891,modern-daily-7332891-2014-08-04
9,1,Flame Slash,,Spells,3,1,Splinter Twin,shhsneaky,347 tix,"$ 1,216",242053,2014-08-04,Modern Daily #7332891,modern,modern-daily-7332891,modern-daily-7332891-2014-08-04
10,4,Lightning Bolt,,Spells,3,1,Splinter Twin,shhsneaky,347 tix,"$ 1,216",242053,2014-08-04,Modern Daily #7332891,modern,modern-daily-7332891,modern-daily-7332891-2014-08-04
11,4,Serum Visions,,Spells,3,1,Splinter Twin,shhsneaky,347 tix,"$ 1,216",242053,2014-08-04,Modern Daily #7332891,modern,modern-daily-7332891,modern-daily-7332891-2014-08-04
12,1,Twisted Image,,Spells,3,1,Splinter Twin,shhsneaky,347 tix,"$ 1,216",242053,2014-08-04,Modern Daily #7332891,modern,modern-daily-7332891,modern-daily-7332891-2014-08-04
13,1,Vapor Snag,,Spells,3,1,Splinter Twin,shhsneaky,347 tix,"$ 1,216",242053,2014-08-04,Modern Daily #7332891,modern,modern-daily-7332891,modern-daily-7332891-2014-08-04
14,4,Remand,,Spells,3,1,Splinter Twin,shhsneaky,347 tix,"$ 1,216",242053,2014-08-04,Modern Daily #7332891,modern,modern-daily-7332891,modern-daily-7332891-2014-08-04
15,1,Electrolyze,,Spells,3,1,Splinter Twin,shhsneaky,347 tix,"$ 1,216",242053,2014-08-04,Modern Daily #7332891,modern,modern-daily-7332891,modern-daily-7332891-2014-08-04
16,1,Cryptic Command,,Spells,3,1,Splinter Twin,shhsneaky,347 tix,"$ 1,216",242053,2014-08-04,Modern Daily #7332891,modern,modern-daily-7332891,modern-daily-7332891-2014-08-04
18,4,Splinter Twin,,Enchantments,3,1,Splinter Twin,shhsneaky,347 tix,"$ 1,216",242053,2014-08-04,Modern Daily #7332891,modern,modern-daily-7332891,modern-daily-7332891-2014-08-04
20,1,Cascade Bluffs,,Lands,3,1,Splinter Twin,shhsneaky,347 tix,"$ 1,216",242053,2014-08-04,Modern Daily #7332891,modern,modern-daily-7332891,modern-daily-7332891-2014-08-04
21,1,Desolate Lighthouse,,Lands,3,1,Splinter Twin,shhsneaky,347 tix,"$ 1,216",242053,2014-08-04,Modern Daily #7332891,modern,modern-daily-7332891,modern-daily-7332891-2014-08-04
22,5,Island,,Lands,3,1,Splinter Twin,shhsneaky,347 tix,"$ 1,216",242053,2014-08-04,Modern Daily #7332891,modern,modern-daily-7332891,modern-daily-7332891-2014-08-04
23,4,Misty Rainforest,,Lands,3,1,Splinter Twin,shhsneaky,347 tix,"$ 1,216",242053,2014-08-04,Modern Daily #7332891,modern,modern-daily-7332891,modern-daily-7332891-2014-08-04
24,1,Mountain,,Lands,3,1,Splinter Twin,shhsneaky,347 tix,"$ 1,216",242053,2014-08-04,Modern Daily #7332891,modern,modern-daily-7332891,modern-daily-7332891-2014-08-04
25,4,Scalding Tarn,,Lands,3,1,Splinter Twin,shhsneaky,347 tix,"$ 1,216",242053,2014-08-04,Modern Daily #7332891,modern,modern-daily-7332891,modern-daily-7332891-2014-08-04
26,3,Steam Vents,,Lands,3,1,Splinter Twin,shhsneaky,347 tix,"$ 1,216",242053,2014-08-04,Modern Daily #7332891,modern,modern-daily-7332891,modern-daily-7332891-2014-08-04
27,1,Stomping Ground,,Lands,3,1,Splinter Twin,shhsneaky,347 tix,"$ 1,216",242053,2014-08-04,Modern Daily #7332891,modern,modern-daily-7332891,modern-daily-7332891-2014-08-04
28,2,Sulfur Falls,,Lands,3,1,Splinter Twin,shhsneaky,347 tix,"$ 1,216",242053,2014-08-04,Modern Daily #7332891,modern,modern-daily-7332891,modern-daily-7332891-2014-08-04
29,1,Tectonic Edge,,Lands,3,1,Splinter Twin,shhsneaky,347 tix,"$ 1,216",242053,2014-08-04,Modern Daily #7332891,modern,modern-daily-7332891,modern-daily-7332891-2014-08-04
31,1,Engineered Explosives,,Sideboard,3,1,Splinter Twin,shhsneaky,347 tix,"$ 1,216",242053,2014-08-04,Modern Daily #7332891,modern,modern-daily-7332891,modern-daily-7332891-2014-08-04
32,2,Swan Song,,Sideboard,3,1,Splinter Twin,shhsneaky,347 tix,"$ 1,216",242053,2014-08-04,Modern Daily #7332891,modern,modern-daily-7332891,modern-daily-7332891-2014-08-04
33,2,Ancient Grudge,,Sideboard,3,1,Splinter Twin,shhsneaky,347 tix,"$ 1,216",242053,2014-08-04,Modern Daily #7332891,modern,modern-daily-7332891,modern-daily-7332891-2014-08-04
34,1,Combust,,Sideboard,3,1,Splinter Twin,shhsneaky,347 tix,"$ 1,216",242053,2014-08-04,Modern Daily #7332891,modern,modern-daily-7332891,modern-daily-7332891-2014-08-04
35,1,Echoing Truth,,Sideboard,3,1,Splinter Twin,shhsneaky,347 tix,"$ 1,216",242053,2014-08-04,Modern Daily #7332891,modern,modern-daily-7332891,modern-daily-7332891-2014-08-04
36,2,Anger of the Gods,,Sideboard,3,1,Splinter Twin,shhsneaky,347 tix,"$ 1,216",242053,2014-08-04,Modern Daily #7332891,modern,modern-daily-7332891,modern-daily-7332891-2014-08-04
37,2,Blood Moon,,Sideboard,3,1,Splinter Twin,shhsneaky,347 tix,"$ 1,216",242053,2014-08-04,Modern Daily #7332891,modern,modern-daily-7332891,modern-daily-7332891-2014-08-04
38,1,Vedalken Shackles,,Sideboard,3,1,Splinter Twin,shhsneaky,347 tix,"$ 1,216",242053,2014-08-04,Modern Daily #7332891,modern,modern-daily-7332891,modern-daily-7332891-2014-08-04
39,1,Batterskull,,Sideboard,3,1,Splinter Twin,shhsneaky,347 tix,"$ 1,216",242053,2014-08-04,Modern Daily #7332891,modern,modern-daily-7332891,modern-daily-7332891-2014-08-04
40,2,"Keranos, God of Storms",,Sideboard,3,1,Splinter Twin,shhsneaky,347 tix,"$ 1,216",242053,2014-08-04,Modern Daily #7332891,modern,modern-daily-7332891,modern-daily-7332891-2014-08-04
1,4,Delver of Secrets,,Creatures,3,1,UR Delver,Robin88,207 tix,$ 823,242059,2014-08-04,Modern Daily #7332891,modern,modern-daily-7332891,modern-daily-7332891-2014-08-04
2,2,Grim Lavamancer,,Creatures,3,1,UR Delver,Robin88,207 tix,$ 823,242059,2014-08-04,Modern Daily #7332891,modern,modern-daily-7332891,modern-daily-7332891-2014-08-04
3,4,Snapcaster Mage,,Creatures,3,1,UR Delver,Robin88,207 tix,$ 823,242059,2014-08-04,Modern Daily #7332891,modern,modern-daily-7332891,modern-daily-7332891-2014-08-04
4,4,Young Pyromancer,,Creatures,3,1,UR Delver,Robin88,207 tix,$ 823,242059,2014-08-04,Modern Daily #7332891,modern,modern-daily-7332891,modern-daily-7332891-2014-08-04
5,1,"Keranos, God of Storms",,Creatures,3,1,UR Delver,Robin88,207 tix,$ 823,242059,2014-08-04,Modern Daily #7332891,modern,modern-daily-7332891,modern-daily-7332891-2014-08-04
7,3,Gitaxian Probe,,Spells,3,1,UR Delver,Robin88,207 tix,$ 823,242059,2014-08-04,Modern Daily #7332891,modern,modern-daily-7332891,modern-daily-7332891-2014-08-04
8,4,Lightning Bolt,,Spells,3,1,UR Delver,Robin88,207 tix,$ 823,242059,2014-08-04,Modern Daily #7332891,modern,modern-daily-7332891,modern-daily-7332891-2014-08-04
9,1,Pillar of Flame,,Spells,3,1,UR Delver,Robin88,207 tix,$ 823,242059,2014-08-04,Modern Daily #7332891,modern,modern-daily-7332891,modern-daily-7332891-2014-08-04
10,3,Serum Visions,,Spells,3,1,UR Delver,Robin88,207 tix,$ 823,242059,2014-08-04,Modern Daily #7332891,modern,modern-daily-7332891,modern-daily-7332891-2014-08-04
11,1,Spell Pierce,,Spells,3,1,UR Delver,Robin88,207 tix,$ 823,242059,2014-08-04,Modern Daily #7332891,modern,modern-daily-7332891,modern-daily-7332891-2014-08-04
12,2,Spell Snare,,Spells,3,1,UR Delver,Robin88,207 tix,$ 823,242059,2014-08-04,Modern Daily #7332891,modern,modern-daily-7332891,modern-daily-7332891-2014-08-04
13,2,Vapor Snag,,Spells,3,1,UR Delver,Robin88,207 tix,$ 823,242059,2014-08-04,Modern Daily #7332891,modern,modern-daily-7332891,modern-daily-7332891-2014-08-04
14,3,Mana Leak,,Spells,3,1,UR Delver,Robin88,207 tix,$ 823,242059,2014-08-04,Modern Daily #7332891,modern,modern-daily-7332891,modern-daily-7332891-2014-08-04
15,3,Remand,,Spells,3,1,UR Delver,Robin88,207 tix,$ 823,242059,2014-08-04,Modern Daily #7332891,modern,modern-daily-7332891,modern-daily-7332891-2014-08-04
16,2,Electrolyze,,Spells,3,1,UR Delver,Robin88,207 tix,$ 823,242059,2014-08-04,Modern Daily #7332891,modern,modern-daily-7332891,modern-daily-7332891-2014-08-04
17,2,Cryptic Command,,Spells,3,1,UR Delver,Robin88,207 tix,$ 823,242059,2014-08-04,Modern Daily #7332891,modern,modern-daily-7332891,modern-daily-7332891-2014-08-04
19,6,Island,,Lands,3,1,UR Delver,Robin88,207 tix,$ 823,242059,2014-08-04,Modern Daily #7332891,modern,modern-daily-7332891,modern-daily-7332891-2014-08-04
20,2,Misty Rainforest,,Lands,3,1,UR Delver,Robin88,207 tix,$ 823,242059,2014-08-04,Modern Daily #7332891,modern,modern-daily-7332891,modern-daily-7332891-2014-08-04
21,2,Mountain,,Lands,3,1,UR Delver,Robin88,207 tix,$ 823,242059,2014-08-04,Modern Daily #7332891,modern,modern-daily-7332891,modern-daily-7332891-2014-08-04
22,2,Scalding Tarn,,Lands,3,1,UR Delver,Robin88,207 tix,$ 823,242059,2014-08-04,Modern Daily #7332891,modern,modern-daily-7332891,modern-daily-7332891-2014-08-04
23,3,Steam Vents,,Lands,3,1,UR Delver,Robin88,207 tix,$ 823,242059,2014-08-04,Modern Daily #7332891,modern,modern-daily-7332891,modern-daily-7332891-2014-08-04
24,4,Sulfur Falls,,Lands,3,1,UR Delver,Robin88,207 tix,$ 823,242059,2014-08-04,Modern Daily #7332891,modern,modern-daily-7332891,modern-daily-7332891-2014-08-04
26,2,Dispel,,Sideboard,3,1,UR Delver,Robin88,207 tix,$ 823,242059,2014-08-04,Modern Daily #7332891,modern,modern-daily-7332891,modern-daily-7332891-2014-08-04
27,2,Combust,,Sideboard,3,1,UR Delver,Robin88,207 tix,$ 823,242059,2014-08-04,Modern Daily #7332891,modern,modern-daily-7332891,modern-daily-7332891-2014-08-04
28,3,Smash to Smithereens,,Sideboard,3,1,UR Delver,Robin88,207 tix,$ 823,242059,2014-08-04,Modern Daily #7332891,modern,modern-daily-7332891,modern-daily-7332891-2014-08-04
29,1,Spellskite,,Sideboard,3,1,UR Delver,Robin88,207 tix,$ 823,242059,2014-08-04,Modern Daily #7332891,modern,modern-daily-7332891,modern-daily-7332891-2014-08-04
30,2,Blood Moon,,Sideboard,3,1,UR Delver,Robin88,207 tix,$ 823,242059,2014-08-04,Modern Daily #7332891,modern,modern-daily-7332891,modern-daily-7332891-2014-08-04
31,2,Counterflux,,Sideboard,3,1,UR Delver,Robin88,207 tix,$ 823,242059,2014-08-04,Modern Daily #7332891,modern,modern-daily-7332891,modern-daily-7332891-2014-08-04
32,1,Izzet Staticaster,,Sideboard,3,1,UR Delver,Robin88,207 tix,$ 823,242059,2014-08-04,Modern Daily #7332891,modern,modern-daily-7332891,modern-daily-7332891-2014-08-04
33,1,Shatterstorm,,Sideboard,3,1,UR Delver,Robin88,207 tix,$ 823,242059,2014-08-04,Modern Daily #7332891,modern,modern-daily-7332891,modern-daily-7332891-2014-08-04
34,1,Batterskull,,Sideboard,3,1,UR Delver,Robin88,207 tix,$ 823,242059,2014-08-04,Modern Daily #7332891,modern,modern-daily-7332891,modern-daily-7332891-2014-08-04
1,4,Delver of Secrets,,Creatures,3,1,UR Delver,Dwarshadow,177 tix,$ 876,242065,2014-08-04,Modern Daily #7332891,modern,modern-daily-7332891,modern-daily-7332891-2014-08-04
2,2,Grim Lavamancer,,Creatures,3,1,UR Delver,Dwarshadow,177 tix,$ 876,242065,2014-08-04,Modern Daily #7332891,modern,modern-daily-7332891,modern-daily-7332891-2014-08-04
3,4,Snapcaster Mage,,Creatures,3,1,UR Delver,Dwarshadow,177 tix,$ 876,242065,2014-08-04,Modern Daily #7332891,modern,modern-daily-7332891,modern-daily-7332891-2014-08-04
4,4,Young Pyromancer,,Creatures,3,1,UR Delver,Dwarshadow,177 tix,$ 876,242065,2014-08-04,Modern Daily #7332891,modern,modern-daily-7332891,modern-daily-7332891-2014-08-04
6,1,Forked Bolt,,Spells,3,1,UR Delver,Dwarshadow,177 tix,$ 876,242065,2014-08-04,Modern Daily #7332891,modern,modern-daily-7332891,modern-daily-7332891-2014-08-04
7,4,Gitaxian Probe,,Spells,3,1,UR Delver,Dwarshadow,177 tix,$ 876,242065,2014-08-04,Modern Daily #7332891,modern,modern-daily-7332891,modern-daily-7332891-2014-08-04
8,4,Lightning Bolt,,Spells,3,1,UR Delver,Dwarshadow,177 tix,$ 876,242065,2014-08-04,Modern Daily #7332891,modern,modern-daily-7332891,modern-daily-7332891-2014-08-04
9,2,Pillar of Flame,,Spells,3,1,UR Delver,Dwarshadow,177 tix,$ 876,242065,2014-08-04,Modern Daily #7332891,modern,modern-daily-7332891,modern-daily-7332891-2014-08-04
10,4,Serum Visions,,Spells,3,1,UR Delver,Dwarshadow,177 tix,$ 876,242065,2014-08-04,Modern Daily #7332891,modern,modern-daily-7332891,modern-daily-7332891-2014-08-04
11,1,Spell Pierce,,Spells,3,1,UR Delver,Dwarshadow,177 tix,$ 876,242065,2014-08-04,Modern Daily #7332891,modern,modern-daily-7332891,modern-daily-7332891-2014-08-04
12,2,Spell Snare,,Spells,3,1,UR Delver,Dwarshadow,177 tix,$ 876,242065,2014-08-04,Modern Daily #7332891,modern,modern-daily-7332891,modern-daily-7332891-2014-08-04
13,2,Vapor Snag,,Spells,3,1,UR Delver,Dwarshadow,177 tix,$ 876,242065,2014-08-04,Modern Daily #7332891,modern,modern-daily-7332891,modern-daily-7332891-2014-08-04
14,3,Mana Leak,,Spells,3,1,UR Delver,Dwarshadow,177 tix,$ 876,242065,2014-08-04,Modern Daily #7332891,modern,modern-daily-7332891,modern-daily-7332891-2014-08-04
15,2,Remand,,Spells,3,1,UR Delver,Dwarshadow,177 tix,$ 876,242065,2014-08-04,Modern Daily #7332891,modern,modern-daily-7332891,modern-daily-7332891-2014-08-04
16,1,Electrolyze,,Spells,3,1,UR Delver,Dwarshadow,177 tix,$ 876,242065,2014-08-04,Modern Daily #7332891,modern,modern-daily-7332891,modern-daily-7332891-2014-08-04
18,1,Sword of Fire and Ice,,Artifacts,3,1,UR Delver,Dwarshadow,177 tix,$ 876,242065,2014-08-04,Modern Daily #7332891,modern,modern-daily-7332891,modern-daily-7332891-2014-08-04
20,1,Desolate Lighthouse,,Lands,3,1,UR Delver,Dwarshadow,177 tix,$ 876,242065,2014-08-04,Modern Daily #7332891,modern,modern-daily-7332891,modern-daily-7332891-2014-08-04
21,5,Island,,Lands,3,1,UR Delver,Dwarshadow,177 tix,$ 876,242065,2014-08-04,Modern Daily #7332891,modern,modern-daily-7332891,modern-daily-7332891-2014-08-04
22,2,Mountain,,Lands,3,1,UR Delver,Dwarshadow,177 tix,$ 876,242065,2014-08-04,Modern Daily #7332891,modern,modern-daily-7332891,modern-daily-7332891-2014-08-04
23,4,Scalding Tarn,,Lands,3,1,UR Delver,Dwarshadow,177 tix,$ 876,242065,2014-08-04,Modern Daily #7332891,modern,modern-daily-7332891,modern-daily-7332891-2014-08-04
24,4,Steam Vents,,Lands,3,1,UR Delver,Dwarshadow,177 tix,$ 876,242065,2014-08-04,Modern Daily #7332891,modern,modern-daily-7332891,modern-daily-7332891-2014-08-04
25,3,Sulfur Falls,,Lands,3,1,UR Delver,Dwarshadow,177 tix,$ 876,242065,2014-08-04,Modern Daily #7332891,modern,modern-daily-7332891,modern-daily-7332891-2014-08-04
27,1,Dispel,,Sideboard,3,1,UR Delver,Dwarshadow,177 tix,$ 876,242065,2014-08-04,Modern Daily #7332891,modern,modern-daily-7332891,modern-daily-7332891-2014-08-04
28,2,Relic of Progenitus,,Sideboard,3,1,UR Delver,Dwarshadow,177 tix,$ 876,242065,2014-08-04,Modern Daily #7332891,modern,modern-daily-7332891,modern-daily-7332891-2014-08-04
29,2,Shattering Spree,,Sideboard,3,1,UR Delver,Dwarshadow,177 tix,$ 876,242065,2014-08-04,Modern Daily #7332891,modern,modern-daily-7332891,modern-daily-7332891-2014-08-04
30,3,Combust,,Sideboard,3,1,UR Delver,Dwarshadow,177 tix,$ 876,242065,2014-08-04,Modern Daily #7332891,modern,modern-daily-7332891,modern-daily-7332891-2014-08-04
31,2,Spellskite,,Sideboard,3,1,UR Delver,Dwarshadow,177 tix,$ 876,242065,2014-08-04,Modern Daily #7332891,modern,modern-daily-7332891,modern-daily-7332891-2014-08-04
32,2,Counterflux,,Sideboard,3,1,UR Delver,Dwarshadow,177 tix,$ 876,242065,2014-08-04,Modern Daily #7332891,modern,modern-daily-7332891,modern-daily-7332891-2014-08-04
33,1,Izzet Staticaster,,Sideboard,3,1,UR Delver,Dwarshadow,177 tix,$ 876,242065,2014-08-04,Modern Daily #7332891,modern,modern-daily-7332891,modern-daily-7332891-2014-08-04
34,2,Molten Rain,,Sideboard,3,1,UR Delver,Dwarshadow,177 tix,$ 876,242065,2014-08-04,Modern Daily #7332891,modern,modern-daily-7332891,modern-daily-7332891-2014-08-04
1,3,Snapcaster Mage,,Creatures,3,1,UWR Control,toeiman,302 tix,"$ 1,238",242066,2014-08-04,Modern Daily #7332891,modern,modern-daily-7332891,modern-daily-7332891-2014-08-04
2,1,Vendilion Clique,,Creatures,3,1,UWR Control,toeiman,302 tix,"$ 1,238",242066,2014-08-04,Modern Daily #7332891,modern,modern-daily-7332891,modern-daily-7332891-2014-08-04
3,3,Restoration Angel,,Creatures,3,1,UWR Control,toeiman,302 tix,"$ 1,238",242066,2014-08-04,Modern Daily #7332891,modern,modern-daily-7332891,modern-daily-7332891-2014-08-04
5,1,Ajani Vengeant,,Planeswalkers,3,1,UWR Control,toeiman,302 tix,"$ 1,238",242066,2014-08-04,Modern Daily #7332891,modern,modern-daily-7332891,modern-daily-7332891-2014-08-04
7,4,Lightning Bolt,,Spells,3,1,UWR Control,toeiman,302 tix,"$ 1,238",242066,2014-08-04,Modern Daily #7332891,modern,modern-daily-7332891,modern-daily-7332891-2014-08-04
8,3,Path to Exile,,Spells,3,1,UWR Control,toeiman,302 tix,"$ 1,238",242066,2014-08-04,Modern Daily #7332891,modern,modern-daily-7332891,modern-daily-7332891-2014-08-04
9,1,Spell Snare,,Spells,3,1,UWR Control,toeiman,302 tix,"$ 1,238",242066,2014-08-04,Modern Daily #7332891,modern,modern-daily-7332891,modern-daily-7332891-2014-08-04
10,3,Lightning Helix,,Spells,3,1,UWR Control,toeiman,302 tix,"$ 1,238",242066,2014-08-04,Modern Daily #7332891,modern,modern-daily-7332891,modern-daily-7332891-2014-08-04
11,4,Mana Leak,,Spells,3,1,UWR Control,toeiman,302 tix,"$ 1,238",242066,2014-08-04,Modern Daily #7332891,modern,modern-daily-7332891,modern-daily-7332891-2014-08-04
12,2,Remand,,Spells,3,1,UWR Control,toeiman,302 tix,"$ 1,238",242066,2014-08-04,Modern Daily #7332891,modern,modern-daily-7332891,modern-daily-7332891-2014-08-04
13,1,Shadow of Doubt,,Spells,3,1,UWR Control,toeiman,302 tix,"$ 1,238",242066,2014-08-04,Modern Daily #7332891,modern,modern-daily-7332891,modern-daily-7332891-2014-08-04
14,1,Think Twice,,Spells,3,1,UWR Control,toeiman,302 tix,"$ 1,238",242066,2014-08-04,Modern Daily #7332891,modern,modern-daily-7332891,modern-daily-7332891-2014-08-04
15,1,Anger of the Gods,,Spells,3,1,UWR Control,toeiman,302 tix,"$ 1,238",242066,2014-08-04,Modern Daily #7332891,modern,modern-daily-7332891,modern-daily-7332891-2014-08-04
16,2,Electrolyze,,Spells,3,1,UWR Control,toeiman,302 tix,"$ 1,238",242066,2014-08-04,Modern Daily #7332891,modern,modern-daily-7332891,modern-daily-7332891-2014-08-04
17,1,Sphinx's Revelation,,Spells,3,1,UWR Control,toeiman,302 tix,"$ 1,238",242066,2014-08-04,Modern Daily #7332891,modern,modern-daily-7332891,modern-daily-7332891-2014-08-04
18,3,Cryptic Command,,Spells,3,1,UWR Control,toeiman,302 tix,"$ 1,238",242066,2014-08-04,Modern Daily #7332891,modern,modern-daily-7332891,modern-daily-7332891-2014-08-04
20,2,Arid Mesa,,Lands,3,1,UWR Control,toeiman,302 tix,"$ 1,238",242066,2014-08-04,Modern Daily #7332891,modern,modern-daily-7332891,modern-daily-7332891-2014-08-04
21,4,Celestial Colonnade,,Lands,3,1,UWR Control,toeiman,302 tix,"$ 1,238",242066,2014-08-04,Modern Daily #7332891,modern,modern-daily-7332891,modern-daily-7332891-2014-08-04
22,2,Hallowed Fountain,,Lands,3,1,UWR Control,toeiman,302 tix,"$ 1,238",242066,2014-08-04,Modern Daily #7332891,modern,modern-daily-7332891,modern-daily-7332891-2014-08-04
23,3,Island,,Lands,3,1,UWR Control,toeiman,302 tix,"$ 1,238",242066,2014-08-04,Modern Daily #7332891,modern,modern-daily-7332891,modern-daily-7332891-2014-08-04
24,1,Mountain,,Lands,3,1,UWR Control,toeiman,302 tix,"$ 1,238",242066,2014-08-04,Modern Daily #7332891,modern,modern-daily-7332891,modern-daily-7332891-2014-08-04
25,1,Plains,,Lands,3,1,UWR Control,toeiman,302 tix,"$ 1,238",242066,2014-08-04,Modern Daily #7332891,modern,modern-daily-7332891,modern-daily-7332891-2014-08-04
26,1,Sacred Foundry,,Lands,3,1,UWR Control,toeiman,302 tix,"$ 1,238",242066,2014-08-04,Modern Daily #7332891,modern,modern-daily-7332891,modern-daily-7332891-2014-08-04
27,4,Scalding Tarn,,Lands,3,1,UWR Control,toeiman,302 tix,"$ 1,238",242066,2014-08-04,Modern Daily #7332891,modern,modern-daily-7332891,modern-daily-7332891-2014-08-04
28,3,Steam Vents,,Lands,3,1,UWR Control,toeiman,302 tix,"$ 1,238",242066,2014-08-04,Modern Daily #7332891,modern,modern-daily-7332891,modern-daily-7332891-2014-08-04
29,2,Sulfur Falls,,Lands,3,1,UWR Control,toeiman,302 tix,"$ 1,238",242066,2014-08-04,Modern Daily #7332891,modern,modern-daily-7332891,modern-daily-7332891-2014-08-04
30,3,Tectonic Edge,,Lands,3,1,UWR Control,toeiman,302 tix,"$ 1,238",242066,2014-08-04,Modern Daily #7332891,modern,modern-daily-7332891,modern-daily-7332891-2014-08-04
32,2,Relic of Progenitus,,Sideboard,3,1,UWR Control,toeiman,302 tix,"$ 1,238",242066,2014-08-04,Modern Daily #7332891,modern,modern-daily-7332891,modern-daily-7332891-2014-08-04
33,1,Celestial Purge,,Sideboard,3,1,UWR Control,toeiman,302 tix,"$ 1,238",242066,2014-08-04,Modern Daily #7332891,modern,modern-daily-7332891,modern-daily-7332891-2014-08-04
34,2,Stony Silence,,Sideboard,3,1,UWR Control,toeiman,302 tix,"$ 1,238",242066,2014-08-04,Modern Daily #7332891,modern,modern-daily-7332891,modern-daily-7332891-2014-08-04
35,1,Anger of the Gods,,Sideboard,3,1,UWR Control,toeiman,302 tix,"$ 1,238",242066,2014-08-04,Modern Daily #7332891,modern,modern-daily-7332891,modern-daily-7332891-2014-08-04
36,2,Counterflux,,Sideboard,3,1,UWR Control,toeiman,302 tix,"$ 1,238",242066,2014-08-04,Modern Daily #7332891,modern,modern-daily-7332891,modern-daily-7332891-2014-08-04
37,1,Crucible of Worlds,,Sideboard,3,1,UWR Control,toeiman,302 tix,"$ 1,238",242066,2014-08-04,Modern Daily #7332891,modern,modern-daily-7332891,modern-daily-7332891-2014-08-04
38,1,Threads of Disloyalty,,Sideboard,3,1,UWR Control,toeiman,302 tix,"$ 1,238",242066,2014-08-04,Modern Daily #7332891,modern,modern-daily-7332891,modern-daily-7332891-2014-08-04
39,1,Timely Reinforcements,,Sideboard,3,1,UWR Control,toeiman,302 tix,"$ 1,238",242066,2014-08-04,Modern Daily #7332891,modern,modern-daily-7332891,modern-daily-7332891-2014-08-04
40,2,Sowing Salt,,Sideboard,3,1,UWR Control,toeiman,302 tix,"$ 1,238",242066,2014-08-04,Modern Daily #7332891,modern,modern-daily-7332891,modern-daily-7332891-2014-08-04
41,2,Wrath of God,,Sideboard,3,1,UWR Control,toeiman,302 tix,"$ 1,238",242066,2014-08-04,Modern Daily #7332891,modern,modern-daily-7332891,modern-daily-7332891-2014-08-04
1,4,Snapcaster Mage,,Creatures,3,1,UWR Midrange,BobCat,374 tix,"$ 1,361",242063,2014-08-04,Modern Daily #7332891,modern,modern-daily-7332891,modern-daily-7332891-2014-08-04
2,4,Geist of Saint Traft,,Creatures,3,1,UWR Midrange,BobCat,374 tix,"$ 1,361",242063,2014-08-04,Modern Daily #7332891,modern,modern-daily-7332891,modern-daily-7332891-2014-08-04
3,2,Vendilion Clique,,Creatures,3,1,UWR Midrange,BobCat,374 tix,"$ 1,361",242063,2014-08-04,Modern Daily #7332891,modern,modern-daily-7332891,modern-daily-7332891-2014-08-04
4,2,Restoration Angel,,Creatures,3,1,UWR Midrange,BobCat,374 tix,"$ 1,361",242063,2014-08-04,Modern Daily #7332891,modern,modern-daily-7332891,modern-daily-7332891-2014-08-04
6,2,"Elspeth, Knight-Errant",,Planeswalkers,3,1,UWR Midrange,BobCat,374 tix,"$ 1,361",242063,2014-08-04,Modern Daily #7332891,modern,modern-daily-7332891,modern-daily-7332891-2014-08-04
8,4,Lightning Bolt,,Spells,3,1,UWR Midrange,BobCat,374 tix,"$ 1,361",242063,2014-08-04,Modern Daily #7332891,modern,modern-daily-7332891,modern-daily-7332891-2014-08-04
9,4,Path to Exile,,Spells,3,1,UWR Midrange,BobCat,374 tix,"$ 1,361",242063,2014-08-04,Modern Daily #7332891,modern,modern-daily-7332891,modern-daily-7332891-2014-08-04
10,4,Lightning Helix,,Spells,3,1,UWR Midrange,BobCat,374 tix,"$ 1,361",242063,2014-08-04,Modern Daily #7332891,modern,modern-daily-7332891,modern-daily-7332891-2014-08-04
11,2,Mana Leak,,Spells,3,1,UWR Midrange,BobCat,374 tix,"$ 1,361",242063,2014-08-04,Modern Daily #7332891,modern,modern-daily-7332891,modern-daily-7332891-2014-08-04
12,4,Remand,,Spells,3,1,UWR Midrange,BobCat,374 tix,"$ 1,361",242063,2014-08-04,Modern Daily #7332891,modern,modern-daily-7332891,modern-daily-7332891-2014-08-04
13,2,Electrolyze,,Spells,3,1,UWR Midrange,BobCat,374 tix,"$ 1,361",242063,2014-08-04,Modern Daily #7332891,modern,modern-daily-7332891,modern-daily-7332891-2014-08-04
15,1,Batterskull,,Artifacts,3,1,UWR Midrange,BobCat,374 tix,"$ 1,361",242063,2014-08-04,Modern Daily #7332891,modern,modern-daily-7332891,modern-daily-7332891-2014-08-04
17,3,Arid Mesa,,Lands,3,1,UWR Midrange,BobCat,374 tix,"$ 1,361",242063,2014-08-04,Modern Daily #7332891,modern,modern-daily-7332891,modern-daily-7332891-2014-08-04
18,4,Celestial Colonnade,,Lands,3,1,UWR Midrange,BobCat,374 tix,"$ 1,361",242063,2014-08-04,Modern Daily #7332891,modern,modern-daily-7332891,modern-daily-7332891-2014-08-04
19,1,Eiganjo Castle,,Lands,3,1,UWR Midrange,BobCat,374 tix,"$ 1,361",242063,2014-08-04,Modern Daily #7332891,modern,modern-daily-7332891,modern-daily-7332891-2014-08-04
20,2,Hallowed Fountain,,Lands,3,1,UWR Midrange,BobCat,374 tix,"$ 1,361",242063,2014-08-04,Modern Daily #7332891,modern,modern-daily-7332891,modern-daily-7332891-2014-08-04
21,2,Island,,Lands,3,1,UWR Midrange,BobCat,374 tix,"$ 1,361",242063,2014-08-04,Modern Daily #7332891,modern,modern-daily-7332891,modern-daily-7332891-2014-08-04
22,1,Mountain,,Lands,3,1,UWR Midrange,BobCat,374 tix,"$ 1,361",242063,2014-08-04,Modern Daily #7332891,modern,modern-daily-7332891,modern-daily-7332891-2014-08-04
23,1,Plains,,Lands,3,1,UWR Midrange,BobCat,374 tix,"$ 1,361",242063,2014-08-04,Modern Daily #7332891,modern,modern-daily-7332891,modern-daily-7332891-2014-08-04
24,1,Sacred Foundry,,Lands,3,1,UWR Midrange,BobCat,374 tix,"$ 1,361",242063,2014-08-04,Modern Daily #7332891,modern,modern-daily-7332891,modern-daily-7332891-2014-08-04
25,4,Scalding Tarn,,Lands,3,1,UWR Midrange,BobCat,374 tix,"$ 1,361",242063,2014-08-04,Modern Daily #7332891,modern,modern-daily-7332891,modern-daily-7332891-2014-08-04
26,2,Steam Vents,,Lands,3,1,UWR Midrange,BobCat,374 tix,"$ 1,361",242063,2014-08-04,Modern Daily #7332891,modern,modern-daily-7332891,modern-daily-7332891-2014-08-04
27,1,Sulfur Falls,,Lands,3,1,UWR Midrange,BobCat,374 tix,"$ 1,361",242063,2014-08-04,Modern Daily #7332891,modern,modern-daily-7332891,modern-daily-7332891-2014-08-04
28,3,Tectonic Edge,,Lands,3,1,UWR Midrange,BobCat,374 tix,"$ 1,361",242063,2014-08-04,Modern Daily #7332891,modern,modern-daily-7332891,modern-daily-7332891-2014-08-04
30,1,Engineered Explosives,,Sideboard,3,1,UWR Midrange,BobCat,374 tix,"$ 1,361",242063,2014-08-04,Modern Daily #7332891,modern,modern-daily-7332891,modern-daily-7332891-2014-08-04
31,1,Wear & Tear,,Sideboard,3,1,UWR Midrange,BobCat,374 tix,"$ 1,361",242063,2014-08-04,Modern Daily #7332891,modern,modern-daily-7332891,modern-daily-7332891-2014-08-04
32,2,Magma Spray,,Sideboard,3,1,UWR Midrange,BobCat,374 tix,"$ 1,361",242063,2014-08-04,Modern Daily #7332891,modern,modern-daily-7332891,modern-daily-7332891-2014-08-04
33,2,Relic of Progenitus,,Sideboard,3,1,UWR Midrange,BobCat,374 tix,"$ 1,361",242063,2014-08-04,Modern Daily #7332891,modern,modern-daily-7332891,modern-daily-7332891-2014-08-04
34,1,Negate,,Sideboard,3,1,UWR Midrange,BobCat,374 tix,"$ 1,361",242063,2014-08-04,Modern Daily #7332891,modern,modern-daily-7332891,modern-daily-7332891-2014-08-04
35,2,Stony Silence,,Sideboard,3,1,UWR Midrange,BobCat,374 tix,"$ 1,361",242063,2014-08-04,Modern Daily #7332891,modern,modern-daily-7332891,modern-daily-7332891-2014-08-04
36,2,Aven Mindcensor,,Sideboard,3,1,UWR Midrange,BobCat,374 tix,"$ 1,361",242063,2014-08-04,Modern Daily #7332891,modern,modern-daily-7332891,modern-daily-7332891-2014-08-04
37,2,Counterflux,,Sideboard,3,1,UWR Midrange,BobCat,374 tix,"$ 1,361",242063,2014-08-04,Modern Daily #7332891,modern,modern-daily-7332891,modern-daily-7332891-2014-08-04
38,1,Wrath of God,,Sideboard,3,1,UWR Midrange,BobCat,374 tix,"$ 1,361",242063,2014-08-04,Modern Daily #7332891,modern,modern-daily-7332891,modern-daily-7332891-2014-08-04
39,1,"Keranos, God of Storms",,Sideboard,3,1,UWR Midrange,BobCat,374 tix,"$ 1,361",242063,2014-08-04,Modern Daily #7332891,modern,modern-daily-7332891,modern-daily-7332891-2014-08-04
1,4,Goblin Guide,,Creatures,6,0,Mono R Burn,Bonkarooni,125 tix,$ 419,241932,2014-08-03,Modern Premier #7332812,modern,modern-premier-7332812,modern-premier-7332812-2014-08-03
2,2,Grim Lavamancer,,Creatures,6,0,Mono R Burn,Bonkarooni,125 tix,$ 419,241932,2014-08-03,Modern Premier #7332812,modern,modern-premier-7332812,modern-premier-7332812-2014-08-03
3,2,Mogg Fanatic,,Creatures,6,0,Mono R Burn,Bonkarooni,125 tix,$ 419,241932,2014-08-03,Modern Premier #7332812,modern,modern-premier-7332812,modern-premier-7332812-2014-08-03
4,4,Vexing Devil,,Creatures,6,0,Mono R Burn,Bonkarooni,125 tix,$ 419,241932,2014-08-03,Modern Premier #7332812,modern,modern-premier-7332812,modern-premier-7332812-2014-08-03
5,4,Eidolon of the Great Revel,,Creatures,6,0,Mono R Burn,Bonkarooni,125 tix,$ 419,241932,2014-08-03,Modern Premier #7332812,modern,modern-premier-7332812,modern-premier-7332812-2014-08-03
7,4,Lava Spike,,Spells,6,0,Mono R Burn,Bonkarooni,125 tix,$ 419,241932,2014-08-03,Modern Premier #7332812,modern,modern-premier-7332812,modern-premier-7332812-2014-08-03
8,4,Lightning Bolt,,Spells,6,0,Mono R Burn,Bonkarooni,125 tix,$ 419,241932,2014-08-03,Modern Premier #7332812,modern,modern-premier-7332812,modern-premier-7332812-2014-08-03
9,3,Shard Volley,,Spells,6,0,Mono R Burn,Bonkarooni,125 tix,$ 419,241932,2014-08-03,Modern Premier #7332812,modern,modern-premier-7332812,modern-premier-7332812-2014-08-03
10,2,Searing Blaze,,Spells,6,0,Mono R Burn,Bonkarooni,125 tix,$ 419,241932,2014-08-03,Modern Premier #7332812,modern,modern-premier-7332812,modern-premier-7332812-2014-08-03
11,3,Searing Blood,,Spells,6,0,Mono R Burn,Bonkarooni,125 tix,$ 419,241932,2014-08-03,Modern Premier #7332812,modern,modern-premier-7332812,modern-premier-7332812-2014-08-03
12,2,Skullcrack,,Spells,6,0,Mono R Burn,Bonkarooni,125 tix,$ 419,241932,2014-08-03,Modern Premier #7332812,modern,modern-premier-7332812,modern-premier-7332812-2014-08-03
13,4,Rift Bolt,,Spells,6,0,Mono R Burn,Bonkarooni,125 tix,$ 419,241932,2014-08-03,Modern Premier #7332812,modern,modern-premier-7332812,modern-premier-7332812-2014-08-03
15,2,Shrine of Burning Rage,,Artifacts,6,0,Mono R Burn,Bonkarooni,125 tix,$ 419,241932,2014-08-03,Modern Premier #7332812,modern,modern-premier-7332812,modern-premier-7332812-2014-08-03
17,4,Arid Mesa,,Lands,6,0,Mono R Burn,Bonkarooni,125 tix,$ 419,241932,2014-08-03,Modern Premier #7332812,modern,modern-premier-7332812,modern-premier-7332812-2014-08-03
18,16,Mountain,,Lands,6,0,Mono R Burn,Bonkarooni,125 tix,$ 419,241932,2014-08-03,Modern Premier #7332812,modern,modern-premier-7332812,modern-premier-7332812-2014-08-03
20,2,Mogg Fanatic,,Sideboard,6,0,Mono R Burn,Bonkarooni,125 tix,$ 419,241932,2014-08-03,Modern Premier #7332812,modern,modern-premier-7332812,modern-premier-7332812-2014-08-03
21,3,Shattering Spree,,Sideboard,6,0,Mono R Burn,Bonkarooni,125 tix,$ 419,241932,2014-08-03,Modern Premier #7332812,modern,modern-premier-7332812,modern-premier-7332812-2014-08-03
22,3,Hellspark Elemental,,Sideboard,6,0,Mono R Burn,Bonkarooni,125 tix,$ 419,241932,2014-08-03,Modern Premier #7332812,modern,modern-premier-7332812,modern-premier-7332812-2014-08-03
23,1,Searing Blaze,,Sideboard,6,0,Mono R Burn,Bonkarooni,125 tix,$ 419,241932,2014-08-03,Modern Premier #7332812,modern,modern-premier-7332812,modern-premier-7332812-2014-08-03
24,1,Searing Blood,,Sideboard,6,0,Mono R Burn,Bonkarooni,125 tix,$ 419,241932,2014-08-03,Modern Premier #7332812,modern,modern-premier-7332812,modern-premier-7332812-2014-08-03
25,2,Skullcrack,,Sideboard,6,0,Mono R Burn,Bonkarooni,125 tix,$ 419,241932,2014-08-03,Modern Premier #7332812,modern,modern-premier-7332812,modern-premier-7332812-2014-08-03
1,4,Dark Confidant,,Creatures,5,1,Junk,dancingjesus102,580 tix,"$ 1,891",241935,2014-08-03,Modern Premier #7332812,modern,modern-premier-7332812,modern-premier-7332812-2014-08-03
2,3,Scavenging Ooze,,Creatures,5,1,Junk,dancingjesus102,580 tix,"$ 1,891",241935,2014-08-03,Modern Premier #7332812,modern,modern-premier-7332812,modern-premier-7332812-2014-08-03
3,4,Tarmogoyf,,Creatures,5,1,Junk,dancingjesus102,580 tix,"$ 1,891",241935,2014-08-03,Modern Premier #7332812,modern,modern-premier-7332812,modern-premier-7332812-2014-08-03
5,3,Liliana of the Veil,,Planeswalkers,5,1,Junk,dancingjesus102,580 tix,"$ 1,891",241935,2014-08-03,Modern Premier #7332812,modern,modern-premier-7332812,modern-premier-7332812-2014-08-03
6,1,Garruk Wildspeaker,,Planeswalkers,5,1,Junk,dancingjesus102,580 tix,"$ 1,891",241935,2014-08-03,Modern Premier #7332812,modern,modern-premier-7332812,modern-premier-7332812-2014-08-03
8,1,Slaughter Pact,,Spells,5,1,Junk,dancingjesus102,580 tix,"$ 1,891",241935,2014-08-03,Modern Premier #7332812,modern,modern-premier-7332812,modern-premier-7332812-2014-08-03
9,3,Inquisition of Kozilek,,Spells,5,1,Junk,dancingjesus102,580 tix,"$ 1,891",241935,2014-08-03,Modern Premier #7332812,modern,modern-premier-7332812,modern-premier-7332812-2014-08-03
10,4,Thoughtseize,,Spells,5,1,Junk,dancingjesus102,580 tix,"$ 1,891",241935,2014-08-03,Modern Premier #7332812,modern,modern-premier-7332812,modern-premier-7332812-2014-08-03
11,4,Abrupt Decay,,Spells,5,1,Junk,dancingjesus102,580 tix,"$ 1,891",241935,2014-08-03,Modern Premier #7332812,modern,modern-premier-7332812,modern-premier-7332812-2014-08-03
12,2,Dismember,,Spells,5,1,Junk,dancingjesus102,580 tix,"$ 1,891",241935,2014-08-03,Modern Premier #7332812,modern,modern-premier-7332812,modern-premier-7332812-2014-08-03
13,4,Lingering Souls,,Spells,5,1,Junk,dancingjesus102,580 tix,"$ 1,891",241935,2014-08-03,Modern Premier #7332812,modern,modern-premier-7332812,modern-premier-7332812-2014-08-03
14,2,Maelstrom Pulse,,Spells,5,1,Junk,dancingjesus102,580 tix,"$ 1,891",241935,2014-08-03,Modern Premier #7332812,modern,modern-premier-7332812,modern-premier-7332812-2014-08-03
16,1,Forest,,Lands,5,1,Junk,dancingjesus102,580 tix,"$ 1,891",241935,2014-08-03,Modern Premier #7332812,modern,modern-premier-7332812,modern-premier-7332812-2014-08-03
17,1,Godless Shrine,,Lands,5,1,Junk,dancingjesus102,580 tix,"$ 1,891",241935,2014-08-03,Modern Premier #7332812,modern,modern-premier-7332812,modern-premier-7332812-2014-08-03
18,4,Marsh Flats,,Lands,5,1,Junk,dancingjesus102,580 tix,"$ 1,891",241935,2014-08-03,Modern Premier #7332812,modern,modern-premier-7332812,modern-premier-7332812-2014-08-03
19,2,Overgrown Tomb,,Lands,5,1,Junk,dancingjesus102,580 tix,"$ 1,891",241935,2014-08-03,Modern Premier #7332812,modern,modern-premier-7332812,modern-premier-7332812-2014-08-03
20,2,Stirring Wildwood,,Lands,5,1,Junk,dancingjesus102,580 tix,"$ 1,891",241935,2014-08-03,Modern Premier #7332812,modern,modern-premier-7332812,modern-premier-7332812-2014-08-03
21,2,Swamp,,Lands,5,1,Junk,dancingjesus102,580 tix,"$ 1,891",241935,2014-08-03,Modern Premier #7332812,modern,modern-premier-7332812,modern-premier-7332812-2014-08-03
22,4,Tectonic Edge,,Lands,5,1,Junk,dancingjesus102,580 tix,"$ 1,891",241935,2014-08-03,Modern Premier #7332812,modern,modern-premier-7332812,modern-premier-7332812-2014-08-03
23,1,Temple Garden,,Lands,5,1,Junk,dancingjesus102,580 tix,"$ 1,891",241935,2014-08-03,Modern Premier #7332812,modern,modern-premier-7332812,modern-premier-7332812-2014-08-03
24,2,Treetop Village,,Lands,5,1,Junk,dancingjesus102,580 tix,"$ 1,891",241935,2014-08-03,Modern Premier #7332812,modern,modern-premier-7332812,modern-premier-7332812-2014-08-03
25,1,Twilight Mire,,Lands,5,1,Junk,dancingjesus102,580 tix,"$ 1,891",241935,2014-08-03,Modern Premier #7332812,modern,modern-premier-7332812,modern-premier-7332812-2014-08-03
26,1,"Urborg, Tomb of Yawgmoth",,Lands,5,1,Junk,dancingjesus102,580 tix,"$ 1,891",241935,2014-08-03,Modern Premier #7332812,modern,modern-premier-7332812,modern-premier-7332812-2014-08-03
27,4,Verdant Catacombs,,Lands,5,1,Junk,dancingjesus102,580 tix,"$ 1,891",241935,2014-08-03,Modern Premier #7332812,modern,modern-premier-7332812,modern-premier-7332812-2014-08-03
29,1,Engineered Explosives,,Sideboard,5,1,Junk,dancingjesus102,580 tix,"$ 1,891",241935,2014-08-03,Modern Premier #7332812,modern,modern-premier-7332812,modern-premier-7332812-2014-08-03
30,2,Grafdigger's Cage,,Sideboard,5,1,Junk,dancingjesus102,580 tix,"$ 1,891",241935,2014-08-03,Modern Premier #7332812,modern,modern-premier-7332812,modern-premier-7332812-2014-08-03
31,2,Seal of Primordium,,Sideboard,5,1,Junk,dancingjesus102,580 tix,"$ 1,891",241935,2014-08-03,Modern Premier #7332812,modern,modern-premier-7332812,modern-premier-7332812-2014-08-03
32,2,Stony Silence,,Sideboard,5,1,Junk,dancingjesus102,580 tix,"$ 1,891",241935,2014-08-03,Modern Premier #7332812,modern,modern-premier-7332812,modern-premier-7332812-2014-08-03
33,3,Fulminator Mage,,Sideboard,5,1,Junk,dancingjesus102,580 tix,"$ 1,891",241935,2014-08-03,Modern Premier #7332812,modern,modern-premier-7332812,modern-premier-7332812-2014-08-03
34,2,Creeping Corrosion,,Sideboard,5,1,Junk,dancingjesus102,580 tix,"$ 1,891",241935,2014-08-03,Modern Premier #7332812,modern,modern-premier-7332812,modern-premier-7332812-2014-08-03
35,2,Obstinate Baloth,,Sideboard,5,1,Junk,dancingjesus102,580 tix,"$ 1,891",241935,2014-08-03,Modern Premier #7332812,modern,modern-premier-7332812,modern-premier-7332812-2014-08-03
36,1,Batterskull,,Sideboard,5,1,Junk,dancingjesus102,580 tix,"$ 1,891",241935,2014-08-03,Modern Premier #7332812,modern,modern-premier-7332812,modern-premier-7332812-2014-08-03
1,1,Cosi's Trickster,,Creatures,5,1,Merfolk,YepImNaked,162 tix,$ 426,241934,2014-08-03,Modern Premier #7332812,modern,modern-premier-7332812,modern-premier-7332812-2014-08-03
2,4,Cursecatcher,,Creatures,5,1,Merfolk,YepImNaked,162 tix,$ 426,241934,2014-08-03,Modern Premier #7332812,modern,modern-premier-7332812,modern-premier-7332812-2014-08-03
3,4,Lord of Atlantis,,Creatures,5,1,Merfolk,YepImNaked,162 tix,$ 426,241934,2014-08-03,Modern Premier #7332812,modern,modern-premier-7332812,modern-premier-7332812-2014-08-03
4,4,Master of the Pearl Trident,,Creatures,5,1,Merfolk,YepImNaked,162 tix,$ 426,241934,2014-08-03,Modern Premier #7332812,modern,modern-premier-7332812,modern-premier-7332812-2014-08-03
5,2,Phantasmal Image,,Creatures,5,1,Merfolk,YepImNaked,162 tix,$ 426,241934,2014-08-03,Modern Premier #7332812,modern,modern-premier-7332812,modern-premier-7332812-2014-08-03
6,4,Silvergill Adept,,Creatures,5,1,Merfolk,YepImNaked,162 tix,$ 426,241934,2014-08-03,Modern Premier #7332812,modern,modern-premier-7332812,modern-premier-7332812-2014-08-03
7,2,Merrow Reejerey,,Creatures,5,1,Merfolk,YepImNaked,162 tix,$ 426,241934,2014-08-03,Modern Premier #7332812,modern,modern-premier-7332812,modern-premier-7332812-2014-08-03
8,2,"Thassa, God of the Sea",,Creatures,5,1,Merfolk,YepImNaked,162 tix,$ 426,241934,2014-08-03,Modern Premier #7332812,modern,modern-premier-7332812,modern-premier-7332812-2014-08-03
9,2,Master of Waves,,Creatures,5,1,Merfolk,YepImNaked,162 tix,$ 426,241934,2014-08-03,Modern Premier #7332812,modern,modern-premier-7332812,modern-premier-7332812-2014-08-03
11,3,Spell Pierce,,Spells,5,1,Merfolk,YepImNaked,162 tix,$ 426,241934,2014-08-03,Modern Premier #7332812,modern,modern-premier-7332812,modern-premier-7332812-2014-08-03
12,4,Vapor Snag,,Spells,5,1,Merfolk,YepImNaked,162 tix,$ 426,241934,2014-08-03,Modern Premier #7332812,modern,modern-premier-7332812,modern-premier-7332812-2014-08-03
14,4,Aether Vial,,Artifacts,5,1,Merfolk,YepImNaked,162 tix,$ 426,241934,2014-08-03,Modern Premier #7332812,modern,modern-premier-7332812,modern-premier-7332812-2014-08-03
16,3,Spreading Seas,,Enchantments,5,1,Merfolk,YepImNaked,162 tix,$ 426,241934,2014-08-03,Modern Premier #7332812,modern,modern-premier-7332812,modern-premier-7332812-2014-08-03
18,17,Island,,Lands,5,1,Merfolk,YepImNaked,162 tix,$ 426,241934,2014-08-03,Modern Premier #7332812,modern,modern-premier-7332812,modern-premier-7332812-2014-08-03
19,3,Mutavault,,Lands,5,1,Merfolk,YepImNaked,162 tix,$ 426,241934,2014-08-03,Modern Premier #7332812,modern,modern-premier-7332812,modern-premier-7332812-2014-08-03
20,1,Tectonic Edge,,Lands,5,1,Merfolk,YepImNaked,162 tix,$ 426,241934,2014-08-03,Modern Premier #7332812,modern,modern-premier-7332812,modern-premier-7332812-2014-08-03
22,2,Chalice of the Void,,Sideboard,5,1,Merfolk,YepImNaked,162 tix,$ 426,241934,2014-08-03,Modern Premier #7332812,modern,modern-premier-7332812,modern-premier-7332812-2014-08-03
23,1,Tectonic Edge,,Sideboard,5,1,Merfolk,YepImNaked,162 tix,$ 426,241934,2014-08-03,Modern Premier #7332812,modern,modern-premier-7332812,modern-premier-7332812-2014-08-03
24,1,Annul,,Sideboard,5,1,Merfolk,YepImNaked,162 tix,$ 426,241934,2014-08-03,Modern Premier #7332812,modern,modern-premier-7332812,modern-premier-7332812-2014-08-03
25,2,Relic of Progenitus,,Sideboard,5,1,Merfolk,YepImNaked,162 tix,$ 426,241934,2014-08-03,Modern Premier #7332812,modern,modern-premier-7332812,modern-premier-7332812-2014-08-03
26,2,Steel Sabotage,,Sideboard,5,1,Merfolk,YepImNaked,162 tix,$ 426,241934,2014-08-03,Modern Premier #7332812,modern,modern-premier-7332812,modern-premier-7332812-2014-08-03
27,2,Swan Song,,Sideboard,5,1,Merfolk,YepImNaked,162 tix,$ 426,241934,2014-08-03,Modern Premier #7332812,modern,modern-premier-7332812,modern-premier-7332812-2014-08-03
28,1,Deprive,,Sideboard,5,1,Merfolk,YepImNaked,162 tix,$ 426,241934,2014-08-03,Modern Premier #7332812,modern,modern-premier-7332812,modern-premier-7332812-2014-08-03
29,2,Echoing Truth,,Sideboard,5,1,Merfolk,YepImNaked,162 tix,$ 426,241934,2014-08-03,Modern Premier #7332812,modern,modern-premier-7332812,modern-premier-7332812-2014-08-03
30,1,Spreading Seas,,Sideboard,5,1,Merfolk,YepImNaked,162 tix,$ 426,241934,2014-08-03,Modern Premier #7332812,modern,modern-premier-7332812,modern-premier-7332812-2014-08-03
31,1,Unified Will,,Sideboard,5,1,Merfolk,YepImNaked,162 tix,$ 426,241934,2014-08-03,Modern Premier #7332812,modern,modern-premier-7332812,modern-premier-7332812-2014-08-03
1,4,Delver of Secrets,,Creatures,4,2,Blue Moon,MayoDominaria,411 tix,"$ 1,512",241939,2014-08-03,Modern Premier #7332812,modern,modern-premier-7332812,modern-premier-7332812-2014-08-03
2,4,Snapcaster Mage,,Creatures,4,2,Blue Moon,MayoDominaria,411 tix,"$ 1,512",241939,2014-08-03,Modern Premier #7332812,modern,modern-premier-7332812,modern-premier-7332812-2014-08-03
3,4,Tarmogoyf,,Creatures,4,2,Blue Moon,MayoDominaria,411 tix,"$ 1,512",241939,2014-08-03,Modern Premier #7332812,modern,modern-premier-7332812,modern-premier-7332812-2014-08-03
4,3,Vendilion Clique,,Creatures,4,2,Blue Moon,MayoDominaria,411 tix,"$ 1,512",241939,2014-08-03,Modern Premier #7332812,modern,modern-premier-7332812,modern-premier-7332812-2014-08-03
6,2,Flame Slash,,Spells,4,2,Blue Moon,MayoDominaria,411 tix,"$ 1,512",241939,2014-08-03,Modern Premier #7332812,modern,modern-premier-7332812,modern-premier-7332812-2014-08-03
7,4,Lightning Bolt,,Spells,4,2,Blue Moon,MayoDominaria,411 tix,"$ 1,512",241939,2014-08-03,Modern Premier #7332812,modern,modern-premier-7332812,modern-premier-7332812-2014-08-03
8,4,Serum Visions,,Spells,4,2,Blue Moon,MayoDominaria,411 tix,"$ 1,512",241939,2014-08-03,Modern Premier #7332812,modern,modern-premier-7332812,modern-premier-7332812-2014-08-03
9,2,Spell Snare,,Spells,4,2,Blue Moon,MayoDominaria,411 tix,"$ 1,512",241939,2014-08-03,Modern Premier #7332812,modern,modern-premier-7332812,modern-premier-7332812-2014-08-03
10,3,Mana Leak,,Spells,4,2,Blue Moon,MayoDominaria,411 tix,"$ 1,512",241939,2014-08-03,Modern Premier #7332812,modern,modern-premier-7332812,modern-premier-7332812-2014-08-03
11,3,Remand,,Spells,4,2,Blue Moon,MayoDominaria,411 tix,"$ 1,512",241939,2014-08-03,Modern Premier #7332812,modern,modern-premier-7332812,modern-premier-7332812-2014-08-03
12,2,Electrolyze,,Spells,4,2,Blue Moon,MayoDominaria,411 tix,"$ 1,512",241939,2014-08-03,Modern Premier #7332812,modern,modern-premier-7332812,modern-premier-7332812-2014-08-03
13,2,Cryptic Command,,Spells,4,2,Blue Moon,MayoDominaria,411 tix,"$ 1,512",241939,2014-08-03,Modern Premier #7332812,modern,modern-premier-7332812,modern-premier-7332812-2014-08-03
15,2,Vedalken Shackles,,Artifacts,4,2,Blue Moon,MayoDominaria,411 tix,"$ 1,512",241939,2014-08-03,Modern Premier #7332812,modern,modern-premier-7332812,modern-premier-7332812-2014-08-03
17,2,Breeding Pool,,Lands,4,2,Blue Moon,MayoDominaria,411 tix,"$ 1,512",241939,2014-08-03,Modern Premier #7332812,modern,modern-premier-7332812,modern-premier-7332812-2014-08-03
18,1,Forest,,Lands,4,2,Blue Moon,MayoDominaria,411 tix,"$ 1,512",241939,2014-08-03,Modern Premier #7332812,modern,modern-premier-7332812,modern-premier-7332812-2014-08-03
19,6,Island,,Lands,4,2,Blue Moon,MayoDominaria,411 tix,"$ 1,512",241939,2014-08-03,Modern Premier #7332812,modern,modern-premier-7332812,modern-premier-7332812-2014-08-03
20,3,Misty Rainforest,,Lands,4,2,Blue Moon,MayoDominaria,411 tix,"$ 1,512",241939,2014-08-03,Modern Premier #7332812,modern,modern-premier-7332812,modern-premier-7332812-2014-08-03
21,1,Mountain,,Lands,4,2,Blue Moon,MayoDominaria,411 tix,"$ 1,512",241939,2014-08-03,Modern Premier #7332812,modern,modern-premier-7332812,modern-premier-7332812-2014-08-03
22,4,Scalding Tarn,,Lands,4,2,Blue Moon,MayoDominaria,411 tix,"$ 1,512",241939,2014-08-03,Modern Premier #7332812,modern,modern-premier-7332812,modern-premier-7332812-2014-08-03
23,2,Steam Vents,,Lands,4,2,Blue Moon,MayoDominaria,411 tix,"$ 1,512",241939,2014-08-03,Modern Premier #7332812,modern,modern-premier-7332812,modern-premier-7332812-2014-08-03
24,1,Stomping Ground,,Lands,4,2,Blue Moon,MayoDominaria,411 tix,"$ 1,512",241939,2014-08-03,Modern Premier #7332812,modern,modern-premier-7332812,modern-premier-7332812-2014-08-03
25,1,Verdant Catacombs,,Lands,4,2,Blue Moon,MayoDominaria,411 tix,"$ 1,512",241939,2014-08-03,Modern Premier #7332812,modern,modern-premier-7332812,modern-premier-7332812-2014-08-03
27,2,Grim Lavamancer,,Sideboard,4,2,Blue Moon,MayoDominaria,411 tix,"$ 1,512",241939,2014-08-03,Modern Premier #7332812,modern,modern-premier-7332812,modern-premier-7332812-2014-08-03
28,2,Ancient Grudge,,Sideboard,4,2,Blue Moon,MayoDominaria,411 tix,"$ 1,512",241939,2014-08-03,Modern Premier #7332812,modern,modern-premier-7332812,modern-premier-7332812-2014-08-03
29,3,Negate,,Sideboard,4,2,Blue Moon,MayoDominaria,411 tix,"$ 1,512",241939,2014-08-03,Modern Premier #7332812,modern,modern-premier-7332812,modern-premier-7332812-2014-08-03
30,2,Blood Moon,,Sideboard,4,2,Blue Moon,MayoDominaria,411 tix,"$ 1,512",241939,2014-08-03,Modern Premier #7332812,modern,modern-premier-7332812,modern-premier-7332812-2014-08-03
31,1,Eternal Witness,,Sideboard,4,2,Blue Moon,MayoDominaria,411 tix,"$ 1,512",241939,2014-08-03,Modern Premier #7332812,modern,modern-premier-7332812,modern-premier-7332812-2014-08-03
32,2,Threads of Disloyalty,,Sideboard,4,2,Blue Moon,MayoDominaria,411 tix,"$ 1,512",241939,2014-08-03,Modern Premier #7332812,modern,modern-premier-7332812,modern-premier-7332812-2014-08-03
33,1,"Thrun, the Last Troll",,Sideboard,4,2,Blue Moon,MayoDominaria,411 tix,"$ 1,512",241939,2014-08-03,Modern Premier #7332812,modern,modern-premier-7332812,modern-premier-7332812-2014-08-03
34,1,Batterskull,,Sideboard,4,2,Blue Moon,MayoDominaria,411 tix,"$ 1,512",241939,2014-08-03,Modern Premier #7332812,modern,modern-premier-7332812,modern-premier-7332812-2014-08-03
35,1,"Keranos, God of Storms",,Sideboard,4,2,Blue Moon,MayoDominaria,411 tix,"$ 1,512",241939,2014-08-03,Modern Premier #7332812,modern,modern-premier-7332812,modern-premier-7332812-2014-08-03
1,4,Dark Confidant,,Creatures,4,2,Jund,Boin,620 tix,"$ 2,127",241937,2014-08-03,Modern Premier #7332812,modern,modern-premier-7332812,modern-premier-7332812-2014-08-03
2,2,Scavenging Ooze,,Creatures,4,2,Jund,Boin,620 tix,"$ 2,127",241937,2014-08-03,Modern Premier #7332812,modern,modern-premier-7332812,modern-premier-7332812-2014-08-03
3,4,Tarmogoyf,,Creatures,4,2,Jund,Boin,620 tix,"$ 2,127",241937,2014-08-03,Modern Premier #7332812,modern,modern-premier-7332812,modern-premier-7332812-2014-08-03
4,2,Courser of Kruphix,,Creatures,4,2,Jund,Boin,620 tix,"$ 2,127",241937,2014-08-03,Modern Premier #7332812,modern,modern-premier-7332812,modern-premier-7332812-2014-08-03
6,3,Liliana of the Veil,,Planeswalkers,4,2,Jund,Boin,620 tix,"$ 2,127",241937,2014-08-03,Modern Premier #7332812,modern,modern-premier-7332812,modern-premier-7332812-2014-08-03
7,2,"Chandra, Pyromaster",,Planeswalkers,4,2,Jund,Boin,620 tix,"$ 2,127",241937,2014-08-03,Modern Premier #7332812,modern,modern-premier-7332812,modern-premier-7332812-2014-08-03
9,4,Inquisition of Kozilek,,Spells,4,2,Jund,Boin,620 tix,"$ 2,127",241937,2014-08-03,Modern Premier #7332812,modern,modern-premier-7332812,modern-premier-7332812-2014-08-03
10,4,Lightning Bolt,,Spells,4,2,Jund,Boin,620 tix,"$ 2,127",241937,2014-08-03,Modern Premier #7332812,modern,modern-premier-7332812,modern-premier-7332812-2014-08-03
11,2,Thoughtseize,,Spells,4,2,Jund,Boin,620 tix,"$ 2,127",241937,2014-08-03,Modern Premier #7332812,modern,modern-premier-7332812,modern-premier-7332812-2014-08-03
12,4,Abrupt Decay,,Spells,4,2,Jund,Boin,620 tix,"$ 2,127",241937,2014-08-03,Modern Premier #7332812,modern,modern-premier-7332812,modern-premier-7332812-2014-08-03
13,2,Terminate,,Spells,4,2,Jund,Boin,620 tix,"$ 2,127",241937,2014-08-03,Modern Premier #7332812,modern,modern-premier-7332812,modern-premier-7332812-2014-08-03
14,2,Anger of the Gods,,Spells,4,2,Jund,Boin,620 tix,"$ 2,127",241937,2014-08-03,Modern Premier #7332812,modern,modern-premier-7332812,modern-premier-7332812-2014-08-03
15,1,Maelstrom Pulse,,Spells,4,2,Jund,Boin,620 tix,"$ 2,127",241937,2014-08-03,Modern Premier #7332812,modern,modern-premier-7332812,modern-premier-7332812-2014-08-03
17,4,Blackcleave Cliffs,,Lands,4,2,Jund,Boin,620 tix,"$ 2,127",241937,2014-08-03,Modern Premier #7332812,modern,modern-premier-7332812,modern-premier-7332812-2014-08-03
18,1,Blood Crypt,,Lands,4,2,Jund,Boin,620 tix,"$ 2,127",241937,2014-08-03,Modern Premier #7332812,modern,modern-premier-7332812,modern-premier-7332812-2014-08-03
19,1,Graven Cairns,,Lands,4,2,Jund,Boin,620 tix,"$ 2,127",241937,2014-08-03,Modern Premier #7332812,modern,modern-premier-7332812,modern-premier-7332812-2014-08-03
20,1,Grove of the Burnwillows,,Lands,4,2,Jund,Boin,620 tix,"$ 2,127",241937,2014-08-03,Modern Premier #7332812,modern,modern-premier-7332812,modern-premier-7332812-2014-08-03
21,2,Marsh Flats,,Lands,4,2,Jund,Boin,620 tix,"$ 2,127",241937,2014-08-03,Modern Premier #7332812,modern,modern-premier-7332812,modern-premier-7332812-2014-08-03
22,1,Misty Rainforest,,Lands,4,2,Jund,Boin,620 tix,"$ 2,127",241937,2014-08-03,Modern Premier #7332812,modern,modern-premier-7332812,modern-premier-7332812-2014-08-03
23,1,Overgrown Tomb,,Lands,4,2,Jund,Boin,620 tix,"$ 2,127",241937,2014-08-03,Modern Premier #7332812,modern,modern-premier-7332812,modern-premier-7332812-2014-08-03
24,4,Raging Ravine,,Lands,4,2,Jund,Boin,620 tix,"$ 2,127",241937,2014-08-03,Modern Premier #7332812,modern,modern-premier-7332812,modern-premier-7332812-2014-08-03
25,2,Snow-Covered Forest,,Lands,4,2,Jund,Boin,620 tix,"$ 2,127",241937,2014-08-03,Modern Premier #7332812,modern,modern-premier-7332812,modern-premier-7332812-2014-08-03
26,2,Snow-Covered Swamp,,Lands,4,2,Jund,Boin,620 tix,"$ 2,127",241937,2014-08-03,Modern Premier #7332812,modern,modern-premier-7332812,modern-premier-7332812-2014-08-03
27,1,Stomping Ground,,Lands,4,2,Jund,Boin,620 tix,"$ 2,127",241937,2014-08-03,Modern Premier #7332812,modern,modern-premier-7332812,modern-premier-7332812-2014-08-03
28,4,Verdant Catacombs,,Lands,4,2,Jund,Boin,620 tix,"$ 2,127",241937,2014-08-03,Modern Premier #7332812,modern,modern-premier-7332812,modern-premier-7332812-2014-08-03
30,2,Engineered Explosives,,Sideboard,4,2,Jund,Boin,620 tix,"$ 2,127",241937,2014-08-03,Modern Premier #7332812,modern,modern-premier-7332812,modern-premier-7332812-2014-08-03
31,2,Ancient Grudge,,Sideboard,4,2,Jund,Boin,620 tix,"$ 2,127",241937,2014-08-03,Modern Premier #7332812,modern,modern-premier-7332812,modern-premier-7332812-2014-08-03
32,2,Unravel the Aether,,Sideboard,4,2,Jund,Boin,620 tix,"$ 2,127",241937,2014-08-03,Modern Premier #7332812,modern,modern-premier-7332812,modern-premier-7332812-2014-08-03
33,2,Anger of the Gods,,Sideboard,4,2,Jund,Boin,620 tix,"$ 2,127",241937,2014-08-03,Modern Premier #7332812,modern,modern-premier-7332812,modern-premier-7332812-2014-08-03
34,2,Fulminator Mage,,Sideboard,4,2,Jund,Boin,620 tix,"$ 2,127",241937,2014-08-03,Modern Premier #7332812,modern,modern-premier-7332812,modern-premier-7332812-2014-08-03
35,1,Olivia Voldaren,,Sideboard,4,2,Jund,Boin,620 tix,"$ 2,127",241937,2014-08-03,Modern Premier #7332812,modern,modern-premier-7332812,modern-premier-7332812-2014-08-03
36,1,Shatterstorm,,Sideboard,4,2,Jund,Boin,620 tix,"$ 2,127",241937,2014-08-03,Modern Premier #7332812,modern,modern-premier-7332812,modern-premier-7332812-2014-08-03
37,1,Sowing Salt,,Sideboard,4,2,Jund,Boin,620 tix,"$ 2,127",241937,2014-08-03,Modern Premier #7332812,modern,modern-premier-7332812,modern-premier-7332812-2014-08-03
38,1,"Thrun, the Last Troll",,Sideboard,4,2,Jund,Boin,620 tix,"$ 2,127",241937,2014-08-03,Modern Premier #7332812,modern,modern-premier-7332812,modern-premier-7332812-2014-08-03
39,1,Batterskull,,Sideboard,4,2,Jund,Boin,620 tix,"$ 2,127",241937,2014-08-03,Modern Premier #7332812,modern,modern-premier-7332812,modern-premier-7332812-2014-08-03
1,4,Dark Confidant,,Creatures,4,2,Jund,GMKiller,619 tix,"$ 2,130",241938,2014-08-03,Modern Premier #7332812,modern,modern-premier-7332812,modern-premier-7332812-2014-08-03
2,3,Scavenging Ooze,,Creatures,4,2,Jund,GMKiller,619 tix,"$ 2,130",241938,2014-08-03,Modern Premier #7332812,modern,modern-premier-7332812,modern-premier-7332812-2014-08-03
3,4,Tarmogoyf,,Creatures,4,2,Jund,GMKiller,619 tix,"$ 2,130",241938,2014-08-03,Modern Premier #7332812,modern,modern-premier-7332812,modern-premier-7332812-2014-08-03
4,2,Huntmaster of the Fells,,Creatures,4,2,Jund,GMKiller,619 tix,"$ 2,130",241938,2014-08-03,Modern Premier #7332812,modern,modern-premier-7332812,modern-premier-7332812-2014-08-03
6,4,Liliana of the Veil,,Planeswalkers,4,2,Jund,GMKiller,619 tix,"$ 2,130",241938,2014-08-03,Modern Premier #7332812,modern,modern-premier-7332812,modern-premier-7332812-2014-08-03
7,1,"Chandra, Pyromaster",,Planeswalkers,4,2,Jund,GMKiller,619 tix,"$ 2,130",241938,2014-08-03,Modern Premier #7332812,modern,modern-premier-7332812,modern-premier-7332812-2014-08-03
9,1,Slaughter Pact,,Spells,4,2,Jund,GMKiller,619 tix,"$ 2,130",241938,2014-08-03,Modern Premier #7332812,modern,modern-premier-7332812,modern-premier-7332812-2014-08-03
10,3,Inquisition of Kozilek,,Spells,4,2,Jund,GMKiller,619 tix,"$ 2,130",241938,2014-08-03,Modern Premier #7332812,modern,modern-premier-7332812,modern-premier-7332812-2014-08-03
11,4,Lightning Bolt,,Spells,4,2,Jund,GMKiller,619 tix,"$ 2,130",241938,2014-08-03,Modern Premier #7332812,modern,modern-premier-7332812,modern-premier-7332812-2014-08-03
12,4,Thoughtseize,,Spells,4,2,Jund,GMKiller,619 tix,"$ 2,130",241938,2014-08-03,Modern Premier #7332812,modern,modern-premier-7332812,modern-premier-7332812-2014-08-03
13,3,Abrupt Decay,,Spells,4,2,Jund,GMKiller,619 tix,"$ 2,130",241938,2014-08-03,Modern Premier #7332812,modern,modern-premier-7332812,modern-premier-7332812-2014-08-03
14,1,Terminate,,Spells,4,2,Jund,GMKiller,619 tix,"$ 2,130",241938,2014-08-03,Modern Premier #7332812,modern,modern-premier-7332812,modern-premier-7332812-2014-08-03
15,1,Jund Charm,,Spells,4,2,Jund,GMKiller,619 tix,"$ 2,130",241938,2014-08-03,Modern Premier #7332812,modern,modern-premier-7332812,modern-premier-7332812-2014-08-03
16,1,Maelstrom Pulse,,Spells,4,2,Jund,GMKiller,619 tix,"$ 2,130",241938,2014-08-03,Modern Premier #7332812,modern,modern-premier-7332812,modern-premier-7332812-2014-08-03
18,4,Blackcleave Cliffs,,Lands,4,2,Jund,GMKiller,619 tix,"$ 2,130",241938,2014-08-03,Modern Premier #7332812,modern,modern-premier-7332812,modern-premier-7332812-2014-08-03
19,1,Blood Crypt,,Lands,4,2,Jund,GMKiller,619 tix,"$ 2,130",241938,2014-08-03,Modern Premier #7332812,modern,modern-premier-7332812,modern-premier-7332812-2014-08-03
20,1,Forest,,Lands,4,2,Jund,GMKiller,619 tix,"$ 2,130",241938,2014-08-03,Modern Premier #7332812,modern,modern-premier-7332812,modern-premier-7332812-2014-08-03
21,1,Grove of the Burnwillows,,Lands,4,2,Jund,GMKiller,619 tix,"$ 2,130",241938,2014-08-03,Modern Premier #7332812,modern,modern-premier-7332812,modern-premier-7332812-2014-08-03
22,2,Marsh Flats,,Lands,4,2,Jund,GMKiller,619 tix,"$ 2,130",241938,2014-08-03,Modern Premier #7332812,modern,modern-premier-7332812,modern-premier-7332812-2014-08-03
23,1,Misty Rainforest,,Lands,4,2,Jund,GMKiller,619 tix,"$ 2,130",241938,2014-08-03,Modern Premier #7332812,modern,modern-premier-7332812,modern-premier-7332812-2014-08-03
24,2,Overgrown Tomb,,Lands,4,2,Jund,GMKiller,619 tix,"$ 2,130",241938,2014-08-03,Modern Premier #7332812,modern,modern-premier-7332812,modern-premier-7332812-2014-08-03
25,3,Raging Ravine,,Lands,4,2,Jund,GMKiller,619 tix,"$ 2,130",241938,2014-08-03,Modern Premier #7332812,modern,modern-premier-7332812,modern-premier-7332812-2014-08-03
26,1,Stomping Ground,,Lands,4,2,Jund,GMKiller,619 tix,"$ 2,130",241938,2014-08-03,Modern Premier #7332812,modern,modern-premier-7332812,modern-premier-7332812-2014-08-03
27,2,Swamp,,Lands,4,2,Jund,GMKiller,619 tix,"$ 2,130",241938,2014-08-03,Modern Premier #7332812,modern,modern-premier-7332812,modern-premier-7332812-2014-08-03
28,1,Treetop Village,,Lands,4,2,Jund,GMKiller,619 tix,"$ 2,130",241938,2014-08-03,Modern Premier #7332812,modern,modern-premier-7332812,modern-premier-7332812-2014-08-03
29,1,Twilight Mire,,Lands,4,2,Jund,GMKiller,619 tix,"$ 2,130",241938,2014-08-03,Modern Premier #7332812,modern,modern-premier-7332812,modern-premier-7332812-2014-08-03
30,4,Verdant Catacombs,,Lands,4,2,Jund,GMKiller,619 tix,"$ 2,130",241938,2014-08-03,Modern Premier #7332812,modern,modern-premier-7332812,modern-premier-7332812-2014-08-03
32,1,Grafdigger's Cage,,Sideboard,4,2,Jund,GMKiller,619 tix,"$ 2,130",241938,2014-08-03,Modern Premier #7332812,modern,modern-premier-7332812,modern-premier-7332812-2014-08-03
33,2,Ancient Grudge,,Sideboard,4,2,Jund,GMKiller,619 tix,"$ 2,130",241938,2014-08-03,Modern Premier #7332812,modern,modern-premier-7332812,modern-premier-7332812-2014-08-03
34,1,Rakdos Charm,,Sideboard,4,2,Jund,GMKiller,619 tix,"$ 2,130",241938,2014-08-03,Modern Premier #7332812,modern,modern-premier-7332812,modern-premier-7332812-2014-08-03
35,3,Anger of the Gods,,Sideboard,4,2,Jund,GMKiller,619 tix,"$ 2,130",241938,2014-08-03,Modern Premier #7332812,modern,modern-premier-7332812,modern-premier-7332812-2014-08-03
36,1,Bow of Nylea,,Sideboard,4,2,Jund,GMKiller,619 tix,"$ 2,130",241938,2014-08-03,Modern Premier #7332812,modern,modern-premier-7332812,modern-premier-7332812-2014-08-03
37,3,Fulminator Mage,,Sideboard,4,2,Jund,GMKiller,619 tix,"$ 2,130",241938,2014-08-03,Modern Premier #7332812,modern,modern-premier-7332812,modern-premier-7332812-2014-08-03
38,1,Shatterstorm,,Sideboard,4,2,Jund,GMKiller,619 tix,"$ 2,130",241938,2014-08-03,Modern Premier #7332812,modern,modern-premier-7332812,modern-premier-7332812-2014-08-03
39,1,Slaughter Games,,Sideboard,4,2,Jund,GMKiller,619 tix,"$ 2,130",241938,2014-08-03,Modern Premier #7332812,modern,modern-premier-7332812,modern-premier-7332812-2014-08-03
40,1,Batterskull,,Sideboard,4,2,Jund,GMKiller,619 tix,"$ 2,130",241938,2014-08-03,Modern Premier #7332812,modern,modern-premier-7332812,modern-premier-7332812-2014-08-03
41,1,Thundermaw Hellkite,,Sideboard,4,2,Jund,GMKiller,619 tix,"$ 2,130",241938,2014-08-03,Modern Premier #7332812,modern,modern-premier-7332812,modern-premier-7332812-2014-08-03
1,4,Snapcaster Mage,,Creatures,4,2,Splinter Twin,adamyetter,299 tix,"$ 1,119",241931,2014-08-03,Modern Premier #7332812,modern,modern-premier-7332812,modern-premier-7332812-2014-08-03
2,1,Spellskite,,Creatures,4,2,Splinter Twin,adamyetter,299 tix,"$ 1,119",241931,2014-08-03,Modern Premier #7332812,modern,modern-premier-7332812,modern-premier-7332812-2014-08-03
3,4,Deceiver Exarch,,Creatures,4,2,Splinter Twin,adamyetter,299 tix,"$ 1,119",241931,2014-08-03,Modern Premier #7332812,modern,modern-premier-7332812,modern-premier-7332812-2014-08-03
4,3,Pestermite,,Creatures,4,2,Splinter Twin,adamyetter,299 tix,"$ 1,119",241931,2014-08-03,Modern Premier #7332812,modern,modern-premier-7332812,modern-premier-7332812-2014-08-03
5,1,Vendilion Clique,,Creatures,4,2,Splinter Twin,adamyetter,299 tix,"$ 1,119",241931,2014-08-03,Modern Premier #7332812,modern,modern-premier-7332812,modern-premier-7332812-2014-08-03
6,1,"Kiki-Jiki, Mirror Breaker",,Creatures,4,2,Splinter Twin,adamyetter,299 tix,"$ 1,119",241931,2014-08-03,Modern Premier #7332812,modern,modern-premier-7332812,modern-premier-7332812-2014-08-03
8,2,Dispel,,Spells,4,2,Splinter Twin,adamyetter,299 tix,"$ 1,119",241931,2014-08-03,Modern Premier #7332812,modern,modern-premier-7332812,modern-premier-7332812-2014-08-03
9,4,Lightning Bolt,,Spells,4,2,Splinter Twin,adamyetter,299 tix,"$ 1,119",241931,2014-08-03,Modern Premier #7332812,modern,modern-premier-7332812,modern-premier-7332812-2014-08-03
10,4,Serum Visions,,Spells,4,2,Splinter Twin,adamyetter,299 tix,"$ 1,119",241931,2014-08-03,Modern Premier #7332812,modern,modern-premier-7332812,modern-premier-7332812-2014-08-03
11,1,Swan Song,,Spells,4,2,Splinter Twin,adamyetter,299 tix,"$ 1,119",241931,2014-08-03,Modern Premier #7332812,modern,modern-premier-7332812,modern-premier-7332812-2014-08-03
12,1,Twisted Image,,Spells,4,2,Splinter Twin,adamyetter,299 tix,"$ 1,119",241931,2014-08-03,Modern Premier #7332812,modern,modern-premier-7332812,modern-premier-7332812-2014-08-03
13,1,Izzet Charm,,Spells,4,2,Splinter Twin,adamyetter,299 tix,"$ 1,119",241931,2014-08-03,Modern Premier #7332812,modern,modern-premier-7332812,modern-premier-7332812-2014-08-03
14,4,Remand,,Spells,4,2,Splinter Twin,adamyetter,299 tix,"$ 1,119",241931,2014-08-03,Modern Premier #7332812,modern,modern-premier-7332812,modern-premier-7332812-2014-08-03
15,2,Cryptic Command,,Spells,4,2,Splinter Twin,adamyetter,299 tix,"$ 1,119",241931,2014-08-03,Modern Premier #7332812,modern,modern-premier-7332812,modern-premier-7332812-2014-08-03
17,4,Splinter Twin,,Enchantments,4,2,Splinter Twin,adamyetter,299 tix,"$ 1,119",241931,2014-08-03,Modern Premier #7332812,modern,modern-premier-7332812,modern-premier-7332812-2014-08-03
19,1,Desolate Lighthouse,,Lands,4,2,Splinter Twin,adamyetter,299 tix,"$ 1,119",241931,2014-08-03,Modern Premier #7332812,modern,modern-premier-7332812,modern-premier-7332812-2014-08-03
20,6,Island,,Lands,4,2,Splinter Twin,adamyetter,299 tix,"$ 1,119",241931,2014-08-03,Modern Premier #7332812,modern,modern-premier-7332812,modern-premier-7332812-2014-08-03
21,4,Misty Rainforest,,Lands,4,2,Splinter Twin,adamyetter,299 tix,"$ 1,119",241931,2014-08-03,Modern Premier #7332812,modern,modern-premier-7332812,modern-premier-7332812-2014-08-03
22,1,Mountain,,Lands,4,2,Splinter Twin,adamyetter,299 tix,"$ 1,119",241931,2014-08-03,Modern Premier #7332812,modern,modern-premier-7332812,modern-premier-7332812-2014-08-03
23,4,Scalding Tarn,,Lands,4,2,Splinter Twin,adamyetter,299 tix,"$ 1,119",241931,2014-08-03,Modern Premier #7332812,modern,modern-premier-7332812,modern-premier-7332812-2014-08-03
24,3,Steam Vents,,Lands,4,2,Splinter Twin,adamyetter,299 tix,"$ 1,119",241931,2014-08-03,Modern Premier #7332812,modern,modern-premier-7332812,modern-premier-7332812-2014-08-03
25,1,Stomping Ground,,Lands,4,2,Splinter Twin,adamyetter,299 tix,"$ 1,119",241931,2014-08-03,Modern Premier #7332812,modern,modern-premier-7332812,modern-premier-7332812-2014-08-03
26,3,Sulfur Falls,,Lands,4,2,Splinter Twin,adamyetter,299 tix,"$ 1,119",241931,2014-08-03,Modern Premier #7332812,modern,modern-premier-7332812,modern-premier-7332812-2014-08-03
28,2,Mizzium Skin,,Sideboard,4,2,Splinter Twin,adamyetter,299 tix,"$ 1,119",241931,2014-08-03,Modern Premier #7332812,modern,modern-premier-7332812,modern-premier-7332812-2014-08-03
29,2,Relic of Progenitus,,Sideboard,4,2,Splinter Twin,adamyetter,299 tix,"$ 1,119",241931,2014-08-03,Modern Premier #7332812,modern,modern-premier-7332812,modern-premier-7332812-2014-08-03
30,2,Ancient Grudge,,Sideboard,4,2,Splinter Twin,adamyetter,299 tix,"$ 1,119",241931,2014-08-03,Modern Premier #7332812,modern,modern-premier-7332812,modern-premier-7332812-2014-08-03
31,1,Combust,,Sideboard,4,2,Splinter Twin,adamyetter,299 tix,"$ 1,119",241931,2014-08-03,Modern Premier #7332812,modern,modern-premier-7332812,modern-premier-7332812-2014-08-03
32,1,Negate,,Sideboard,4,2,Splinter Twin,adamyetter,299 tix,"$ 1,119",241931,2014-08-03,Modern Premier #7332812,modern,modern-premier-7332812,modern-premier-7332812-2014-08-03
33,2,Anger of the Gods,,Sideboard,4,2,Splinter Twin,adamyetter,299 tix,"$ 1,119",241931,2014-08-03,Modern Premier #7332812,modern,modern-premier-7332812,modern-premier-7332812-2014-08-03
34,3,Blood Moon,,Sideboard,4,2,Splinter Twin,adamyetter,299 tix,"$ 1,119",241931,2014-08-03,Modern Premier #7332812,modern,modern-premier-7332812,modern-premier-7332812-2014-08-03
35,1,Counterflux,,Sideboard,4,2,Splinter Twin,adamyetter,299 tix,"$ 1,119",241931,2014-08-03,Modern Premier #7332812,modern,modern-premier-7332812,modern-premier-7332812-2014-08-03
36,1,"Keranos, God of Storms",,Sideboard,4,2,Splinter Twin,adamyetter,299 tix,"$ 1,119",241931,2014-08-03,Modern Premier #7332812,modern,modern-premier-7332812,modern-premier-7332812-2014-08-03
1,3,Snapcaster Mage,,Creatures,4,2,UB Faeries,PincheAchilles,223 tix,$ 959,241930,2014-08-03,Modern Premier #7332812,modern,modern-premier-7332812,modern-premier-7332812-2014-08-03
2,3,Spellstutter Sprite,,Creatures,4,2,UB Faeries,PincheAchilles,223 tix,$ 959,241930,2014-08-03,Modern Premier #7332812,modern,modern-premier-7332812,modern-premier-7332812-2014-08-03
3,2,Vendilion Clique,,Creatures,4,2,UB Faeries,PincheAchilles,223 tix,$ 959,241930,2014-08-03,Modern Premier #7332812,modern,modern-premier-7332812,modern-premier-7332812-2014-08-03
4,3,Mistbind Clique,,Creatures,4,2,UB Faeries,PincheAchilles,223 tix,$ 959,241930,2014-08-03,Modern Premier #7332812,modern,modern-premier-7332812,modern-premier-7332812-2014-08-03
6,2,Inquisition of Kozilek,,Spells,4,2,UB Faeries,PincheAchilles,223 tix,$ 959,241930,2014-08-03,Modern Premier #7332812,modern,modern-premier-7332812,modern-premier-7332812-2014-08-03
7,2,Spell Snare,,Spells,4,2,UB Faeries,PincheAchilles,223 tix,$ 959,241930,2014-08-03,Modern Premier #7332812,modern,modern-premier-7332812,modern-premier-7332812-2014-08-03
8,3,Thoughtseize,,Spells,4,2,UB Faeries,PincheAchilles,223 tix,$ 959,241930,2014-08-03,Modern Premier #7332812,modern,modern-premier-7332812,modern-premier-7332812-2014-08-03
9,1,Tragic Slip,,Spells,4,2,UB Faeries,PincheAchilles,223 tix,$ 959,241930,2014-08-03,Modern Premier #7332812,modern,modern-premier-7332812,modern-premier-7332812-2014-08-03
10,1,Doom Blade,,Spells,4,2,UB Faeries,PincheAchilles,223 tix,$ 959,241930,2014-08-03,Modern Premier #7332812,modern,modern-premier-7332812,modern-premier-7332812-2014-08-03
11,3,Mana Leak,,Spells,4,2,UB Faeries,PincheAchilles,223 tix,$ 959,241930,2014-08-03,Modern Premier #7332812,modern,modern-premier-7332812,modern-premier-7332812-2014-08-03
12,3,Dismember,,Spells,4,2,UB Faeries,PincheAchilles,223 tix,$ 959,241930,2014-08-03,Modern Premier #7332812,modern,modern-premier-7332812,modern-premier-7332812-2014-08-03
13,3,Cryptic Command,,Spells,4,2,UB Faeries,PincheAchilles,223 tix,$ 959,241930,2014-08-03,Modern Premier #7332812,modern,modern-premier-7332812,modern-premier-7332812-2014-08-03
15,2,Sword of Feast and Famine,,Artifacts,4,2,UB Faeries,PincheAchilles,223 tix,$ 959,241930,2014-08-03,Modern Premier #7332812,modern,modern-premier-7332812,modern-premier-7332812-2014-08-03
17,4,Bitterblossom,,Enchantments,4,2,UB Faeries,PincheAchilles,223 tix,$ 959,241930,2014-08-03,Modern Premier #7332812,modern,modern-premier-7332812,modern-premier-7332812-2014-08-03
19,3,Creeping Tar Pit,,Lands,4,2,UB Faeries,PincheAchilles,223 tix,$ 959,241930,2014-08-03,Modern Premier #7332812,modern,modern-premier-7332812,modern-premier-7332812-2014-08-03
20,4,Darkslick Shores,,Lands,4,2,UB Faeries,PincheAchilles,223 tix,$ 959,241930,2014-08-03,Modern Premier #7332812,modern,modern-premier-7332812,modern-premier-7332812-2014-08-03
21,5,Island,,Lands,4,2,UB Faeries,PincheAchilles,223 tix,$ 959,241930,2014-08-03,Modern Premier #7332812,modern,modern-premier-7332812,modern-premier-7332812-2014-08-03
22,4,Mutavault,,Lands,4,2,UB Faeries,PincheAchilles,223 tix,$ 959,241930,2014-08-03,Modern Premier #7332812,modern,modern-premier-7332812,modern-premier-7332812-2014-08-03
23,4,River of Tears,,Lands,4,2,UB Faeries,PincheAchilles,223 tix,$ 959,241930,2014-08-03,Modern Premier #7332812,modern,modern-premier-7332812,modern-premier-7332812-2014-08-03
24,4,Secluded Glen,,Lands,4,2,UB Faeries,PincheAchilles,223 tix,$ 959,241930,2014-08-03,Modern Premier #7332812,modern,modern-premier-7332812,modern-premier-7332812-2014-08-03
25,1,Tectonic Edge,,Lands,4,2,UB Faeries,PincheAchilles,223 tix,$ 959,241930,2014-08-03,Modern Premier #7332812,modern,modern-premier-7332812,modern-premier-7332812-2014-08-03
27,2,Deathmark,,Sideboard,4,2,UB Faeries,PincheAchilles,223 tix,$ 959,241930,2014-08-03,Modern Premier #7332812,modern,modern-premier-7332812,modern-premier-7332812-2014-08-03
28,2,Grafdigger's Cage,,Sideboard,4,2,UB Faeries,PincheAchilles,223 tix,$ 959,241930,2014-08-03,Modern Premier #7332812,modern,modern-premier-7332812,modern-premier-7332812-2014-08-03
29,1,Spell Snare,,Sideboard,4,2,UB Faeries,PincheAchilles,223 tix,$ 959,241930,2014-08-03,Modern Premier #7332812,modern,modern-premier-7332812,modern-premier-7332812-2014-08-03
30,2,Hurkyl's Recall,,Sideboard,4,2,UB Faeries,PincheAchilles,223 tix,$ 959,241930,2014-08-03,Modern Premier #7332812,modern,modern-premier-7332812,modern-premier-7332812-2014-08-03
31,2,Negate,,Sideboard,4,2,UB Faeries,PincheAchilles,223 tix,$ 959,241930,2014-08-03,Modern Premier #7332812,modern,modern-premier-7332812,modern-premier-7332812-2014-08-03
32,2,Ratchet Bomb,,Sideboard,4,2,UB Faeries,PincheAchilles,223 tix,$ 959,241930,2014-08-03,Modern Premier #7332812,modern,modern-premier-7332812,modern-premier-7332812-2014-08-03
33,2,Spreading Seas,,Sideboard,4,2,UB Faeries,PincheAchilles,223 tix,$ 959,241930,2014-08-03,Modern Premier #7332812,modern,modern-premier-7332812,modern-premier-7332812-2014-08-03
34,2,Sower of Temptation,,Sideboard,4,2,UB Faeries,PincheAchilles,223 tix,$ 959,241930,2014-08-03,Modern Premier #7332812,modern,modern-premier-7332812,modern-premier-7332812-2014-08-03
1,1,Snapcaster Mage,,Creatures,4,2,UB Faeries,_SickDraw,249 tix,$ 917,241936,2014-08-03,Modern Premier #7332812,modern,modern-premier-7332812,modern-premier-7332812-2014-08-03
2,3,Spellstutter Sprite,,Creatures,4,2,UB Faeries,_SickDraw,249 tix,$ 917,241936,2014-08-03,Modern Premier #7332812,modern,modern-premier-7332812,modern-premier-7332812-2014-08-03
3,4,Vendilion Clique,,Creatures,4,2,UB Faeries,_SickDraw,249 tix,$ 917,241936,2014-08-03,Modern Premier #7332812,modern,modern-premier-7332812,modern-premier-7332812-2014-08-03
4,4,Mistbind Clique,,Creatures,4,2,UB Faeries,_SickDraw,249 tix,$ 917,241936,2014-08-03,Modern Premier #7332812,modern,modern-premier-7332812,modern-premier-7332812-2014-08-03
6,1,Inquisition of Kozilek,,Spells,4,2,UB Faeries,_SickDraw,249 tix,$ 917,241936,2014-08-03,Modern Premier #7332812,modern,modern-premier-7332812,modern-premier-7332812-2014-08-03
7,1,Peppersmoke,,Spells,4,2,UB Faeries,_SickDraw,249 tix,$ 917,241936,2014-08-03,Modern Premier #7332812,modern,modern-premier-7332812,modern-premier-7332812-2014-08-03
8,1,Serum Visions,,Spells,4,2,UB Faeries,_SickDraw,249 tix,$ 917,241936,2014-08-03,Modern Premier #7332812,modern,modern-premier-7332812,modern-premier-7332812-2014-08-03
9,3,Thoughtseize,,Spells,4,2,UB Faeries,_SickDraw,249 tix,$ 917,241936,2014-08-03,Modern Premier #7332812,modern,modern-premier-7332812,modern-premier-7332812-2014-08-03
10,3,Remand,,Spells,4,2,UB Faeries,_SickDraw,249 tix,$ 917,241936,2014-08-03,Modern Premier #7332812,modern,modern-premier-7332812,modern-premier-7332812-2014-08-03
11,2,Dismember,,Spells,4,2,UB Faeries,_SickDraw,249 tix,$ 917,241936,2014-08-03,Modern Premier #7332812,modern,modern-premier-7332812,modern-premier-7332812-2014-08-03
12,4,Cryptic Command,,Spells,4,2,UB Faeries,_SickDraw,249 tix,$ 917,241936,2014-08-03,Modern Premier #7332812,modern,modern-premier-7332812,modern-premier-7332812-2014-08-03
13,3,Time Warp,,Spells,4,2,UB Faeries,_SickDraw,249 tix,$ 917,241936,2014-08-03,Modern Premier #7332812,modern,modern-premier-7332812,modern-premier-7332812-2014-08-03
15,4,Bitterblossom,,Enchantments,4,2,UB Faeries,_SickDraw,249 tix,$ 917,241936,2014-08-03,Modern Premier #7332812,modern,modern-premier-7332812,modern-premier-7332812-2014-08-03
17,4,Creeping Tar Pit,,Lands,4,2,UB Faeries,_SickDraw,249 tix,$ 917,241936,2014-08-03,Modern Premier #7332812,modern,modern-premier-7332812,modern-premier-7332812-2014-08-03
18,3,Darkslick Shores,,Lands,4,2,UB Faeries,_SickDraw,249 tix,$ 917,241936,2014-08-03,Modern Premier #7332812,modern,modern-premier-7332812,modern-premier-7332812-2014-08-03
19,5,Island,,Lands,4,2,UB Faeries,_SickDraw,249 tix,$ 917,241936,2014-08-03,Modern Premier #7332812,modern,modern-premier-7332812,modern-premier-7332812-2014-08-03
20,4,Mutavault,,Lands,4,2,UB Faeries,_SickDraw,249 tix,$ 917,241936,2014-08-03,Modern Premier #7332812,modern,modern-premier-7332812,modern-premier-7332812-2014-08-03
21,4,River of Tears,,Lands,4,2,UB Faeries,_SickDraw,249 tix,$ 917,241936,2014-08-03,Modern Premier #7332812,modern,modern-premier-7332812,modern-premier-7332812-2014-08-03
22,4,Secluded Glen,,Lands,4,2,UB Faeries,_SickDraw,249 tix,$ 917,241936,2014-08-03,Modern Premier #7332812,modern,modern-premier-7332812,modern-premier-7332812-2014-08-03
23,1,Tectonic Edge,,Lands,4,2,UB Faeries,_SickDraw,249 tix,$ 917,241936,2014-08-03,Modern Premier #7332812,modern,modern-premier-7332812,modern-premier-7332812-2014-08-03
24,1,Watery Grave,,Lands,4,2,UB Faeries,_SickDraw,249 tix,$ 917,241936,2014-08-03,Modern Premier #7332812,modern,modern-premier-7332812,modern-premier-7332812-2014-08-03
26,1,Inquisition of Kozilek,,Sideboard,4,2,UB Faeries,_SickDraw,249 tix,$ 917,241936,2014-08-03,Modern Premier #7332812,modern,modern-premier-7332812,modern-premier-7332812-2014-08-03
27,1,Spell Snare,,Sideboard,4,2,UB Faeries,_SickDraw,249 tix,$ 917,241936,2014-08-03,Modern Premier #7332812,modern,modern-premier-7332812,modern-premier-7332812-2014-08-03
28,1,Doom Blade,,Sideboard,4,2,UB Faeries,_SickDraw,249 tix,$ 917,241936,2014-08-03,Modern Premier #7332812,modern,modern-premier-7332812,modern-premier-7332812-2014-08-03
29,2,Hurkyl's Recall,,Sideboard,4,2,UB Faeries,_SickDraw,249 tix,$ 917,241936,2014-08-03,Modern Premier #7332812,modern,modern-premier-7332812,modern-premier-7332812-2014-08-03
30,1,Mana Leak,,Sideboard,4,2,UB Faeries,_SickDraw,249 tix,$ 917,241936,2014-08-03,Modern Premier #7332812,modern,modern-premier-7332812,modern-premier-7332812-2014-08-03
31,1,Smother,,Sideboard,4,2,UB Faeries,_SickDraw,249 tix,$ 917,241936,2014-08-03,Modern Premier #7332812,modern,modern-premier-7332812,modern-premier-7332812-2014-08-03
32,1,Spellstutter Sprite,,Sideboard,4,2,UB Faeries,_SickDraw,249 tix,$ 917,241936,2014-08-03,Modern Premier #7332812,modern,modern-premier-7332812,modern-premier-7332812-2014-08-03
33,2,Hibernation,,Sideboard,4,2,UB Faeries,_SickDraw,249 tix,$ 917,241936,2014-08-03,Modern Premier #7332812,modern,modern-premier-7332812,modern-premier-7332812-2014-08-03
34,1,Memoricide,,Sideboard,4,2,UB Faeries,_SickDraw,249 tix,$ 917,241936,2014-08-03,Modern Premier #7332812,modern,modern-premier-7332812,modern-premier-7332812-2014-08-03
35,3,Sower of Temptation,,Sideboard,4,2,UB Faeries,_SickDraw,249 tix,$ 917,241936,2014-08-03,Modern Premier #7332812,modern,modern-premier-7332812,modern-premier-7332812-2014-08-03
36,1,Wurmcoil Engine,,Sideboard,4,2,UB Faeries,_SickDraw,249 tix,$ 917,241936,2014-08-03,Modern Premier #7332812,modern,modern-premier-7332812,modern-premier-7332812-2014-08-03
1,4,Goblin Electromancer,,Creatures,4,2,UR Storm,GeneralPeron,162 tix,$ 658,241933,2014-08-03,Modern Premier #7332812,modern,modern-premier-7332812,modern-premier-7332812-2014-08-03
3,4,Gitaxian Probe,,Spells,4,2,UR Storm,GeneralPeron,162 tix,$ 658,241933,2014-08-03,Modern Premier #7332812,modern,modern-premier-7332812,modern-premier-7332812-2014-08-03
4,4,Serum Visions,,Spells,4,2,UR Storm,GeneralPeron,162 tix,$ 658,241933,2014-08-03,Modern Premier #7332812,modern,modern-premier-7332812,modern-premier-7332812-2014-08-03
5,4,Sleight of Hand,,Spells,4,2,UR Storm,GeneralPeron,162 tix,$ 658,241933,2014-08-03,Modern Premier #7332812,modern,modern-premier-7332812,modern-premier-7332812-2014-08-03
6,4,Thought Scour,,Spells,4,2,UR Storm,GeneralPeron,162 tix,$ 658,241933,2014-08-03,Modern Premier #7332812,modern,modern-premier-7332812,modern-premier-7332812-2014-08-03
7,3,Desperate Ravings,,Spells,4,2,UR Storm,GeneralPeron,162 tix,$ 658,241933,2014-08-03,Modern Premier #7332812,modern,modern-premier-7332812,modern-premier-7332812-2014-08-03
8,4,Desperate Ritual,,Spells,4,2,UR Storm,GeneralPeron,162 tix,$ 658,241933,2014-08-03,Modern Premier #7332812,modern,modern-premier-7332812,modern-premier-7332812-2014-08-03
9,2,Grapeshot,,Spells,4,2,UR Storm,GeneralPeron,162 tix,$ 658,241933,2014-08-03,Modern Premier #7332812,modern,modern-premier-7332812,modern-premier-7332812-2014-08-03
10,4,Manamorphose,,Spells,4,2,UR Storm,GeneralPeron,162 tix,$ 658,241933,2014-08-03,Modern Premier #7332812,modern,modern-premier-7332812,modern-premier-7332812-2014-08-03
11,4,Pyretic Ritual,,Spells,4,2,UR Storm,GeneralPeron,162 tix,$ 658,241933,2014-08-03,Modern Premier #7332812,modern,modern-premier-7332812,modern-premier-7332812-2014-08-03
12,3,Past in Flames,,Spells,4,2,UR Storm,GeneralPeron,162 tix,$ 658,241933,2014-08-03,Modern Premier #7332812,modern,modern-premier-7332812,modern-premier-7332812-2014-08-03
14,4,Pyromancer Ascension,,Enchantments,4,2,UR Storm,GeneralPeron,162 tix,$ 658,241933,2014-08-03,Modern Premier #7332812,modern,modern-premier-7332812,modern-premier-7332812-2014-08-03
16,3,Island,,Lands,4,2,UR Storm,GeneralPeron,162 tix,$ 658,241933,2014-08-03,Modern Premier #7332812,modern,modern-premier-7332812,modern-premier-7332812-2014-08-03
17,3,Misty Rainforest,,Lands,4,2,UR Storm,GeneralPeron,162 tix,$ 658,241933,2014-08-03,Modern Premier #7332812,modern,modern-premier-7332812,modern-premier-7332812-2014-08-03
18,1,Mountain,,Lands,4,2,UR Storm,GeneralPeron,162 tix,$ 658,241933,2014-08-03,Modern Premier #7332812,modern,modern-premier-7332812,modern-premier-7332812-2014-08-03
19,4,Scalding Tarn,,Lands,4,2,UR Storm,GeneralPeron,162 tix,$ 658,241933,2014-08-03,Modern Premier #7332812,modern,modern-premier-7332812,modern-premier-7332812-2014-08-03
20,3,Shivan Reef,,Lands,4,2,UR Storm,GeneralPeron,162 tix,$ 658,241933,2014-08-03,Modern Premier #7332812,modern,modern-premier-7332812,modern-premier-7332812-2014-08-03
21,2,Steam Vents,,Lands,4,2,UR Storm,GeneralPeron,162 tix,$ 658,241933,2014-08-03,Modern Premier #7332812,modern,modern-premier-7332812,modern-premier-7332812-2014-08-03
23,4,Lightning Bolt,,Sideboard,4,2,UR Storm,GeneralPeron,162 tix,$ 658,241933,2014-08-03,Modern Premier #7332812,modern,modern-premier-7332812,modern-premier-7332812-2014-08-03
24,2,Shattering Spree,,Sideboard,4,2,UR Storm,GeneralPeron,162 tix,$ 658,241933,2014-08-03,Modern Premier #7332812,modern,modern-premier-7332812,modern-premier-7332812-2014-08-03
25,4,Swan Song,,Sideboard,4,2,UR Storm,GeneralPeron,162 tix,$ 658,241933,2014-08-03,Modern Premier #7332812,modern,modern-premier-7332812,modern-premier-7332812-2014-08-03
26,1,Echoing Truth,,Sideboard,4,2,UR Storm,GeneralPeron,162 tix,$ 658,241933,2014-08-03,Modern Premier #7332812,modern,modern-premier-7332812,modern-premier-7332812-2014-08-03
27,4,Empty the Warrens,,Sideboard,4,2,UR Storm,GeneralPeron,162 tix,$ 658,241933,2014-08-03,Modern Premier #7332812,modern,modern-premier-7332812,modern-premier-7332812-2014-08-03
1,2,Memnite,,Creatures,3,3,Affinity,holroyd22012,389 tix,$ 908,241942,2014-08-03,Modern Premier #7332812,modern,modern-premier-7332812,modern-premier-7332812-2014-08-03
2,4,Ornithopter,,Creatures,3,3,Affinity,holroyd22012,389 tix,$ 908,241942,2014-08-03,Modern Premier #7332812,modern,modern-premier-7332812,modern-premier-7332812-2014-08-03
3,4,Signal Pest,,Creatures,3,3,Affinity,holroyd22012,389 tix,$ 908,241942,2014-08-03,Modern Premier #7332812,modern,modern-premier-7332812,modern-premier-7332812-2014-08-03
4,4,Arcbound Ravager,,Creatures,3,3,Affinity,holroyd22012,389 tix,$ 908,241942,2014-08-03,Modern Premier #7332812,modern,modern-premier-7332812,modern-premier-7332812-2014-08-03
5,1,Spellskite,,Creatures,3,3,Affinity,holroyd22012,389 tix,$ 908,241942,2014-08-03,Modern Premier #7332812,modern,modern-premier-7332812,modern-premier-7332812-2014-08-03
6,3,Steel Overseer,,Creatures,3,3,Affinity,holroyd22012,389 tix,$ 908,241942,2014-08-03,Modern Premier #7332812,modern,modern-premier-7332812,modern-premier-7332812-2014-08-03
7,4,Vault Skirge,,Creatures,3,3,Affinity,holroyd22012,389 tix,$ 908,241942,2014-08-03,Modern Premier #7332812,modern,modern-premier-7332812,modern-premier-7332812-2014-08-03
8,2,Etched Champion,,Creatures,3,3,Affinity,holroyd22012,389 tix,$ 908,241942,2014-08-03,Modern Premier #7332812,modern,modern-premier-7332812,modern-premier-7332812-2014-08-03
9,1,Master of Etherium,,Creatures,3,3,Affinity,holroyd22012,389 tix,$ 908,241942,2014-08-03,Modern Premier #7332812,modern,modern-premier-7332812,modern-premier-7332812-2014-08-03
11,2,Galvanic Blast,,Spells,3,3,Affinity,holroyd22012,389 tix,$ 908,241942,2014-08-03,Modern Premier #7332812,modern,modern-premier-7332812,modern-premier-7332812-2014-08-03
13,4,Mox Opal,,Artifacts,3,3,Affinity,holroyd22012,389 tix,$ 908,241942,2014-08-03,Modern Premier #7332812,modern,modern-premier-7332812,modern-premier-7332812-2014-08-03
14,1,Welding Jar,,Artifacts,3,3,Affinity,holroyd22012,389 tix,$ 908,241942,2014-08-03,Modern Premier #7332812,modern,modern-premier-7332812,modern-premier-7332812-2014-08-03
15,4,Springleaf Drum,,Artifacts,3,3,Affinity,holroyd22012,389 tix,$ 908,241942,2014-08-03,Modern Premier #7332812,modern,modern-premier-7332812,modern-premier-7332812-2014-08-03
16,4,Cranial Plating,,Artifacts,3,3,Affinity,holroyd22012,389 tix,$ 908,241942,2014-08-03,Modern Premier #7332812,modern,modern-premier-7332812,modern-premier-7332812-2014-08-03
18,3,Ensoul Artifact,,Enchantments,3,3,Affinity,holroyd22012,389 tix,$ 908,241942,2014-08-03,Modern Premier #7332812,modern,modern-premier-7332812,modern-premier-7332812-2014-08-03
20,4,Blinkmoth Nexus,,Lands,3,3,Affinity,holroyd22012,389 tix,$ 908,241942,2014-08-03,Modern Premier #7332812,modern,modern-premier-7332812,modern-premier-7332812-2014-08-03
21,4,Darksteel Citadel,,Lands,3,3,Affinity,holroyd22012,389 tix,$ 908,241942,2014-08-03,Modern Premier #7332812,modern,modern-premier-7332812,modern-premier-7332812-2014-08-03
22,3,Glimmervoid,,Lands,3,3,Affinity,holroyd22012,389 tix,$ 908,241942,2014-08-03,Modern Premier #7332812,modern,modern-premier-7332812,modern-premier-7332812-2014-08-03
23,4,Inkmoth Nexus,,Lands,3,3,Affinity,holroyd22012,389 tix,$ 908,241942,2014-08-03,Modern Premier #7332812,modern,modern-premier-7332812,modern-premier-7332812-2014-08-03
24,1,Island,,Lands,3,3,Affinity,holroyd22012,389 tix,$ 908,241942,2014-08-03,Modern Premier #7332812,modern,modern-premier-7332812,modern-premier-7332812-2014-08-03
25,1,Mountain,,Lands,3,3,Affinity,holroyd22012,389 tix,$ 908,241942,2014-08-03,Modern Premier #7332812,modern,modern-premier-7332812,modern-premier-7332812-2014-08-03
27,1,Wear & Tear,,Sideboard,3,3,Affinity,holroyd22012,389 tix,$ 908,241942,2014-08-03,Modern Premier #7332812,modern,modern-premier-7332812,modern-premier-7332812-2014-08-03
28,1,Grafdigger's Cage,,Sideboard,3,3,Affinity,holroyd22012,389 tix,$ 908,241942,2014-08-03,Modern Premier #7332812,modern,modern-premier-7332812,modern-premier-7332812-2014-08-03
29,2,Gut Shot,,Sideboard,3,3,Affinity,holroyd22012,389 tix,$ 908,241942,2014-08-03,Modern Premier #7332812,modern,modern-premier-7332812,modern-premier-7332812-2014-08-03
30,2,Spell Pierce,,Sideboard,3,3,Affinity,holroyd22012,389 tix,$ 908,241942,2014-08-03,Modern Premier #7332812,modern,modern-premier-7332812,modern-premier-7332812-2014-08-03
31,2,Thoughtseize,,Sideboard,3,3,Affinity,holroyd22012,389 tix,$ 908,241942,2014-08-03,Modern Premier #7332812,modern,modern-premier-7332812,modern-premier-7332812-2014-08-03
32,2,Ancient Grudge,,Sideboard,3,3,Affinity,holroyd22012,389 tix,$ 908,241942,2014-08-03,Modern Premier #7332812,modern,modern-premier-7332812,modern-premier-7332812-2014-08-03
33,1,Spellskite,,Sideboard,3,3,Affinity,holroyd22012,389 tix,$ 908,241942,2014-08-03,Modern Premier #7332812,modern,modern-premier-7332812,modern-premier-7332812-2014-08-03
34,1,Torpor Orb,,Sideboard,3,3,Affinity,holroyd22012,389 tix,$ 908,241942,2014-08-03,Modern Premier #7332812,modern,modern-premier-7332812,modern-premier-7332812-2014-08-03
35,1,Whipflare,,Sideboard,3,3,Affinity,holroyd22012,389 tix,$ 908,241942,2014-08-03,Modern Premier #7332812,modern,modern-premier-7332812,modern-premier-7332812-2014-08-03
36,1,Blood Moon,,Sideboard,3,3,Affinity,holroyd22012,389 tix,$ 908,241942,2014-08-03,Modern Premier #7332812,modern,modern-premier-7332812,modern-premier-7332812-2014-08-03
37,1,Etched Champion,,Sideboard,3,3,Affinity,holroyd22012,389 tix,$ 908,241942,2014-08-03,Modern Premier #7332812,modern,modern-premier-7332812,modern-premier-7332812-2014-08-03
1,2,Memnite,,Creatures,3,3,Affinity,d4ygum,393 tix,$ 924,241944,2014-08-03,Modern Premier #7332812,modern,modern-premier-7332812,modern-premier-7332812-2014-08-03
2,4,Ornithopter,,Creatures,3,3,Affinity,d4ygum,393 tix,$ 924,241944,2014-08-03,Modern Premier #7332812,modern,modern-premier-7332812,modern-premier-7332812-2014-08-03
3,4,Signal Pest,,Creatures,3,3,Affinity,d4ygum,393 tix,$ 924,241944,2014-08-03,Modern Premier #7332812,modern,modern-premier-7332812,modern-premier-7332812-2014-08-03
4,4,Arcbound Ravager,,Creatures,3,3,Affinity,d4ygum,393 tix,$ 924,241944,2014-08-03,Modern Premier #7332812,modern,modern-premier-7332812,modern-premier-7332812-2014-08-03
5,3,Steel Overseer,,Creatures,3,3,Affinity,d4ygum,393 tix,$ 924,241944,2014-08-03,Modern Premier #7332812,modern,modern-premier-7332812,modern-premier-7332812-2014-08-03
6,4,Vault Skirge,,Creatures,3,3,Affinity,d4ygum,393 tix,$ 924,241944,2014-08-03,Modern Premier #7332812,modern,modern-premier-7332812,modern-premier-7332812-2014-08-03
7,2,Etched Champion,,Creatures,3,3,Affinity,d4ygum,393 tix,$ 924,241944,2014-08-03,Modern Premier #7332812,modern,modern-premier-7332812,modern-premier-7332812-2014-08-03
8,2,Master of Etherium,,Creatures,3,3,Affinity,d4ygum,393 tix,$ 924,241944,2014-08-03,Modern Premier #7332812,modern,modern-premier-7332812,modern-premier-7332812-2014-08-03
10,4,Galvanic Blast,,Spells,3,3,Affinity,d4ygum,393 tix,$ 924,241944,2014-08-03,Modern Premier #7332812,modern,modern-premier-7332812,modern-premier-7332812-2014-08-03
12,4,Mox Opal,,Artifacts,3,3,Affinity,d4ygum,393 tix,$ 924,241944,2014-08-03,Modern Premier #7332812,modern,modern-premier-7332812,modern-premier-7332812-2014-08-03
13,1,Welding Jar,,Artifacts,3,3,Affinity,d4ygum,393 tix,$ 924,241944,2014-08-03,Modern Premier #7332812,modern,modern-premier-7332812,modern-premier-7332812-2014-08-03
14,4,Springleaf Drum,,Artifacts,3,3,Affinity,d4ygum,393 tix,$ 924,241944,2014-08-03,Modern Premier #7332812,modern,modern-premier-7332812,modern-premier-7332812-2014-08-03
15,4,Cranial Plating,,Artifacts,3,3,Affinity,d4ygum,393 tix,$ 924,241944,2014-08-03,Modern Premier #7332812,modern,modern-premier-7332812,modern-premier-7332812-2014-08-03
17,2,Ensoul Artifact,,Enchantments,3,3,Affinity,d4ygum,393 tix,$ 924,241944,2014-08-03,Modern Premier #7332812,modern,modern-premier-7332812,modern-premier-7332812-2014-08-03
19,4,Blinkmoth Nexus,,Lands,3,3,Affinity,d4ygum,393 tix,$ 924,241944,2014-08-03,Modern Premier #7332812,modern,modern-premier-7332812,modern-premier-7332812-2014-08-03
20,4,Darksteel Citadel,,Lands,3,3,Affinity,d4ygum,393 tix,$ 924,241944,2014-08-03,Modern Premier #7332812,modern,modern-premier-7332812,modern-premier-7332812-2014-08-03
21,3,Glimmervoid,,Lands,3,3,Affinity,d4ygum,393 tix,$ 924,241944,2014-08-03,Modern Premier #7332812,modern,modern-premier-7332812,modern-premier-7332812-2014-08-03
22,4,Inkmoth Nexus,,Lands,3,3,Affinity,d4ygum,393 tix,$ 924,241944,2014-08-03,Modern Premier #7332812,modern,modern-premier-7332812,modern-premier-7332812-2014-08-03
23,1,Mountain,,Lands,3,3,Affinity,d4ygum,393 tix,$ 924,241944,2014-08-03,Modern Premier #7332812,modern,modern-premier-7332812,modern-premier-7332812-2014-08-03
25,1,Grafdigger's Cage,,Sideboard,3,3,Affinity,d4ygum,393 tix,$ 924,241944,2014-08-03,Modern Premier #7332812,modern,modern-premier-7332812,modern-premier-7332812-2014-08-03
26,1,Relic of Progenitus,,Sideboard,3,3,Affinity,d4ygum,393 tix,$ 924,241944,2014-08-03,Modern Premier #7332812,modern,modern-premier-7332812,modern-premier-7332812-2014-08-03
27,1,Spell Pierce,,Sideboard,3,3,Affinity,d4ygum,393 tix,$ 924,241944,2014-08-03,Modern Premier #7332812,modern,modern-premier-7332812,modern-premier-7332812-2014-08-03
28,2,Thoughtseize,,Sideboard,3,3,Affinity,d4ygum,393 tix,$ 924,241944,2014-08-03,Modern Premier #7332812,modern,modern-premier-7332812,modern-premier-7332812-2014-08-03
29,2,Ancient Grudge,,Sideboard,3,3,Affinity,d4ygum,393 tix,$ 924,241944,2014-08-03,Modern Premier #7332812,modern,modern-premier-7332812,modern-premier-7332812-2014-08-03
30,2,Spellskite,,Sideboard,3,3,Affinity,d4ygum,393 tix,$ 924,241944,2014-08-03,Modern Premier #7332812,modern,modern-premier-7332812,modern-premier-7332812-2014-08-03
31,1,Whipflare,,Sideboard,3,3,Affinity,d4ygum,393 tix,$ 924,241944,2014-08-03,Modern Premier #7332812,modern,modern-premier-7332812,modern-premier-7332812-2014-08-03
32,1,Blood Moon,,Sideboard,3,3,Affinity,d4ygum,393 tix,$ 924,241944,2014-08-03,Modern Premier #7332812,modern,modern-premier-7332812,modern-premier-7332812-2014-08-03
33,1,Choke,,Sideboard,3,3,Affinity,d4ygum,393 tix,$ 924,241944,2014-08-03,Modern Premier #7332812,modern,modern-premier-7332812,modern-premier-7332812-2014-08-03
34,1,Dismember,,Sideboard,3,3,Affinity,d4ygum,393 tix,$ 924,241944,2014-08-03,Modern Premier #7332812,modern,modern-premier-7332812,modern-premier-7332812-2014-08-03
35,2,Etched Champion,,Sideboard,3,3,Affinity,d4ygum,393 tix,$ 924,241944,2014-08-03,Modern Premier #7332812,modern,modern-premier-7332812,modern-premier-7332812-2014-08-03
1,4,Dark Confidant,,Creatures,3,3,Death and Taxes,CLYDE THE GLIDE DREXLER,190 tix,$ 839,241943,2014-08-03,Modern Premier #7332812,modern,modern-premier-7332812,modern-premier-7332812-2014-08-03
2,4,Leonin Arbiter,,Creatures,3,3,Death and Taxes,CLYDE THE GLIDE DREXLER,190 tix,$ 839,241943,2014-08-03,Modern Premier #7332812,modern,modern-premier-7332812,modern-premier-7332812-2014-08-03
3,3,"Thalia, Guardian of Thraben",,Creatures,3,3,Death and Taxes,CLYDE THE GLIDE DREXLER,190 tix,$ 839,241943,2014-08-03,Modern Premier #7332812,modern,modern-premier-7332812,modern-premier-7332812-2014-08-03
4,3,Aven Mindcensor,,Creatures,3,3,Death and Taxes,CLYDE THE GLIDE DREXLER,190 tix,$ 839,241943,2014-08-03,Modern Premier #7332812,modern,modern-premier-7332812,modern-premier-7332812-2014-08-03
5,4,Blade Splicer,,Creatures,3,3,Death and Taxes,CLYDE THE GLIDE DREXLER,190 tix,$ 839,241943,2014-08-03,Modern Premier #7332812,modern,modern-premier-7332812,modern-premier-7332812-2014-08-03
6,4,Flickerwisp,,Creatures,3,3,Death and Taxes,CLYDE THE GLIDE DREXLER,190 tix,$ 839,241943,2014-08-03,Modern Premier #7332812,modern,modern-premier-7332812,modern-premier-7332812-2014-08-03
7,1,"Linvala, Keeper of Silence",,Creatures,3,3,Death and Taxes,CLYDE THE GLIDE DREXLER,190 tix,$ 839,241943,2014-08-03,Modern Premier #7332812,modern,modern-premier-7332812,modern-premier-7332812-2014-08-03
8,3,Restoration Angel,,Creatures,3,3,Death and Taxes,CLYDE THE GLIDE DREXLER,190 tix,$ 839,241943,2014-08-03,Modern Premier #7332812,modern,modern-premier-7332812,modern-premier-7332812-2014-08-03
10,4,Path to Exile,,Spells,3,3,Death and Taxes,CLYDE THE GLIDE DREXLER,190 tix,$ 839,241943,2014-08-03,Modern Premier #7332812,modern,modern-premier-7332812,modern-premier-7332812-2014-08-03
11,4,Thoughtseize,,Spells,3,3,Death and Taxes,CLYDE THE GLIDE DREXLER,190 tix,$ 839,241943,2014-08-03,Modern Premier #7332812,modern,modern-premier-7332812,modern-premier-7332812-2014-08-03
13,4,Aether Vial,,Artifacts,3,3,Death and Taxes,CLYDE THE GLIDE DREXLER,190 tix,$ 839,241943,2014-08-03,Modern Premier #7332812,modern,modern-premier-7332812,modern-premier-7332812-2014-08-03
15,1,Eiganjo Castle,,Lands,3,3,Death and Taxes,CLYDE THE GLIDE DREXLER,190 tix,$ 839,241943,2014-08-03,Modern Premier #7332812,modern,modern-premier-7332812,modern-premier-7332812-2014-08-03
16,4,Ghost Quarter,,Lands,3,3,Death and Taxes,CLYDE THE GLIDE DREXLER,190 tix,$ 839,241943,2014-08-03,Modern Premier #7332812,modern,modern-premier-7332812,modern-premier-7332812-2014-08-03
17,4,Godless Shrine,,Lands,3,3,Death and Taxes,CLYDE THE GLIDE DREXLER,190 tix,$ 839,241943,2014-08-03,Modern Premier #7332812,modern,modern-premier-7332812,modern-premier-7332812-2014-08-03
18,4,Isolated Chapel,,Lands,3,3,Death and Taxes,CLYDE THE GLIDE DREXLER,190 tix,$ 839,241943,2014-08-03,Modern Premier #7332812,modern,modern-premier-7332812,modern-premier-7332812-2014-08-03
19,3,Plains,,Lands,3,3,Death and Taxes,CLYDE THE GLIDE DREXLER,190 tix,$ 839,241943,2014-08-03,Modern Premier #7332812,modern,modern-premier-7332812,modern-premier-7332812-2014-08-03
20,3,Swamp,,Lands,3,3,Death and Taxes,CLYDE THE GLIDE DREXLER,190 tix,$ 839,241943,2014-08-03,Modern Premier #7332812,modern,modern-premier-7332812,modern-premier-7332812-2014-08-03
21,1,Tectonic Edge,,Lands,3,3,Death and Taxes,CLYDE THE GLIDE DREXLER,190 tix,$ 839,241943,2014-08-03,Modern Premier #7332812,modern,modern-premier-7332812,modern-premier-7332812-2014-08-03
22,1,"Urborg, Tomb of Yawgmoth",,Lands,3,3,Death and Taxes,CLYDE THE GLIDE DREXLER,190 tix,$ 839,241943,2014-08-03,Modern Premier #7332812,modern,modern-premier-7332812,modern-premier-7332812-2014-08-03
23,1,Vault of the Archangel,,Lands,3,3,Death and Taxes,CLYDE THE GLIDE DREXLER,190 tix,$ 839,241943,2014-08-03,Modern Premier #7332812,modern,modern-premier-7332812,modern-premier-7332812-2014-08-03
25,1,Grafdigger's Cage,,Sideboard,3,3,Death and Taxes,CLYDE THE GLIDE DREXLER,190 tix,$ 839,241943,2014-08-03,Modern Premier #7332812,modern,modern-premier-7332812,modern-premier-7332812-2014-08-03
26,1,Sunlance,,Sideboard,3,3,Death and Taxes,CLYDE THE GLIDE DREXLER,190 tix,$ 839,241943,2014-08-03,Modern Premier #7332812,modern,modern-premier-7332812,modern-premier-7332812-2014-08-03
27,1,"Kataki, War's Wage",,Sideboard,3,3,Death and Taxes,CLYDE THE GLIDE DREXLER,190 tix,$ 839,241943,2014-08-03,Modern Premier #7332812,modern,modern-premier-7332812,modern-premier-7332812-2014-08-03
28,3,Kor Firewalker,,Sideboard,3,3,Death and Taxes,CLYDE THE GLIDE DREXLER,190 tix,$ 839,241943,2014-08-03,Modern Premier #7332812,modern,modern-premier-7332812,modern-premier-7332812-2014-08-03
29,2,Rest in Peace,,Sideboard,3,3,Death and Taxes,CLYDE THE GLIDE DREXLER,190 tix,$ 839,241943,2014-08-03,Modern Premier #7332812,modern,modern-premier-7332812,modern-premier-7332812-2014-08-03
30,2,Stony Silence,,Sideboard,3,3,Death and Taxes,CLYDE THE GLIDE DREXLER,190 tix,$ 839,241943,2014-08-03,Modern Premier #7332812,modern,modern-premier-7332812,modern-premier-7332812-2014-08-03
31,2,Zealous Persecution,,Sideboard,3,3,Death and Taxes,CLYDE THE GLIDE DREXLER,190 tix,$ 839,241943,2014-08-03,Modern Premier #7332812,modern,modern-premier-7332812,modern-premier-7332812-2014-08-03
32,2,Mirran Crusader,,Sideboard,3,3,Death and Taxes,CLYDE THE GLIDE DREXLER,190 tix,$ 839,241943,2014-08-03,Modern Premier #7332812,modern,modern-premier-7332812,modern-premier-7332812-2014-08-03
33,1,Sword of Fire and Ice,,Sideboard,3,3,Death and Taxes,CLYDE THE GLIDE DREXLER,190 tix,$ 839,241943,2014-08-03,Modern Premier #7332812,modern,modern-premier-7332812,modern-premier-7332812-2014-08-03
1,4,Goblin Guide,,Creatures,3,3,RDW,darklilou,146 tix,$ 512,241940,2014-08-03,Modern Premier #7332812,modern,modern-premier-7332812,modern-premier-7332812-2014-08-03
2,4,Eidolon of the Great Revel,,Creatures,3,3,RDW,darklilou,146 tix,$ 512,241940,2014-08-03,Modern Premier #7332812,modern,modern-premier-7332812,modern-premier-7332812-2014-08-03
4,4,Lava Spike,,Spells,3,3,RDW,darklilou,146 tix,$ 512,241940,2014-08-03,Modern Premier #7332812,modern,modern-premier-7332812,modern-premier-7332812-2014-08-03
5,4,Lightning Bolt,,Spells,3,3,RDW,darklilou,146 tix,$ 512,241940,2014-08-03,Modern Premier #7332812,modern,modern-premier-7332812,modern-premier-7332812-2014-08-03
6,1,Shard Volley,,Spells,3,3,RDW,darklilou,146 tix,$ 512,241940,2014-08-03,Modern Premier #7332812,modern,modern-premier-7332812,modern-premier-7332812-2014-08-03
7,4,Boros Charm,,Spells,3,3,RDW,darklilou,146 tix,$ 512,241940,2014-08-03,Modern Premier #7332812,modern,modern-premier-7332812,modern-premier-7332812-2014-08-03
8,4,Lightning Helix,,Spells,3,3,RDW,darklilou,146 tix,$ 512,241940,2014-08-03,Modern Premier #7332812,modern,modern-premier-7332812,modern-premier-7332812-2014-08-03
9,1,Searing Blaze,,Spells,3,3,RDW,darklilou,146 tix,$ 512,241940,2014-08-03,Modern Premier #7332812,modern,modern-premier-7332812,modern-premier-7332812-2014-08-03
10,2,Searing Blood,,Spells,3,3,RDW,darklilou,146 tix,$ 512,241940,2014-08-03,Modern Premier #7332812,modern,modern-premier-7332812,modern-premier-7332812-2014-08-03
11,3,Skullcrack,,Spells,3,3,RDW,darklilou,146 tix,$ 512,241940,2014-08-03,Modern Premier #7332812,modern,modern-premier-7332812,modern-premier-7332812-2014-08-03
12,4,Flames of the Blood Hand,,Spells,3,3,RDW,darklilou,146 tix,$ 512,241940,2014-08-03,Modern Premier #7332812,modern,modern-premier-7332812,modern-premier-7332812-2014-08-03
13,4,Rift Bolt,,Spells,3,3,RDW,darklilou,146 tix,$ 512,241940,2014-08-03,Modern Premier #7332812,modern,modern-premier-7332812,modern-premier-7332812-2014-08-03
15,4,Arid Mesa,,Lands,3,3,RDW,darklilou,146 tix,$ 512,241940,2014-08-03,Modern Premier #7332812,modern,modern-premier-7332812,modern-premier-7332812-2014-08-03
16,3,Clifftop Retreat,,Lands,3,3,RDW,darklilou,146 tix,$ 512,241940,2014-08-03,Modern Premier #7332812,modern,modern-premier-7332812,modern-premier-7332812-2014-08-03
17,5,Mountain,,Lands,3,3,RDW,darklilou,146 tix,$ 512,241940,2014-08-03,Modern Premier #7332812,modern,modern-premier-7332812,modern-premier-7332812-2014-08-03
18,4,Sacred Foundry,,Lands,3,3,RDW,darklilou,146 tix,$ 512,241940,2014-08-03,Modern Premier #7332812,modern,modern-premier-7332812,modern-premier-7332812-2014-08-03
19,1,Scalding Tarn,,Lands,3,3,RDW,darklilou,146 tix,$ 512,241940,2014-08-03,Modern Premier #7332812,modern,modern-premier-7332812,modern-premier-7332812-2014-08-03
20,4,Temple of Triumph,,Lands,3,3,RDW,darklilou,146 tix,$ 512,241940,2014-08-03,Modern Premier #7332812,modern,modern-premier-7332812,modern-premier-7332812-2014-08-03
22,3,Combust,,Sideboard,3,3,RDW,darklilou,146 tix,$ 512,241940,2014-08-03,Modern Premier #7332812,modern,modern-premier-7332812,modern-premier-7332812-2014-08-03
23,2,Searing Blaze,,Sideboard,3,3,RDW,darklilou,146 tix,$ 512,241940,2014-08-03,Modern Premier #7332812,modern,modern-premier-7332812,modern-premier-7332812-2014-08-03
24,2,Searing Blood,,Sideboard,3,3,RDW,darklilou,146 tix,$ 512,241940,2014-08-03,Modern Premier #7332812,modern,modern-premier-7332812,modern-premier-7332812-2014-08-03
25,1,Skullcrack,,Sideboard,3,3,RDW,darklilou,146 tix,$ 512,241940,2014-08-03,Modern Premier #7332812,modern,modern-premier-7332812,modern-premier-7332812-2014-08-03
26,4,Smash to Smithereens,,Sideboard,3,3,RDW,darklilou,146 tix,$ 512,241940,2014-08-03,Modern Premier #7332812,modern,modern-premier-7332812,modern-premier-7332812-2014-08-03
27,3,Molten Rain,,Sideboard,3,3,RDW,darklilou,146 tix,$ 512,241940,2014-08-03,Modern Premier #7332812,modern,modern-premier-7332812,modern-premier-7332812-2014-08-03
1,2,Grim Lavamancer,,Creatures,3,3,Splinter Twin,MrHaas,327 tix,"$ 1,207",241945,2014-08-03,Modern Premier #7332812,modern,modern-premier-7332812,modern-premier-7332812-2014-08-03
2,4,Snapcaster Mage,,Creatures,3,3,Splinter Twin,MrHaas,327 tix,"$ 1,207",241945,2014-08-03,Modern Premier #7332812,modern,modern-premier-7332812,modern-premier-7332812-2014-08-03
3,3,Deceiver Exarch,,Creatures,3,3,Splinter Twin,MrHaas,327 tix,"$ 1,207",241945,2014-08-03,Modern Premier #7332812,modern,modern-premier-7332812,modern-premier-7332812-2014-08-03
4,3,Pestermite,,Creatures,3,3,Splinter Twin,MrHaas,327 tix,"$ 1,207",241945,2014-08-03,Modern Premier #7332812,modern,modern-premier-7332812,modern-premier-7332812-2014-08-03
6,1,Flame Slash,,Spells,3,3,Splinter Twin,MrHaas,327 tix,"$ 1,207",241945,2014-08-03,Modern Premier #7332812,modern,modern-premier-7332812,modern-premier-7332812-2014-08-03
7,4,Lightning Bolt,,Spells,3,3,Splinter Twin,MrHaas,327 tix,"$ 1,207",241945,2014-08-03,Modern Premier #7332812,modern,modern-premier-7332812,modern-premier-7332812-2014-08-03
8,2,Peek,,Spells,3,3,Splinter Twin,MrHaas,327 tix,"$ 1,207",241945,2014-08-03,Modern Premier #7332812,modern,modern-premier-7332812,modern-premier-7332812-2014-08-03
9,4,Serum Visions,,Spells,3,3,Splinter Twin,MrHaas,327 tix,"$ 1,207",241945,2014-08-03,Modern Premier #7332812,modern,modern-premier-7332812,modern-premier-7332812-2014-08-03
10,1,Twisted Image,,Spells,3,3,Splinter Twin,MrHaas,327 tix,"$ 1,207",241945,2014-08-03,Modern Premier #7332812,modern,modern-premier-7332812,modern-premier-7332812-2014-08-03
11,4,Remand,,Spells,3,3,Splinter Twin,MrHaas,327 tix,"$ 1,207",241945,2014-08-03,Modern Premier #7332812,modern,modern-premier-7332812,modern-premier-7332812-2014-08-03
12,1,Electrolyze,,Spells,3,3,Splinter Twin,MrHaas,327 tix,"$ 1,207",241945,2014-08-03,Modern Premier #7332812,modern,modern-premier-7332812,modern-premier-7332812-2014-08-03
13,2,Cryptic Command,,Spells,3,3,Splinter Twin,MrHaas,327 tix,"$ 1,207",241945,2014-08-03,Modern Premier #7332812,modern,modern-premier-7332812,modern-premier-7332812-2014-08-03
15,1,Vedalken Shackles,,Artifacts,3,3,Splinter Twin,MrHaas,327 tix,"$ 1,207",241945,2014-08-03,Modern Premier #7332812,modern,modern-premier-7332812,modern-premier-7332812-2014-08-03
17,2,Spreading Seas,,Enchantments,3,3,Splinter Twin,MrHaas,327 tix,"$ 1,207",241945,2014-08-03,Modern Premier #7332812,modern,modern-premier-7332812,modern-premier-7332812-2014-08-03
18,4,Splinter Twin,,Enchantments,3,3,Splinter Twin,MrHaas,327 tix,"$ 1,207",241945,2014-08-03,Modern Premier #7332812,modern,modern-premier-7332812,modern-premier-7332812-2014-08-03
20,1,Desolate Lighthouse,,Lands,3,3,Splinter Twin,MrHaas,327 tix,"$ 1,207",241945,2014-08-03,Modern Premier #7332812,modern,modern-premier-7332812,modern-premier-7332812-2014-08-03
21,4,Island,,Lands,3,3,Splinter Twin,MrHaas,327 tix,"$ 1,207",241945,2014-08-03,Modern Premier #7332812,modern,modern-premier-7332812,modern-premier-7332812-2014-08-03
22,4,Misty Rainforest,,Lands,3,3,Splinter Twin,MrHaas,327 tix,"$ 1,207",241945,2014-08-03,Modern Premier #7332812,modern,modern-premier-7332812,modern-premier-7332812-2014-08-03
23,1,Mountain,,Lands,3,3,Splinter Twin,MrHaas,327 tix,"$ 1,207",241945,2014-08-03,Modern Premier #7332812,modern,modern-premier-7332812,modern-premier-7332812-2014-08-03
24,4,Scalding Tarn,,Lands,3,3,Splinter Twin,MrHaas,327 tix,"$ 1,207",241945,2014-08-03,Modern Premier #7332812,modern,modern-premier-7332812,modern-premier-7332812-2014-08-03
25,3,Steam Vents,,Lands,3,3,Splinter Twin,MrHaas,327 tix,"$ 1,207",241945,2014-08-03,Modern Premier #7332812,modern,modern-premier-7332812,modern-premier-7332812-2014-08-03
26,1,Stomping Ground,,Lands,3,3,Splinter Twin,MrHaas,327 tix,"$ 1,207",241945,2014-08-03,Modern Premier #7332812,modern,modern-premier-7332812,modern-premier-7332812-2014-08-03
27,3,Sulfur Falls,,Lands,3,3,Splinter Twin,MrHaas,327 tix,"$ 1,207",241945,2014-08-03,Modern Premier #7332812,modern,modern-premier-7332812,modern-premier-7332812-2014-08-03
28,1,Tectonic Edge,,Lands,3,3,Splinter Twin,MrHaas,327 tix,"$ 1,207",241945,2014-08-03,Modern Premier #7332812,modern,modern-premier-7332812,modern-premier-7332812-2014-08-03
30,1,Engineered Explosives,,Sideboard,3,3,Splinter Twin,MrHaas,327 tix,"$ 1,207",241945,2014-08-03,Modern Premier #7332812,modern,modern-premier-7332812,modern-premier-7332812-2014-08-03
31,2,Dispel,,Sideboard,3,3,Splinter Twin,MrHaas,327 tix,"$ 1,207",241945,2014-08-03,Modern Premier #7332812,modern,modern-premier-7332812,modern-premier-7332812-2014-08-03
32,2,Relic of Progenitus,,Sideboard,3,3,Splinter Twin,MrHaas,327 tix,"$ 1,207",241945,2014-08-03,Modern Premier #7332812,modern,modern-premier-7332812,modern-premier-7332812-2014-08-03
33,2,Ancient Grudge,,Sideboard,3,3,Splinter Twin,MrHaas,327 tix,"$ 1,207",241945,2014-08-03,Modern Premier #7332812,modern,modern-premier-7332812,modern-premier-7332812-2014-08-03
34,2,Spellskite,,Sideboard,3,3,Splinter Twin,MrHaas,327 tix,"$ 1,207",241945,2014-08-03,Modern Premier #7332812,modern,modern-premier-7332812,modern-premier-7332812-2014-08-03
35,2,Anger of the Gods,,Sideboard,3,3,Splinter Twin,MrHaas,327 tix,"$ 1,207",241945,2014-08-03,Modern Premier #7332812,modern,modern-premier-7332812,modern-premier-7332812-2014-08-03
36,2,Blood Moon,,Sideboard,3,3,Splinter Twin,MrHaas,327 tix,"$ 1,207",241945,2014-08-03,Modern Premier #7332812,modern,modern-premier-7332812,modern-premier-7332812-2014-08-03
37,1,Batterskull,,Sideboard,3,3,Splinter Twin,MrHaas,327 tix,"$ 1,207",241945,2014-08-03,Modern Premier #7332812,modern,modern-premier-7332812,modern-premier-7332812-2014-08-03
38,1,"Keranos, God of Storms",,Sideboard,3,3,Splinter Twin,MrHaas,327 tix,"$ 1,207",241945,2014-08-03,Modern Premier #7332812,modern,modern-premier-7332812,modern-premier-7332812-2014-08-03
1,3,Augur of Bolas,,Creatures,3,3,UWR Midrange,Yuffie,319 tix,"$ 1,290",241941,2014-08-03,Modern Premier #7332812,modern,modern-premier-7332812,modern-premier-7332812-2014-08-03
2,4,Snapcaster Mage,,Creatures,3,3,UWR Midrange,Yuffie,319 tix,"$ 1,290",241941,2014-08-03,Modern Premier #7332812,modern,modern-premier-7332812,modern-premier-7332812-2014-08-03
3,1,Vendilion Clique,,Creatures,3,3,UWR Midrange,Yuffie,319 tix,"$ 1,290",241941,2014-08-03,Modern Premier #7332812,modern,modern-premier-7332812,modern-premier-7332812-2014-08-03
4,4,Restoration Angel,,Creatures,3,3,UWR Midrange,Yuffie,319 tix,"$ 1,290",241941,2014-08-03,Modern Premier #7332812,modern,modern-premier-7332812,modern-premier-7332812-2014-08-03
6,4,Lightning Bolt,,Spells,3,3,UWR Midrange,Yuffie,319 tix,"$ 1,290",241941,2014-08-03,Modern Premier #7332812,modern,modern-premier-7332812,modern-premier-7332812-2014-08-03
7,3,Path to Exile,,Spells,3,3,UWR Midrange,Yuffie,319 tix,"$ 1,290",241941,2014-08-03,Modern Premier #7332812,modern,modern-premier-7332812,modern-premier-7332812-2014-08-03
8,2,Spell Pierce,,Spells,3,3,UWR Midrange,Yuffie,319 tix,"$ 1,290",241941,2014-08-03,Modern Premier #7332812,modern,modern-premier-7332812,modern-premier-7332812-2014-08-03
9,2,Lightning Helix,,Spells,3,3,UWR Midrange,Yuffie,319 tix,"$ 1,290",241941,2014-08-03,Modern Premier #7332812,modern,modern-premier-7332812,modern-premier-7332812-2014-08-03
10,2,Mana Leak,,Spells,3,3,UWR Midrange,Yuffie,319 tix,"$ 1,290",241941,2014-08-03,Modern Premier #7332812,modern,modern-premier-7332812,modern-premier-7332812-2014-08-03
11,3,Remand,,Spells,3,3,UWR Midrange,Yuffie,319 tix,"$ 1,290",241941,2014-08-03,Modern Premier #7332812,modern,modern-premier-7332812,modern-premier-7332812-2014-08-03
12,1,Shadow of Doubt,,Spells,3,3,UWR Midrange,Yuffie,319 tix,"$ 1,290",241941,2014-08-03,Modern Premier #7332812,modern,modern-premier-7332812,modern-premier-7332812-2014-08-03
13,2,Telling Time,,Spells,3,3,UWR Midrange,Yuffie,319 tix,"$ 1,290",241941,2014-08-03,Modern Premier #7332812,modern,modern-premier-7332812,modern-premier-7332812-2014-08-03
14,3,Electrolyze,,Spells,3,3,UWR Midrange,Yuffie,319 tix,"$ 1,290",241941,2014-08-03,Modern Premier #7332812,modern,modern-premier-7332812,modern-premier-7332812-2014-08-03
16,4,Arid Mesa,,Lands,3,3,UWR Midrange,Yuffie,319 tix,"$ 1,290",241941,2014-08-03,Modern Premier #7332812,modern,modern-premier-7332812,modern-premier-7332812-2014-08-03
17,4,Celestial Colonnade,,Lands,3,3,UWR Midrange,Yuffie,319 tix,"$ 1,290",241941,2014-08-03,Modern Premier #7332812,modern,modern-premier-7332812,modern-premier-7332812-2014-08-03
18,1,Glacial Fortress,,Lands,3,3,UWR Midrange,Yuffie,319 tix,"$ 1,290",241941,2014-08-03,Modern Premier #7332812,modern,modern-premier-7332812,modern-premier-7332812-2014-08-03
19,2,Hallowed Fountain,,Lands,3,3,UWR Midrange,Yuffie,319 tix,"$ 1,290",241941,2014-08-03,Modern Premier #7332812,modern,modern-premier-7332812,modern-premier-7332812-2014-08-03
20,3,Island,,Lands,3,3,UWR Midrange,Yuffie,319 tix,"$ 1,290",241941,2014-08-03,Modern Premier #7332812,modern,modern-premier-7332812,modern-premier-7332812-2014-08-03
21,1,Moorland Haunt,,Lands,3,3,UWR Midrange,Yuffie,319 tix,"$ 1,290",241941,2014-08-03,Modern Premier #7332812,modern,modern-premier-7332812,modern-premier-7332812-2014-08-03
22,1,Mountain,,Lands,3,3,UWR Midrange,Yuffie,319 tix,"$ 1,290",241941,2014-08-03,Modern Premier #7332812,modern,modern-premier-7332812,modern-premier-7332812-2014-08-03
23,1,Plains,,Lands,3,3,UWR Midrange,Yuffie,319 tix,"$ 1,290",241941,2014-08-03,Modern Premier #7332812,modern,modern-premier-7332812,modern-premier-7332812-2014-08-03
24,1,Sacred Foundry,,Lands,3,3,UWR Midrange,Yuffie,319 tix,"$ 1,290",241941,2014-08-03,Modern Premier #7332812,modern,modern-premier-7332812,modern-premier-7332812-2014-08-03
25,4,Scalding Tarn,,Lands,3,3,UWR Midrange,Yuffie,319 tix,"$ 1,290",241941,2014-08-03,Modern Premier #7332812,modern,modern-premier-7332812,modern-premier-7332812-2014-08-03
26,2,Steam Vents,,Lands,3,3,UWR Midrange,Yuffie,319 tix,"$ 1,290",241941,2014-08-03,Modern Premier #7332812,modern,modern-premier-7332812,modern-premier-7332812-2014-08-03
27,2,Tectonic Edge,,Lands,3,3,UWR Midrange,Yuffie,319 tix,"$ 1,290",241941,2014-08-03,Modern Premier #7332812,modern,modern-premier-7332812,modern-premier-7332812-2014-08-03
29,1,Ghost Quarter,,Sideboard,3,3,UWR Midrange,Yuffie,319 tix,"$ 1,290",241941,2014-08-03,Modern Premier #7332812,modern,modern-premier-7332812,modern-premier-7332812-2014-08-03
30,1,Dispel,,Sideboard,3,3,UWR Midrange,Yuffie,319 tix,"$ 1,290",241941,2014-08-03,Modern Premier #7332812,modern,modern-premier-7332812,modern-premier-7332812-2014-08-03
31,1,Relic of Progenitus,,Sideboard,3,3,UWR Midrange,Yuffie,319 tix,"$ 1,290",241941,2014-08-03,Modern Premier #7332812,modern,modern-premier-7332812,modern-premier-7332812-2014-08-03
32,1,Celestial Purge,,Sideboard,3,3,UWR Midrange,Yuffie,319 tix,"$ 1,290",241941,2014-08-03,Modern Premier #7332812,modern,modern-premier-7332812,modern-premier-7332812-2014-08-03
33,2,Stony Silence,,Sideboard,3,3,UWR Midrange,Yuffie,319 tix,"$ 1,290",241941,2014-08-03,Modern Premier #7332812,modern,modern-premier-7332812,modern-premier-7332812-2014-08-03
34,1,Counterflux,,Sideboard,3,3,UWR Midrange,Yuffie,319 tix,"$ 1,290",241941,2014-08-03,Modern Premier #7332812,modern,modern-premier-7332812,modern-premier-7332812-2014-08-03
35,1,Crucible of Worlds,,Sideboard,3,3,UWR Midrange,Yuffie,319 tix,"$ 1,290",241941,2014-08-03,Modern Premier #7332812,modern,modern-premier-7332812,modern-premier-7332812-2014-08-03
36,2,Geist of Saint Traft,,Sideboard,3,3,UWR Midrange,Yuffie,319 tix,"$ 1,290",241941,2014-08-03,Modern Premier #7332812,modern,modern-premier-7332812,modern-premier-7332812-2014-08-03
37,1,Supreme Verdict,,Sideboard,3,3,UWR Midrange,Yuffie,319 tix,"$ 1,290",241941,2014-08-03,Modern Premier #7332812,modern,modern-premier-7332812,modern-premier-7332812-2014-08-03
38,1,Wrath of God,,Sideboard,3,3,UWR Midrange,Yuffie,319 tix,"$ 1,290",241941,2014-08-03,Modern Premier #7332812,modern,modern-premier-7332812,modern-premier-7332812-2014-08-03
39,1,Baneslayer Angel,,Sideboard,3,3,UWR Midrange,Yuffie,319 tix,"$ 1,290",241941,2014-08-03,Modern Premier #7332812,modern,modern-premier-7332812,modern-premier-7332812-2014-08-03
40,1,"Keranos, God of Storms",,Sideboard,3,3,UWR Midrange,Yuffie,319 tix,"$ 1,290",241941,2014-08-03,Modern Premier #7332812,modern,modern-premier-7332812,modern-premier-7332812-2014-08-03
41,1,"Teferi, Mage of Zhalfir",,Sideboard,3,3,UWR Midrange,Yuffie,319 tix,"$ 1,290",241941,2014-08-03,Modern Premier #7332812,modern,modern-premier-7332812,modern-premier-7332812-2014-08-03
1,4,Snapcaster Mage,,Creatures,4,0,Blue Moon,HJ_Kaiser,413 tix,"$ 1,489",241948,2014-08-03,Modern Daily #7332854,modern,modern-daily-7332854,modern-daily-7332854-2014-08-03
2,4,Tarmogoyf,,Creatures,4,0,Blue Moon,HJ_Kaiser,413 tix,"$ 1,489",241948,2014-08-03,Modern Daily #7332854,modern,modern-daily-7332854,modern-daily-7332854-2014-08-03
3,3,Vendilion Clique,,Creatures,4,0,Blue Moon,HJ_Kaiser,413 tix,"$ 1,489",241948,2014-08-03,Modern Daily #7332854,modern,modern-daily-7332854,modern-daily-7332854-2014-08-03
5,2,Burst Lightning,,Spells,4,0,Blue Moon,HJ_Kaiser,413 tix,"$ 1,489",241948,2014-08-03,Modern Daily #7332854,modern,modern-daily-7332854,modern-daily-7332854-2014-08-03
6,4,Lightning Bolt,,Spells,4,0,Blue Moon,HJ_Kaiser,413 tix,"$ 1,489",241948,2014-08-03,Modern Daily #7332854,modern,modern-daily-7332854,modern-daily-7332854-2014-08-03
7,4,Serum Visions,,Spells,4,0,Blue Moon,HJ_Kaiser,413 tix,"$ 1,489",241948,2014-08-03,Modern Daily #7332854,modern,modern-daily-7332854,modern-daily-7332854-2014-08-03
8,1,Sleight of Hand,,Spells,4,0,Blue Moon,HJ_Kaiser,413 tix,"$ 1,489",241948,2014-08-03,Modern Daily #7332854,modern,modern-daily-7332854,modern-daily-7332854-2014-08-03
9,3,Spell Snare,,Spells,4,0,Blue Moon,HJ_Kaiser,413 tix,"$ 1,489",241948,2014-08-03,Modern Daily #7332854,modern,modern-daily-7332854,modern-daily-7332854-2014-08-03
10,3,Mana Leak,,Spells,4,0,Blue Moon,HJ_Kaiser,413 tix,"$ 1,489",241948,2014-08-03,Modern Daily #7332854,modern,modern-daily-7332854,modern-daily-7332854-2014-08-03
11,3,Cryptic Command,,Spells,4,0,Blue Moon,HJ_Kaiser,413 tix,"$ 1,489",241948,2014-08-03,Modern Daily #7332854,modern,modern-daily-7332854,modern-daily-7332854-2014-08-03
13,3,Vedalken Shackles,,Artifacts,4,0,Blue Moon,HJ_Kaiser,413 tix,"$ 1,489",241948,2014-08-03,Modern Daily #7332854,modern,modern-daily-7332854,modern-daily-7332854-2014-08-03
15,3,Blood Moon,,Enchantments,4,0,Blue Moon,HJ_Kaiser,413 tix,"$ 1,489",241948,2014-08-03,Modern Daily #7332854,modern,modern-daily-7332854,modern-daily-7332854-2014-08-03
17,1,Breeding Pool,,Lands,4,0,Blue Moon,HJ_Kaiser,413 tix,"$ 1,489",241948,2014-08-03,Modern Daily #7332854,modern,modern-daily-7332854,modern-daily-7332854-2014-08-03
18,1,Forest,,Lands,4,0,Blue Moon,HJ_Kaiser,413 tix,"$ 1,489",241948,2014-08-03,Modern Daily #7332854,modern,modern-daily-7332854,modern-daily-7332854-2014-08-03
19,8,Island,,Lands,4,0,Blue Moon,HJ_Kaiser,413 tix,"$ 1,489",241948,2014-08-03,Modern Daily #7332854,modern,modern-daily-7332854,modern-daily-7332854-2014-08-03
20,4,Misty Rainforest,,Lands,4,0,Blue Moon,HJ_Kaiser,413 tix,"$ 1,489",241948,2014-08-03,Modern Daily #7332854,modern,modern-daily-7332854,modern-daily-7332854-2014-08-03
21,1,Mountain,,Lands,4,0,Blue Moon,HJ_Kaiser,413 tix,"$ 1,489",241948,2014-08-03,Modern Daily #7332854,modern,modern-daily-7332854,modern-daily-7332854-2014-08-03
22,4,Scalding Tarn,,Lands,4,0,Blue Moon,HJ_Kaiser,413 tix,"$ 1,489",241948,2014-08-03,Modern Daily #7332854,modern,modern-daily-7332854,modern-daily-7332854-2014-08-03
23,3,Steam Vents,,Lands,4,0,Blue Moon,HJ_Kaiser,413 tix,"$ 1,489",241948,2014-08-03,Modern Daily #7332854,modern,modern-daily-7332854,modern-daily-7332854-2014-08-03
24,1,Stomping Ground,,Lands,4,0,Blue Moon,HJ_Kaiser,413 tix,"$ 1,489",241948,2014-08-03,Modern Daily #7332854,modern,modern-daily-7332854,modern-daily-7332854-2014-08-03
26,2,Dispel,,Sideboard,4,0,Blue Moon,HJ_Kaiser,413 tix,"$ 1,489",241948,2014-08-03,Modern Daily #7332854,modern,modern-daily-7332854,modern-daily-7332854-2014-08-03
27,2,Pithing Needle,,Sideboard,4,0,Blue Moon,HJ_Kaiser,413 tix,"$ 1,489",241948,2014-08-03,Modern Daily #7332854,modern,modern-daily-7332854,modern-daily-7332854-2014-08-03
28,3,Ancient Grudge,,Sideboard,4,0,Blue Moon,HJ_Kaiser,413 tix,"$ 1,489",241948,2014-08-03,Modern Daily #7332854,modern,modern-daily-7332854,modern-daily-7332854-2014-08-03
29,2,Combust,,Sideboard,4,0,Blue Moon,HJ_Kaiser,413 tix,"$ 1,489",241948,2014-08-03,Modern Daily #7332854,modern,modern-daily-7332854,modern-daily-7332854-2014-08-03
30,2,Negate,,Sideboard,4,0,Blue Moon,HJ_Kaiser,413 tix,"$ 1,489",241948,2014-08-03,Modern Daily #7332854,modern,modern-daily-7332854,modern-daily-7332854-2014-08-03
31,2,Anger of the Gods,,Sideboard,4,0,Blue Moon,HJ_Kaiser,413 tix,"$ 1,489",241948,2014-08-03,Modern Daily #7332854,modern,modern-daily-7332854,modern-daily-7332854-2014-08-03
32,2,Threads of Disloyalty,,Sideboard,4,0,Blue Moon,HJ_Kaiser,413 tix,"$ 1,489",241948,2014-08-03,Modern Daily #7332854,modern,modern-daily-7332854,modern-daily-7332854-2014-08-03
1,4,Dark Confidant,,Creatures,4,0,Jund,DuarteCruz,498 tix,"$ 1,845",241947,2014-08-03,Modern Daily #7332854,modern,modern-daily-7332854,modern-daily-7332854-2014-08-03
2,4,Scavenging Ooze,,Creatures,4,0,Jund,DuarteCruz,498 tix,"$ 1,845",241947,2014-08-03,Modern Daily #7332854,modern,modern-daily-7332854,modern-daily-7332854-2014-08-03
3,4,Tarmogoyf,,Creatures,4,0,Jund,DuarteCruz,498 tix,"$ 1,845",241947,2014-08-03,Modern Daily #7332854,modern,modern-daily-7332854,modern-daily-7332854-2014-08-03
4,1,Lifebane Zombie,,Creatures,4,0,Jund,DuarteCruz,498 tix,"$ 1,845",241947,2014-08-03,Modern Daily #7332854,modern,modern-daily-7332854,modern-daily-7332854-2014-08-03
5,1,"Thrun, the Last Troll",,Creatures,4,0,Jund,DuarteCruz,498 tix,"$ 1,845",241947,2014-08-03,Modern Daily #7332854,modern,modern-daily-7332854,modern-daily-7332854-2014-08-03
7,3,Liliana of the Veil,,Planeswalkers,4,0,Jund,DuarteCruz,498 tix,"$ 1,845",241947,2014-08-03,Modern Daily #7332854,modern,modern-daily-7332854,modern-daily-7332854-2014-08-03
8,1,"Chandra, Pyromaster",,Planeswalkers,4,0,Jund,DuarteCruz,498 tix,"$ 1,845",241947,2014-08-03,Modern Daily #7332854,modern,modern-daily-7332854,modern-daily-7332854-2014-08-03
10,1,Slaughter Pact,,Spells,4,0,Jund,DuarteCruz,498 tix,"$ 1,845",241947,2014-08-03,Modern Daily #7332854,modern,modern-daily-7332854,modern-daily-7332854-2014-08-03
11,1,Burst Lightning,,Spells,4,0,Jund,DuarteCruz,498 tix,"$ 1,845",241947,2014-08-03,Modern Daily #7332854,modern,modern-daily-7332854,modern-daily-7332854-2014-08-03
12,3,Inquisition of Kozilek,,Spells,4,0,Jund,DuarteCruz,498 tix,"$ 1,845",241947,2014-08-03,Modern Daily #7332854,modern,modern-daily-7332854,modern-daily-7332854-2014-08-03
13,4,Lightning Bolt,,Spells,4,0,Jund,DuarteCruz,498 tix,"$ 1,845",241947,2014-08-03,Modern Daily #7332854,modern,modern-daily-7332854,modern-daily-7332854-2014-08-03
14,4,Thoughtseize,,Spells,4,0,Jund,DuarteCruz,498 tix,"$ 1,845",241947,2014-08-03,Modern Daily #7332854,modern,modern-daily-7332854,modern-daily-7332854-2014-08-03
15,3,Abrupt Decay,,Spells,4,0,Jund,DuarteCruz,498 tix,"$ 1,845",241947,2014-08-03,Modern Daily #7332854,modern,modern-daily-7332854,modern-daily-7332854-2014-08-03
16,1,Terminate,,Spells,4,0,Jund,DuarteCruz,498 tix,"$ 1,845",241947,2014-08-03,Modern Daily #7332854,modern,modern-daily-7332854,modern-daily-7332854-2014-08-03
17,1,Dismember,,Spells,4,0,Jund,DuarteCruz,498 tix,"$ 1,845",241947,2014-08-03,Modern Daily #7332854,modern,modern-daily-7332854,modern-daily-7332854-2014-08-03
19,4,Blackcleave Cliffs,,Lands,4,0,Jund,DuarteCruz,498 tix,"$ 1,845",241947,2014-08-03,Modern Daily #7332854,modern,modern-daily-7332854,modern-daily-7332854-2014-08-03
20,1,Blood Crypt,,Lands,4,0,Jund,DuarteCruz,498 tix,"$ 1,845",241947,2014-08-03,Modern Daily #7332854,modern,modern-daily-7332854,modern-daily-7332854-2014-08-03
21,2,Forest,,Lands,4,0,Jund,DuarteCruz,498 tix,"$ 1,845",241947,2014-08-03,Modern Daily #7332854,modern,modern-daily-7332854,modern-daily-7332854-2014-08-03
22,1,Marsh Flats,,Lands,4,0,Jund,DuarteCruz,498 tix,"$ 1,845",241947,2014-08-03,Modern Daily #7332854,modern,modern-daily-7332854,modern-daily-7332854-2014-08-03
23,1,Misty Rainforest,,Lands,4,0,Jund,DuarteCruz,498 tix,"$ 1,845",241947,2014-08-03,Modern Daily #7332854,modern,modern-daily-7332854,modern-daily-7332854-2014-08-03
24,2,Overgrown Tomb,,Lands,4,0,Jund,DuarteCruz,498 tix,"$ 1,845",241947,2014-08-03,Modern Daily #7332854,modern,modern-daily-7332854,modern-daily-7332854-2014-08-03
25,3,Raging Ravine,,Lands,4,0,Jund,DuarteCruz,498 tix,"$ 1,845",241947,2014-08-03,Modern Daily #7332854,modern,modern-daily-7332854,modern-daily-7332854-2014-08-03
26,2,Stomping Ground,,Lands,4,0,Jund,DuarteCruz,498 tix,"$ 1,845",241947,2014-08-03,Modern Daily #7332854,modern,modern-daily-7332854,modern-daily-7332854-2014-08-03
27,2,Swamp,,Lands,4,0,Jund,DuarteCruz,498 tix,"$ 1,845",241947,2014-08-03,Modern Daily #7332854,modern,modern-daily-7332854,modern-daily-7332854-2014-08-03
28,1,Treetop Village,,Lands,4,0,Jund,DuarteCruz,498 tix,"$ 1,845",241947,2014-08-03,Modern Daily #7332854,modern,modern-daily-7332854,modern-daily-7332854-2014-08-03
29,1,Twilight Mire,,Lands,4,0,Jund,DuarteCruz,498 tix,"$ 1,845",241947,2014-08-03,Modern Daily #7332854,modern,modern-daily-7332854,modern-daily-7332854-2014-08-03
30,4,Verdant Catacombs,,Lands,4,0,Jund,DuarteCruz,498 tix,"$ 1,845",241947,2014-08-03,Modern Daily #7332854,modern,modern-daily-7332854,modern-daily-7332854-2014-08-03
32,1,Slaughter Pact,,Sideboard,4,0,Jund,DuarteCruz,498 tix,"$ 1,845",241947,2014-08-03,Modern Daily #7332854,modern,modern-daily-7332854,modern-daily-7332854-2014-08-03
33,1,Ancient Grudge,,Sideboard,4,0,Jund,DuarteCruz,498 tix,"$ 1,845",241947,2014-08-03,Modern Daily #7332854,modern,modern-daily-7332854,modern-daily-7332854-2014-08-03
34,1,Golgari Charm,,Sideboard,4,0,Jund,DuarteCruz,498 tix,"$ 1,845",241947,2014-08-03,Modern Daily #7332854,modern,modern-daily-7332854,modern-daily-7332854-2014-08-03
35,2,Anger of the Gods,,Sideboard,4,0,Jund,DuarteCruz,498 tix,"$ 1,845",241947,2014-08-03,Modern Daily #7332854,modern,modern-daily-7332854,modern-daily-7332854-2014-08-03
36,1,Jund Charm,,Sideboard,4,0,Jund,DuarteCruz,498 tix,"$ 1,845",241947,2014-08-03,Modern Daily #7332854,modern,modern-daily-7332854,modern-daily-7332854-2014-08-03
37,1,Lifebane Zombie,,Sideboard,4,0,Jund,DuarteCruz,498 tix,"$ 1,845",241947,2014-08-03,Modern Daily #7332854,modern,modern-daily-7332854,modern-daily-7332854-2014-08-03
38,3,Molten Rain,,Sideboard,4,0,Jund,DuarteCruz,498 tix,"$ 1,845",241947,2014-08-03,Modern Daily #7332854,modern,modern-daily-7332854,modern-daily-7332854-2014-08-03
39,1,"Chandra, Pyromaster",,Sideboard,4,0,Jund,DuarteCruz,498 tix,"$ 1,845",241947,2014-08-03,Modern Daily #7332854,modern,modern-daily-7332854,modern-daily-7332854-2014-08-03
40,1,Desecration Demon,,Sideboard,4,0,Jund,DuarteCruz,498 tix,"$ 1,845",241947,2014-08-03,Modern Daily #7332854,modern,modern-daily-7332854,modern-daily-7332854-2014-08-03
41,1,Shatterstorm,,Sideboard,4,0,Jund,DuarteCruz,498 tix,"$ 1,845",241947,2014-08-03,Modern Daily #7332854,modern,modern-daily-7332854,modern-daily-7332854-2014-08-03
42,1,Slaughter Games,,Sideboard,4,0,Jund,DuarteCruz,498 tix,"$ 1,845",241947,2014-08-03,Modern Daily #7332854,modern,modern-daily-7332854,modern-daily-7332854-2014-08-03
43,1,Sowing Salt,,Sideboard,4,0,Jund,DuarteCruz,498 tix,"$ 1,845",241947,2014-08-03,Modern Daily #7332854,modern,modern-daily-7332854,modern-daily-7332854-2014-08-03
1,2,Spellskite,,Creatures,4,0,RG Tron,Falkoneye,289 tix,$ 841,241949,2014-08-03,Modern Daily #7332854,modern,modern-daily-7332854,modern-daily-7332854-2014-08-03
2,3,Wurmcoil Engine,,Creatures,4,0,RG Tron,Falkoneye,289 tix,$ 841,241949,2014-08-03,Modern Daily #7332854,modern,modern-daily-7332854,modern-daily-7332854-2014-08-03
3,1,Sundering Titan,,Creatures,4,0,RG Tron,Falkoneye,289 tix,$ 841,241949,2014-08-03,Modern Daily #7332854,modern,modern-daily-7332854,modern-daily-7332854-2014-08-03
4,1,"Emrakul, the Aeons Torn",,Creatures,4,0,RG Tron,Falkoneye,289 tix,$ 841,241949,2014-08-03,Modern Daily #7332854,modern,modern-daily-7332854,modern-daily-7332854-2014-08-03
6,4,Karn Liberated,,Planeswalkers,4,0,RG Tron,Falkoneye,289 tix,$ 841,241949,2014-08-03,Modern Daily #7332854,modern,modern-daily-7332854,modern-daily-7332854-2014-08-03
8,4,Ancient Stirrings,,Spells,4,0,RG Tron,Falkoneye,289 tix,$ 841,241949,2014-08-03,Modern Daily #7332854,modern,modern-daily-7332854,modern-daily-7332854-2014-08-03
9,2,Pyroclasm,,Spells,4,0,RG Tron,Falkoneye,289 tix,$ 841,241949,2014-08-03,Modern Daily #7332854,modern,modern-daily-7332854,modern-daily-7332854-2014-08-03
10,4,Sylvan Scrying,,Spells,4,0,RG Tron,Falkoneye,289 tix,$ 841,241949,2014-08-03,Modern Daily #7332854,modern,modern-daily-7332854,modern-daily-7332854-2014-08-03
12,4,Chromatic Sphere,,Artifacts,4,0,RG Tron,Falkoneye,289 tix,$ 841,241949,2014-08-03,Modern Daily #7332854,modern,modern-daily-7332854,modern-daily-7332854-2014-08-03
13,4,Chromatic Star,,Artifacts,4,0,RG Tron,Falkoneye,289 tix,$ 841,241949,2014-08-03,Modern Daily #7332854,modern,modern-daily-7332854,modern-daily-7332854-2014-08-03
14,4,Expedition Map,,Artifacts,4,0,RG Tron,Falkoneye,289 tix,$ 841,241949,2014-08-03,Modern Daily #7332854,modern,modern-daily-7332854,modern-daily-7332854-2014-08-03
15,2,Relic of Progenitus,,Artifacts,4,0,RG Tron,Falkoneye,289 tix,$ 841,241949,2014-08-03,Modern Daily #7332854,modern,modern-daily-7332854,modern-daily-7332854-2014-08-03
16,4,Oblivion Stone,,Artifacts,4,0,RG Tron,Falkoneye,289 tix,$ 841,241949,2014-08-03,Modern Daily #7332854,modern,modern-daily-7332854,modern-daily-7332854-2014-08-03
18,1,Cavern of Souls,,Lands,4,0,RG Tron,Falkoneye,289 tix,$ 841,241949,2014-08-03,Modern Daily #7332854,modern,modern-daily-7332854,modern-daily-7332854-2014-08-03
19,1,Eye of Ugin,,Lands,4,0,RG Tron,Falkoneye,289 tix,$ 841,241949,2014-08-03,Modern Daily #7332854,modern,modern-daily-7332854,modern-daily-7332854-2014-08-03
20,1,Forest,,Lands,4,0,RG Tron,Falkoneye,289 tix,$ 841,241949,2014-08-03,Modern Daily #7332854,modern,modern-daily-7332854,modern-daily-7332854-2014-08-03
21,2,Ghost Quarter,,Lands,4,0,RG Tron,Falkoneye,289 tix,$ 841,241949,2014-08-03,Modern Daily #7332854,modern,modern-daily-7332854,modern-daily-7332854-2014-08-03
22,4,Grove of the Burnwillows,,Lands,4,0,RG Tron,Falkoneye,289 tix,$ 841,241949,2014-08-03,Modern Daily #7332854,modern,modern-daily-7332854,modern-daily-7332854-2014-08-03
23,4,Urza's Mine,,Lands,4,0,RG Tron,Falkoneye,289 tix,$ 841,241949,2014-08-03,Modern Daily #7332854,modern,modern-daily-7332854,modern-daily-7332854-2014-08-03
24,4,Urza's Power Plant,,Lands,4,0,RG Tron,Falkoneye,289 tix,$ 841,241949,2014-08-03,Modern Daily #7332854,modern,modern-daily-7332854,modern-daily-7332854-2014-08-03
25,4,Urza's Tower,,Lands,4,0,RG Tron,Falkoneye,289 tix,$ 841,241949,2014-08-03,Modern Daily #7332854,modern,modern-daily-7332854,modern-daily-7332854-2014-08-03
27,3,Nature's Claim,,Sideboard,4,0,RG Tron,Falkoneye,289 tix,$ 841,241949,2014-08-03,Modern Daily #7332854,modern,modern-daily-7332854,modern-daily-7332854-2014-08-03
28,1,Relic of Progenitus,,Sideboard,4,0,RG Tron,Falkoneye,289 tix,$ 841,241949,2014-08-03,Modern Daily #7332854,modern,modern-daily-7332854,modern-daily-7332854-2014-08-03
29,2,Combust,,Sideboard,4,0,RG Tron,Falkoneye,289 tix,$ 841,241949,2014-08-03,Modern Daily #7332854,modern,modern-daily-7332854,modern-daily-7332854-2014-08-03
30,2,Defense Grid,,Sideboard,4,0,RG Tron,Falkoneye,289 tix,$ 841,241949,2014-08-03,Modern Daily #7332854,modern,modern-daily-7332854,modern-daily-7332854-2014-08-03
31,2,Pyroclasm,,Sideboard,4,0,RG Tron,Falkoneye,289 tix,$ 841,241949,2014-08-03,Modern Daily #7332854,modern,modern-daily-7332854,modern-daily-7332854-2014-08-03
32,1,Torpor Orb,,Sideboard,4,0,RG Tron,Falkoneye,289 tix,$ 841,241949,2014-08-03,Modern Daily #7332854,modern,modern-daily-7332854,modern-daily-7332854-2014-08-03
33,2,Boil,,Sideboard,4,0,RG Tron,Falkoneye,289 tix,$ 841,241949,2014-08-03,Modern Daily #7332854,modern,modern-daily-7332854,modern-daily-7332854-2014-08-03
34,1,Wurmcoil Engine,,Sideboard,4,0,RG Tron,Falkoneye,289 tix,$ 841,241949,2014-08-03,Modern Daily #7332854,modern,modern-daily-7332854,modern-daily-7332854-2014-08-03
35,1,"Ulamog, the Infinite Gyre",,Sideboard,4,0,RG Tron,Falkoneye,289 tix,$ 841,241949,2014-08-03,Modern Daily #7332854,modern,modern-daily-7332854,modern-daily-7332854-2014-08-03
1,4,Sakura-Tribe Elder,,Creatures,4,0,Scapetwin,Tjolnar3,177 tix,$ 751,241950,2014-08-03,Modern Daily #7332854,modern,modern-daily-7332854,modern-daily-7332854-2014-08-03
2,3,Wall of Omens,,Creatures,4,0,Scapetwin,Tjolnar3,177 tix,$ 751,241950,2014-08-03,Modern Daily #7332854,modern,modern-daily-7332854,modern-daily-7332854-2014-08-03
3,2,Eternal Witness,,Creatures,4,0,Scapetwin,Tjolnar3,177 tix,$ 751,241950,2014-08-03,Modern Daily #7332854,modern,modern-daily-7332854,modern-daily-7332854-2014-08-03
4,2,Huntmaster of the Fells,,Creatures,4,0,Scapetwin,Tjolnar3,177 tix,$ 751,241950,2014-08-03,Modern Daily #7332854,modern,modern-daily-7332854,modern-daily-7332854-2014-08-03
5,4,Restoration Angel,,Creatures,4,0,Scapetwin,Tjolnar3,177 tix,$ 751,241950,2014-08-03,Modern Daily #7332854,modern,modern-daily-7332854,modern-daily-7332854-2014-08-03
6,3,"Kiki-Jiki, Mirror Breaker",,Creatures,4,0,Scapetwin,Tjolnar3,177 tix,$ 751,241950,2014-08-03,Modern Daily #7332854,modern,modern-daily-7332854,modern-daily-7332854-2014-08-03
8,2,Gitaxian Probe,,Spells,4,0,Scapetwin,Tjolnar3,177 tix,$ 751,241950,2014-08-03,Modern Daily #7332854,modern,modern-daily-7332854,modern-daily-7332854-2014-08-03
9,4,Path to Exile,,Spells,4,0,Scapetwin,Tjolnar3,177 tix,$ 751,241950,2014-08-03,Modern Daily #7332854,modern,modern-daily-7332854,modern-daily-7332854-2014-08-03
10,2,Lightning Helix,,Spells,4,0,Scapetwin,Tjolnar3,177 tix,$ 751,241950,2014-08-03,Modern Daily #7332854,modern,modern-daily-7332854,modern-daily-7332854-2014-08-03
11,1,Fiery Justice,,Spells,4,0,Scapetwin,Tjolnar3,177 tix,$ 751,241950,2014-08-03,Modern Daily #7332854,modern,modern-daily-7332854,modern-daily-7332854-2014-08-03
12,4,Search for Tomorrow,,Spells,4,0,Scapetwin,Tjolnar3,177 tix,$ 751,241950,2014-08-03,Modern Daily #7332854,modern,modern-daily-7332854,modern-daily-7332854-2014-08-03
13,4,Scapeshift,,Spells,4,0,Scapetwin,Tjolnar3,177 tix,$ 751,241950,2014-08-03,Modern Daily #7332854,modern,modern-daily-7332854,modern-daily-7332854-2014-08-03
15,4,Arid Mesa,,Lands,4,0,Scapetwin,Tjolnar3,177 tix,$ 751,241950,2014-08-03,Modern Daily #7332854,modern,modern-daily-7332854,modern-daily-7332854-2014-08-03
16,3,Forest,,Lands,4,0,Scapetwin,Tjolnar3,177 tix,$ 751,241950,2014-08-03,Modern Daily #7332854,modern,modern-daily-7332854,modern-daily-7332854-2014-08-03
17,5,Mountain,,Lands,4,0,Scapetwin,Tjolnar3,177 tix,$ 751,241950,2014-08-03,Modern Daily #7332854,modern,modern-daily-7332854,modern-daily-7332854-2014-08-03
18,2,Plains,,Lands,4,0,Scapetwin,Tjolnar3,177 tix,$ 751,241950,2014-08-03,Modern Daily #7332854,modern,modern-daily-7332854,modern-daily-7332854-2014-08-03
19,3,Sacred Foundry,,Lands,4,0,Scapetwin,Tjolnar3,177 tix,$ 751,241950,2014-08-03,Modern Daily #7332854,modern,modern-daily-7332854,modern-daily-7332854-2014-08-03
20,4,Stomping Ground,,Lands,4,0,Scapetwin,Tjolnar3,177 tix,$ 751,241950,2014-08-03,Modern Daily #7332854,modern,modern-daily-7332854,modern-daily-7332854-2014-08-03
21,1,Temple Garden,,Lands,4,0,Scapetwin,Tjolnar3,177 tix,$ 751,241950,2014-08-03,Modern Daily #7332854,modern,modern-daily-7332854,modern-daily-7332854-2014-08-03
22,2,"Valakut, the Molten Pinnacle",,Lands,4,0,Scapetwin,Tjolnar3,177 tix,$ 751,241950,2014-08-03,Modern Daily #7332854,modern,modern-daily-7332854,modern-daily-7332854-2014-08-03
23,1,Verdant Catacombs,,Lands,4,0,Scapetwin,Tjolnar3,177 tix,$ 751,241950,2014-08-03,Modern Daily #7332854,modern,modern-daily-7332854,modern-daily-7332854-2014-08-03
25,2,Nature's Claim,,Sideboard,4,0,Scapetwin,Tjolnar3,177 tix,$ 751,241950,2014-08-03,Modern Daily #7332854,modern,modern-daily-7332854,modern-daily-7332854-2014-08-03
26,4,Silence,,Sideboard,4,0,Scapetwin,Tjolnar3,177 tix,$ 751,241950,2014-08-03,Modern Daily #7332854,modern,modern-daily-7332854,modern-daily-7332854-2014-08-03
27,3,Rest in Peace,,Sideboard,4,0,Scapetwin,Tjolnar3,177 tix,$ 751,241950,2014-08-03,Modern Daily #7332854,modern,modern-daily-7332854,modern-daily-7332854-2014-08-03
28,2,Stony Silence,,Sideboard,4,0,Scapetwin,Tjolnar3,177 tix,$ 751,241950,2014-08-03,Modern Daily #7332854,modern,modern-daily-7332854,modern-daily-7332854-2014-08-03
29,2,Anger of the Gods,,Sideboard,4,0,Scapetwin,Tjolnar3,177 tix,$ 751,241950,2014-08-03,Modern Daily #7332854,modern,modern-daily-7332854,modern-daily-7332854-2014-08-03
30,2,Sowing Salt,,Sideboard,4,0,Scapetwin,Tjolnar3,177 tix,$ 751,241950,2014-08-03,Modern Daily #7332854,modern,modern-daily-7332854,modern-daily-7332854-2014-08-03
1,4,Sakura-Tribe Elder,,Creatures,4,0,Summoning Trap,mikitool,271 tix,$ 981,241946,2014-08-03,Modern Daily #7332854,modern,modern-daily-7332854,modern-daily-7332854-2014-08-03
2,4,Courser of Kruphix,,Creatures,4,0,Summoning Trap,mikitool,271 tix,$ 981,241946,2014-08-03,Modern Daily #7332854,modern,modern-daily-7332854,modern-daily-7332854-2014-08-03
3,1,Spellbreaker Behemoth,,Creatures,4,0,Summoning Trap,mikitool,271 tix,$ 981,241946,2014-08-03,Modern Daily #7332854,modern,modern-daily-7332854,modern-daily-7332854-2014-08-03
4,2,Inferno Titan,,Creatures,4,0,Summoning Trap,mikitool,271 tix,$ 981,241946,2014-08-03,Modern Daily #7332854,modern,modern-daily-7332854,modern-daily-7332854-2014-08-03
5,4,Primeval Titan,,Creatures,4,0,Summoning Trap,mikitool,271 tix,$ 981,241946,2014-08-03,Modern Daily #7332854,modern,modern-daily-7332854,modern-daily-7332854-2014-08-03
6,3,"Emrakul, the Aeons Torn",,Creatures,4,0,Summoning Trap,mikitool,271 tix,$ 981,241946,2014-08-03,Modern Daily #7332854,modern,modern-daily-7332854,modern-daily-7332854-2014-08-03
8,3,Farseek,,Spells,4,0,Summoning Trap,mikitool,271 tix,$ 981,241946,2014-08-03,Modern Daily #7332854,modern,modern-daily-7332854,modern-daily-7332854-2014-08-03
9,4,Search for Tomorrow,,Spells,4,0,Summoning Trap,mikitool,271 tix,$ 981,241946,2014-08-03,Modern Daily #7332854,modern,modern-daily-7332854,modern-daily-7332854-2014-08-03
10,4,Through the Breach,,Spells,4,0,Summoning Trap,mikitool,271 tix,$ 981,241946,2014-08-03,Modern Daily #7332854,modern,modern-daily-7332854,modern-daily-7332854-2014-08-03
11,4,Summoning Trap,,Spells,4,0,Summoning Trap,mikitool,271 tix,$ 981,241946,2014-08-03,Modern Daily #7332854,modern,modern-daily-7332854,modern-daily-7332854-2014-08-03
13,4,Arid Mesa,,Lands,4,0,Summoning Trap,mikitool,271 tix,$ 981,241946,2014-08-03,Modern Daily #7332854,modern,modern-daily-7332854,modern-daily-7332854-2014-08-03
14,2,Forest,,Lands,4,0,Summoning Trap,mikitool,271 tix,$ 981,241946,2014-08-03,Modern Daily #7332854,modern,modern-daily-7332854,modern-daily-7332854-2014-08-03
15,1,Misty Rainforest,,Lands,4,0,Summoning Trap,mikitool,271 tix,$ 981,241946,2014-08-03,Modern Daily #7332854,modern,modern-daily-7332854,modern-daily-7332854-2014-08-03
16,9,Mountain,,Lands,4,0,Summoning Trap,mikitool,271 tix,$ 981,241946,2014-08-03,Modern Daily #7332854,modern,modern-daily-7332854,modern-daily-7332854-2014-08-03
17,3,Scalding Tarn,,Lands,4,0,Summoning Trap,mikitool,271 tix,$ 981,241946,2014-08-03,Modern Daily #7332854,modern,modern-daily-7332854,modern-daily-7332854-2014-08-03
18,4,Stomping Ground,,Lands,4,0,Summoning Trap,mikitool,271 tix,$ 981,241946,2014-08-03,Modern Daily #7332854,modern,modern-daily-7332854,modern-daily-7332854-2014-08-03
19,4,"Valakut, the Molten Pinnacle",,Lands,4,0,Summoning Trap,mikitool,271 tix,$ 981,241946,2014-08-03,Modern Daily #7332854,modern,modern-daily-7332854,modern-daily-7332854-2014-08-03
21,2,Dead & Gone,,Sideboard,4,0,Summoning Trap,mikitool,271 tix,$ 981,241946,2014-08-03,Modern Daily #7332854,modern,modern-daily-7332854,modern-daily-7332854-2014-08-03
22,3,Nature's Claim,,Sideboard,4,0,Summoning Trap,mikitool,271 tix,$ 981,241946,2014-08-03,Modern Daily #7332854,modern,modern-daily-7332854,modern-daily-7332854-2014-08-03
23,2,Relic of Progenitus,,Sideboard,4,0,Summoning Trap,mikitool,271 tix,$ 981,241946,2014-08-03,Modern Daily #7332854,modern,modern-daily-7332854,modern-daily-7332854-2014-08-03
24,2,Anger of the Gods,,Sideboard,4,0,Summoning Trap,mikitool,271 tix,$ 981,241946,2014-08-03,Modern Daily #7332854,modern,modern-daily-7332854,modern-daily-7332854-2014-08-03
25,1,Creeping Corrosion,,Sideboard,4,0,Summoning Trap,mikitool,271 tix,$ 981,241946,2014-08-03,Modern Daily #7332854,modern,modern-daily-7332854,modern-daily-7332854-2014-08-03
26,2,Obstinate Baloth,,Sideboard,4,0,Summoning Trap,mikitool,271 tix,$ 981,241946,2014-08-03,Modern Daily #7332854,modern,modern-daily-7332854,modern-daily-7332854-2014-08-03
27,2,Sowing Salt,,Sideboard,4,0,Summoning Trap,mikitool,271 tix,$ 981,241946,2014-08-03,Modern Daily #7332854,modern,modern-daily-7332854,modern-daily-7332854-2014-08-03
28,1,Spellbreaker Behemoth,,Sideboard,4,0,Summoning Trap,mikitool,271 tix,$ 981,241946,2014-08-03,Modern Daily #7332854,modern,modern-daily-7332854,modern-daily-7332854-2014-08-03
1,4,Snapcaster Mage,,Creatures,3,1,Blue Moon,dani_tb,269 tix,$ 939,241964,2014-08-03,Modern Daily #7332854,modern,modern-daily-7332854,modern-daily-7332854-2014-08-03
2,2,Young Pyromancer,,Creatures,3,1,Blue Moon,dani_tb,269 tix,$ 939,241964,2014-08-03,Modern Daily #7332854,modern,modern-daily-7332854,modern-daily-7332854-2014-08-03
3,3,Vendilion Clique,,Creatures,3,1,Blue Moon,dani_tb,269 tix,$ 939,241964,2014-08-03,Modern Daily #7332854,modern,modern-daily-7332854,modern-daily-7332854-2014-08-03
4,1,"Keranos, God of Storms",,Creatures,3,1,Blue Moon,dani_tb,269 tix,$ 939,241964,2014-08-03,Modern Daily #7332854,modern,modern-daily-7332854,modern-daily-7332854-2014-08-03
6,4,Lightning Bolt,,Spells,3,1,Blue Moon,dani_tb,269 tix,$ 939,241964,2014-08-03,Modern Daily #7332854,modern,modern-daily-7332854,modern-daily-7332854-2014-08-03
7,1,Repeal,,Spells,3,1,Blue Moon,dani_tb,269 tix,$ 939,241964,2014-08-03,Modern Daily #7332854,modern,modern-daily-7332854,modern-daily-7332854-2014-08-03
8,4,Serum Visions,,Spells,3,1,Blue Moon,dani_tb,269 tix,$ 939,241964,2014-08-03,Modern Daily #7332854,modern,modern-daily-7332854,modern-daily-7332854-2014-08-03
9,3,Spell Snare,,Spells,3,1,Blue Moon,dani_tb,269 tix,$ 939,241964,2014-08-03,Modern Daily #7332854,modern,modern-daily-7332854,modern-daily-7332854-2014-08-03
10,2,Mana Leak,,Spells,3,1,Blue Moon,dani_tb,269 tix,$ 939,241964,2014-08-03,Modern Daily #7332854,modern,modern-daily-7332854,modern-daily-7332854-2014-08-03
11,3,Remand,,Spells,3,1,Blue Moon,dani_tb,269 tix,$ 939,241964,2014-08-03,Modern Daily #7332854,modern,modern-daily-7332854,modern-daily-7332854-2014-08-03
12,2,Shadow of Doubt,,Spells,3,1,Blue Moon,dani_tb,269 tix,$ 939,241964,2014-08-03,Modern Daily #7332854,modern,modern-daily-7332854,modern-daily-7332854-2014-08-03
13,1,Think Twice,,Spells,3,1,Blue Moon,dani_tb,269 tix,$ 939,241964,2014-08-03,Modern Daily #7332854,modern,modern-daily-7332854,modern-daily-7332854-2014-08-03
14,2,Electrolyze,,Spells,3,1,Blue Moon,dani_tb,269 tix,$ 939,241964,2014-08-03,Modern Daily #7332854,modern,modern-daily-7332854,modern-daily-7332854-2014-08-03
15,4,Cryptic Command,,Spells,3,1,Blue Moon,dani_tb,269 tix,$ 939,241964,2014-08-03,Modern Daily #7332854,modern,modern-daily-7332854,modern-daily-7332854-2014-08-03
17,1,Vedalken Shackles,,Artifacts,3,1,Blue Moon,dani_tb,269 tix,$ 939,241964,2014-08-03,Modern Daily #7332854,modern,modern-daily-7332854,modern-daily-7332854-2014-08-03
19,1,Blood Moon,,Enchantments,3,1,Blue Moon,dani_tb,269 tix,$ 939,241964,2014-08-03,Modern Daily #7332854,modern,modern-daily-7332854,modern-daily-7332854-2014-08-03
21,1,Desolate Lighthouse,,Lands,3,1,Blue Moon,dani_tb,269 tix,$ 939,241964,2014-08-03,Modern Daily #7332854,modern,modern-daily-7332854,modern-daily-7332854-2014-08-03
22,11,Island,,Lands,3,1,Blue Moon,dani_tb,269 tix,$ 939,241964,2014-08-03,Modern Daily #7332854,modern,modern-daily-7332854,modern-daily-7332854-2014-08-03
23,2,Misty Rainforest,,Lands,3,1,Blue Moon,dani_tb,269 tix,$ 939,241964,2014-08-03,Modern Daily #7332854,modern,modern-daily-7332854,modern-daily-7332854-2014-08-03
24,1,Mountain,,Lands,3,1,Blue Moon,dani_tb,269 tix,$ 939,241964,2014-08-03,Modern Daily #7332854,modern,modern-daily-7332854,modern-daily-7332854-2014-08-03
25,2,Scalding Tarn,,Lands,3,1,Blue Moon,dani_tb,269 tix,$ 939,241964,2014-08-03,Modern Daily #7332854,modern,modern-daily-7332854,modern-daily-7332854-2014-08-03
26,1,Shivan Reef,,Lands,3,1,Blue Moon,dani_tb,269 tix,$ 939,241964,2014-08-03,Modern Daily #7332854,modern,modern-daily-7332854,modern-daily-7332854-2014-08-03
27,2,Steam Vents,,Lands,3,1,Blue Moon,dani_tb,269 tix,$ 939,241964,2014-08-03,Modern Daily #7332854,modern,modern-daily-7332854,modern-daily-7332854-2014-08-03
28,2,Sulfur Falls,,Lands,3,1,Blue Moon,dani_tb,269 tix,$ 939,241964,2014-08-03,Modern Daily #7332854,modern,modern-daily-7332854,modern-daily-7332854-2014-08-03
30,1,Dispel,,Sideboard,3,1,Blue Moon,dani_tb,269 tix,$ 939,241964,2014-08-03,Modern Daily #7332854,modern,modern-daily-7332854,modern-daily-7332854-2014-08-03
31,2,Vandalblast,,Sideboard,3,1,Blue Moon,dani_tb,269 tix,$ 939,241964,2014-08-03,Modern Daily #7332854,modern,modern-daily-7332854,modern-daily-7332854-2014-08-03
32,2,Combust,,Sideboard,3,1,Blue Moon,dani_tb,269 tix,$ 939,241964,2014-08-03,Modern Daily #7332854,modern,modern-daily-7332854,modern-daily-7332854-2014-08-03
33,1,Pyroclasm,,Sideboard,3,1,Blue Moon,dani_tb,269 tix,$ 939,241964,2014-08-03,Modern Daily #7332854,modern,modern-daily-7332854,modern-daily-7332854-2014-08-03
34,3,Spellskite,,Sideboard,3,1,Blue Moon,dani_tb,269 tix,$ 939,241964,2014-08-03,Modern Daily #7332854,modern,modern-daily-7332854,modern-daily-7332854-2014-08-03
35,1,Anger of the Gods,,Sideboard,3,1,Blue Moon,dani_tb,269 tix,$ 939,241964,2014-08-03,Modern Daily #7332854,modern,modern-daily-7332854,modern-daily-7332854-2014-08-03
36,2,Blood Moon,,Sideboard,3,1,Blue Moon,dani_tb,269 tix,$ 939,241964,2014-08-03,Modern Daily #7332854,modern,modern-daily-7332854,modern-daily-7332854-2014-08-03
37,1,Counterflux,,Sideboard,3,1,Blue Moon,dani_tb,269 tix,$ 939,241964,2014-08-03,Modern Daily #7332854,modern,modern-daily-7332854,modern-daily-7332854-2014-08-03
38,2,Threads of Disloyalty,,Sideboard,3,1,Blue Moon,dani_tb,269 tix,$ 939,241964,2014-08-03,Modern Daily #7332854,modern,modern-daily-7332854,modern-daily-7332854-2014-08-03
1,4,Goblin Guide,,Creatures,3,1,Burn,videor,86 tix,$ 237,241954,2014-08-03,Modern Daily #7332854,modern,modern-daily-7332854,modern-daily-7332854-2014-08-03
2,4,Vexing Devil,,Creatures,3,1,Burn,videor,86 tix,$ 237,241954,2014-08-03,Modern Daily #7332854,modern,modern-daily-7332854,modern-daily-7332854-2014-08-03
3,4,Eidolon of the Great Revel,,Creatures,3,1,Burn,videor,86 tix,$ 237,241954,2014-08-03,Modern Daily #7332854,modern,modern-daily-7332854,modern-daily-7332854-2014-08-03
5,4,Lava Spike,,Spells,3,1,Burn,videor,86 tix,$ 237,241954,2014-08-03,Modern Daily #7332854,modern,modern-daily-7332854,modern-daily-7332854-2014-08-03
6,4,Lightning Bolt,,Spells,3,1,Burn,videor,86 tix,$ 237,241954,2014-08-03,Modern Daily #7332854,modern,modern-daily-7332854,modern-daily-7332854-2014-08-03
7,4,Shard Volley,,Spells,3,1,Burn,videor,86 tix,$ 237,241954,2014-08-03,Modern Daily #7332854,modern,modern-daily-7332854,modern-daily-7332854-2014-08-03
8,4,Searing Blaze,,Spells,3,1,Burn,videor,86 tix,$ 237,241954,2014-08-03,Modern Daily #7332854,modern,modern-daily-7332854,modern-daily-7332854-2014-08-03
9,4,Skullcrack,,Spells,3,1,Burn,videor,86 tix,$ 237,241954,2014-08-03,Modern Daily #7332854,modern,modern-daily-7332854,modern-daily-7332854-2014-08-03
10,4,Flames of the Blood Hand,,Spells,3,1,Burn,videor,86 tix,$ 237,241954,2014-08-03,Modern Daily #7332854,modern,modern-daily-7332854,modern-daily-7332854-2014-08-03
11,4,Rift Bolt,,Spells,3,1,Burn,videor,86 tix,$ 237,241954,2014-08-03,Modern Daily #7332854,modern,modern-daily-7332854,modern-daily-7332854-2014-08-03
13,20,Mountain,,Lands,3,1,Burn,videor,86 tix,$ 237,241954,2014-08-03,Modern Daily #7332854,modern,modern-daily-7332854,modern-daily-7332854-2014-08-03
15,3,Relic of Progenitus,,Sideboard,3,1,Burn,videor,86 tix,$ 237,241954,2014-08-03,Modern Daily #7332854,modern,modern-daily-7332854,modern-daily-7332854-2014-08-03
16,4,Combust,,Sideboard,3,1,Burn,videor,86 tix,$ 237,241954,2014-08-03,Modern Daily #7332854,modern,modern-daily-7332854,modern-daily-7332854-2014-08-03
17,2,Searing Blood,,Sideboard,3,1,Burn,videor,86 tix,$ 237,241954,2014-08-03,Modern Daily #7332854,modern,modern-daily-7332854,modern-daily-7332854-2014-08-03
18,4,Smash to Smithereens,,Sideboard,3,1,Burn,videor,86 tix,$ 237,241954,2014-08-03,Modern Daily #7332854,modern,modern-daily-7332854,modern-daily-7332854-2014-08-03
19,2,Molten Rain,,Sideboard,3,1,Burn,videor,86 tix,$ 237,241954,2014-08-03,Modern Daily #7332854,modern,modern-daily-7332854,modern-daily-7332854-2014-08-03
1,4,Goblin Guide,,Creatures,3,1,Burn,zbishop,82 tix,$ 193,241959,2014-08-03,Modern Daily #7332854,modern,modern-daily-7332854,modern-daily-7332854-2014-08-03
2,2,Spark Elemental,,Creatures,3,1,Burn,zbishop,82 tix,$ 193,241959,2014-08-03,Modern Daily #7332854,modern,modern-daily-7332854,modern-daily-7332854-2014-08-03
3,4,Eidolon of the Great Revel,,Creatures,3,1,Burn,zbishop,82 tix,$ 193,241959,2014-08-03,Modern Daily #7332854,modern,modern-daily-7332854,modern-daily-7332854-2014-08-03
4,2,Ball Lightning,,Creatures,3,1,Burn,zbishop,82 tix,$ 193,241959,2014-08-03,Modern Daily #7332854,modern,modern-daily-7332854,modern-daily-7332854-2014-08-03
6,4,Lava Spike,,Spells,3,1,Burn,zbishop,82 tix,$ 193,241959,2014-08-03,Modern Daily #7332854,modern,modern-daily-7332854,modern-daily-7332854-2014-08-03
7,4,Lightning Bolt,,Spells,3,1,Burn,zbishop,82 tix,$ 193,241959,2014-08-03,Modern Daily #7332854,modern,modern-daily-7332854,modern-daily-7332854-2014-08-03
8,3,Shard Volley,,Spells,3,1,Burn,zbishop,82 tix,$ 193,241959,2014-08-03,Modern Daily #7332854,modern,modern-daily-7332854,modern-daily-7332854-2014-08-03
9,2,Magma Jet,,Spells,3,1,Burn,zbishop,82 tix,$ 193,241959,2014-08-03,Modern Daily #7332854,modern,modern-daily-7332854,modern-daily-7332854-2014-08-03
10,3,Searing Blaze,,Spells,3,1,Burn,zbishop,82 tix,$ 193,241959,2014-08-03,Modern Daily #7332854,modern,modern-daily-7332854,modern-daily-7332854-2014-08-03
11,4,Skullcrack,,Spells,3,1,Burn,zbishop,82 tix,$ 193,241959,2014-08-03,Modern Daily #7332854,modern,modern-daily-7332854,modern-daily-7332854-2014-08-03
12,4,Flames of the Blood Hand,,Spells,3,1,Burn,zbishop,82 tix,$ 193,241959,2014-08-03,Modern Daily #7332854,modern,modern-daily-7332854,modern-daily-7332854-2014-08-03
13,4,Rift Bolt,,Spells,3,1,Burn,zbishop,82 tix,$ 193,241959,2014-08-03,Modern Daily #7332854,modern,modern-daily-7332854,modern-daily-7332854-2014-08-03
15,20,Mountain,,Lands,3,1,Burn,zbishop,82 tix,$ 193,241959,2014-08-03,Modern Daily #7332854,modern,modern-daily-7332854,modern-daily-7332854-2014-08-03
17,2,Relic of Progenitus,,Sideboard,3,1,Burn,zbishop,82 tix,$ 193,241959,2014-08-03,Modern Daily #7332854,modern,modern-daily-7332854,modern-daily-7332854-2014-08-03
18,4,Combust,,Sideboard,3,1,Burn,zbishop,82 tix,$ 193,241959,2014-08-03,Modern Daily #7332854,modern,modern-daily-7332854,modern-daily-7332854-2014-08-03
19,3,Searing Blood,,Sideboard,3,1,Burn,zbishop,82 tix,$ 193,241959,2014-08-03,Modern Daily #7332854,modern,modern-daily-7332854,modern-daily-7332854-2014-08-03
20,4,Smash to Smithereens,,Sideboard,3,1,Burn,zbishop,82 tix,$ 193,241959,2014-08-03,Modern Daily #7332854,modern,modern-daily-7332854,modern-daily-7332854-2014-08-03
21,2,Molten Rain,,Sideboard,3,1,Burn,zbishop,82 tix,$ 193,241959,2014-08-03,Modern Daily #7332854,modern,modern-daily-7332854,modern-daily-7332854-2014-08-03
1,4,Snapcaster Mage,,Creatures,3,1,Cruel Control,IAmPaulSung,320 tix,"$ 1,416",241952,2014-08-03,Modern Daily #7332854,modern,modern-daily-7332854,modern-daily-7332854-2014-08-03
2,2,Wurmcoil Engine,,Creatures,3,1,Cruel Control,IAmPaulSung,320 tix,"$ 1,416",241952,2014-08-03,Modern Daily #7332854,modern,modern-daily-7332854,modern-daily-7332854-2014-08-03
4,4,Lightning Bolt,,Spells,3,1,Cruel Control,IAmPaulSung,320 tix,"$ 1,416",241952,2014-08-03,Modern Daily #7332854,modern,modern-daily-7332854,modern-daily-7332854-2014-08-03
5,3,Spell Snare,,Spells,3,1,Cruel Control,IAmPaulSung,320 tix,"$ 1,416",241952,2014-08-03,Modern Daily #7332854,modern,modern-daily-7332854,modern-daily-7332854-2014-08-03
6,4,Desperate Ravings,,Spells,3,1,Cruel Control,IAmPaulSung,320 tix,"$ 1,416",241952,2014-08-03,Modern Daily #7332854,modern,modern-daily-7332854,modern-daily-7332854-2014-08-03
7,3,Mana Leak,,Spells,3,1,Cruel Control,IAmPaulSung,320 tix,"$ 1,416",241952,2014-08-03,Modern Daily #7332854,modern,modern-daily-7332854,modern-daily-7332854-2014-08-03
8,3,Terminate,,Spells,3,1,Cruel Control,IAmPaulSung,320 tix,"$ 1,416",241952,2014-08-03,Modern Daily #7332854,modern,modern-daily-7332854,modern-daily-7332854-2014-08-03
9,2,Anger of the Gods,,Spells,3,1,Cruel Control,IAmPaulSung,320 tix,"$ 1,416",241952,2014-08-03,Modern Daily #7332854,modern,modern-daily-7332854,modern-daily-7332854-2014-08-03
10,3,Electrolyze,,Spells,3,1,Cruel Control,IAmPaulSung,320 tix,"$ 1,416",241952,2014-08-03,Modern Daily #7332854,modern,modern-daily-7332854,modern-daily-7332854-2014-08-03
11,4,Cryptic Command,,Spells,3,1,Cruel Control,IAmPaulSung,320 tix,"$ 1,416",241952,2014-08-03,Modern Daily #7332854,modern,modern-daily-7332854,modern-daily-7332854-2014-08-03
12,2,Cruel Ultimatum,,Spells,3,1,Cruel Control,IAmPaulSung,320 tix,"$ 1,416",241952,2014-08-03,Modern Daily #7332854,modern,modern-daily-7332854,modern-daily-7332854-2014-08-03
14,2,Blackcleave Cliffs,,Lands,3,1,Cruel Control,IAmPaulSung,320 tix,"$ 1,416",241952,2014-08-03,Modern Daily #7332854,modern,modern-daily-7332854,modern-daily-7332854-2014-08-03
15,1,Blood Crypt,,Lands,3,1,Cruel Control,IAmPaulSung,320 tix,"$ 1,416",241952,2014-08-03,Modern Daily #7332854,modern,modern-daily-7332854,modern-daily-7332854-2014-08-03
16,4,Creeping Tar Pit,,Lands,3,1,Cruel Control,IAmPaulSung,320 tix,"$ 1,416",241952,2014-08-03,Modern Daily #7332854,modern,modern-daily-7332854,modern-daily-7332854-2014-08-03
17,1,Darkslick Shores,,Lands,3,1,Cruel Control,IAmPaulSung,320 tix,"$ 1,416",241952,2014-08-03,Modern Daily #7332854,modern,modern-daily-7332854,modern-daily-7332854-2014-08-03
18,2,Island,,Lands,3,1,Cruel Control,IAmPaulSung,320 tix,"$ 1,416",241952,2014-08-03,Modern Daily #7332854,modern,modern-daily-7332854,modern-daily-7332854-2014-08-03
19,2,Misty Rainforest,,Lands,3,1,Cruel Control,IAmPaulSung,320 tix,"$ 1,416",241952,2014-08-03,Modern Daily #7332854,modern,modern-daily-7332854,modern-daily-7332854-2014-08-03
20,4,Scalding Tarn,,Lands,3,1,Cruel Control,IAmPaulSung,320 tix,"$ 1,416",241952,2014-08-03,Modern Daily #7332854,modern,modern-daily-7332854,modern-daily-7332854-2014-08-03
21,1,Snow-Covered Mountain,,Lands,3,1,Cruel Control,IAmPaulSung,320 tix,"$ 1,416",241952,2014-08-03,Modern Daily #7332854,modern,modern-daily-7332854,modern-daily-7332854-2014-08-03
22,2,Steam Vents,,Lands,3,1,Cruel Control,IAmPaulSung,320 tix,"$ 1,416",241952,2014-08-03,Modern Daily #7332854,modern,modern-daily-7332854,modern-daily-7332854-2014-08-03
23,2,Sulfur Falls,,Lands,3,1,Cruel Control,IAmPaulSung,320 tix,"$ 1,416",241952,2014-08-03,Modern Daily #7332854,modern,modern-daily-7332854,modern-daily-7332854-2014-08-03
24,2,Sunken Ruins,,Lands,3,1,Cruel Control,IAmPaulSung,320 tix,"$ 1,416",241952,2014-08-03,Modern Daily #7332854,modern,modern-daily-7332854,modern-daily-7332854-2014-08-03
25,1,"Urborg, Tomb of Yawgmoth",,Lands,3,1,Cruel Control,IAmPaulSung,320 tix,"$ 1,416",241952,2014-08-03,Modern Daily #7332854,modern,modern-daily-7332854,modern-daily-7332854-2014-08-03
26,2,Watery Grave,,Lands,3,1,Cruel Control,IAmPaulSung,320 tix,"$ 1,416",241952,2014-08-03,Modern Daily #7332854,modern,modern-daily-7332854,modern-daily-7332854-2014-08-03
28,3,Inquisition of Kozilek,,Sideboard,3,1,Cruel Control,IAmPaulSung,320 tix,"$ 1,416",241952,2014-08-03,Modern Daily #7332854,modern,modern-daily-7332854,modern-daily-7332854-2014-08-03
29,2,Thoughtseize,,Sideboard,3,1,Cruel Control,IAmPaulSung,320 tix,"$ 1,416",241952,2014-08-03,Modern Daily #7332854,modern,modern-daily-7332854,modern-daily-7332854-2014-08-03
30,1,Rakdos Charm,,Sideboard,3,1,Cruel Control,IAmPaulSung,320 tix,"$ 1,416",241952,2014-08-03,Modern Daily #7332854,modern,modern-daily-7332854,modern-daily-7332854-2014-08-03
31,1,Spellskite,,Sideboard,3,1,Cruel Control,IAmPaulSung,320 tix,"$ 1,416",241952,2014-08-03,Modern Daily #7332854,modern,modern-daily-7332854,modern-daily-7332854-2014-08-03
32,1,Anger of the Gods,,Sideboard,3,1,Cruel Control,IAmPaulSung,320 tix,"$ 1,416",241952,2014-08-03,Modern Daily #7332854,modern,modern-daily-7332854,modern-daily-7332854-2014-08-03
33,2,Vendilion Clique,,Sideboard,3,1,Cruel Control,IAmPaulSung,320 tix,"$ 1,416",241952,2014-08-03,Modern Daily #7332854,modern,modern-daily-7332854,modern-daily-7332854-2014-08-03
34,2,Damnation,,Sideboard,3,1,Cruel Control,IAmPaulSung,320 tix,"$ 1,416",241952,2014-08-03,Modern Daily #7332854,modern,modern-daily-7332854,modern-daily-7332854-2014-08-03
35,2,Sowing Salt,,Sideboard,3,1,Cruel Control,IAmPaulSung,320 tix,"$ 1,416",241952,2014-08-03,Modern Daily #7332854,modern,modern-daily-7332854,modern-daily-7332854-2014-08-03
36,1,Batterskull,,Sideboard,3,1,Cruel Control,IAmPaulSung,320 tix,"$ 1,416",241952,2014-08-03,Modern Daily #7332854,modern,modern-daily-7332854,modern-daily-7332854-2014-08-03
1,4,Birds of Paradise,,Creatures,3,1,Gruul Rush,mealing,361 tix,"$ 1,171",241955,2014-08-03,Modern Daily #7332854,modern,modern-daily-7332854,modern-daily-7332854-2014-08-03
2,2,Llanowar Elves,,Creatures,3,1,Gruul Rush,mealing,361 tix,"$ 1,171",241955,2014-08-03,Modern Daily #7332854,modern,modern-daily-7332854,modern-daily-7332854-2014-08-03
3,2,Noble Hierarch,,Creatures,3,1,Gruul Rush,mealing,361 tix,"$ 1,171",241955,2014-08-03,Modern Daily #7332854,modern,modern-daily-7332854,modern-daily-7332854-2014-08-03
4,2,Scavenging Ooze,,Creatures,3,1,Gruul Rush,mealing,361 tix,"$ 1,171",241955,2014-08-03,Modern Daily #7332854,modern,modern-daily-7332854,modern-daily-7332854-2014-08-03
5,4,Strangleroot Geist,,Creatures,3,1,Gruul Rush,mealing,361 tix,"$ 1,171",241955,2014-08-03,Modern Daily #7332854,modern,modern-daily-7332854,modern-daily-7332854-2014-08-03
6,4,Tarmogoyf,,Creatures,3,1,Gruul Rush,mealing,361 tix,"$ 1,171",241955,2014-08-03,Modern Daily #7332854,modern,modern-daily-7332854,modern-daily-7332854-2014-08-03
7,4,Burning-Tree Shaman,,Creatures,3,1,Gruul Rush,mealing,361 tix,"$ 1,171",241955,2014-08-03,Modern Daily #7332854,modern,modern-daily-7332854,modern-daily-7332854-2014-08-03
8,2,Obstinate Baloth,,Creatures,3,1,Gruul Rush,mealing,361 tix,"$ 1,171",241955,2014-08-03,Modern Daily #7332854,modern,modern-daily-7332854,modern-daily-7332854-2014-08-03
9,1,Stormbreath Dragon,,Creatures,3,1,Gruul Rush,mealing,361 tix,"$ 1,171",241955,2014-08-03,Modern Daily #7332854,modern,modern-daily-7332854,modern-daily-7332854-2014-08-03
11,4,Lightning Bolt,,Spells,3,1,Gruul Rush,mealing,361 tix,"$ 1,171",241955,2014-08-03,Modern Daily #7332854,modern,modern-daily-7332854,modern-daily-7332854-2014-08-03
13,2,Sword of Fire and Ice,,Artifacts,3,1,Gruul Rush,mealing,361 tix,"$ 1,171",241955,2014-08-03,Modern Daily #7332854,modern,modern-daily-7332854,modern-daily-7332854-2014-08-03
14,2,Sword of War and Peace,,Artifacts,3,1,Gruul Rush,mealing,361 tix,"$ 1,171",241955,2014-08-03,Modern Daily #7332854,modern,modern-daily-7332854,modern-daily-7332854-2014-08-03
16,4,Blood Moon,,Enchantments,3,1,Gruul Rush,mealing,361 tix,"$ 1,171",241955,2014-08-03,Modern Daily #7332854,modern,modern-daily-7332854,modern-daily-7332854-2014-08-03
18,1,Arid Mesa,,Lands,3,1,Gruul Rush,mealing,361 tix,"$ 1,171",241955,2014-08-03,Modern Daily #7332854,modern,modern-daily-7332854,modern-daily-7332854-2014-08-03
19,4,Copperline Gorge,,Lands,3,1,Gruul Rush,mealing,361 tix,"$ 1,171",241955,2014-08-03,Modern Daily #7332854,modern,modern-daily-7332854,modern-daily-7332854-2014-08-03
20,6,Forest,,Lands,3,1,Gruul Rush,mealing,361 tix,"$ 1,171",241955,2014-08-03,Modern Daily #7332854,modern,modern-daily-7332854,modern-daily-7332854-2014-08-03
21,2,Mountain,,Lands,3,1,Gruul Rush,mealing,361 tix,"$ 1,171",241955,2014-08-03,Modern Daily #7332854,modern,modern-daily-7332854,modern-daily-7332854-2014-08-03
22,2,Raging Ravine,,Lands,3,1,Gruul Rush,mealing,361 tix,"$ 1,171",241955,2014-08-03,Modern Daily #7332854,modern,modern-daily-7332854,modern-daily-7332854-2014-08-03
23,4,Stomping Ground,,Lands,3,1,Gruul Rush,mealing,361 tix,"$ 1,171",241955,2014-08-03,Modern Daily #7332854,modern,modern-daily-7332854,modern-daily-7332854-2014-08-03
24,4,Verdant Catacombs,,Lands,3,1,Gruul Rush,mealing,361 tix,"$ 1,171",241955,2014-08-03,Modern Daily #7332854,modern,modern-daily-7332854,modern-daily-7332854-2014-08-03
26,4,Ancient Grudge,,Sideboard,3,1,Gruul Rush,mealing,361 tix,"$ 1,171",241955,2014-08-03,Modern Daily #7332854,modern,modern-daily-7332854,modern-daily-7332854-2014-08-03
27,1,Scavenging Ooze,,Sideboard,3,1,Gruul Rush,mealing,361 tix,"$ 1,171",241955,2014-08-03,Modern Daily #7332854,modern,modern-daily-7332854,modern-daily-7332854-2014-08-03
28,2,Dismember,,Sideboard,3,1,Gruul Rush,mealing,361 tix,"$ 1,171",241955,2014-08-03,Modern Daily #7332854,modern,modern-daily-7332854,modern-daily-7332854-2014-08-03
29,1,Magus of the Moon,,Sideboard,3,1,Gruul Rush,mealing,361 tix,"$ 1,171",241955,2014-08-03,Modern Daily #7332854,modern,modern-daily-7332854,modern-daily-7332854-2014-08-03
30,2,Sword of Feast and Famine,,Sideboard,3,1,Gruul Rush,mealing,361 tix,"$ 1,171",241955,2014-08-03,Modern Daily #7332854,modern,modern-daily-7332854,modern-daily-7332854-2014-08-03
31,2,Huntmaster of the Fells,,Sideboard,3,1,Gruul Rush,mealing,361 tix,"$ 1,171",241955,2014-08-03,Modern Daily #7332854,modern,modern-daily-7332854,modern-daily-7332854-2014-08-03
32,1,Obstinate Baloth,,Sideboard,3,1,Gruul Rush,mealing,361 tix,"$ 1,171",241955,2014-08-03,Modern Daily #7332854,modern,modern-daily-7332854,modern-daily-7332854-2014-08-03
33,1,"Thrun, the Last Troll",,Sideboard,3,1,Gruul Rush,mealing,361 tix,"$ 1,171",241955,2014-08-03,Modern Daily #7332854,modern,modern-daily-7332854,modern-daily-7332854-2014-08-03
34,1,Stormbreath Dragon,,Sideboard,3,1,Gruul Rush,mealing,361 tix,"$ 1,171",241955,2014-08-03,Modern Daily #7332854,modern,modern-daily-7332854,modern-daily-7332854-2014-08-03
1,4,Dark Confidant,,Creatures,3,1,Jund,bone55,590 tix,"$ 2,107",241960,2014-08-03,Modern Daily #7332854,modern,modern-daily-7332854,modern-daily-7332854-2014-08-03
2,3,Scavenging Ooze,,Creatures,3,1,Jund,bone55,590 tix,"$ 2,107",241960,2014-08-03,Modern Daily #7332854,modern,modern-daily-7332854,modern-daily-7332854-2014-08-03
3,4,Tarmogoyf,,Creatures,3,1,Jund,bone55,590 tix,"$ 2,107",241960,2014-08-03,Modern Daily #7332854,modern,modern-daily-7332854,modern-daily-7332854-2014-08-03
4,2,Huntmaster of the Fells,,Creatures,3,1,Jund,bone55,590 tix,"$ 2,107",241960,2014-08-03,Modern Daily #7332854,modern,modern-daily-7332854,modern-daily-7332854-2014-08-03
6,4,Liliana of the Veil,,Planeswalkers,3,1,Jund,bone55,590 tix,"$ 2,107",241960,2014-08-03,Modern Daily #7332854,modern,modern-daily-7332854,modern-daily-7332854-2014-08-03
7,2,"Chandra, Pyromaster",,Planeswalkers,3,1,Jund,bone55,590 tix,"$ 2,107",241960,2014-08-03,Modern Daily #7332854,modern,modern-daily-7332854,modern-daily-7332854-2014-08-03
9,1,Slaughter Pact,,Spells,3,1,Jund,bone55,590 tix,"$ 2,107",241960,2014-08-03,Modern Daily #7332854,modern,modern-daily-7332854,modern-daily-7332854-2014-08-03
10,1,Burst Lightning,,Spells,3,1,Jund,bone55,590 tix,"$ 2,107",241960,2014-08-03,Modern Daily #7332854,modern,modern-daily-7332854,modern-daily-7332854-2014-08-03
11,4,Inquisition of Kozilek,,Spells,3,1,Jund,bone55,590 tix,"$ 2,107",241960,2014-08-03,Modern Daily #7332854,modern,modern-daily-7332854,modern-daily-7332854-2014-08-03
12,3,Lightning Bolt,,Spells,3,1,Jund,bone55,590 tix,"$ 2,107",241960,2014-08-03,Modern Daily #7332854,modern,modern-daily-7332854,modern-daily-7332854-2014-08-03
13,3,Thoughtseize,,Spells,3,1,Jund,bone55,590 tix,"$ 2,107",241960,2014-08-03,Modern Daily #7332854,modern,modern-daily-7332854,modern-daily-7332854-2014-08-03
14,2,Abrupt Decay,,Spells,3,1,Jund,bone55,590 tix,"$ 2,107",241960,2014-08-03,Modern Daily #7332854,modern,modern-daily-7332854,modern-daily-7332854-2014-08-03
15,2,Terminate,,Spells,3,1,Jund,bone55,590 tix,"$ 2,107",241960,2014-08-03,Modern Daily #7332854,modern,modern-daily-7332854,modern-daily-7332854-2014-08-03
17,4,Blackcleave Cliffs,,Lands,3,1,Jund,bone55,590 tix,"$ 2,107",241960,2014-08-03,Modern Daily #7332854,modern,modern-daily-7332854,modern-daily-7332854-2014-08-03
18,1,Blood Crypt,,Lands,3,1,Jund,bone55,590 tix,"$ 2,107",241960,2014-08-03,Modern Daily #7332854,modern,modern-daily-7332854,modern-daily-7332854-2014-08-03
19,1,Forest,,Lands,3,1,Jund,bone55,590 tix,"$ 2,107",241960,2014-08-03,Modern Daily #7332854,modern,modern-daily-7332854,modern-daily-7332854-2014-08-03
20,3,Marsh Flats,,Lands,3,1,Jund,bone55,590 tix,"$ 2,107",241960,2014-08-03,Modern Daily #7332854,modern,modern-daily-7332854,modern-daily-7332854-2014-08-03
21,2,Overgrown Tomb,,Lands,3,1,Jund,bone55,590 tix,"$ 2,107",241960,2014-08-03,Modern Daily #7332854,modern,modern-daily-7332854,modern-daily-7332854-2014-08-03
22,4,Raging Ravine,,Lands,3,1,Jund,bone55,590 tix,"$ 2,107",241960,2014-08-03,Modern Daily #7332854,modern,modern-daily-7332854,modern-daily-7332854-2014-08-03
23,1,Stomping Ground,,Lands,3,1,Jund,bone55,590 tix,"$ 2,107",241960,2014-08-03,Modern Daily #7332854,modern,modern-daily-7332854,modern-daily-7332854-2014-08-03
24,2,Swamp,,Lands,3,1,Jund,bone55,590 tix,"$ 2,107",241960,2014-08-03,Modern Daily #7332854,modern,modern-daily-7332854,modern-daily-7332854-2014-08-03
25,2,Tectonic Edge,,Lands,3,1,Jund,bone55,590 tix,"$ 2,107",241960,2014-08-03,Modern Daily #7332854,modern,modern-daily-7332854,modern-daily-7332854-2014-08-03
26,1,Twilight Mire,,Lands,3,1,Jund,bone55,590 tix,"$ 2,107",241960,2014-08-03,Modern Daily #7332854,modern,modern-daily-7332854,modern-daily-7332854-2014-08-03
27,4,Verdant Catacombs,,Lands,3,1,Jund,bone55,590 tix,"$ 2,107",241960,2014-08-03,Modern Daily #7332854,modern,modern-daily-7332854,modern-daily-7332854-2014-08-03
29,1,Thoughtseize,,Sideboard,3,1,Jund,bone55,590 tix,"$ 2,107",241960,2014-08-03,Modern Daily #7332854,modern,modern-daily-7332854,modern-daily-7332854-2014-08-03
30,1,Abrupt Decay,,Sideboard,3,1,Jund,bone55,590 tix,"$ 2,107",241960,2014-08-03,Modern Daily #7332854,modern,modern-daily-7332854,modern-daily-7332854-2014-08-03
31,1,Ancient Grudge,,Sideboard,3,1,Jund,bone55,590 tix,"$ 2,107",241960,2014-08-03,Modern Daily #7332854,modern,modern-daily-7332854,modern-daily-7332854-2014-08-03
32,2,Anger of the Gods,,Sideboard,3,1,Jund,bone55,590 tix,"$ 2,107",241960,2014-08-03,Modern Daily #7332854,modern,modern-daily-7332854,modern-daily-7332854-2014-08-03
33,2,Courser of Kruphix,,Sideboard,3,1,Jund,bone55,590 tix,"$ 2,107",241960,2014-08-03,Modern Daily #7332854,modern,modern-daily-7332854,modern-daily-7332854-2014-08-03
34,3,Fulminator Mage,,Sideboard,3,1,Jund,bone55,590 tix,"$ 2,107",241960,2014-08-03,Modern Daily #7332854,modern,modern-daily-7332854,modern-daily-7332854-2014-08-03
35,1,Jund Charm,,Sideboard,3,1,Jund,bone55,590 tix,"$ 2,107",241960,2014-08-03,Modern Daily #7332854,modern,modern-daily-7332854,modern-daily-7332854-2014-08-03
36,1,Maelstrom Pulse,,Sideboard,3,1,Jund,bone55,590 tix,"$ 2,107",241960,2014-08-03,Modern Daily #7332854,modern,modern-daily-7332854,modern-daily-7332854-2014-08-03
37,1,Night of Souls' Betrayal,,Sideboard,3,1,Jund,bone55,590 tix,"$ 2,107",241960,2014-08-03,Modern Daily #7332854,modern,modern-daily-7332854,modern-daily-7332854-2014-08-03
38,1,Shatterstorm,,Sideboard,3,1,Jund,bone55,590 tix,"$ 2,107",241960,2014-08-03,Modern Daily #7332854,modern,modern-daily-7332854,modern-daily-7332854-2014-08-03
39,1,Sowing Salt,,Sideboard,3,1,Jund,bone55,590 tix,"$ 2,107",241960,2014-08-03,Modern Daily #7332854,modern,modern-daily-7332854,modern-daily-7332854-2014-08-03
1,1,Grim Lavamancer,,Creatures,3,1,Jund,TheArtOfRuin,609 tix,"$ 2,135",241962,2014-08-03,Modern Daily #7332854,modern,modern-daily-7332854,modern-daily-7332854-2014-08-03
2,4,Dark Confidant,,Creatures,3,1,Jund,TheArtOfRuin,609 tix,"$ 2,135",241962,2014-08-03,Modern Daily #7332854,modern,modern-daily-7332854,modern-daily-7332854-2014-08-03
3,4,Scavenging Ooze,,Creatures,3,1,Jund,TheArtOfRuin,609 tix,"$ 2,135",241962,2014-08-03,Modern Daily #7332854,modern,modern-daily-7332854,modern-daily-7332854-2014-08-03
4,4,Tarmogoyf,,Creatures,3,1,Jund,TheArtOfRuin,609 tix,"$ 2,135",241962,2014-08-03,Modern Daily #7332854,modern,modern-daily-7332854,modern-daily-7332854-2014-08-03
5,1,Olivia Voldaren,,Creatures,3,1,Jund,TheArtOfRuin,609 tix,"$ 2,135",241962,2014-08-03,Modern Daily #7332854,modern,modern-daily-7332854,modern-daily-7332854-2014-08-03
7,4,Liliana of the Veil,,Planeswalkers,3,1,Jund,TheArtOfRuin,609 tix,"$ 2,135",241962,2014-08-03,Modern Daily #7332854,modern,modern-daily-7332854,modern-daily-7332854-2014-08-03
8,1,"Chandra, Pyromaster",,Planeswalkers,3,1,Jund,TheArtOfRuin,609 tix,"$ 2,135",241962,2014-08-03,Modern Daily #7332854,modern,modern-daily-7332854,modern-daily-7332854-2014-08-03
10,1,Slaughter Pact,,Spells,3,1,Jund,TheArtOfRuin,609 tix,"$ 2,135",241962,2014-08-03,Modern Daily #7332854,modern,modern-daily-7332854,modern-daily-7332854-2014-08-03
11,3,Inquisition of Kozilek,,Spells,3,1,Jund,TheArtOfRuin,609 tix,"$ 2,135",241962,2014-08-03,Modern Daily #7332854,modern,modern-daily-7332854,modern-daily-7332854-2014-08-03
12,4,Lightning Bolt,,Spells,3,1,Jund,TheArtOfRuin,609 tix,"$ 2,135",241962,2014-08-03,Modern Daily #7332854,modern,modern-daily-7332854,modern-daily-7332854-2014-08-03
13,3,Thoughtseize,,Spells,3,1,Jund,TheArtOfRuin,609 tix,"$ 2,135",241962,2014-08-03,Modern Daily #7332854,modern,modern-daily-7332854,modern-daily-7332854-2014-08-03
14,3,Abrupt Decay,,Spells,3,1,Jund,TheArtOfRuin,609 tix,"$ 2,135",241962,2014-08-03,Modern Daily #7332854,modern,modern-daily-7332854,modern-daily-7332854-2014-08-03
15,2,Terminate,,Spells,3,1,Jund,TheArtOfRuin,609 tix,"$ 2,135",241962,2014-08-03,Modern Daily #7332854,modern,modern-daily-7332854,modern-daily-7332854-2014-08-03
16,1,Maelstrom Pulse,,Spells,3,1,Jund,TheArtOfRuin,609 tix,"$ 2,135",241962,2014-08-03,Modern Daily #7332854,modern,modern-daily-7332854,modern-daily-7332854-2014-08-03
18,1,Batterskull,,Artifacts,3,1,Jund,TheArtOfRuin,609 tix,"$ 2,135",241962,2014-08-03,Modern Daily #7332854,modern,modern-daily-7332854,modern-daily-7332854-2014-08-03
20,4,Blackcleave Cliffs,,Lands,3,1,Jund,TheArtOfRuin,609 tix,"$ 2,135",241962,2014-08-03,Modern Daily #7332854,modern,modern-daily-7332854,modern-daily-7332854-2014-08-03
21,2,Blood Crypt,,Lands,3,1,Jund,TheArtOfRuin,609 tix,"$ 2,135",241962,2014-08-03,Modern Daily #7332854,modern,modern-daily-7332854,modern-daily-7332854-2014-08-03
22,1,Forest,,Lands,3,1,Jund,TheArtOfRuin,609 tix,"$ 2,135",241962,2014-08-03,Modern Daily #7332854,modern,modern-daily-7332854,modern-daily-7332854-2014-08-03
23,4,Marsh Flats,,Lands,3,1,Jund,TheArtOfRuin,609 tix,"$ 2,135",241962,2014-08-03,Modern Daily #7332854,modern,modern-daily-7332854,modern-daily-7332854-2014-08-03
24,1,Overgrown Tomb,,Lands,3,1,Jund,TheArtOfRuin,609 tix,"$ 2,135",241962,2014-08-03,Modern Daily #7332854,modern,modern-daily-7332854,modern-daily-7332854-2014-08-03
25,1,Raging Ravine,,Lands,3,1,Jund,TheArtOfRuin,609 tix,"$ 2,135",241962,2014-08-03,Modern Daily #7332854,modern,modern-daily-7332854,modern-daily-7332854-2014-08-03
26,1,Stomping Ground,,Lands,3,1,Jund,TheArtOfRuin,609 tix,"$ 2,135",241962,2014-08-03,Modern Daily #7332854,modern,modern-daily-7332854,modern-daily-7332854-2014-08-03
27,2,Swamp,,Lands,3,1,Jund,TheArtOfRuin,609 tix,"$ 2,135",241962,2014-08-03,Modern Daily #7332854,modern,modern-daily-7332854,modern-daily-7332854-2014-08-03
28,3,Treetop Village,,Lands,3,1,Jund,TheArtOfRuin,609 tix,"$ 2,135",241962,2014-08-03,Modern Daily #7332854,modern,modern-daily-7332854,modern-daily-7332854-2014-08-03
29,1,Twilight Mire,,Lands,3,1,Jund,TheArtOfRuin,609 tix,"$ 2,135",241962,2014-08-03,Modern Daily #7332854,modern,modern-daily-7332854,modern-daily-7332854-2014-08-03
30,4,Verdant Catacombs,,Lands,3,1,Jund,TheArtOfRuin,609 tix,"$ 2,135",241962,2014-08-03,Modern Daily #7332854,modern,modern-daily-7332854,modern-daily-7332854-2014-08-03
32,1,Grafdigger's Cage,,Sideboard,3,1,Jund,TheArtOfRuin,609 tix,"$ 2,135",241962,2014-08-03,Modern Daily #7332854,modern,modern-daily-7332854,modern-daily-7332854-2014-08-03
33,1,Magma Spray,,Sideboard,3,1,Jund,TheArtOfRuin,609 tix,"$ 2,135",241962,2014-08-03,Modern Daily #7332854,modern,modern-daily-7332854,modern-daily-7332854-2014-08-03
34,1,Thoughtseize,,Sideboard,3,1,Jund,TheArtOfRuin,609 tix,"$ 2,135",241962,2014-08-03,Modern Daily #7332854,modern,modern-daily-7332854,modern-daily-7332854-2014-08-03
35,2,Ancient Grudge,,Sideboard,3,1,Jund,TheArtOfRuin,609 tix,"$ 2,135",241962,2014-08-03,Modern Daily #7332854,modern,modern-daily-7332854,modern-daily-7332854-2014-08-03
36,3,Fulminator Mage,,Sideboard,3,1,Jund,TheArtOfRuin,609 tix,"$ 2,135",241962,2014-08-03,Modern Daily #7332854,modern,modern-daily-7332854,modern-daily-7332854-2014-08-03
37,1,Sword of Light and Shadow,,Sideboard,3,1,Jund,TheArtOfRuin,609 tix,"$ 2,135",241962,2014-08-03,Modern Daily #7332854,modern,modern-daily-7332854,modern-daily-7332854-2014-08-03
38,1,Olivia Voldaren,,Sideboard,3,1,Jund,TheArtOfRuin,609 tix,"$ 2,135",241962,2014-08-03,Modern Daily #7332854,modern,modern-daily-7332854,modern-daily-7332854-2014-08-03
39,2,Shatterstorm,,Sideboard,3,1,Jund,TheArtOfRuin,609 tix,"$ 2,135",241962,2014-08-03,Modern Daily #7332854,modern,modern-daily-7332854,modern-daily-7332854-2014-08-03
40,1,Sowing Salt,,Sideboard,3,1,Jund,TheArtOfRuin,609 tix,"$ 2,135",241962,2014-08-03,Modern Daily #7332854,modern,modern-daily-7332854,modern-daily-7332854-2014-08-03
41,1,"Thrun, the Last Troll",,Sideboard,3,1,Jund,TheArtOfRuin,609 tix,"$ 2,135",241962,2014-08-03,Modern Daily #7332854,modern,modern-daily-7332854,modern-daily-7332854-2014-08-03
1,4,Dark Confidant,,Creatures,3,1,Junk,Olioolli,482 tix,"$ 1,705",241966,2014-08-03,Modern Daily #7332854,modern,modern-daily-7332854,modern-daily-7332854-2014-08-03
2,3,Scavenging Ooze,,Creatures,3,1,Junk,Olioolli,482 tix,"$ 1,705",241966,2014-08-03,Modern Daily #7332854,modern,modern-daily-7332854,modern-daily-7332854-2014-08-03
3,4,Tarmogoyf,,Creatures,3,1,Junk,Olioolli,482 tix,"$ 1,705",241966,2014-08-03,Modern Daily #7332854,modern,modern-daily-7332854,modern-daily-7332854-2014-08-03
5,3,Liliana of the Veil,,Planeswalkers,3,1,Junk,Olioolli,482 tix,"$ 1,705",241966,2014-08-03,Modern Daily #7332854,modern,modern-daily-7332854,modern-daily-7332854-2014-08-03
6,1,Garruk Wildspeaker,,Planeswalkers,3,1,Junk,Olioolli,482 tix,"$ 1,705",241966,2014-08-03,Modern Daily #7332854,modern,modern-daily-7332854,modern-daily-7332854-2014-08-03
8,1,Slaughter Pact,,Spells,3,1,Junk,Olioolli,482 tix,"$ 1,705",241966,2014-08-03,Modern Daily #7332854,modern,modern-daily-7332854,modern-daily-7332854-2014-08-03
9,4,Inquisition of Kozilek,,Spells,3,1,Junk,Olioolli,482 tix,"$ 1,705",241966,2014-08-03,Modern Daily #7332854,modern,modern-daily-7332854,modern-daily-7332854-2014-08-03
10,1,Path to Exile,,Spells,3,1,Junk,Olioolli,482 tix,"$ 1,705",241966,2014-08-03,Modern Daily #7332854,modern,modern-daily-7332854,modern-daily-7332854-2014-08-03
11,3,Thoughtseize,,Spells,3,1,Junk,Olioolli,482 tix,"$ 1,705",241966,2014-08-03,Modern Daily #7332854,modern,modern-daily-7332854,modern-daily-7332854-2014-08-03
12,4,Abrupt Decay,,Spells,3,1,Junk,Olioolli,482 tix,"$ 1,705",241966,2014-08-03,Modern Daily #7332854,modern,modern-daily-7332854,modern-daily-7332854-2014-08-03
13,1,Dismember,,Spells,3,1,Junk,Olioolli,482 tix,"$ 1,705",241966,2014-08-03,Modern Daily #7332854,modern,modern-daily-7332854,modern-daily-7332854-2014-08-03
14,4,Lingering Souls,,Spells,3,1,Junk,Olioolli,482 tix,"$ 1,705",241966,2014-08-03,Modern Daily #7332854,modern,modern-daily-7332854,modern-daily-7332854-2014-08-03
15,2,Maelstrom Pulse,,Spells,3,1,Junk,Olioolli,482 tix,"$ 1,705",241966,2014-08-03,Modern Daily #7332854,modern,modern-daily-7332854,modern-daily-7332854-2014-08-03
17,1,Forest,,Lands,3,1,Junk,Olioolli,482 tix,"$ 1,705",241966,2014-08-03,Modern Daily #7332854,modern,modern-daily-7332854,modern-daily-7332854-2014-08-03
18,1,Godless Shrine,,Lands,3,1,Junk,Olioolli,482 tix,"$ 1,705",241966,2014-08-03,Modern Daily #7332854,modern,modern-daily-7332854,modern-daily-7332854-2014-08-03
19,4,Marsh Flats,,Lands,3,1,Junk,Olioolli,482 tix,"$ 1,705",241966,2014-08-03,Modern Daily #7332854,modern,modern-daily-7332854,modern-daily-7332854-2014-08-03
20,3,Overgrown Tomb,,Lands,3,1,Junk,Olioolli,482 tix,"$ 1,705",241966,2014-08-03,Modern Daily #7332854,modern,modern-daily-7332854,modern-daily-7332854-2014-08-03
21,1,Stirring Wildwood,,Lands,3,1,Junk,Olioolli,482 tix,"$ 1,705",241966,2014-08-03,Modern Daily #7332854,modern,modern-daily-7332854,modern-daily-7332854-2014-08-03
22,2,Swamp,,Lands,3,1,Junk,Olioolli,482 tix,"$ 1,705",241966,2014-08-03,Modern Daily #7332854,modern,modern-daily-7332854,modern-daily-7332854-2014-08-03
23,3,Tectonic Edge,,Lands,3,1,Junk,Olioolli,482 tix,"$ 1,705",241966,2014-08-03,Modern Daily #7332854,modern,modern-daily-7332854,modern-daily-7332854-2014-08-03
24,1,Temple Garden,,Lands,3,1,Junk,Olioolli,482 tix,"$ 1,705",241966,2014-08-03,Modern Daily #7332854,modern,modern-daily-7332854,modern-daily-7332854-2014-08-03
25,3,Treetop Village,,Lands,3,1,Junk,Olioolli,482 tix,"$ 1,705",241966,2014-08-03,Modern Daily #7332854,modern,modern-daily-7332854,modern-daily-7332854-2014-08-03
26,1,"Urborg, Tomb of Yawgmoth",,Lands,3,1,Junk,Olioolli,482 tix,"$ 1,705",241966,2014-08-03,Modern Daily #7332854,modern,modern-daily-7332854,modern-daily-7332854-2014-08-03
27,4,Verdant Catacombs,,Lands,3,1,Junk,Olioolli,482 tix,"$ 1,705",241966,2014-08-03,Modern Daily #7332854,modern,modern-daily-7332854,modern-daily-7332854-2014-08-03
28,1,Woodland Cemetery,,Lands,3,1,Junk,Olioolli,482 tix,"$ 1,705",241966,2014-08-03,Modern Daily #7332854,modern,modern-daily-7332854,modern-daily-7332854-2014-08-03
30,1,Darkblast,,Sideboard,3,1,Junk,Olioolli,482 tix,"$ 1,705",241966,2014-08-03,Modern Daily #7332854,modern,modern-daily-7332854,modern-daily-7332854-2014-08-03
31,1,Deathmark,,Sideboard,3,1,Junk,Olioolli,482 tix,"$ 1,705",241966,2014-08-03,Modern Daily #7332854,modern,modern-daily-7332854,modern-daily-7332854-2014-08-03
32,1,Grafdigger's Cage,,Sideboard,3,1,Junk,Olioolli,482 tix,"$ 1,705",241966,2014-08-03,Modern Daily #7332854,modern,modern-daily-7332854,modern-daily-7332854-2014-08-03
33,2,Stony Silence,,Sideboard,3,1,Junk,Olioolli,482 tix,"$ 1,705",241966,2014-08-03,Modern Daily #7332854,modern,modern-daily-7332854,modern-daily-7332854-2014-08-03
34,2,Choke,,Sideboard,3,1,Junk,Olioolli,482 tix,"$ 1,705",241966,2014-08-03,Modern Daily #7332854,modern,modern-daily-7332854,modern-daily-7332854-2014-08-03
35,1,Drown in Sorrow,,Sideboard,3,1,Junk,Olioolli,482 tix,"$ 1,705",241966,2014-08-03,Modern Daily #7332854,modern,modern-daily-7332854,modern-daily-7332854-2014-08-03
36,1,Kitchen Finks,,Sideboard,3,1,Junk,Olioolli,482 tix,"$ 1,705",241966,2014-08-03,Modern Daily #7332854,modern,modern-daily-7332854,modern-daily-7332854-2014-08-03
37,1,Rain of Tears,,Sideboard,3,1,Junk,Olioolli,482 tix,"$ 1,705",241966,2014-08-03,Modern Daily #7332854,modern,modern-daily-7332854,modern-daily-7332854-2014-08-03
38,2,Creeping Corrosion,,Sideboard,3,1,Junk,Olioolli,482 tix,"$ 1,705",241966,2014-08-03,Modern Daily #7332854,modern,modern-daily-7332854,modern-daily-7332854-2014-08-03
39,1,Mutilate,,Sideboard,3,1,Junk,Olioolli,482 tix,"$ 1,705",241966,2014-08-03,Modern Daily #7332854,modern,modern-daily-7332854,modern-daily-7332854-2014-08-03
40,2,Obstinate Baloth,,Sideboard,3,1,Junk,Olioolli,482 tix,"$ 1,705",241966,2014-08-03,Modern Daily #7332854,modern,modern-daily-7332854,modern-daily-7332854-2014-08-03
1,4,Birds of Paradise,,Creatures,3,1,Melira Pod,Darth_Silk,270 tix,$ 886,241957,2014-08-03,Modern Daily #7332854,modern,modern-daily-7332854,modern-daily-7332854-2014-08-03
2,3,Noble Hierarch,,Creatures,3,1,Melira Pod,Darth_Silk,270 tix,$ 886,241957,2014-08-03,Modern Daily #7332854,modern,modern-daily-7332854,modern-daily-7332854-2014-08-03
3,1,Viscera Seer,,Creatures,3,1,Melira Pod,Darth_Silk,270 tix,$ 886,241957,2014-08-03,Modern Daily #7332854,modern,modern-daily-7332854,modern-daily-7332854-2014-08-03
4,1,"Melira, Sylvok Outcast",,Creatures,3,1,Melira Pod,Darth_Silk,270 tix,$ 886,241957,2014-08-03,Modern Daily #7332854,modern,modern-daily-7332854,modern-daily-7332854-2014-08-03
5,1,Scavenging Ooze,,Creatures,3,1,Melira Pod,Darth_Silk,270 tix,$ 886,241957,2014-08-03,Modern Daily #7332854,modern,modern-daily-7332854,modern-daily-7332854-2014-08-03
6,1,Spellskite,,Creatures,3,1,Melira Pod,Darth_Silk,270 tix,$ 886,241957,2014-08-03,Modern Daily #7332854,modern,modern-daily-7332854,modern-daily-7332854-2014-08-03
7,2,Voice of Resurgence,,Creatures,3,1,Melira Pod,Darth_Silk,270 tix,$ 886,241957,2014-08-03,Modern Daily #7332854,modern,modern-daily-7332854,modern-daily-7332854-2014-08-03
8,1,Wall of Roots,,Creatures,3,1,Melira Pod,Darth_Silk,270 tix,$ 886,241957,2014-08-03,Modern Daily #7332854,modern,modern-daily-7332854,modern-daily-7332854-2014-08-03
9,1,Eternal Witness,,Creatures,3,1,Melira Pod,Darth_Silk,270 tix,$ 886,241957,2014-08-03,Modern Daily #7332854,modern,modern-daily-7332854,modern-daily-7332854-2014-08-03
10,4,Kitchen Finks,,Creatures,3,1,Melira Pod,Darth_Silk,270 tix,$ 886,241957,2014-08-03,Modern Daily #7332854,modern,modern-daily-7332854,modern-daily-7332854-2014-08-03
11,1,Orzhov Pontiff,,Creatures,3,1,Melira Pod,Darth_Silk,270 tix,$ 886,241957,2014-08-03,Modern Daily #7332854,modern,modern-daily-7332854,modern-daily-7332854-2014-08-03
12,1,Reclamation Sage,,Creatures,3,1,Melira Pod,Darth_Silk,270 tix,$ 886,241957,2014-08-03,Modern Daily #7332854,modern,modern-daily-7332854,modern-daily-7332854-2014-08-03
13,1,"Linvala, Keeper of Silence",,Creatures,3,1,Melira Pod,Darth_Silk,270 tix,$ 886,241957,2014-08-03,Modern Daily #7332854,modern,modern-daily-7332854,modern-daily-7332854-2014-08-03
14,1,Murderous Redcap,,Creatures,3,1,Melira Pod,Darth_Silk,270 tix,$ 886,241957,2014-08-03,Modern Daily #7332854,modern,modern-daily-7332854,modern-daily-7332854-2014-08-03
15,1,Phyrexian Metamorph,,Creatures,3,1,Melira Pod,Darth_Silk,270 tix,$ 886,241957,2014-08-03,Modern Daily #7332854,modern,modern-daily-7332854,modern-daily-7332854-2014-08-03
16,1,Ranger of Eos,,Creatures,3,1,Melira Pod,Darth_Silk,270 tix,$ 886,241957,2014-08-03,Modern Daily #7332854,modern,modern-daily-7332854,modern-daily-7332854-2014-08-03
17,1,Restoration Angel,,Creatures,3,1,Melira Pod,Darth_Silk,270 tix,$ 886,241957,2014-08-03,Modern Daily #7332854,modern,modern-daily-7332854,modern-daily-7332854-2014-08-03
18,1,Reveillark,,Creatures,3,1,Melira Pod,Darth_Silk,270 tix,$ 886,241957,2014-08-03,Modern Daily #7332854,modern,modern-daily-7332854,modern-daily-7332854-2014-08-03
19,1,Shriekmaw,,Creatures,3,1,Melira Pod,Darth_Silk,270 tix,$ 886,241957,2014-08-03,Modern Daily #7332854,modern,modern-daily-7332854,modern-daily-7332854-2014-08-03
21,2,Abrupt Decay,,Spells,3,1,Melira Pod,Darth_Silk,270 tix,$ 886,241957,2014-08-03,Modern Daily #7332854,modern,modern-daily-7332854,modern-daily-7332854-2014-08-03
22,3,Chord of Calling,,Spells,3,1,Melira Pod,Darth_Silk,270 tix,$ 886,241957,2014-08-03,Modern Daily #7332854,modern,modern-daily-7332854,modern-daily-7332854-2014-08-03
24,4,Birthing Pod,,Artifacts,3,1,Melira Pod,Darth_Silk,270 tix,$ 886,241957,2014-08-03,Modern Daily #7332854,modern,modern-daily-7332854,modern-daily-7332854-2014-08-03
26,3,Forest,,Lands,3,1,Melira Pod,Darth_Silk,270 tix,$ 886,241957,2014-08-03,Modern Daily #7332854,modern,modern-daily-7332854,modern-daily-7332854-2014-08-03
27,3,Gavony Township,,Lands,3,1,Melira Pod,Darth_Silk,270 tix,$ 886,241957,2014-08-03,Modern Daily #7332854,modern,modern-daily-7332854,modern-daily-7332854-2014-08-03
28,1,Godless Shrine,,Lands,3,1,Melira Pod,Darth_Silk,270 tix,$ 886,241957,2014-08-03,Modern Daily #7332854,modern,modern-daily-7332854,modern-daily-7332854-2014-08-03
29,4,Misty Rainforest,,Lands,3,1,Melira Pod,Darth_Silk,270 tix,$ 886,241957,2014-08-03,Modern Daily #7332854,modern,modern-daily-7332854,modern-daily-7332854-2014-08-03
30,2,Overgrown Tomb,,Lands,3,1,Melira Pod,Darth_Silk,270 tix,$ 886,241957,2014-08-03,Modern Daily #7332854,modern,modern-daily-7332854,modern-daily-7332854-2014-08-03
31,3,Razorverge Thicket,,Lands,3,1,Melira Pod,Darth_Silk,270 tix,$ 886,241957,2014-08-03,Modern Daily #7332854,modern,modern-daily-7332854,modern-daily-7332854-2014-08-03
32,1,Swamp,,Lands,3,1,Melira Pod,Darth_Silk,270 tix,$ 886,241957,2014-08-03,Modern Daily #7332854,modern,modern-daily-7332854,modern-daily-7332854-2014-08-03
33,2,Temple Garden,,Lands,3,1,Melira Pod,Darth_Silk,270 tix,$ 886,241957,2014-08-03,Modern Daily #7332854,modern,modern-daily-7332854,modern-daily-7332854-2014-08-03
34,4,Verdant Catacombs,,Lands,3,1,Melira Pod,Darth_Silk,270 tix,$ 886,241957,2014-08-03,Modern Daily #7332854,modern,modern-daily-7332854,modern-daily-7332854-2014-08-03
36,1,Burrenton Forge-Tender,,Sideboard,3,1,Melira Pod,Darth_Silk,270 tix,$ 886,241957,2014-08-03,Modern Daily #7332854,modern,modern-daily-7332854,modern-daily-7332854-2014-08-03
37,2,Path to Exile,,Sideboard,3,1,Melira Pod,Darth_Silk,270 tix,$ 886,241957,2014-08-03,Modern Daily #7332854,modern,modern-daily-7332854,modern-daily-7332854-2014-08-03
38,4,Thoughtseize,,Sideboard,3,1,Melira Pod,Darth_Silk,270 tix,$ 886,241957,2014-08-03,Modern Daily #7332854,modern,modern-daily-7332854,modern-daily-7332854-2014-08-03
39,1,Ethersworn Canonist,,Sideboard,3,1,Melira Pod,Darth_Silk,270 tix,$ 886,241957,2014-08-03,Modern Daily #7332854,modern,modern-daily-7332854,modern-daily-7332854-2014-08-03
40,1,"Kataki, War's Wage",,Sideboard,3,1,Melira Pod,Darth_Silk,270 tix,$ 886,241957,2014-08-03,Modern Daily #7332854,modern,modern-daily-7332854,modern-daily-7332854-2014-08-03
41,1,Qasali Pridemage,,Sideboard,3,1,Melira Pod,Darth_Silk,270 tix,$ 886,241957,2014-08-03,Modern Daily #7332854,modern,modern-daily-7332854,modern-daily-7332854-2014-08-03
42,1,Scavenging Ooze,,Sideboard,3,1,Melira Pod,Darth_Silk,270 tix,$ 886,241957,2014-08-03,Modern Daily #7332854,modern,modern-daily-7332854,modern-daily-7332854-2014-08-03
43,1,Aven Mindcensor,,Sideboard,3,1,Melira Pod,Darth_Silk,270 tix,$ 886,241957,2014-08-03,Modern Daily #7332854,modern,modern-daily-7332854,modern-daily-7332854-2014-08-03
44,1,Sin Collector,,Sideboard,3,1,Melira Pod,Darth_Silk,270 tix,$ 886,241957,2014-08-03,Modern Daily #7332854,modern,modern-daily-7332854,modern-daily-7332854-2014-08-03
45,1,Entomber Exarch,,Sideboard,3,1,Melira Pod,Darth_Silk,270 tix,$ 886,241957,2014-08-03,Modern Daily #7332854,modern,modern-daily-7332854,modern-daily-7332854-2014-08-03
46,1,"Thrun, the Last Troll",,Sideboard,3,1,Melira Pod,Darth_Silk,270 tix,$ 886,241957,2014-08-03,Modern Daily #7332854,modern,modern-daily-7332854,modern-daily-7332854-2014-08-03
1,4,Arbor Elf,,Creatures,3,1,Mono Green Devotion,Zacchien1,36 tix,$ 193,241951,2014-08-03,Modern Daily #7332854,modern,modern-daily-7332854,modern-daily-7332854-2014-08-03
2,2,Elvish Mystic,,Creatures,3,1,Mono Green Devotion,Zacchien1,36 tix,$ 193,241951,2014-08-03,Modern Daily #7332854,modern,modern-daily-7332854,modern-daily-7332854-2014-08-03
3,4,Burning-Tree Emissary,,Creatures,3,1,Mono Green Devotion,Zacchien1,36 tix,$ 193,241951,2014-08-03,Modern Daily #7332854,modern,modern-daily-7332854,modern-daily-7332854-2014-08-03
4,3,Eternal Witness,,Creatures,3,1,Mono Green Devotion,Zacchien1,36 tix,$ 193,241951,2014-08-03,Modern Daily #7332854,modern,modern-daily-7332854,modern-daily-7332854-2014-08-03
5,2,Kitchen Finks,,Creatures,3,1,Mono Green Devotion,Zacchien1,36 tix,$ 193,241951,2014-08-03,Modern Daily #7332854,modern,modern-daily-7332854,modern-daily-7332854-2014-08-03
6,3,Leatherback Baloth,,Creatures,3,1,Mono Green Devotion,Zacchien1,36 tix,$ 193,241951,2014-08-03,Modern Daily #7332854,modern,modern-daily-7332854,modern-daily-7332854-2014-08-03
7,1,Wistful Selkie,,Creatures,3,1,Mono Green Devotion,Zacchien1,36 tix,$ 193,241951,2014-08-03,Modern Daily #7332854,modern,modern-daily-7332854,modern-daily-7332854-2014-08-03
8,1,Craterhoof Behemoth,,Creatures,3,1,Mono Green Devotion,Zacchien1,36 tix,$ 193,241951,2014-08-03,Modern Daily #7332854,modern,modern-daily-7332854,modern-daily-7332854-2014-08-03
10,4,Garruk Wildspeaker,,Planeswalkers,3,1,Mono Green Devotion,Zacchien1,36 tix,$ 193,241951,2014-08-03,Modern Daily #7332854,modern,modern-daily-7332854,modern-daily-7332854-2014-08-03
12,4,Genesis Wave,,Spells,3,1,Mono Green Devotion,Zacchien1,36 tix,$ 193,241951,2014-08-03,Modern Daily #7332854,modern,modern-daily-7332854,modern-daily-7332854-2014-08-03
13,2,Primal Command,,Spells,3,1,Mono Green Devotion,Zacchien1,36 tix,$ 193,241951,2014-08-03,Modern Daily #7332854,modern,modern-daily-7332854,modern-daily-7332854-2014-08-03
15,2,Expedition Map,,Artifacts,3,1,Mono Green Devotion,Zacchien1,36 tix,$ 193,241951,2014-08-03,Modern Daily #7332854,modern,modern-daily-7332854,modern-daily-7332854-2014-08-03
17,4,Utopia Sprawl,,Enchantments,3,1,Mono Green Devotion,Zacchien1,36 tix,$ 193,241951,2014-08-03,Modern Daily #7332854,modern,modern-daily-7332854,modern-daily-7332854-2014-08-03
18,4,Fertile Ground,,Enchantments,3,1,Mono Green Devotion,Zacchien1,36 tix,$ 193,241951,2014-08-03,Modern Daily #7332854,modern,modern-daily-7332854,modern-daily-7332854-2014-08-03
20,15,Forest,,Lands,3,1,Mono Green Devotion,Zacchien1,36 tix,$ 193,241951,2014-08-03,Modern Daily #7332854,modern,modern-daily-7332854,modern-daily-7332854-2014-08-03
21,1,Kessig Wolf Run,,Lands,3,1,Mono Green Devotion,Zacchien1,36 tix,$ 193,241951,2014-08-03,Modern Daily #7332854,modern,modern-daily-7332854,modern-daily-7332854-2014-08-03
22,4,"Nykthos, Shrine to Nyx",,Lands,3,1,Mono Green Devotion,Zacchien1,36 tix,$ 193,241951,2014-08-03,Modern Daily #7332854,modern,modern-daily-7332854,modern-daily-7332854-2014-08-03
24,1,Bojuka Bog,,Sideboard,3,1,Mono Green Devotion,Zacchien1,36 tix,$ 193,241951,2014-08-03,Modern Daily #7332854,modern,modern-daily-7332854,modern-daily-7332854-2014-08-03
25,2,Ghost Quarter,,Sideboard,3,1,Mono Green Devotion,Zacchien1,36 tix,$ 193,241951,2014-08-03,Modern Daily #7332854,modern,modern-daily-7332854,modern-daily-7332854-2014-08-03
26,2,Autumn's Veil,,Sideboard,3,1,Mono Green Devotion,Zacchien1,36 tix,$ 193,241951,2014-08-03,Modern Daily #7332854,modern,modern-daily-7332854,modern-daily-7332854-2014-08-03
27,2,Nature's Claim,,Sideboard,3,1,Mono Green Devotion,Zacchien1,36 tix,$ 193,241951,2014-08-03,Modern Daily #7332854,modern,modern-daily-7332854,modern-daily-7332854-2014-08-03
28,2,Ancient Grudge,,Sideboard,3,1,Mono Green Devotion,Zacchien1,36 tix,$ 193,241951,2014-08-03,Modern Daily #7332854,modern,modern-daily-7332854,modern-daily-7332854-2014-08-03
29,3,Combust,,Sideboard,3,1,Mono Green Devotion,Zacchien1,36 tix,$ 193,241951,2014-08-03,Modern Daily #7332854,modern,modern-daily-7332854,modern-daily-7332854-2014-08-03
30,1,Eternal Witness,,Sideboard,3,1,Mono Green Devotion,Zacchien1,36 tix,$ 193,241951,2014-08-03,Modern Daily #7332854,modern,modern-daily-7332854,modern-daily-7332854-2014-08-03
31,1,Terastodon,,Sideboard,3,1,Mono Green Devotion,Zacchien1,36 tix,$ 193,241951,2014-08-03,Modern Daily #7332854,modern,modern-daily-7332854,modern-daily-7332854-2014-08-03
1,4,Goblin Guide,,Creatures,3,1,R,umbrageous,203 tix,$ 665,241965,2014-08-03,Modern Daily #7332854,modern,modern-daily-7332854,modern-daily-7332854-2014-08-03
2,2,Grim Lavamancer,,Creatures,3,1,R,umbrageous,203 tix,$ 665,241965,2014-08-03,Modern Daily #7332854,modern,modern-daily-7332854,modern-daily-7332854-2014-08-03
3,4,Eidolon of the Great Revel,,Creatures,3,1,R,umbrageous,203 tix,$ 665,241965,2014-08-03,Modern Daily #7332854,modern,modern-daily-7332854,modern-daily-7332854-2014-08-03
5,1,Forked Bolt,,Spells,3,1,R,umbrageous,203 tix,$ 665,241965,2014-08-03,Modern Daily #7332854,modern,modern-daily-7332854,modern-daily-7332854-2014-08-03
6,4,Lava Spike,,Spells,3,1,R,umbrageous,203 tix,$ 665,241965,2014-08-03,Modern Daily #7332854,modern,modern-daily-7332854,modern-daily-7332854-2014-08-03
7,4,Lightning Bolt,,Spells,3,1,R,umbrageous,203 tix,$ 665,241965,2014-08-03,Modern Daily #7332854,modern,modern-daily-7332854,modern-daily-7332854-2014-08-03
8,2,Shard Volley,,Spells,3,1,R,umbrageous,203 tix,$ 665,241965,2014-08-03,Modern Daily #7332854,modern,modern-daily-7332854,modern-daily-7332854-2014-08-03
9,1,Magma Jet,,Spells,3,1,R,umbrageous,203 tix,$ 665,241965,2014-08-03,Modern Daily #7332854,modern,modern-daily-7332854,modern-daily-7332854-2014-08-03
10,4,Searing Blaze,,Spells,3,1,R,umbrageous,203 tix,$ 665,241965,2014-08-03,Modern Daily #7332854,modern,modern-daily-7332854,modern-daily-7332854-2014-08-03
11,4,Skullcrack,,Spells,3,1,R,umbrageous,203 tix,$ 665,241965,2014-08-03,Modern Daily #7332854,modern,modern-daily-7332854,modern-daily-7332854-2014-08-03
12,2,Flames of the Blood Hand,,Spells,3,1,R,umbrageous,203 tix,$ 665,241965,2014-08-03,Modern Daily #7332854,modern,modern-daily-7332854,modern-daily-7332854-2014-08-03
13,4,Molten Rain,,Spells,3,1,R,umbrageous,203 tix,$ 665,241965,2014-08-03,Modern Daily #7332854,modern,modern-daily-7332854,modern-daily-7332854-2014-08-03
14,4,Rift Bolt,,Spells,3,1,R,umbrageous,203 tix,$ 665,241965,2014-08-03,Modern Daily #7332854,modern,modern-daily-7332854,modern-daily-7332854-2014-08-03
16,4,Arid Mesa,,Lands,3,1,R,umbrageous,203 tix,$ 665,241965,2014-08-03,Modern Daily #7332854,modern,modern-daily-7332854,modern-daily-7332854-2014-08-03
17,12,Mountain,,Lands,3,1,R,umbrageous,203 tix,$ 665,241965,2014-08-03,Modern Daily #7332854,modern,modern-daily-7332854,modern-daily-7332854-2014-08-03
18,4,Scalding Tarn,,Lands,3,1,R,umbrageous,203 tix,$ 665,241965,2014-08-03,Modern Daily #7332854,modern,modern-daily-7332854,modern-daily-7332854-2014-08-03
20,2,Relic of Progenitus,,Sideboard,3,1,R,umbrageous,203 tix,$ 665,241965,2014-08-03,Modern Daily #7332854,modern,modern-daily-7332854,modern-daily-7332854-2014-08-03
21,4,Searing Blood,,Sideboard,3,1,R,umbrageous,203 tix,$ 665,241965,2014-08-03,Modern Daily #7332854,modern,modern-daily-7332854,modern-daily-7332854-2014-08-03
22,4,Smash to Smithereens,,Sideboard,3,1,R,umbrageous,203 tix,$ 665,241965,2014-08-03,Modern Daily #7332854,modern,modern-daily-7332854,modern-daily-7332854-2014-08-03
23,1,Cryoclasm,,Sideboard,3,1,R,umbrageous,203 tix,$ 665,241965,2014-08-03,Modern Daily #7332854,modern,modern-daily-7332854,modern-daily-7332854-2014-08-03
24,4,Peak Eruption,,Sideboard,3,1,R,umbrageous,203 tix,$ 665,241965,2014-08-03,Modern Daily #7332854,modern,modern-daily-7332854,modern-daily-7332854-2014-08-03
1,3,Wurmcoil Engine,,Creatures,3,1,RG Tron,JayPG,292 tix,$ 948,241956,2014-08-03,Modern Daily #7332854,modern,modern-daily-7332854,modern-daily-7332854-2014-08-03
2,1,Sundering Titan,,Creatures,3,1,RG Tron,JayPG,292 tix,$ 948,241956,2014-08-03,Modern Daily #7332854,modern,modern-daily-7332854,modern-daily-7332854-2014-08-03
3,1,"Emrakul, the Aeons Torn",,Creatures,3,1,RG Tron,JayPG,292 tix,$ 948,241956,2014-08-03,Modern Daily #7332854,modern,modern-daily-7332854,modern-daily-7332854-2014-08-03
5,4,Karn Liberated,,Planeswalkers,3,1,RG Tron,JayPG,292 tix,$ 948,241956,2014-08-03,Modern Daily #7332854,modern,modern-daily-7332854,modern-daily-7332854-2014-08-03
7,4,Ancient Stirrings,,Spells,3,1,RG Tron,JayPG,292 tix,$ 948,241956,2014-08-03,Modern Daily #7332854,modern,modern-daily-7332854,modern-daily-7332854-2014-08-03
8,4,Pyroclasm,,Spells,3,1,RG Tron,JayPG,292 tix,$ 948,241956,2014-08-03,Modern Daily #7332854,modern,modern-daily-7332854,modern-daily-7332854-2014-08-03
9,4,Sylvan Scrying,,Spells,3,1,RG Tron,JayPG,292 tix,$ 948,241956,2014-08-03,Modern Daily #7332854,modern,modern-daily-7332854,modern-daily-7332854-2014-08-03
11,4,Chromatic Sphere,,Artifacts,3,1,RG Tron,JayPG,292 tix,$ 948,241956,2014-08-03,Modern Daily #7332854,modern,modern-daily-7332854,modern-daily-7332854-2014-08-03
12,4,Chromatic Star,,Artifacts,3,1,RG Tron,JayPG,292 tix,$ 948,241956,2014-08-03,Modern Daily #7332854,modern,modern-daily-7332854,modern-daily-7332854-2014-08-03
13,4,Expedition Map,,Artifacts,3,1,RG Tron,JayPG,292 tix,$ 948,241956,2014-08-03,Modern Daily #7332854,modern,modern-daily-7332854,modern-daily-7332854-2014-08-03
14,3,Relic of Progenitus,,Artifacts,3,1,RG Tron,JayPG,292 tix,$ 948,241956,2014-08-03,Modern Daily #7332854,modern,modern-daily-7332854,modern-daily-7332854-2014-08-03
15,4,Oblivion Stone,,Artifacts,3,1,RG Tron,JayPG,292 tix,$ 948,241956,2014-08-03,Modern Daily #7332854,modern,modern-daily-7332854,modern-daily-7332854-2014-08-03
17,1,Cavern of Souls,,Lands,3,1,RG Tron,JayPG,292 tix,$ 948,241956,2014-08-03,Modern Daily #7332854,modern,modern-daily-7332854,modern-daily-7332854-2014-08-03
18,1,Eye of Ugin,,Lands,3,1,RG Tron,JayPG,292 tix,$ 948,241956,2014-08-03,Modern Daily #7332854,modern,modern-daily-7332854,modern-daily-7332854-2014-08-03
19,1,Forest,,Lands,3,1,RG Tron,JayPG,292 tix,$ 948,241956,2014-08-03,Modern Daily #7332854,modern,modern-daily-7332854,modern-daily-7332854-2014-08-03
20,1,Ghost Quarter,,Lands,3,1,RG Tron,JayPG,292 tix,$ 948,241956,2014-08-03,Modern Daily #7332854,modern,modern-daily-7332854,modern-daily-7332854-2014-08-03
21,4,Grove of the Burnwillows,,Lands,3,1,RG Tron,JayPG,292 tix,$ 948,241956,2014-08-03,Modern Daily #7332854,modern,modern-daily-7332854,modern-daily-7332854-2014-08-03
22,4,Urza's Mine,,Lands,3,1,RG Tron,JayPG,292 tix,$ 948,241956,2014-08-03,Modern Daily #7332854,modern,modern-daily-7332854,modern-daily-7332854-2014-08-03
23,4,Urza's Power Plant,,Lands,3,1,RG Tron,JayPG,292 tix,$ 948,241956,2014-08-03,Modern Daily #7332854,modern,modern-daily-7332854,modern-daily-7332854-2014-08-03
24,4,Urza's Tower,,Lands,3,1,RG Tron,JayPG,292 tix,$ 948,241956,2014-08-03,Modern Daily #7332854,modern,modern-daily-7332854,modern-daily-7332854-2014-08-03
26,4,Nature's Claim,,Sideboard,3,1,RG Tron,JayPG,292 tix,$ 948,241956,2014-08-03,Modern Daily #7332854,modern,modern-daily-7332854,modern-daily-7332854-2014-08-03
27,1,Vandalblast,,Sideboard,3,1,RG Tron,JayPG,292 tix,$ 948,241956,2014-08-03,Modern Daily #7332854,modern,modern-daily-7332854,modern-daily-7332854-2014-08-03
28,1,Ancient Grudge,,Sideboard,3,1,RG Tron,JayPG,292 tix,$ 948,241956,2014-08-03,Modern Daily #7332854,modern,modern-daily-7332854,modern-daily-7332854-2014-08-03
29,1,Defense Grid,,Sideboard,3,1,RG Tron,JayPG,292 tix,$ 948,241956,2014-08-03,Modern Daily #7332854,modern,modern-daily-7332854,modern-daily-7332854-2014-08-03
30,1,Spellskite,,Sideboard,3,1,RG Tron,JayPG,292 tix,$ 948,241956,2014-08-03,Modern Daily #7332854,modern,modern-daily-7332854,modern-daily-7332854-2014-08-03
31,1,Thorn of Amethyst,,Sideboard,3,1,RG Tron,JayPG,292 tix,$ 948,241956,2014-08-03,Modern Daily #7332854,modern,modern-daily-7332854,modern-daily-7332854-2014-08-03
32,1,Crucible of Worlds,,Sideboard,3,1,RG Tron,JayPG,292 tix,$ 948,241956,2014-08-03,Modern Daily #7332854,modern,modern-daily-7332854,modern-daily-7332854-2014-08-03
33,2,Boil,,Sideboard,3,1,RG Tron,JayPG,292 tix,$ 948,241956,2014-08-03,Modern Daily #7332854,modern,modern-daily-7332854,modern-daily-7332854-2014-08-03
34,1,Wurmcoil Engine,,Sideboard,3,1,RG Tron,JayPG,292 tix,$ 948,241956,2014-08-03,Modern Daily #7332854,modern,modern-daily-7332854,modern-daily-7332854-2014-08-03
35,1,All Is Dust,,Sideboard,3,1,RG Tron,JayPG,292 tix,$ 948,241956,2014-08-03,Modern Daily #7332854,modern,modern-daily-7332854,modern-daily-7332854-2014-08-03
36,1,"Kozilek, Butcher of Truth",,Sideboard,3,1,RG Tron,JayPG,292 tix,$ 948,241956,2014-08-03,Modern Daily #7332854,modern,modern-daily-7332854,modern-daily-7332854-2014-08-03
1,4,Sakura-Tribe Elder,,Creatures,3,1,Scapeshift,ecobaronen,191 tix,$ 935,241961,2014-08-03,Modern Daily #7332854,modern,modern-daily-7332854,modern-daily-7332854-2014-08-03
2,2,Snapcaster Mage,,Creatures,3,1,Scapeshift,ecobaronen,191 tix,$ 935,241961,2014-08-03,Modern Daily #7332854,modern,modern-daily-7332854,modern-daily-7332854-2014-08-03
4,3,Lightning Bolt,,Spells,3,1,Scapeshift,ecobaronen,191 tix,$ 935,241961,2014-08-03,Modern Daily #7332854,modern,modern-daily-7332854,modern-daily-7332854-2014-08-03
5,2,Repeal,,Spells,3,1,Scapeshift,ecobaronen,191 tix,$ 935,241961,2014-08-03,Modern Daily #7332854,modern,modern-daily-7332854,modern-daily-7332854-2014-08-03
6,2,Farseek,,Spells,3,1,Scapeshift,ecobaronen,191 tix,$ 935,241961,2014-08-03,Modern Daily #7332854,modern,modern-daily-7332854,modern-daily-7332854-2014-08-03
7,2,Izzet Charm,,Spells,3,1,Scapeshift,ecobaronen,191 tix,$ 935,241961,2014-08-03,Modern Daily #7332854,modern,modern-daily-7332854,modern-daily-7332854-2014-08-03
8,2,Peer Through Depths,,Spells,3,1,Scapeshift,ecobaronen,191 tix,$ 935,241961,2014-08-03,Modern Daily #7332854,modern,modern-daily-7332854,modern-daily-7332854-2014-08-03
9,4,Remand,,Spells,3,1,Scapeshift,ecobaronen,191 tix,$ 935,241961,2014-08-03,Modern Daily #7332854,modern,modern-daily-7332854,modern-daily-7332854-2014-08-03
10,2,Telling Time,,Spells,3,1,Scapeshift,ecobaronen,191 tix,$ 935,241961,2014-08-03,Modern Daily #7332854,modern,modern-daily-7332854,modern-daily-7332854-2014-08-03
11,4,Search for Tomorrow,,Spells,3,1,Scapeshift,ecobaronen,191 tix,$ 935,241961,2014-08-03,Modern Daily #7332854,modern,modern-daily-7332854,modern-daily-7332854-2014-08-03
12,4,Cryptic Command,,Spells,3,1,Scapeshift,ecobaronen,191 tix,$ 935,241961,2014-08-03,Modern Daily #7332854,modern,modern-daily-7332854,modern-daily-7332854-2014-08-03
13,4,Scapeshift,,Spells,3,1,Scapeshift,ecobaronen,191 tix,$ 935,241961,2014-08-03,Modern Daily #7332854,modern,modern-daily-7332854,modern-daily-7332854-2014-08-03
15,2,Breeding Pool,,Lands,3,1,Scapeshift,ecobaronen,191 tix,$ 935,241961,2014-08-03,Modern Daily #7332854,modern,modern-daily-7332854,modern-daily-7332854-2014-08-03
16,1,Flooded Grove,,Lands,3,1,Scapeshift,ecobaronen,191 tix,$ 935,241961,2014-08-03,Modern Daily #7332854,modern,modern-daily-7332854,modern-daily-7332854-2014-08-03
17,3,Forest,,Lands,3,1,Scapeshift,ecobaronen,191 tix,$ 935,241961,2014-08-03,Modern Daily #7332854,modern,modern-daily-7332854,modern-daily-7332854-2014-08-03
18,3,Island,,Lands,3,1,Scapeshift,ecobaronen,191 tix,$ 935,241961,2014-08-03,Modern Daily #7332854,modern,modern-daily-7332854,modern-daily-7332854-2014-08-03
19,4,Misty Rainforest,,Lands,3,1,Scapeshift,ecobaronen,191 tix,$ 935,241961,2014-08-03,Modern Daily #7332854,modern,modern-daily-7332854,modern-daily-7332854-2014-08-03
20,2,Mountain,,Lands,3,1,Scapeshift,ecobaronen,191 tix,$ 935,241961,2014-08-03,Modern Daily #7332854,modern,modern-daily-7332854,modern-daily-7332854-2014-08-03
21,4,Steam Vents,,Lands,3,1,Scapeshift,ecobaronen,191 tix,$ 935,241961,2014-08-03,Modern Daily #7332854,modern,modern-daily-7332854,modern-daily-7332854-2014-08-03
22,4,Stomping Ground,,Lands,3,1,Scapeshift,ecobaronen,191 tix,$ 935,241961,2014-08-03,Modern Daily #7332854,modern,modern-daily-7332854,modern-daily-7332854-2014-08-03
23,2,"Valakut, the Molten Pinnacle",,Lands,3,1,Scapeshift,ecobaronen,191 tix,$ 935,241961,2014-08-03,Modern Daily #7332854,modern,modern-daily-7332854,modern-daily-7332854-2014-08-03
25,2,Relic of Progenitus,,Sideboard,3,1,Scapeshift,ecobaronen,191 tix,$ 935,241961,2014-08-03,Modern Daily #7332854,modern,modern-daily-7332854,modern-daily-7332854-2014-08-03
26,2,Swan Song,,Sideboard,3,1,Scapeshift,ecobaronen,191 tix,$ 935,241961,2014-08-03,Modern Daily #7332854,modern,modern-daily-7332854,modern-daily-7332854-2014-08-03
27,2,Ancient Grudge,,Sideboard,3,1,Scapeshift,ecobaronen,191 tix,$ 935,241961,2014-08-03,Modern Daily #7332854,modern,modern-daily-7332854,modern-daily-7332854-2014-08-03
28,2,Combust,,Sideboard,3,1,Scapeshift,ecobaronen,191 tix,$ 935,241961,2014-08-03,Modern Daily #7332854,modern,modern-daily-7332854,modern-daily-7332854-2014-08-03
29,2,Counterflux,,Sideboard,3,1,Scapeshift,ecobaronen,191 tix,$ 935,241961,2014-08-03,Modern Daily #7332854,modern,modern-daily-7332854,modern-daily-7332854-2014-08-03
30,2,Cultivate,,Sideboard,3,1,Scapeshift,ecobaronen,191 tix,$ 935,241961,2014-08-03,Modern Daily #7332854,modern,modern-daily-7332854,modern-daily-7332854-2014-08-03
31,2,Urban Evolution,,Sideboard,3,1,Scapeshift,ecobaronen,191 tix,$ 935,241961,2014-08-03,Modern Daily #7332854,modern,modern-daily-7332854,modern-daily-7332854-2014-08-03
1,4,Sakura-Tribe Elder,,Creatures,3,1,Scapeshift,SpeCialK,180 tix,$ 892,241967,2014-08-03,Modern Daily #7332854,modern,modern-daily-7332854,modern-daily-7332854-2014-08-03
2,3,Snapcaster Mage,,Creatures,3,1,Scapeshift,SpeCialK,180 tix,$ 892,241967,2014-08-03,Modern Daily #7332854,modern,modern-daily-7332854,modern-daily-7332854-2014-08-03
4,3,Lightning Bolt,,Spells,3,1,Scapeshift,SpeCialK,180 tix,$ 892,241967,2014-08-03,Modern Daily #7332854,modern,modern-daily-7332854,modern-daily-7332854-2014-08-03
5,1,Repeal,,Spells,3,1,Scapeshift,SpeCialK,180 tix,$ 892,241967,2014-08-03,Modern Daily #7332854,modern,modern-daily-7332854,modern-daily-7332854-2014-08-03
6,3,Izzet Charm,,Spells,3,1,Scapeshift,SpeCialK,180 tix,$ 892,241967,2014-08-03,Modern Daily #7332854,modern,modern-daily-7332854,modern-daily-7332854-2014-08-03
7,3,Peer Through Depths,,Spells,3,1,Scapeshift,SpeCialK,180 tix,$ 892,241967,2014-08-03,Modern Daily #7332854,modern,modern-daily-7332854,modern-daily-7332854-2014-08-03
8,4,Remand,,Spells,3,1,Scapeshift,SpeCialK,180 tix,$ 892,241967,2014-08-03,Modern Daily #7332854,modern,modern-daily-7332854,modern-daily-7332854-2014-08-03
9,3,Telling Time,,Spells,3,1,Scapeshift,SpeCialK,180 tix,$ 892,241967,2014-08-03,Modern Daily #7332854,modern,modern-daily-7332854,modern-daily-7332854-2014-08-03
10,4,Search for Tomorrow,,Spells,3,1,Scapeshift,SpeCialK,180 tix,$ 892,241967,2014-08-03,Modern Daily #7332854,modern,modern-daily-7332854,modern-daily-7332854-2014-08-03
11,3,Cryptic Command,,Spells,3,1,Scapeshift,SpeCialK,180 tix,$ 892,241967,2014-08-03,Modern Daily #7332854,modern,modern-daily-7332854,modern-daily-7332854-2014-08-03
12,4,Scapeshift,,Spells,3,1,Scapeshift,SpeCialK,180 tix,$ 892,241967,2014-08-03,Modern Daily #7332854,modern,modern-daily-7332854,modern-daily-7332854-2014-08-03
14,1,Breeding Pool,,Lands,3,1,Scapeshift,SpeCialK,180 tix,$ 892,241967,2014-08-03,Modern Daily #7332854,modern,modern-daily-7332854,modern-daily-7332854-2014-08-03
15,1,Cascade Bluffs,,Lands,3,1,Scapeshift,SpeCialK,180 tix,$ 892,241967,2014-08-03,Modern Daily #7332854,modern,modern-daily-7332854,modern-daily-7332854-2014-08-03
16,1,Flooded Grove,,Lands,3,1,Scapeshift,SpeCialK,180 tix,$ 892,241967,2014-08-03,Modern Daily #7332854,modern,modern-daily-7332854,modern-daily-7332854-2014-08-03
17,3,Forest,,Lands,3,1,Scapeshift,SpeCialK,180 tix,$ 892,241967,2014-08-03,Modern Daily #7332854,modern,modern-daily-7332854,modern-daily-7332854-2014-08-03
18,1,Halimar Depths,,Lands,3,1,Scapeshift,SpeCialK,180 tix,$ 892,241967,2014-08-03,Modern Daily #7332854,modern,modern-daily-7332854,modern-daily-7332854-2014-08-03
19,3,Island,,Lands,3,1,Scapeshift,SpeCialK,180 tix,$ 892,241967,2014-08-03,Modern Daily #7332854,modern,modern-daily-7332854,modern-daily-7332854-2014-08-03
20,2,Misty Rainforest,,Lands,3,1,Scapeshift,SpeCialK,180 tix,$ 892,241967,2014-08-03,Modern Daily #7332854,modern,modern-daily-7332854,modern-daily-7332854-2014-08-03
21,2,Mountain,,Lands,3,1,Scapeshift,SpeCialK,180 tix,$ 892,241967,2014-08-03,Modern Daily #7332854,modern,modern-daily-7332854,modern-daily-7332854-2014-08-03
22,4,Steam Vents,,Lands,3,1,Scapeshift,SpeCialK,180 tix,$ 892,241967,2014-08-03,Modern Daily #7332854,modern,modern-daily-7332854,modern-daily-7332854-2014-08-03
23,4,Stomping Ground,,Lands,3,1,Scapeshift,SpeCialK,180 tix,$ 892,241967,2014-08-03,Modern Daily #7332854,modern,modern-daily-7332854,modern-daily-7332854-2014-08-03
24,1,Temple of Mystery,,Lands,3,1,Scapeshift,SpeCialK,180 tix,$ 892,241967,2014-08-03,Modern Daily #7332854,modern,modern-daily-7332854,modern-daily-7332854-2014-08-03
25,2,"Valakut, the Molten Pinnacle",,Lands,3,1,Scapeshift,SpeCialK,180 tix,$ 892,241967,2014-08-03,Modern Daily #7332854,modern,modern-daily-7332854,modern-daily-7332854-2014-08-03
27,1,"Boseiju, Who Shelters All",,Sideboard,3,1,Scapeshift,SpeCialK,180 tix,$ 892,241967,2014-08-03,Modern Daily #7332854,modern,modern-daily-7332854,modern-daily-7332854-2014-08-03
28,3,Ancient Grudge,,Sideboard,3,1,Scapeshift,SpeCialK,180 tix,$ 892,241967,2014-08-03,Modern Daily #7332854,modern,modern-daily-7332854,modern-daily-7332854-2014-08-03
29,2,Combust,,Sideboard,3,1,Scapeshift,SpeCialK,180 tix,$ 892,241967,2014-08-03,Modern Daily #7332854,modern,modern-daily-7332854,modern-daily-7332854-2014-08-03
30,2,Anger of the Gods,,Sideboard,3,1,Scapeshift,SpeCialK,180 tix,$ 892,241967,2014-08-03,Modern Daily #7332854,modern,modern-daily-7332854,modern-daily-7332854-2014-08-03
31,1,"Kiora, the Crashing Wave",,Sideboard,3,1,Scapeshift,SpeCialK,180 tix,$ 892,241967,2014-08-03,Modern Daily #7332854,modern,modern-daily-7332854,modern-daily-7332854-2014-08-03
32,3,Obstinate Baloth,,Sideboard,3,1,Scapeshift,SpeCialK,180 tix,$ 892,241967,2014-08-03,Modern Daily #7332854,modern,modern-daily-7332854,modern-daily-7332854-2014-08-03
33,2,Sowing Salt,,Sideboard,3,1,Scapeshift,SpeCialK,180 tix,$ 892,241967,2014-08-03,Modern Daily #7332854,modern,modern-daily-7332854,modern-daily-7332854-2014-08-03
34,1,Meloku the Clouded Mirror,,Sideboard,3,1,Scapeshift,SpeCialK,180 tix,$ 892,241967,2014-08-03,Modern Daily #7332854,modern,modern-daily-7332854,modern-daily-7332854-2014-08-03
1,4,Goblin Electromancer,,Creatures,3,1,UR Storm,whateverfor,159 tix,$ 609,241953,2014-08-03,Modern Daily #7332854,modern,modern-daily-7332854,modern-daily-7332854-2014-08-03
3,4,Gitaxian Probe,,Spells,3,1,UR Storm,whateverfor,159 tix,$ 609,241953,2014-08-03,Modern Daily #7332854,modern,modern-daily-7332854,modern-daily-7332854-2014-08-03
4,4,Serum Visions,,Spells,3,1,UR Storm,whateverfor,159 tix,$ 609,241953,2014-08-03,Modern Daily #7332854,modern,modern-daily-7332854,modern-daily-7332854-2014-08-03
5,4,Sleight of Hand,,Spells,3,1,UR Storm,whateverfor,159 tix,$ 609,241953,2014-08-03,Modern Daily #7332854,modern,modern-daily-7332854,modern-daily-7332854-2014-08-03
6,4,Thought Scour,,Spells,3,1,UR Storm,whateverfor,159 tix,$ 609,241953,2014-08-03,Modern Daily #7332854,modern,modern-daily-7332854,modern-daily-7332854-2014-08-03
7,3,Desperate Ravings,,Spells,3,1,UR Storm,whateverfor,159 tix,$ 609,241953,2014-08-03,Modern Daily #7332854,modern,modern-daily-7332854,modern-daily-7332854-2014-08-03
8,4,Desperate Ritual,,Spells,3,1,UR Storm,whateverfor,159 tix,$ 609,241953,2014-08-03,Modern Daily #7332854,modern,modern-daily-7332854,modern-daily-7332854-2014-08-03
9,2,Grapeshot,,Spells,3,1,UR Storm,whateverfor,159 tix,$ 609,241953,2014-08-03,Modern Daily #7332854,modern,modern-daily-7332854,modern-daily-7332854-2014-08-03
10,4,Manamorphose,,Spells,3,1,UR Storm,whateverfor,159 tix,$ 609,241953,2014-08-03,Modern Daily #7332854,modern,modern-daily-7332854,modern-daily-7332854-2014-08-03
11,4,Pyretic Ritual,,Spells,3,1,UR Storm,whateverfor,159 tix,$ 609,241953,2014-08-03,Modern Daily #7332854,modern,modern-daily-7332854,modern-daily-7332854-2014-08-03
12,3,Past in Flames,,Spells,3,1,UR Storm,whateverfor,159 tix,$ 609,241953,2014-08-03,Modern Daily #7332854,modern,modern-daily-7332854,modern-daily-7332854-2014-08-03
14,4,Pyromancer Ascension,,Enchantments,3,1,UR Storm,whateverfor,159 tix,$ 609,241953,2014-08-03,Modern Daily #7332854,modern,modern-daily-7332854,modern-daily-7332854-2014-08-03
16,3,Island,,Lands,3,1,UR Storm,whateverfor,159 tix,$ 609,241953,2014-08-03,Modern Daily #7332854,modern,modern-daily-7332854,modern-daily-7332854-2014-08-03
17,3,Misty Rainforest,,Lands,3,1,UR Storm,whateverfor,159 tix,$ 609,241953,2014-08-03,Modern Daily #7332854,modern,modern-daily-7332854,modern-daily-7332854-2014-08-03
18,1,Mountain,,Lands,3,1,UR Storm,whateverfor,159 tix,$ 609,241953,2014-08-03,Modern Daily #7332854,modern,modern-daily-7332854,modern-daily-7332854-2014-08-03
19,4,Scalding Tarn,,Lands,3,1,UR Storm,whateverfor,159 tix,$ 609,241953,2014-08-03,Modern Daily #7332854,modern,modern-daily-7332854,modern-daily-7332854-2014-08-03
20,3,Shivan Reef,,Lands,3,1,UR Storm,whateverfor,159 tix,$ 609,241953,2014-08-03,Modern Daily #7332854,modern,modern-daily-7332854,modern-daily-7332854-2014-08-03
21,2,Steam Vents,,Lands,3,1,UR Storm,whateverfor,159 tix,$ 609,241953,2014-08-03,Modern Daily #7332854,modern,modern-daily-7332854,modern-daily-7332854-2014-08-03
23,4,Flame Slash,,Sideboard,3,1,UR Storm,whateverfor,159 tix,$ 609,241953,2014-08-03,Modern Daily #7332854,modern,modern-daily-7332854,modern-daily-7332854-2014-08-03
24,2,Spell Pierce,,Sideboard,3,1,UR Storm,whateverfor,159 tix,$ 609,241953,2014-08-03,Modern Daily #7332854,modern,modern-daily-7332854,modern-daily-7332854-2014-08-03
25,2,Dragon's Claw,,Sideboard,3,1,UR Storm,whateverfor,159 tix,$ 609,241953,2014-08-03,Modern Daily #7332854,modern,modern-daily-7332854,modern-daily-7332854-2014-08-03
26,1,Echoing Truth,,Sideboard,3,1,UR Storm,whateverfor,159 tix,$ 609,241953,2014-08-03,Modern Daily #7332854,modern,modern-daily-7332854,modern-daily-7332854-2014-08-03
27,3,Empty the Warrens,,Sideboard,3,1,UR Storm,whateverfor,159 tix,$ 609,241953,2014-08-03,Modern Daily #7332854,modern,modern-daily-7332854,modern-daily-7332854-2014-08-03
28,3,Shatterstorm,,Sideboard,3,1,UR Storm,whateverfor,159 tix,$ 609,241953,2014-08-03,Modern Daily #7332854,modern,modern-daily-7332854,modern-daily-7332854-2014-08-03
1,4,Delver of Secrets,,Creatures,3,1,UWR Delver,Bobthebuilder24,308 tix,"$ 1,268",241958,2014-08-03,Modern Daily #7332854,modern,modern-daily-7332854,modern-daily-7332854-2014-08-03
2,4,Snapcaster Mage,,Creatures,3,1,UWR Delver,Bobthebuilder24,308 tix,"$ 1,268",241958,2014-08-03,Modern Daily #7332854,modern,modern-daily-7332854,modern-daily-7332854-2014-08-03
4,1,Banefire,,Spells,3,1,UWR Delver,Bobthebuilder24,308 tix,"$ 1,268",241958,2014-08-03,Modern Daily #7332854,modern,modern-daily-7332854,modern-daily-7332854-2014-08-03
5,4,Lightning Bolt,,Spells,3,1,UWR Delver,Bobthebuilder24,308 tix,"$ 1,268",241958,2014-08-03,Modern Daily #7332854,modern,modern-daily-7332854,modern-daily-7332854-2014-08-03
6,4,Path to Exile,,Spells,3,1,UWR Delver,Bobthebuilder24,308 tix,"$ 1,268",241958,2014-08-03,Modern Daily #7332854,modern,modern-daily-7332854,modern-daily-7332854-2014-08-03
7,2,Spell Snare,,Spells,3,1,UWR Delver,Bobthebuilder24,308 tix,"$ 1,268",241958,2014-08-03,Modern Daily #7332854,modern,modern-daily-7332854,modern-daily-7332854-2014-08-03
8,4,Lightning Helix,,Spells,3,1,UWR Delver,Bobthebuilder24,308 tix,"$ 1,268",241958,2014-08-03,Modern Daily #7332854,modern,modern-daily-7332854,modern-daily-7332854-2014-08-03
9,1,Mana Leak,,Spells,3,1,UWR Delver,Bobthebuilder24,308 tix,"$ 1,268",241958,2014-08-03,Modern Daily #7332854,modern,modern-daily-7332854,modern-daily-7332854-2014-08-03
10,4,Remand,,Spells,3,1,UWR Delver,Bobthebuilder24,308 tix,"$ 1,268",241958,2014-08-03,Modern Daily #7332854,modern,modern-daily-7332854,modern-daily-7332854-2014-08-03
11,2,Electrolyze,,Spells,3,1,UWR Delver,Bobthebuilder24,308 tix,"$ 1,268",241958,2014-08-03,Modern Daily #7332854,modern,modern-daily-7332854,modern-daily-7332854-2014-08-03
12,1,Sphinx's Revelation,,Spells,3,1,UWR Delver,Bobthebuilder24,308 tix,"$ 1,268",241958,2014-08-03,Modern Daily #7332854,modern,modern-daily-7332854,modern-daily-7332854-2014-08-03
13,2,Cryptic Command,,Spells,3,1,UWR Delver,Bobthebuilder24,308 tix,"$ 1,268",241958,2014-08-03,Modern Daily #7332854,modern,modern-daily-7332854,modern-daily-7332854-2014-08-03
14,2,Warleader's Helix,,Spells,3,1,UWR Delver,Bobthebuilder24,308 tix,"$ 1,268",241958,2014-08-03,Modern Daily #7332854,modern,modern-daily-7332854,modern-daily-7332854-2014-08-03
16,4,Arid Mesa,,Lands,3,1,UWR Delver,Bobthebuilder24,308 tix,"$ 1,268",241958,2014-08-03,Modern Daily #7332854,modern,modern-daily-7332854,modern-daily-7332854-2014-08-03
17,4,Celestial Colonnade,,Lands,3,1,UWR Delver,Bobthebuilder24,308 tix,"$ 1,268",241958,2014-08-03,Modern Daily #7332854,modern,modern-daily-7332854,modern-daily-7332854-2014-08-03
18,4,Ghost Quarter,,Lands,3,1,UWR Delver,Bobthebuilder24,308 tix,"$ 1,268",241958,2014-08-03,Modern Daily #7332854,modern,modern-daily-7332854,modern-daily-7332854-2014-08-03
19,2,Hallowed Fountain,,Lands,3,1,UWR Delver,Bobthebuilder24,308 tix,"$ 1,268",241958,2014-08-03,Modern Daily #7332854,modern,modern-daily-7332854,modern-daily-7332854-2014-08-03
20,2,Island,,Lands,3,1,UWR Delver,Bobthebuilder24,308 tix,"$ 1,268",241958,2014-08-03,Modern Daily #7332854,modern,modern-daily-7332854,modern-daily-7332854-2014-08-03
21,1,Moorland Haunt,,Lands,3,1,UWR Delver,Bobthebuilder24,308 tix,"$ 1,268",241958,2014-08-03,Modern Daily #7332854,modern,modern-daily-7332854,modern-daily-7332854-2014-08-03
22,1,Mountain,,Lands,3,1,UWR Delver,Bobthebuilder24,308 tix,"$ 1,268",241958,2014-08-03,Modern Daily #7332854,modern,modern-daily-7332854,modern-daily-7332854-2014-08-03
23,1,Plains,,Lands,3,1,UWR Delver,Bobthebuilder24,308 tix,"$ 1,268",241958,2014-08-03,Modern Daily #7332854,modern,modern-daily-7332854,modern-daily-7332854-2014-08-03
24,1,Sacred Foundry,,Lands,3,1,UWR Delver,Bobthebuilder24,308 tix,"$ 1,268",241958,2014-08-03,Modern Daily #7332854,modern,modern-daily-7332854,modern-daily-7332854-2014-08-03
25,3,Scalding Tarn,,Lands,3,1,UWR Delver,Bobthebuilder24,308 tix,"$ 1,268",241958,2014-08-03,Modern Daily #7332854,modern,modern-daily-7332854,modern-daily-7332854-2014-08-03
26,2,Steam Vents,,Lands,3,1,UWR Delver,Bobthebuilder24,308 tix,"$ 1,268",241958,2014-08-03,Modern Daily #7332854,modern,modern-daily-7332854,modern-daily-7332854-2014-08-03
28,1,Engineered Explosives,,Sideboard,3,1,UWR Delver,Bobthebuilder24,308 tix,"$ 1,268",241958,2014-08-03,Modern Daily #7332854,modern,modern-daily-7332854,modern-daily-7332854-2014-08-03
29,1,Wear & Tear,,Sideboard,3,1,UWR Delver,Bobthebuilder24,308 tix,"$ 1,268",241958,2014-08-03,Modern Daily #7332854,modern,modern-daily-7332854,modern-daily-7332854-2014-08-03
30,2,Porphyry Nodes,,Sideboard,3,1,UWR Delver,Bobthebuilder24,308 tix,"$ 1,268",241958,2014-08-03,Modern Daily #7332854,modern,modern-daily-7332854,modern-daily-7332854-2014-08-03
31,1,Relic of Progenitus,,Sideboard,3,1,UWR Delver,Bobthebuilder24,308 tix,"$ 1,268",241958,2014-08-03,Modern Daily #7332854,modern,modern-daily-7332854,modern-daily-7332854-2014-08-03
32,2,Stony Silence,,Sideboard,3,1,UWR Delver,Bobthebuilder24,308 tix,"$ 1,268",241958,2014-08-03,Modern Daily #7332854,modern,modern-daily-7332854,modern-daily-7332854-2014-08-03
33,2,Anger of the Gods,,Sideboard,3,1,UWR Delver,Bobthebuilder24,308 tix,"$ 1,268",241958,2014-08-03,Modern Daily #7332854,modern,modern-daily-7332854,modern-daily-7332854-2014-08-03
34,1,Aven Mindcensor,,Sideboard,3,1,UWR Delver,Bobthebuilder24,308 tix,"$ 1,268",241958,2014-08-03,Modern Daily #7332854,modern,modern-daily-7332854,modern-daily-7332854-2014-08-03
35,1,Counterflux,,Sideboard,3,1,UWR Delver,Bobthebuilder24,308 tix,"$ 1,268",241958,2014-08-03,Modern Daily #7332854,modern,modern-daily-7332854,modern-daily-7332854-2014-08-03
36,1,Izzet Staticaster,,Sideboard,3,1,UWR Delver,Bobthebuilder24,308 tix,"$ 1,268",241958,2014-08-03,Modern Daily #7332854,modern,modern-daily-7332854,modern-daily-7332854-2014-08-03
37,1,Sowing Salt,,Sideboard,3,1,UWR Delver,Bobthebuilder24,308 tix,"$ 1,268",241958,2014-08-03,Modern Daily #7332854,modern,modern-daily-7332854,modern-daily-7332854-2014-08-03
38,1,Supreme Verdict,,Sideboard,3,1,UWR Delver,Bobthebuilder24,308 tix,"$ 1,268",241958,2014-08-03,Modern Daily #7332854,modern,modern-daily-7332854,modern-daily-7332854-2014-08-03
39,1,Wrath of God,,Sideboard,3,1,UWR Delver,Bobthebuilder24,308 tix,"$ 1,268",241958,2014-08-03,Modern Daily #7332854,modern,modern-daily-7332854,modern-daily-7332854-2014-08-03
1,2,Snapcaster Mage,,Creatures,3,1,UWR Twin,Donwon,305 tix,"$ 1,155",241963,2014-08-03,Modern Daily #7332854,modern,modern-daily-7332854,modern-daily-7332854-2014-08-03
2,2,Spellskite,,Creatures,3,1,UWR Twin,Donwon,305 tix,"$ 1,155",241963,2014-08-03,Modern Daily #7332854,modern,modern-daily-7332854,modern-daily-7332854-2014-08-03
3,4,Wall of Omens,,Creatures,3,1,UWR Twin,Donwon,305 tix,"$ 1,155",241963,2014-08-03,Modern Daily #7332854,modern,modern-daily-7332854,modern-daily-7332854-2014-08-03
4,4,Deceiver Exarch,,Creatures,3,1,UWR Twin,Donwon,305 tix,"$ 1,155",241963,2014-08-03,Modern Daily #7332854,modern,modern-daily-7332854,modern-daily-7332854-2014-08-03
5,2,Vendilion Clique,,Creatures,3,1,UWR Twin,Donwon,305 tix,"$ 1,155",241963,2014-08-03,Modern Daily #7332854,modern,modern-daily-7332854,modern-daily-7332854-2014-08-03
6,3,Restoration Angel,,Creatures,3,1,UWR Twin,Donwon,305 tix,"$ 1,155",241963,2014-08-03,Modern Daily #7332854,modern,modern-daily-7332854,modern-daily-7332854-2014-08-03
7,2,"Kiki-Jiki, Mirror Breaker",,Creatures,3,1,UWR Twin,Donwon,305 tix,"$ 1,155",241963,2014-08-03,Modern Daily #7332854,modern,modern-daily-7332854,modern-daily-7332854-2014-08-03
9,4,Lightning Bolt,,Spells,3,1,UWR Twin,Donwon,305 tix,"$ 1,155",241963,2014-08-03,Modern Daily #7332854,modern,modern-daily-7332854,modern-daily-7332854-2014-08-03
10,4,Path to Exile,,Spells,3,1,UWR Twin,Donwon,305 tix,"$ 1,155",241963,2014-08-03,Modern Daily #7332854,modern,modern-daily-7332854,modern-daily-7332854-2014-08-03
11,1,Izzet Charm,,Spells,3,1,UWR Twin,Donwon,305 tix,"$ 1,155",241963,2014-08-03,Modern Daily #7332854,modern,modern-daily-7332854,modern-daily-7332854-2014-08-03
12,4,Remand,,Spells,3,1,UWR Twin,Donwon,305 tix,"$ 1,155",241963,2014-08-03,Modern Daily #7332854,modern,modern-daily-7332854,modern-daily-7332854-2014-08-03
14,4,Splinter Twin,,Enchantments,3,1,UWR Twin,Donwon,305 tix,"$ 1,155",241963,2014-08-03,Modern Daily #7332854,modern,modern-daily-7332854,modern-daily-7332854-2014-08-03
16,4,Arid Mesa,,Lands,3,1,UWR Twin,Donwon,305 tix,"$ 1,155",241963,2014-08-03,Modern Daily #7332854,modern,modern-daily-7332854,modern-daily-7332854-2014-08-03
17,4,Celestial Colonnade,,Lands,3,1,UWR Twin,Donwon,305 tix,"$ 1,155",241963,2014-08-03,Modern Daily #7332854,modern,modern-daily-7332854,modern-daily-7332854-2014-08-03
18,1,Desolate Lighthouse,,Lands,3,1,UWR Twin,Donwon,305 tix,"$ 1,155",241963,2014-08-03,Modern Daily #7332854,modern,modern-daily-7332854,modern-daily-7332854-2014-08-03
19,1,Hallowed Fountain,,Lands,3,1,UWR Twin,Donwon,305 tix,"$ 1,155",241963,2014-08-03,Modern Daily #7332854,modern,modern-daily-7332854,modern-daily-7332854-2014-08-03
20,2,Island,,Lands,3,1,UWR Twin,Donwon,305 tix,"$ 1,155",241963,2014-08-03,Modern Daily #7332854,modern,modern-daily-7332854,modern-daily-7332854-2014-08-03
21,1,Mountain,,Lands,3,1,UWR Twin,Donwon,305 tix,"$ 1,155",241963,2014-08-03,Modern Daily #7332854,modern,modern-daily-7332854,modern-daily-7332854-2014-08-03
22,1,Plains,,Lands,3,1,UWR Twin,Donwon,305 tix,"$ 1,155",241963,2014-08-03,Modern Daily #7332854,modern,modern-daily-7332854,modern-daily-7332854-2014-08-03
23,1,Sacred Foundry,,Lands,3,1,UWR Twin,Donwon,305 tix,"$ 1,155",241963,2014-08-03,Modern Daily #7332854,modern,modern-daily-7332854,modern-daily-7332854-2014-08-03
24,4,Scalding Tarn,,Lands,3,1,UWR Twin,Donwon,305 tix,"$ 1,155",241963,2014-08-03,Modern Daily #7332854,modern,modern-daily-7332854,modern-daily-7332854-2014-08-03
25,3,Steam Vents,,Lands,3,1,UWR Twin,Donwon,305 tix,"$ 1,155",241963,2014-08-03,Modern Daily #7332854,modern,modern-daily-7332854,modern-daily-7332854-2014-08-03
26,2,Sulfur Falls,,Lands,3,1,UWR Twin,Donwon,305 tix,"$ 1,155",241963,2014-08-03,Modern Daily #7332854,modern,modern-daily-7332854,modern-daily-7332854-2014-08-03
28,2,Wear & Tear,,Sideboard,3,1,UWR Twin,Donwon,305 tix,"$ 1,155",241963,2014-08-03,Modern Daily #7332854,modern,modern-daily-7332854,modern-daily-7332854-2014-08-03
29,3,Dispel,,Sideboard,3,1,UWR Twin,Donwon,305 tix,"$ 1,155",241963,2014-08-03,Modern Daily #7332854,modern,modern-daily-7332854,modern-daily-7332854-2014-08-03
30,1,Negate,,Sideboard,3,1,UWR Twin,Donwon,305 tix,"$ 1,155",241963,2014-08-03,Modern Daily #7332854,modern,modern-daily-7332854,modern-daily-7332854-2014-08-03
31,3,Stony Silence,,Sideboard,3,1,UWR Twin,Donwon,305 tix,"$ 1,155",241963,2014-08-03,Modern Daily #7332854,modern,modern-daily-7332854,modern-daily-7332854-2014-08-03
32,3,Anger of the Gods,,Sideboard,3,1,UWR Twin,Donwon,305 tix,"$ 1,155",241963,2014-08-03,Modern Daily #7332854,modern,modern-daily-7332854,modern-daily-7332854-2014-08-03
33,2,Sowing Salt,,Sideboard,3,1,UWR Twin,Donwon,305 tix,"$ 1,155",241963,2014-08-03,Modern Daily #7332854,modern,modern-daily-7332854,modern-daily-7332854-2014-08-03
34,1,Batterskull,,Sideboard,3,1,UWR Twin,Donwon,305 tix,"$ 1,155",241963,2014-08-03,Modern Daily #7332854,modern,modern-daily-7332854,modern-daily-7332854-2014-08-03
1,3,Memnite,,Creatures,6,0,Affinity,Yunhao_Wu_CHN,383 tix,$ 920,241839,2014-08-02,Modern Premier #7332801,modern,modern-premier-7332801,modern-premier-7332801-2014-08-02
2,4,Ornithopter,,Creatures,6,0,Affinity,Yunhao_Wu_CHN,383 tix,$ 920,241839,2014-08-02,Modern Premier #7332801,modern,modern-premier-7332801,modern-premier-7332801-2014-08-02
3,4,Signal Pest,,Creatures,6,0,Affinity,Yunhao_Wu_CHN,383 tix,$ 920,241839,2014-08-02,Modern Premier #7332801,modern,modern-premier-7332801,modern-premier-7332801-2014-08-02
4,4,Arcbound Ravager,,Creatures,6,0,Affinity,Yunhao_Wu_CHN,383 tix,$ 920,241839,2014-08-02,Modern Premier #7332801,modern,modern-premier-7332801,modern-premier-7332801-2014-08-02
5,3,Steel Overseer,,Creatures,6,0,Affinity,Yunhao_Wu_CHN,383 tix,$ 920,241839,2014-08-02,Modern Premier #7332801,modern,modern-premier-7332801,modern-premier-7332801-2014-08-02
6,4,Vault Skirge,,Creatures,6,0,Affinity,Yunhao_Wu_CHN,383 tix,$ 920,241839,2014-08-02,Modern Premier #7332801,modern,modern-premier-7332801,modern-premier-7332801-2014-08-02
7,3,Etched Champion,,Creatures,6,0,Affinity,Yunhao_Wu_CHN,383 tix,$ 920,241839,2014-08-02,Modern Premier #7332801,modern,modern-premier-7332801,modern-premier-7332801-2014-08-02
8,1,Master of Etherium,,Creatures,6,0,Affinity,Yunhao_Wu_CHN,383 tix,$ 920,241839,2014-08-02,Modern Premier #7332801,modern,modern-premier-7332801,modern-premier-7332801-2014-08-02
10,1,Galvanic Blast,,Spells,6,0,Affinity,Yunhao_Wu_CHN,383 tix,$ 920,241839,2014-08-02,Modern Premier #7332801,modern,modern-premier-7332801,modern-premier-7332801-2014-08-02
11,4,Thoughtcast,,Spells,6,0,Affinity,Yunhao_Wu_CHN,383 tix,$ 920,241839,2014-08-02,Modern Premier #7332801,modern,modern-premier-7332801,modern-premier-7332801-2014-08-02
13,4,Mox Opal,,Artifacts,6,0,Affinity,Yunhao_Wu_CHN,383 tix,$ 920,241839,2014-08-02,Modern Premier #7332801,modern,modern-premier-7332801,modern-premier-7332801-2014-08-02
14,1,Welding Jar,,Artifacts,6,0,Affinity,Yunhao_Wu_CHN,383 tix,$ 920,241839,2014-08-02,Modern Premier #7332801,modern,modern-premier-7332801,modern-premier-7332801-2014-08-02
15,4,Springleaf Drum,,Artifacts,6,0,Affinity,Yunhao_Wu_CHN,383 tix,$ 920,241839,2014-08-02,Modern Premier #7332801,modern,modern-premier-7332801,modern-premier-7332801-2014-08-02
16,4,Cranial Plating,,Artifacts,6,0,Affinity,Yunhao_Wu_CHN,383 tix,$ 920,241839,2014-08-02,Modern Premier #7332801,modern,modern-premier-7332801,modern-premier-7332801-2014-08-02
18,4,Blinkmoth Nexus,,Lands,6,0,Affinity,Yunhao_Wu_CHN,383 tix,$ 920,241839,2014-08-02,Modern Premier #7332801,modern,modern-premier-7332801,modern-premier-7332801-2014-08-02
19,4,Darksteel Citadel,,Lands,6,0,Affinity,Yunhao_Wu_CHN,383 tix,$ 920,241839,2014-08-02,Modern Premier #7332801,modern,modern-premier-7332801,modern-premier-7332801-2014-08-02
20,3,Glimmervoid,,Lands,6,0,Affinity,Yunhao_Wu_CHN,383 tix,$ 920,241839,2014-08-02,Modern Premier #7332801,modern,modern-premier-7332801,modern-premier-7332801-2014-08-02
21,4,Inkmoth Nexus,,Lands,6,0,Affinity,Yunhao_Wu_CHN,383 tix,$ 920,241839,2014-08-02,Modern Premier #7332801,modern,modern-premier-7332801,modern-premier-7332801-2014-08-02
22,1,Island,,Lands,6,0,Affinity,Yunhao_Wu_CHN,383 tix,$ 920,241839,2014-08-02,Modern Premier #7332801,modern,modern-premier-7332801,modern-premier-7332801-2014-08-02
24,1,Galvanic Blast,,Sideboard,6,0,Affinity,Yunhao_Wu_CHN,383 tix,$ 920,241839,2014-08-02,Modern Premier #7332801,modern,modern-premier-7332801,modern-premier-7332801-2014-08-02
25,2,Relic of Progenitus,,Sideboard,6,0,Affinity,Yunhao_Wu_CHN,383 tix,$ 920,241839,2014-08-02,Modern Premier #7332801,modern,modern-premier-7332801,modern-premier-7332801-2014-08-02
26,1,Spell Pierce,,Sideboard,6,0,Affinity,Yunhao_Wu_CHN,383 tix,$ 920,241839,2014-08-02,Modern Premier #7332801,modern,modern-premier-7332801,modern-premier-7332801-2014-08-02
27,2,Thoughtseize,,Sideboard,6,0,Affinity,Yunhao_Wu_CHN,383 tix,$ 920,241839,2014-08-02,Modern Premier #7332801,modern,modern-premier-7332801,modern-premier-7332801-2014-08-02
28,2,Ancient Grudge,,Sideboard,6,0,Affinity,Yunhao_Wu_CHN,383 tix,$ 920,241839,2014-08-02,Modern Premier #7332801,modern,modern-premier-7332801,modern-premier-7332801-2014-08-02
29,2,Spellskite,,Sideboard,6,0,Affinity,Yunhao_Wu_CHN,383 tix,$ 920,241839,2014-08-02,Modern Premier #7332801,modern,modern-premier-7332801,modern-premier-7332801-2014-08-02
30,1,Torpor Orb,,Sideboard,6,0,Affinity,Yunhao_Wu_CHN,383 tix,$ 920,241839,2014-08-02,Modern Premier #7332801,modern,modern-premier-7332801,modern-premier-7332801-2014-08-02
31,1,Whipflare,,Sideboard,6,0,Affinity,Yunhao_Wu_CHN,383 tix,$ 920,241839,2014-08-02,Modern Premier #7332801,modern,modern-premier-7332801,modern-premier-7332801-2014-08-02
32,1,Blood Moon,,Sideboard,6,0,Affinity,Yunhao_Wu_CHN,383 tix,$ 920,241839,2014-08-02,Modern Premier #7332801,modern,modern-premier-7332801,modern-premier-7332801-2014-08-02
33,1,Etched Champion,,Sideboard,6,0,Affinity,Yunhao_Wu_CHN,383 tix,$ 920,241839,2014-08-02,Modern Premier #7332801,modern,modern-premier-7332801,modern-premier-7332801-2014-08-02
34,1,Master of Etherium,,Sideboard,6,0,Affinity,Yunhao_Wu_CHN,383 tix,$ 920,241839,2014-08-02,Modern Premier #7332801,modern,modern-premier-7332801,modern-premier-7332801-2014-08-02
1,2,Memnite,,Creatures,5,1,Affinity,Dr_Macoler_,411 tix,$ 929,241841,2014-08-02,Modern Premier #7332801,modern,modern-premier-7332801,modern-premier-7332801-2014-08-02
2,4,Ornithopter,,Creatures,5,1,Affinity,Dr_Macoler_,411 tix,$ 929,241841,2014-08-02,Modern Premier #7332801,modern,modern-premier-7332801,modern-premier-7332801-2014-08-02
3,4,Signal Pest,,Creatures,5,1,Affinity,Dr_Macoler_,411 tix,$ 929,241841,2014-08-02,Modern Premier #7332801,modern,modern-premier-7332801,modern-premier-7332801-2014-08-02
4,4,Arcbound Ravager,,Creatures,5,1,Affinity,Dr_Macoler_,411 tix,$ 929,241841,2014-08-02,Modern Premier #7332801,modern,modern-premier-7332801,modern-premier-7332801-2014-08-02
5,3,Steel Overseer,,Creatures,5,1,Affinity,Dr_Macoler_,411 tix,$ 929,241841,2014-08-02,Modern Premier #7332801,modern,modern-premier-7332801,modern-premier-7332801-2014-08-02
6,4,Vault Skirge,,Creatures,5,1,Affinity,Dr_Macoler_,411 tix,$ 929,241841,2014-08-02,Modern Premier #7332801,modern,modern-premier-7332801,modern-premier-7332801-2014-08-02
7,2,Etched Champion,,Creatures,5,1,Affinity,Dr_Macoler_,411 tix,$ 929,241841,2014-08-02,Modern Premier #7332801,modern,modern-premier-7332801,modern-premier-7332801-2014-08-02
8,2,Master of Etherium,,Creatures,5,1,Affinity,Dr_Macoler_,411 tix,$ 929,241841,2014-08-02,Modern Premier #7332801,modern,modern-premier-7332801,modern-premier-7332801-2014-08-02
10,2,Galvanic Blast,,Spells,5,1,Affinity,Dr_Macoler_,411 tix,$ 929,241841,2014-08-02,Modern Premier #7332801,modern,modern-premier-7332801,modern-premier-7332801-2014-08-02
11,3,Thoughtcast,,Spells,5,1,Affinity,Dr_Macoler_,411 tix,$ 929,241841,2014-08-02,Modern Premier #7332801,modern,modern-premier-7332801,modern-premier-7332801-2014-08-02
13,4,Mox Opal,,Artifacts,5,1,Affinity,Dr_Macoler_,411 tix,$ 929,241841,2014-08-02,Modern Premier #7332801,modern,modern-premier-7332801,modern-premier-7332801-2014-08-02
14,2,Welding Jar,,Artifacts,5,1,Affinity,Dr_Macoler_,411 tix,$ 929,241841,2014-08-02,Modern Premier #7332801,modern,modern-premier-7332801,modern-premier-7332801-2014-08-02
15,4,Springleaf Drum,,Artifacts,5,1,Affinity,Dr_Macoler_,411 tix,$ 929,241841,2014-08-02,Modern Premier #7332801,modern,modern-premier-7332801,modern-premier-7332801-2014-08-02
16,4,Cranial Plating,,Artifacts,5,1,Affinity,Dr_Macoler_,411 tix,$ 929,241841,2014-08-02,Modern Premier #7332801,modern,modern-premier-7332801,modern-premier-7332801-2014-08-02
18,4,Blinkmoth Nexus,,Lands,5,1,Affinity,Dr_Macoler_,411 tix,$ 929,241841,2014-08-02,Modern Premier #7332801,modern,modern-premier-7332801,modern-premier-7332801-2014-08-02
19,4,Darksteel Citadel,,Lands,5,1,Affinity,Dr_Macoler_,411 tix,$ 929,241841,2014-08-02,Modern Premier #7332801,modern,modern-premier-7332801,modern-premier-7332801-2014-08-02
20,3,Glimmervoid,,Lands,5,1,Affinity,Dr_Macoler_,411 tix,$ 929,241841,2014-08-02,Modern Premier #7332801,modern,modern-premier-7332801,modern-premier-7332801-2014-08-02
21,4,Inkmoth Nexus,,Lands,5,1,Affinity,Dr_Macoler_,411 tix,$ 929,241841,2014-08-02,Modern Premier #7332801,modern,modern-premier-7332801,modern-premier-7332801-2014-08-02
22,1,Island,,Lands,5,1,Affinity,Dr_Macoler_,411 tix,$ 929,241841,2014-08-02,Modern Premier #7332801,modern,modern-premier-7332801,modern-premier-7332801-2014-08-02
24,2,Wear & Tear,,Sideboard,5,1,Affinity,Dr_Macoler_,411 tix,$ 929,241841,2014-08-02,Modern Premier #7332801,modern,modern-premier-7332801,modern-premier-7332801-2014-08-02
25,1,Duress,,Sideboard,5,1,Affinity,Dr_Macoler_,411 tix,$ 929,241841,2014-08-02,Modern Premier #7332801,modern,modern-premier-7332801,modern-premier-7332801-2014-08-02
26,1,Grafdigger's Cage,,Sideboard,5,1,Affinity,Dr_Macoler_,411 tix,$ 929,241841,2014-08-02,Modern Premier #7332801,modern,modern-premier-7332801,modern-premier-7332801-2014-08-02
27,1,Relic of Progenitus,,Sideboard,5,1,Affinity,Dr_Macoler_,411 tix,$ 929,241841,2014-08-02,Modern Premier #7332801,modern,modern-premier-7332801,modern-premier-7332801-2014-08-02
28,2,Thoughtseize,,Sideboard,5,1,Affinity,Dr_Macoler_,411 tix,$ 929,241841,2014-08-02,Modern Premier #7332801,modern,modern-premier-7332801,modern-premier-7332801-2014-08-02
29,1,Spellskite,,Sideboard,5,1,Affinity,Dr_Macoler_,411 tix,$ 929,241841,2014-08-02,Modern Premier #7332801,modern,modern-premier-7332801,modern-premier-7332801-2014-08-02
30,1,Torpor Orb,,Sideboard,5,1,Affinity,Dr_Macoler_,411 tix,$ 929,241841,2014-08-02,Modern Premier #7332801,modern,modern-premier-7332801,modern-premier-7332801-2014-08-02
31,2,Whipflare,,Sideboard,5,1,Affinity,Dr_Macoler_,411 tix,$ 929,241841,2014-08-02,Modern Premier #7332801,modern,modern-premier-7332801,modern-premier-7332801-2014-08-02
32,2,Blood Moon,,Sideboard,5,1,Affinity,Dr_Macoler_,411 tix,$ 929,241841,2014-08-02,Modern Premier #7332801,modern,modern-premier-7332801,modern-premier-7332801-2014-08-02
33,2,Dismember,,Sideboard,5,1,Affinity,Dr_Macoler_,411 tix,$ 929,241841,2014-08-02,Modern Premier #7332801,modern,modern-premier-7332801,modern-premier-7332801-2014-08-02
1,4,Birds of Paradise,,Creatures,5,1,Melira Pod,C00lBoi,228 tix,$ 638,241840,2014-08-02,Modern Premier #7332801,modern,modern-premier-7332801,modern-premier-7332801-2014-08-02
2,3,Noble Hierarch,,Creatures,5,1,Melira Pod,C00lBoi,228 tix,$ 638,241840,2014-08-02,Modern Premier #7332801,modern,modern-premier-7332801,modern-premier-7332801-2014-08-02
3,1,Viscera Seer,,Creatures,5,1,Melira Pod,C00lBoi,228 tix,$ 638,241840,2014-08-02,Modern Premier #7332801,modern,modern-premier-7332801,modern-premier-7332801-2014-08-02
4,1,"Melira, Sylvok Outcast",,Creatures,5,1,Melira Pod,C00lBoi,228 tix,$ 638,241840,2014-08-02,Modern Premier #7332801,modern,modern-premier-7332801,modern-premier-7332801-2014-08-02
5,1,Qasali Pridemage,,Creatures,5,1,Melira Pod,C00lBoi,228 tix,$ 638,241840,2014-08-02,Modern Premier #7332801,modern,modern-premier-7332801,modern-premier-7332801-2014-08-02
6,1,Scavenging Ooze,,Creatures,5,1,Melira Pod,C00lBoi,228 tix,$ 638,241840,2014-08-02,Modern Premier #7332801,modern,modern-premier-7332801,modern-premier-7332801-2014-08-02
7,1,Spellskite,,Creatures,5,1,Melira Pod,C00lBoi,228 tix,$ 638,241840,2014-08-02,Modern Premier #7332801,modern,modern-premier-7332801,modern-premier-7332801-2014-08-02
8,2,Voice of Resurgence,,Creatures,5,1,Melira Pod,C00lBoi,228 tix,$ 638,241840,2014-08-02,Modern Premier #7332801,modern,modern-premier-7332801,modern-premier-7332801-2014-08-02
9,1,Wall of Roots,,Creatures,5,1,Melira Pod,C00lBoi,228 tix,$ 638,241840,2014-08-02,Modern Premier #7332801,modern,modern-premier-7332801,modern-premier-7332801-2014-08-02
10,1,Eternal Witness,,Creatures,5,1,Melira Pod,C00lBoi,228 tix,$ 638,241840,2014-08-02,Modern Premier #7332801,modern,modern-premier-7332801,modern-premier-7332801-2014-08-02
11,4,Kitchen Finks,,Creatures,5,1,Melira Pod,C00lBoi,228 tix,$ 638,241840,2014-08-02,Modern Premier #7332801,modern,modern-premier-7332801,modern-premier-7332801-2014-08-02
12,1,Spike Feeder,,Creatures,5,1,Melira Pod,C00lBoi,228 tix,$ 638,241840,2014-08-02,Modern Premier #7332801,modern,modern-premier-7332801,modern-premier-7332801-2014-08-02
13,1,"Linvala, Keeper of Silence",,Creatures,5,1,Melira Pod,C00lBoi,228 tix,$ 638,241840,2014-08-02,Modern Premier #7332801,modern,modern-premier-7332801,modern-premier-7332801-2014-08-02
14,1,Murderous Redcap,,Creatures,5,1,Melira Pod,C00lBoi,228 tix,$ 638,241840,2014-08-02,Modern Premier #7332801,modern,modern-premier-7332801,modern-premier-7332801-2014-08-02
15,1,Restoration Angel,,Creatures,5,1,Melira Pod,C00lBoi,228 tix,$ 638,241840,2014-08-02,Modern Premier #7332801,modern,modern-premier-7332801,modern-premier-7332801-2014-08-02
16,1,Archangel of Thune,,Creatures,5,1,Melira Pod,C00lBoi,228 tix,$ 638,241840,2014-08-02,Modern Premier #7332801,modern,modern-premier-7332801,modern-premier-7332801-2014-08-02
17,1,Reveillark,,Creatures,5,1,Melira Pod,C00lBoi,228 tix,$ 638,241840,2014-08-02,Modern Premier #7332801,modern,modern-premier-7332801,modern-premier-7332801-2014-08-02
18,1,Shriekmaw,,Creatures,5,1,Melira Pod,C00lBoi,228 tix,$ 638,241840,2014-08-02,Modern Premier #7332801,modern,modern-premier-7332801,modern-premier-7332801-2014-08-02
20,4,Abrupt Decay,,Spells,5,1,Melira Pod,C00lBoi,228 tix,$ 638,241840,2014-08-02,Modern Premier #7332801,modern,modern-premier-7332801,modern-premier-7332801-2014-08-02
21,2,Chord of Calling,,Spells,5,1,Melira Pod,C00lBoi,228 tix,$ 638,241840,2014-08-02,Modern Premier #7332801,modern,modern-premier-7332801,modern-premier-7332801-2014-08-02
23,4,Birthing Pod,,Artifacts,5,1,Melira Pod,C00lBoi,228 tix,$ 638,241840,2014-08-02,Modern Premier #7332801,modern,modern-premier-7332801,modern-premier-7332801-2014-08-02
25,4,Forest,,Lands,5,1,Melira Pod,C00lBoi,228 tix,$ 638,241840,2014-08-02,Modern Premier #7332801,modern,modern-premier-7332801,modern-premier-7332801-2014-08-02
26,3,Gavony Township,,Lands,5,1,Melira Pod,C00lBoi,228 tix,$ 638,241840,2014-08-02,Modern Premier #7332801,modern,modern-premier-7332801,modern-premier-7332801-2014-08-02
27,1,Godless Shrine,,Lands,5,1,Melira Pod,C00lBoi,228 tix,$ 638,241840,2014-08-02,Modern Premier #7332801,modern,modern-premier-7332801,modern-premier-7332801-2014-08-02
28,4,Misty Rainforest,,Lands,5,1,Melira Pod,C00lBoi,228 tix,$ 638,241840,2014-08-02,Modern Premier #7332801,modern,modern-premier-7332801,modern-premier-7332801-2014-08-02
29,3,Overgrown Tomb,,Lands,5,1,Melira Pod,C00lBoi,228 tix,$ 638,241840,2014-08-02,Modern Premier #7332801,modern,modern-premier-7332801,modern-premier-7332801-2014-08-02
30,1,Plains,,Lands,5,1,Melira Pod,C00lBoi,228 tix,$ 638,241840,2014-08-02,Modern Premier #7332801,modern,modern-premier-7332801,modern-premier-7332801-2014-08-02
31,3,Razorverge Thicket,,Lands,5,1,Melira Pod,C00lBoi,228 tix,$ 638,241840,2014-08-02,Modern Premier #7332801,modern,modern-premier-7332801,modern-premier-7332801-2014-08-02
32,1,Swamp,,Lands,5,1,Melira Pod,C00lBoi,228 tix,$ 638,241840,2014-08-02,Modern Premier #7332801,modern,modern-premier-7332801,modern-premier-7332801-2014-08-02
33,2,Temple Garden,,Lands,5,1,Melira Pod,C00lBoi,228 tix,$ 638,241840,2014-08-02,Modern Premier #7332801,modern,modern-premier-7332801,modern-premier-7332801-2014-08-02
34,1,Woodland Cemetery,,Lands,5,1,Melira Pod,C00lBoi,228 tix,$ 638,241840,2014-08-02,Modern Premier #7332801,modern,modern-premier-7332801,modern-premier-7332801-2014-08-02
36,2,Slaughter Pact,,Sideboard,5,1,Melira Pod,C00lBoi,228 tix,$ 638,241840,2014-08-02,Modern Premier #7332801,modern,modern-premier-7332801,modern-premier-7332801-2014-08-02
37,1,Path to Exile,,Sideboard,5,1,Melira Pod,C00lBoi,228 tix,$ 638,241840,2014-08-02,Modern Premier #7332801,modern,modern-premier-7332801,modern-premier-7332801-2014-08-02
38,4,Thoughtseize,,Sideboard,5,1,Melira Pod,C00lBoi,228 tix,$ 638,241840,2014-08-02,Modern Premier #7332801,modern,modern-premier-7332801,modern-premier-7332801-2014-08-02
39,1,"Kataki, War's Wage",,Sideboard,5,1,Melira Pod,C00lBoi,228 tix,$ 638,241840,2014-08-02,Modern Premier #7332801,modern,modern-premier-7332801,modern-premier-7332801-2014-08-02
40,1,Scavenging Ooze,,Sideboard,5,1,Melira Pod,C00lBoi,228 tix,$ 638,241840,2014-08-02,Modern Premier #7332801,modern,modern-premier-7332801,modern-premier-7332801-2014-08-02
41,1,Aven Mindcensor,,Sideboard,5,1,Melira Pod,C00lBoi,228 tix,$ 638,241840,2014-08-02,Modern Premier #7332801,modern,modern-premier-7332801,modern-premier-7332801-2014-08-02
42,1,Eidolon of Rhetoric,,Sideboard,5,1,Melira Pod,C00lBoi,228 tix,$ 638,241840,2014-08-02,Modern Premier #7332801,modern,modern-premier-7332801,modern-premier-7332801-2014-08-02
43,1,Harmonic Sliver,,Sideboard,5,1,Melira Pod,C00lBoi,228 tix,$ 638,241840,2014-08-02,Modern Premier #7332801,modern,modern-premier-7332801,modern-premier-7332801-2014-08-02
44,1,Sin Collector,,Sideboard,5,1,Melira Pod,C00lBoi,228 tix,$ 638,241840,2014-08-02,Modern Premier #7332801,modern,modern-premier-7332801,modern-premier-7332801-2014-08-02
45,1,Entomber Exarch,,Sideboard,5,1,Melira Pod,C00lBoi,228 tix,$ 638,241840,2014-08-02,Modern Premier #7332801,modern,modern-premier-7332801,modern-premier-7332801-2014-08-02
46,1,Obstinate Baloth,,Sideboard,5,1,Melira Pod,C00lBoi,228 tix,$ 638,241840,2014-08-02,Modern Premier #7332801,modern,modern-premier-7332801,modern-premier-7332801-2014-08-02
1,4,Goblin Guide,,Creatures,5,1,RDW,marea8989,248 tix,$ 937,241837,2014-08-02,Modern Premier #7332801,modern,modern-premier-7332801,modern-premier-7332801-2014-08-02
2,3,Grim Lavamancer,,Creatures,5,1,RDW,marea8989,248 tix,$ 937,241837,2014-08-02,Modern Premier #7332801,modern,modern-premier-7332801,modern-premier-7332801-2014-08-02
3,2,Vexing Devil,,Creatures,5,1,RDW,marea8989,248 tix,$ 937,241837,2014-08-02,Modern Premier #7332801,modern,modern-premier-7332801,modern-premier-7332801-2014-08-02
4,4,Eidolon of the Great Revel,,Creatures,5,1,RDW,marea8989,248 tix,$ 937,241837,2014-08-02,Modern Premier #7332801,modern,modern-premier-7332801,modern-premier-7332801-2014-08-02
6,4,Bump in the Night,,Spells,5,1,RDW,marea8989,248 tix,$ 937,241837,2014-08-02,Modern Premier #7332801,modern,modern-premier-7332801,modern-premier-7332801-2014-08-02
7,4,Lava Spike,,Spells,5,1,RDW,marea8989,248 tix,$ 937,241837,2014-08-02,Modern Premier #7332801,modern,modern-premier-7332801,modern-premier-7332801-2014-08-02
8,4,Lightning Bolt,,Spells,5,1,RDW,marea8989,248 tix,$ 937,241837,2014-08-02,Modern Premier #7332801,modern,modern-premier-7332801,modern-premier-7332801-2014-08-02
9,4,Shard Volley,,Spells,5,1,RDW,marea8989,248 tix,$ 937,241837,2014-08-02,Modern Premier #7332801,modern,modern-premier-7332801,modern-premier-7332801-2014-08-02
10,3,Searing Blaze,,Spells,5,1,RDW,marea8989,248 tix,$ 937,241837,2014-08-02,Modern Premier #7332801,modern,modern-premier-7332801,modern-premier-7332801-2014-08-02
11,4,Skullcrack,,Spells,5,1,RDW,marea8989,248 tix,$ 937,241837,2014-08-02,Modern Premier #7332801,modern,modern-premier-7332801,modern-premier-7332801-2014-08-02
12,4,Rift Bolt,,Spells,5,1,RDW,marea8989,248 tix,$ 937,241837,2014-08-02,Modern Premier #7332801,modern,modern-premier-7332801,modern-premier-7332801-2014-08-02
14,4,Arid Mesa,,Lands,5,1,RDW,marea8989,248 tix,$ 937,241837,2014-08-02,Modern Premier #7332801,modern,modern-premier-7332801,modern-premier-7332801-2014-08-02
15,4,Blackcleave Cliffs,,Lands,5,1,RDW,marea8989,248 tix,$ 937,241837,2014-08-02,Modern Premier #7332801,modern,modern-premier-7332801,modern-premier-7332801-2014-08-02
16,1,Blood Crypt,,Lands,5,1,RDW,marea8989,248 tix,$ 937,241837,2014-08-02,Modern Premier #7332801,modern,modern-premier-7332801,modern-premier-7332801-2014-08-02
17,2,Copperline Gorge,,Lands,5,1,RDW,marea8989,248 tix,$ 937,241837,2014-08-02,Modern Premier #7332801,modern,modern-premier-7332801,modern-premier-7332801-2014-08-02
18,4,Mountain,,Lands,5,1,RDW,marea8989,248 tix,$ 937,241837,2014-08-02,Modern Premier #7332801,modern,modern-premier-7332801,modern-premier-7332801-2014-08-02
19,4,Scalding Tarn,,Lands,5,1,RDW,marea8989,248 tix,$ 937,241837,2014-08-02,Modern Premier #7332801,modern,modern-premier-7332801,modern-premier-7332801-2014-08-02
20,1,Stomping Ground,,Lands,5,1,RDW,marea8989,248 tix,$ 937,241837,2014-08-02,Modern Premier #7332801,modern,modern-premier-7332801,modern-premier-7332801-2014-08-02
22,1,Grim Lavamancer,,Sideboard,5,1,RDW,marea8989,248 tix,$ 937,241837,2014-08-02,Modern Premier #7332801,modern,modern-premier-7332801,modern-premier-7332801-2014-08-02
23,2,Relic of Progenitus,,Sideboard,5,1,RDW,marea8989,248 tix,$ 937,241837,2014-08-02,Modern Premier #7332801,modern,modern-premier-7332801,modern-premier-7332801-2014-08-02
24,4,Destructive Revelry,,Sideboard,5,1,RDW,marea8989,248 tix,$ 937,241837,2014-08-02,Modern Premier #7332801,modern,modern-premier-7332801,modern-premier-7332801-2014-08-02
25,2,Dragon's Claw,,Sideboard,5,1,RDW,marea8989,248 tix,$ 937,241837,2014-08-02,Modern Premier #7332801,modern,modern-premier-7332801,modern-premier-7332801-2014-08-02
26,1,Searing Blaze,,Sideboard,5,1,RDW,marea8989,248 tix,$ 937,241837,2014-08-02,Modern Premier #7332801,modern,modern-premier-7332801,modern-premier-7332801-2014-08-02
27,2,Searing Blood,,Sideboard,5,1,RDW,marea8989,248 tix,$ 937,241837,2014-08-02,Modern Premier #7332801,modern,modern-premier-7332801,modern-premier-7332801-2014-08-02
28,3,Molten Rain,,Sideboard,5,1,RDW,marea8989,248 tix,$ 937,241837,2014-08-02,Modern Premier #7332801,modern,modern-premier-7332801,modern-premier-7332801-2014-08-02
1,4,Goblin Guide,,Creatures,4,2,Burn,_72,73 tix,$ 227,241845,2014-08-02,Modern Premier #7332801,modern,modern-premier-7332801,modern-premier-7332801-2014-08-02
2,4,Vexing Devil,,Creatures,4,2,Burn,_72,73 tix,$ 227,241845,2014-08-02,Modern Premier #7332801,modern,modern-premier-7332801,modern-premier-7332801-2014-08-02
3,2,Eidolon of the Great Revel,,Creatures,4,2,Burn,_72,73 tix,$ 227,241845,2014-08-02,Modern Premier #7332801,modern,modern-premier-7332801,modern-premier-7332801-2014-08-02
5,4,Lava Spike,,Spells,4,2,Burn,_72,73 tix,$ 227,241845,2014-08-02,Modern Premier #7332801,modern,modern-premier-7332801,modern-premier-7332801-2014-08-02
6,4,Lightning Bolt,,Spells,4,2,Burn,_72,73 tix,$ 227,241845,2014-08-02,Modern Premier #7332801,modern,modern-premier-7332801,modern-premier-7332801-2014-08-02
7,4,Shard Volley,,Spells,4,2,Burn,_72,73 tix,$ 227,241845,2014-08-02,Modern Premier #7332801,modern,modern-premier-7332801,modern-premier-7332801-2014-08-02
8,2,Magma Jet,,Spells,4,2,Burn,_72,73 tix,$ 227,241845,2014-08-02,Modern Premier #7332801,modern,modern-premier-7332801,modern-premier-7332801-2014-08-02
9,4,Searing Blaze,,Spells,4,2,Burn,_72,73 tix,$ 227,241845,2014-08-02,Modern Premier #7332801,modern,modern-premier-7332801,modern-premier-7332801-2014-08-02
10,4,Skullcrack,,Spells,4,2,Burn,_72,73 tix,$ 227,241845,2014-08-02,Modern Premier #7332801,modern,modern-premier-7332801,modern-premier-7332801-2014-08-02
11,4,Flames of the Blood Hand,,Spells,4,2,Burn,_72,73 tix,$ 227,241845,2014-08-02,Modern Premier #7332801,modern,modern-premier-7332801,modern-premier-7332801-2014-08-02
12,4,Rift Bolt,,Spells,4,2,Burn,_72,73 tix,$ 227,241845,2014-08-02,Modern Premier #7332801,modern,modern-premier-7332801,modern-premier-7332801-2014-08-02
14,20,Mountain,,Lands,4,2,Burn,_72,73 tix,$ 227,241845,2014-08-02,Modern Premier #7332801,modern,modern-premier-7332801,modern-premier-7332801-2014-08-02
16,2,Relic of Progenitus,,Sideboard,4,2,Burn,_72,73 tix,$ 227,241845,2014-08-02,Modern Premier #7332801,modern,modern-premier-7332801,modern-premier-7332801-2014-08-02
17,2,Combust,,Sideboard,4,2,Burn,_72,73 tix,$ 227,241845,2014-08-02,Modern Premier #7332801,modern,modern-premier-7332801,modern-premier-7332801-2014-08-02
18,2,Dragon's Claw,,Sideboard,4,2,Burn,_72,73 tix,$ 227,241845,2014-08-02,Modern Premier #7332801,modern,modern-premier-7332801,modern-premier-7332801-2014-08-02
19,1,Eidolon of the Great Revel,,Sideboard,4,2,Burn,_72,73 tix,$ 227,241845,2014-08-02,Modern Premier #7332801,modern,modern-premier-7332801,modern-premier-7332801-2014-08-02
20,3,Searing Blood,,Sideboard,4,2,Burn,_72,73 tix,$ 227,241845,2014-08-02,Modern Premier #7332801,modern,modern-premier-7332801,modern-premier-7332801-2014-08-02
21,3,Smash to Smithereens,,Sideboard,4,2,Burn,_72,73 tix,$ 227,241845,2014-08-02,Modern Premier #7332801,modern,modern-premier-7332801,modern-premier-7332801-2014-08-02
22,2,Molten Rain,,Sideboard,4,2,Burn,_72,73 tix,$ 227,241845,2014-08-02,Modern Premier #7332801,modern,modern-premier-7332801,modern-premier-7332801-2014-08-02
1,2,Snapcaster Mage,,Creatures,4,2,Fae,yasu02,430 tix,"$ 1,618",241843,2014-08-02,Modern Premier #7332801,modern,modern-premier-7332801,modern-premier-7332801-2014-08-02
2,2,Spellstutter Sprite,,Creatures,4,2,Fae,yasu02,430 tix,"$ 1,618",241843,2014-08-02,Modern Premier #7332801,modern,modern-premier-7332801,modern-premier-7332801-2014-08-02
3,4,Tarmogoyf,,Creatures,4,2,Fae,yasu02,430 tix,"$ 1,618",241843,2014-08-02,Modern Premier #7332801,modern,modern-premier-7332801,modern-premier-7332801-2014-08-02
4,3,Vendilion Clique,,Creatures,4,2,Fae,yasu02,430 tix,"$ 1,618",241843,2014-08-02,Modern Premier #7332801,modern,modern-premier-7332801,modern-premier-7332801-2014-08-02
5,1,Mistbind Clique,,Creatures,4,2,Fae,yasu02,430 tix,"$ 1,618",241843,2014-08-02,Modern Premier #7332801,modern,modern-premier-7332801,modern-premier-7332801-2014-08-02
7,1,Liliana of the Veil,,Planeswalkers,4,2,Fae,yasu02,430 tix,"$ 1,618",241843,2014-08-02,Modern Premier #7332801,modern,modern-premier-7332801,modern-premier-7332801-2014-08-02
9,2,Condescend,,Spells,4,2,Fae,yasu02,430 tix,"$ 1,618",241843,2014-08-02,Modern Premier #7332801,modern,modern-premier-7332801,modern-premier-7332801-2014-08-02
10,3,Inquisition of Kozilek,,Spells,4,2,Fae,yasu02,430 tix,"$ 1,618",241843,2014-08-02,Modern Premier #7332801,modern,modern-premier-7332801,modern-premier-7332801-2014-08-02
11,1,Peppersmoke,,Spells,4,2,Fae,yasu02,430 tix,"$ 1,618",241843,2014-08-02,Modern Premier #7332801,modern,modern-premier-7332801,modern-premier-7332801-2014-08-02
12,1,Repeal,,Spells,4,2,Fae,yasu02,430 tix,"$ 1,618",241843,2014-08-02,Modern Premier #7332801,modern,modern-premier-7332801,modern-premier-7332801-2014-08-02
13,1,Spell Snare,,Spells,4,2,Fae,yasu02,430 tix,"$ 1,618",241843,2014-08-02,Modern Premier #7332801,modern,modern-premier-7332801,modern-premier-7332801-2014-08-02
14,3,Thoughtseize,,Spells,4,2,Fae,yasu02,430 tix,"$ 1,618",241843,2014-08-02,Modern Premier #7332801,modern,modern-premier-7332801,modern-premier-7332801-2014-08-02
15,3,Abrupt Decay,,Spells,4,2,Fae,yasu02,430 tix,"$ 1,618",241843,2014-08-02,Modern Premier #7332801,modern,modern-premier-7332801,modern-premier-7332801-2014-08-02
16,1,Doom Blade,,Spells,4,2,Fae,yasu02,430 tix,"$ 1,618",241843,2014-08-02,Modern Premier #7332801,modern,modern-premier-7332801,modern-premier-7332801-2014-08-02
17,1,Dismember,,Spells,4,2,Fae,yasu02,430 tix,"$ 1,618",241843,2014-08-02,Modern Premier #7332801,modern,modern-premier-7332801,modern-premier-7332801-2014-08-02
18,2,Cryptic Command,,Spells,4,2,Fae,yasu02,430 tix,"$ 1,618",241843,2014-08-02,Modern Premier #7332801,modern,modern-premier-7332801,modern-premier-7332801-2014-08-02
20,1,Basilisk Collar,,Artifacts,4,2,Fae,yasu02,430 tix,"$ 1,618",241843,2014-08-02,Modern Premier #7332801,modern,modern-premier-7332801,modern-premier-7332801-2014-08-02
22,3,Bitterblossom,,Enchantments,4,2,Fae,yasu02,430 tix,"$ 1,618",241843,2014-08-02,Modern Premier #7332801,modern,modern-premier-7332801,modern-premier-7332801-2014-08-02
24,1,Breeding Pool,,Lands,4,2,Fae,yasu02,430 tix,"$ 1,618",241843,2014-08-02,Modern Premier #7332801,modern,modern-premier-7332801,modern-premier-7332801-2014-08-02
25,4,Creeping Tar Pit,,Lands,4,2,Fae,yasu02,430 tix,"$ 1,618",241843,2014-08-02,Modern Premier #7332801,modern,modern-premier-7332801,modern-premier-7332801-2014-08-02
26,1,Forest,,Lands,4,2,Fae,yasu02,430 tix,"$ 1,618",241843,2014-08-02,Modern Premier #7332801,modern,modern-premier-7332801,modern-premier-7332801-2014-08-02
27,1,Island,,Lands,4,2,Fae,yasu02,430 tix,"$ 1,618",241843,2014-08-02,Modern Premier #7332801,modern,modern-premier-7332801,modern-premier-7332801-2014-08-02
28,4,Misty Rainforest,,Lands,4,2,Fae,yasu02,430 tix,"$ 1,618",241843,2014-08-02,Modern Premier #7332801,modern,modern-premier-7332801,modern-premier-7332801-2014-08-02
29,3,Mutavault,,Lands,4,2,Fae,yasu02,430 tix,"$ 1,618",241843,2014-08-02,Modern Premier #7332801,modern,modern-premier-7332801,modern-premier-7332801-2014-08-02
30,1,Overgrown Tomb,,Lands,4,2,Fae,yasu02,430 tix,"$ 1,618",241843,2014-08-02,Modern Premier #7332801,modern,modern-premier-7332801,modern-premier-7332801-2014-08-02
31,2,River of Tears,,Lands,4,2,Fae,yasu02,430 tix,"$ 1,618",241843,2014-08-02,Modern Premier #7332801,modern,modern-premier-7332801,modern-premier-7332801-2014-08-02
32,2,Sunken Ruins,,Lands,4,2,Fae,yasu02,430 tix,"$ 1,618",241843,2014-08-02,Modern Premier #7332801,modern,modern-premier-7332801,modern-premier-7332801-2014-08-02
33,1,Swamp,,Lands,4,2,Fae,yasu02,430 tix,"$ 1,618",241843,2014-08-02,Modern Premier #7332801,modern,modern-premier-7332801,modern-premier-7332801-2014-08-02
34,1,Tectonic Edge,,Lands,4,2,Fae,yasu02,430 tix,"$ 1,618",241843,2014-08-02,Modern Premier #7332801,modern,modern-premier-7332801,modern-premier-7332801-2014-08-02
35,3,Verdant Catacombs,,Lands,4,2,Fae,yasu02,430 tix,"$ 1,618",241843,2014-08-02,Modern Premier #7332801,modern,modern-premier-7332801,modern-premier-7332801-2014-08-02
36,1,Watery Grave,,Lands,4,2,Fae,yasu02,430 tix,"$ 1,618",241843,2014-08-02,Modern Premier #7332801,modern,modern-premier-7332801,modern-premier-7332801-2014-08-02
38,1,Pithing Needle,,Sideboard,4,2,Fae,yasu02,430 tix,"$ 1,618",241843,2014-08-02,Modern Premier #7332801,modern,modern-premier-7332801,modern-premier-7332801-2014-08-02
39,2,Countersquall,,Sideboard,4,2,Fae,yasu02,430 tix,"$ 1,618",241843,2014-08-02,Modern Premier #7332801,modern,modern-premier-7332801,modern-premier-7332801-2014-08-02
40,2,Marsh Casualties,,Sideboard,4,2,Fae,yasu02,430 tix,"$ 1,618",241843,2014-08-02,Modern Premier #7332801,modern,modern-premier-7332801,modern-premier-7332801-2014-08-02
41,1,Phyrexian Revoker,,Sideboard,4,2,Fae,yasu02,430 tix,"$ 1,618",241843,2014-08-02,Modern Premier #7332801,modern,modern-premier-7332801,modern-premier-7332801-2014-08-02
42,2,Spellskite,,Sideboard,4,2,Fae,yasu02,430 tix,"$ 1,618",241843,2014-08-02,Modern Premier #7332801,modern,modern-premier-7332801,modern-premier-7332801-2014-08-02
43,1,Krosan Grip,,Sideboard,4,2,Fae,yasu02,430 tix,"$ 1,618",241843,2014-08-02,Modern Premier #7332801,modern,modern-premier-7332801,modern-premier-7332801-2014-08-02
44,3,Sower of Temptation,,Sideboard,4,2,Fae,yasu02,430 tix,"$ 1,618",241843,2014-08-02,Modern Premier #7332801,modern,modern-premier-7332801,modern-premier-7332801-2014-08-02
45,2,Batterskull,,Sideboard,4,2,Fae,yasu02,430 tix,"$ 1,618",241843,2014-08-02,Modern Premier #7332801,modern,modern-premier-7332801,modern-premier-7332801-2014-08-02
46,1,Curse of Death's Hold,,Sideboard,4,2,Fae,yasu02,430 tix,"$ 1,618",241843,2014-08-02,Modern Premier #7332801,modern,modern-premier-7332801,modern-premier-7332801-2014-08-02
1,1,Grim Lavamancer,,Creatures,4,2,Jund,Ransunna,608 tix,"$ 2,137",241844,2014-08-02,Modern Premier #7332801,modern,modern-premier-7332801,modern-premier-7332801-2014-08-02
2,4,Dark Confidant,,Creatures,4,2,Jund,Ransunna,608 tix,"$ 2,137",241844,2014-08-02,Modern Premier #7332801,modern,modern-premier-7332801,modern-premier-7332801-2014-08-02
3,3,Scavenging Ooze,,Creatures,4,2,Jund,Ransunna,608 tix,"$ 2,137",241844,2014-08-02,Modern Premier #7332801,modern,modern-premier-7332801,modern-premier-7332801-2014-08-02
4,4,Tarmogoyf,,Creatures,4,2,Jund,Ransunna,608 tix,"$ 2,137",241844,2014-08-02,Modern Premier #7332801,modern,modern-premier-7332801,modern-premier-7332801-2014-08-02
5,1,Olivia Voldaren,,Creatures,4,2,Jund,Ransunna,608 tix,"$ 2,137",241844,2014-08-02,Modern Premier #7332801,modern,modern-premier-7332801,modern-premier-7332801-2014-08-02
7,4,Liliana of the Veil,,Planeswalkers,4,2,Jund,Ransunna,608 tix,"$ 2,137",241844,2014-08-02,Modern Premier #7332801,modern,modern-premier-7332801,modern-premier-7332801-2014-08-02
8,1,"Chandra, Pyromaster",,Planeswalkers,4,2,Jund,Ransunna,608 tix,"$ 2,137",241844,2014-08-02,Modern Premier #7332801,modern,modern-premier-7332801,modern-premier-7332801-2014-08-02
10,1,Slaughter Pact,,Spells,4,2,Jund,Ransunna,608 tix,"$ 2,137",241844,2014-08-02,Modern Premier #7332801,modern,modern-premier-7332801,modern-premier-7332801-2014-08-02
11,3,Inquisition of Kozilek,,Spells,4,2,Jund,Ransunna,608 tix,"$ 2,137",241844,2014-08-02,Modern Premier #7332801,modern,modern-premier-7332801,modern-premier-7332801-2014-08-02
12,4,Lightning Bolt,,Spells,4,2,Jund,Ransunna,608 tix,"$ 2,137",241844,2014-08-02,Modern Premier #7332801,modern,modern-premier-7332801,modern-premier-7332801-2014-08-02
13,3,Thoughtseize,,Spells,4,2,Jund,Ransunna,608 tix,"$ 2,137",241844,2014-08-02,Modern Premier #7332801,modern,modern-premier-7332801,modern-premier-7332801-2014-08-02
14,3,Abrupt Decay,,Spells,4,2,Jund,Ransunna,608 tix,"$ 2,137",241844,2014-08-02,Modern Premier #7332801,modern,modern-premier-7332801,modern-premier-7332801-2014-08-02
15,2,Terminate,,Spells,4,2,Jund,Ransunna,608 tix,"$ 2,137",241844,2014-08-02,Modern Premier #7332801,modern,modern-premier-7332801,modern-premier-7332801-2014-08-02
16,1,Maelstrom Pulse,,Spells,4,2,Jund,Ransunna,608 tix,"$ 2,137",241844,2014-08-02,Modern Premier #7332801,modern,modern-premier-7332801,modern-premier-7332801-2014-08-02
18,1,Batterskull,,Artifacts,4,2,Jund,Ransunna,608 tix,"$ 2,137",241844,2014-08-02,Modern Premier #7332801,modern,modern-premier-7332801,modern-premier-7332801-2014-08-02
20,4,Blackcleave Cliffs,,Lands,4,2,Jund,Ransunna,608 tix,"$ 2,137",241844,2014-08-02,Modern Premier #7332801,modern,modern-premier-7332801,modern-premier-7332801-2014-08-02
21,2,Blood Crypt,,Lands,4,2,Jund,Ransunna,608 tix,"$ 2,137",241844,2014-08-02,Modern Premier #7332801,modern,modern-premier-7332801,modern-premier-7332801-2014-08-02
22,1,Forest,,Lands,4,2,Jund,Ransunna,608 tix,"$ 2,137",241844,2014-08-02,Modern Premier #7332801,modern,modern-premier-7332801,modern-premier-7332801-2014-08-02
23,4,Marsh Flats,,Lands,4,2,Jund,Ransunna,608 tix,"$ 2,137",241844,2014-08-02,Modern Premier #7332801,modern,modern-premier-7332801,modern-premier-7332801-2014-08-02
24,1,Overgrown Tomb,,Lands,4,2,Jund,Ransunna,608 tix,"$ 2,137",241844,2014-08-02,Modern Premier #7332801,modern,modern-premier-7332801,modern-premier-7332801-2014-08-02
25,1,Raging Ravine,,Lands,4,2,Jund,Ransunna,608 tix,"$ 2,137",241844,2014-08-02,Modern Premier #7332801,modern,modern-premier-7332801,modern-premier-7332801-2014-08-02
26,1,Stomping Ground,,Lands,4,2,Jund,Ransunna,608 tix,"$ 2,137",241844,2014-08-02,Modern Premier #7332801,modern,modern-premier-7332801,modern-premier-7332801-2014-08-02
27,2,Swamp,,Lands,4,2,Jund,Ransunna,608 tix,"$ 2,137",241844,2014-08-02,Modern Premier #7332801,modern,modern-premier-7332801,modern-premier-7332801-2014-08-02
28,3,Treetop Village,,Lands,4,2,Jund,Ransunna,608 tix,"$ 2,137",241844,2014-08-02,Modern Premier #7332801,modern,modern-premier-7332801,modern-premier-7332801-2014-08-02
29,1,Twilight Mire,,Lands,4,2,Jund,Ransunna,608 tix,"$ 2,137",241844,2014-08-02,Modern Premier #7332801,modern,modern-premier-7332801,modern-premier-7332801-2014-08-02
30,4,Verdant Catacombs,,Lands,4,2,Jund,Ransunna,608 tix,"$ 2,137",241844,2014-08-02,Modern Premier #7332801,modern,modern-premier-7332801,modern-premier-7332801-2014-08-02
32,2,Grafdigger's Cage,,Sideboard,4,2,Jund,Ransunna,608 tix,"$ 2,137",241844,2014-08-02,Modern Premier #7332801,modern,modern-premier-7332801,modern-premier-7332801-2014-08-02
33,1,Magma Spray,,Sideboard,4,2,Jund,Ransunna,608 tix,"$ 2,137",241844,2014-08-02,Modern Premier #7332801,modern,modern-premier-7332801,modern-premier-7332801-2014-08-02
34,1,Thoughtseize,,Sideboard,4,2,Jund,Ransunna,608 tix,"$ 2,137",241844,2014-08-02,Modern Premier #7332801,modern,modern-premier-7332801,modern-premier-7332801-2014-08-02
35,2,Ancient Grudge,,Sideboard,4,2,Jund,Ransunna,608 tix,"$ 2,137",241844,2014-08-02,Modern Premier #7332801,modern,modern-premier-7332801,modern-premier-7332801-2014-08-02
36,3,Fulminator Mage,,Sideboard,4,2,Jund,Ransunna,608 tix,"$ 2,137",241844,2014-08-02,Modern Premier #7332801,modern,modern-premier-7332801,modern-premier-7332801-2014-08-02
37,1,Sword of Light and Shadow,,Sideboard,4,2,Jund,Ransunna,608 tix,"$ 2,137",241844,2014-08-02,Modern Premier #7332801,modern,modern-premier-7332801,modern-premier-7332801-2014-08-02
38,1,Olivia Voldaren,,Sideboard,4,2,Jund,Ransunna,608 tix,"$ 2,137",241844,2014-08-02,Modern Premier #7332801,modern,modern-premier-7332801,modern-premier-7332801-2014-08-02
39,2,Shatterstorm,,Sideboard,4,2,Jund,Ransunna,608 tix,"$ 2,137",241844,2014-08-02,Modern Premier #7332801,modern,modern-premier-7332801,modern-premier-7332801-2014-08-02
40,1,Sowing Salt,,Sideboard,4,2,Jund,Ransunna,608 tix,"$ 2,137",241844,2014-08-02,Modern Premier #7332801,modern,modern-premier-7332801,modern-premier-7332801-2014-08-02
41,1,"Thrun, the Last Troll",,Sideboard,4,2,Jund,Ransunna,608 tix,"$ 2,137",241844,2014-08-02,Modern Premier #7332801,modern,modern-premier-7332801,modern-premier-7332801-2014-08-02
1,4,Birds of Paradise,,Creatures,4,2,Melira Pod,EronRelentless,284 tix,$ 869,241838,2014-08-02,Modern Premier #7332801,modern,modern-premier-7332801,modern-premier-7332801-2014-08-02
2,3,Noble Hierarch,,Creatures,4,2,Melira Pod,EronRelentless,284 tix,$ 869,241838,2014-08-02,Modern Premier #7332801,modern,modern-premier-7332801,modern-premier-7332801-2014-08-02
3,1,Viscera Seer,,Creatures,4,2,Melira Pod,EronRelentless,284 tix,$ 869,241838,2014-08-02,Modern Premier #7332801,modern,modern-premier-7332801,modern-premier-7332801-2014-08-02
4,1,"Melira, Sylvok Outcast",,Creatures,4,2,Melira Pod,EronRelentless,284 tix,$ 869,241838,2014-08-02,Modern Premier #7332801,modern,modern-premier-7332801,modern-premier-7332801-2014-08-02
5,1,Qasali Pridemage,,Creatures,4,2,Melira Pod,EronRelentless,284 tix,$ 869,241838,2014-08-02,Modern Premier #7332801,modern,modern-premier-7332801,modern-premier-7332801-2014-08-02
6,1,Scavenging Ooze,,Creatures,4,2,Melira Pod,EronRelentless,284 tix,$ 869,241838,2014-08-02,Modern Premier #7332801,modern,modern-premier-7332801,modern-premier-7332801-2014-08-02
7,1,Spellskite,,Creatures,4,2,Melira Pod,EronRelentless,284 tix,$ 869,241838,2014-08-02,Modern Premier #7332801,modern,modern-premier-7332801,modern-premier-7332801-2014-08-02
8,3,Voice of Resurgence,,Creatures,4,2,Melira Pod,EronRelentless,284 tix,$ 869,241838,2014-08-02,Modern Premier #7332801,modern,modern-premier-7332801,modern-premier-7332801-2014-08-02
9,1,Wall of Roots,,Creatures,4,2,Melira Pod,EronRelentless,284 tix,$ 869,241838,2014-08-02,Modern Premier #7332801,modern,modern-premier-7332801,modern-premier-7332801-2014-08-02
10,1,Eternal Witness,,Creatures,4,2,Melira Pod,EronRelentless,284 tix,$ 869,241838,2014-08-02,Modern Premier #7332801,modern,modern-premier-7332801,modern-premier-7332801-2014-08-02
11,4,Kitchen Finks,,Creatures,4,2,Melira Pod,EronRelentless,284 tix,$ 869,241838,2014-08-02,Modern Premier #7332801,modern,modern-premier-7332801,modern-premier-7332801-2014-08-02
12,1,Orzhov Pontiff,,Creatures,4,2,Melira Pod,EronRelentless,284 tix,$ 869,241838,2014-08-02,Modern Premier #7332801,modern,modern-premier-7332801,modern-premier-7332801-2014-08-02
13,1,Spike Feeder,,Creatures,4,2,Melira Pod,EronRelentless,284 tix,$ 869,241838,2014-08-02,Modern Premier #7332801,modern,modern-premier-7332801,modern-premier-7332801-2014-08-02
14,1,"Linvala, Keeper of Silence",,Creatures,4,2,Melira Pod,EronRelentless,284 tix,$ 869,241838,2014-08-02,Modern Premier #7332801,modern,modern-premier-7332801,modern-premier-7332801-2014-08-02
15,1,Murderous Redcap,,Creatures,4,2,Melira Pod,EronRelentless,284 tix,$ 869,241838,2014-08-02,Modern Premier #7332801,modern,modern-premier-7332801,modern-premier-7332801-2014-08-02
16,1,Ranger of Eos,,Creatures,4,2,Melira Pod,EronRelentless,284 tix,$ 869,241838,2014-08-02,Modern Premier #7332801,modern,modern-premier-7332801,modern-premier-7332801-2014-08-02
17,1,Archangel of Thune,,Creatures,4,2,Melira Pod,EronRelentless,284 tix,$ 869,241838,2014-08-02,Modern Premier #7332801,modern,modern-premier-7332801,modern-premier-7332801-2014-08-02
18,1,Reveillark,,Creatures,4,2,Melira Pod,EronRelentless,284 tix,$ 869,241838,2014-08-02,Modern Premier #7332801,modern,modern-premier-7332801,modern-premier-7332801-2014-08-02
19,1,Shriekmaw,,Creatures,4,2,Melira Pod,EronRelentless,284 tix,$ 869,241838,2014-08-02,Modern Premier #7332801,modern,modern-premier-7332801,modern-premier-7332801-2014-08-02
21,2,Abrupt Decay,,Spells,4,2,Melira Pod,EronRelentless,284 tix,$ 869,241838,2014-08-02,Modern Premier #7332801,modern,modern-premier-7332801,modern-premier-7332801-2014-08-02
22,2,Chord of Calling,,Spells,4,2,Melira Pod,EronRelentless,284 tix,$ 869,241838,2014-08-02,Modern Premier #7332801,modern,modern-premier-7332801,modern-premier-7332801-2014-08-02
24,4,Birthing Pod,,Artifacts,4,2,Melira Pod,EronRelentless,284 tix,$ 869,241838,2014-08-02,Modern Premier #7332801,modern,modern-premier-7332801,modern-premier-7332801-2014-08-02
26,3,Forest,,Lands,4,2,Melira Pod,EronRelentless,284 tix,$ 869,241838,2014-08-02,Modern Premier #7332801,modern,modern-premier-7332801,modern-premier-7332801-2014-08-02
27,3,Gavony Township,,Lands,4,2,Melira Pod,EronRelentless,284 tix,$ 869,241838,2014-08-02,Modern Premier #7332801,modern,modern-premier-7332801,modern-premier-7332801-2014-08-02
28,1,Godless Shrine,,Lands,4,2,Melira Pod,EronRelentless,284 tix,$ 869,241838,2014-08-02,Modern Premier #7332801,modern,modern-premier-7332801,modern-premier-7332801-2014-08-02
29,4,Misty Rainforest,,Lands,4,2,Melira Pod,EronRelentless,284 tix,$ 869,241838,2014-08-02,Modern Premier #7332801,modern,modern-premier-7332801,modern-premier-7332801-2014-08-02
30,2,Overgrown Tomb,,Lands,4,2,Melira Pod,EronRelentless,284 tix,$ 869,241838,2014-08-02,Modern Premier #7332801,modern,modern-premier-7332801,modern-premier-7332801-2014-08-02
31,3,Razorverge Thicket,,Lands,4,2,Melira Pod,EronRelentless,284 tix,$ 869,241838,2014-08-02,Modern Premier #7332801,modern,modern-premier-7332801,modern-premier-7332801-2014-08-02
32,1,Swamp,,Lands,4,2,Melira Pod,EronRelentless,284 tix,$ 869,241838,2014-08-02,Modern Premier #7332801,modern,modern-premier-7332801,modern-premier-7332801-2014-08-02
33,1,Temple Garden,,Lands,4,2,Melira Pod,EronRelentless,284 tix,$ 869,241838,2014-08-02,Modern Premier #7332801,modern,modern-premier-7332801,modern-premier-7332801-2014-08-02
34,4,Verdant Catacombs,,Lands,4,2,Melira Pod,EronRelentless,284 tix,$ 869,241838,2014-08-02,Modern Premier #7332801,modern,modern-premier-7332801,modern-premier-7332801-2014-08-02
35,1,Woodland Cemetery,,Lands,4,2,Melira Pod,EronRelentless,284 tix,$ 869,241838,2014-08-02,Modern Premier #7332801,modern,modern-premier-7332801,modern-premier-7332801-2014-08-02
37,1,Slaughter Pact,,Sideboard,4,2,Melira Pod,EronRelentless,284 tix,$ 869,241838,2014-08-02,Modern Premier #7332801,modern,modern-premier-7332801,modern-premier-7332801-2014-08-02
38,4,Thoughtseize,,Sideboard,4,2,Melira Pod,EronRelentless,284 tix,$ 869,241838,2014-08-02,Modern Premier #7332801,modern,modern-premier-7332801,modern-premier-7332801-2014-08-02
39,1,"Kataki, War's Wage",,Sideboard,4,2,Melira Pod,EronRelentless,284 tix,$ 869,241838,2014-08-02,Modern Premier #7332801,modern,modern-premier-7332801,modern-premier-7332801-2014-08-02
40,1,Scavenging Ooze,,Sideboard,4,2,Melira Pod,EronRelentless,284 tix,$ 869,241838,2014-08-02,Modern Premier #7332801,modern,modern-premier-7332801,modern-premier-7332801-2014-08-02
41,1,Aven Mindcensor,,Sideboard,4,2,Melira Pod,EronRelentless,284 tix,$ 869,241838,2014-08-02,Modern Premier #7332801,modern,modern-premier-7332801,modern-premier-7332801-2014-08-02
42,2,Dismember,,Sideboard,4,2,Melira Pod,EronRelentless,284 tix,$ 869,241838,2014-08-02,Modern Premier #7332801,modern,modern-premier-7332801,modern-premier-7332801-2014-08-02
43,1,Reclamation Sage,,Sideboard,4,2,Melira Pod,EronRelentless,284 tix,$ 869,241838,2014-08-02,Modern Premier #7332801,modern,modern-premier-7332801,modern-premier-7332801-2014-08-02
44,1,Sin Collector,,Sideboard,4,2,Melira Pod,EronRelentless,284 tix,$ 869,241838,2014-08-02,Modern Premier #7332801,modern,modern-premier-7332801,modern-premier-7332801-2014-08-02
45,1,Entomber Exarch,,Sideboard,4,2,Melira Pod,EronRelentless,284 tix,$ 869,241838,2014-08-02,Modern Premier #7332801,modern,modern-premier-7332801,modern-premier-7332801-2014-08-02
46,1,Obstinate Baloth,,Sideboard,4,2,Melira Pod,EronRelentless,284 tix,$ 869,241838,2014-08-02,Modern Premier #7332801,modern,modern-premier-7332801,modern-premier-7332801-2014-08-02
47,1,"Thrun, the Last Troll",,Sideboard,4,2,Melira Pod,EronRelentless,284 tix,$ 869,241838,2014-08-02,Modern Premier #7332801,modern,modern-premier-7332801,modern-premier-7332801-2014-08-02
1,4,Dark Confidant,,Creatures,4,2,Mono Black Devotion,HBO2,193 tix,$ 774,241846,2014-08-02,Modern Premier #7332801,modern,modern-premier-7332801,modern-premier-7332801-2014-08-02
2,4,Gatekeeper of Malakir,,Creatures,4,2,Mono Black Devotion,HBO2,193 tix,$ 774,241846,2014-08-02,Modern Premier #7332801,modern,modern-premier-7332801,modern-premier-7332801-2014-08-02
3,4,Pack Rat,,Creatures,4,2,Mono Black Devotion,HBO2,193 tix,$ 774,241846,2014-08-02,Modern Premier #7332801,modern,modern-premier-7332801,modern-premier-7332801-2014-08-02
4,4,Geralf's Messenger,,Creatures,4,2,Mono Black Devotion,HBO2,193 tix,$ 774,241846,2014-08-02,Modern Premier #7332801,modern,modern-premier-7332801,modern-premier-7332801-2014-08-02
5,4,Phyrexian Obliterator,,Creatures,4,2,Mono Black Devotion,HBO2,193 tix,$ 774,241846,2014-08-02,Modern Premier #7332801,modern,modern-premier-7332801,modern-premier-7332801-2014-08-02
6,1,Tombstalker,,Creatures,4,2,Mono Black Devotion,HBO2,193 tix,$ 774,241846,2014-08-02,Modern Premier #7332801,modern,modern-premier-7332801,modern-premier-7332801-2014-08-02
8,1,Liliana of the Veil,,Planeswalkers,4,2,Mono Black Devotion,HBO2,193 tix,$ 774,241846,2014-08-02,Modern Premier #7332801,modern,modern-premier-7332801,modern-premier-7332801-2014-08-02
10,2,Disfigure,,Spells,4,2,Mono Black Devotion,HBO2,193 tix,$ 774,241846,2014-08-02,Modern Premier #7332801,modern,modern-premier-7332801,modern-premier-7332801-2014-08-02
11,4,Inquisition of Kozilek,,Spells,4,2,Mono Black Devotion,HBO2,193 tix,$ 774,241846,2014-08-02,Modern Premier #7332801,modern,modern-premier-7332801,modern-premier-7332801-2014-08-02
12,4,Thoughtseize,,Spells,4,2,Mono Black Devotion,HBO2,193 tix,$ 774,241846,2014-08-02,Modern Premier #7332801,modern,modern-premier-7332801,modern-premier-7332801-2014-08-02
13,4,Victim of Night,,Spells,4,2,Mono Black Devotion,HBO2,193 tix,$ 774,241846,2014-08-02,Modern Premier #7332801,modern,modern-premier-7332801,modern-premier-7332801-2014-08-02
15,3,Bojuka Bog,,Lands,4,2,Mono Black Devotion,HBO2,193 tix,$ 774,241846,2014-08-02,Modern Premier #7332801,modern,modern-premier-7332801,modern-premier-7332801-2014-08-02
16,13,Swamp,,Lands,4,2,Mono Black Devotion,HBO2,193 tix,$ 774,241846,2014-08-02,Modern Premier #7332801,modern,modern-premier-7332801,modern-premier-7332801-2014-08-02
17,4,Tectonic Edge,,Lands,4,2,Mono Black Devotion,HBO2,193 tix,$ 774,241846,2014-08-02,Modern Premier #7332801,modern,modern-premier-7332801,modern-premier-7332801-2014-08-02
18,4,"Urborg, Tomb of Yawgmoth",,Lands,4,2,Mono Black Devotion,HBO2,193 tix,$ 774,241846,2014-08-02,Modern Premier #7332801,modern,modern-premier-7332801,modern-premier-7332801-2014-08-02
20,2,Disfigure,,Sideboard,4,2,Mono Black Devotion,HBO2,193 tix,$ 774,241846,2014-08-02,Modern Premier #7332801,modern,modern-premier-7332801,modern-premier-7332801-2014-08-02
21,2,Nihil Spellbomb,,Sideboard,4,2,Mono Black Devotion,HBO2,193 tix,$ 774,241846,2014-08-02,Modern Premier #7332801,modern,modern-premier-7332801,modern-premier-7332801-2014-08-02
22,1,Surgical Extraction,,Sideboard,4,2,Mono Black Devotion,HBO2,193 tix,$ 774,241846,2014-08-02,Modern Premier #7332801,modern,modern-premier-7332801,modern-premier-7332801-2014-08-02
23,2,Ratchet Bomb,,Sideboard,4,2,Mono Black Devotion,HBO2,193 tix,$ 774,241846,2014-08-02,Modern Premier #7332801,modern,modern-premier-7332801,modern-premier-7332801-2014-08-02
24,3,Drown in Sorrow,,Sideboard,4,2,Mono Black Devotion,HBO2,193 tix,$ 774,241846,2014-08-02,Modern Premier #7332801,modern,modern-premier-7332801,modern-premier-7332801-2014-08-02
25,2,Rain of Tears,,Sideboard,4,2,Mono Black Devotion,HBO2,193 tix,$ 774,241846,2014-08-02,Modern Premier #7332801,modern,modern-premier-7332801,modern-premier-7332801-2014-08-02
26,3,Vampire Nighthawk,,Sideboard,4,2,Mono Black Devotion,HBO2,193 tix,$ 774,241846,2014-08-02,Modern Premier #7332801,modern,modern-premier-7332801,modern-premier-7332801-2014-08-02
1,4,Sakura-Tribe Elder,,Creatures,4,2,Scapeshift,mommon,246 tix,"$ 1,019",241848,2014-08-02,Modern Premier #7332801,modern,modern-premier-7332801,modern-premier-7332801-2014-08-02
2,2,Snapcaster Mage,,Creatures,4,2,Scapeshift,mommon,246 tix,"$ 1,019",241848,2014-08-02,Modern Premier #7332801,modern,modern-premier-7332801,modern-premier-7332801-2014-08-02
4,2,Repeal,,Spells,4,2,Scapeshift,mommon,246 tix,"$ 1,019",241848,2014-08-02,Modern Premier #7332801,modern,modern-premier-7332801,modern-premier-7332801-2014-08-02
5,3,Serum Visions,,Spells,4,2,Scapeshift,mommon,246 tix,"$ 1,019",241848,2014-08-02,Modern Premier #7332801,modern,modern-premier-7332801,modern-premier-7332801-2014-08-02
6,1,Farseek,,Spells,4,2,Scapeshift,mommon,246 tix,"$ 1,019",241848,2014-08-02,Modern Premier #7332801,modern,modern-premier-7332801,modern-premier-7332801-2014-08-02
7,2,Izzet Charm,,Spells,4,2,Scapeshift,mommon,246 tix,"$ 1,019",241848,2014-08-02,Modern Premier #7332801,modern,modern-premier-7332801,modern-premier-7332801-2014-08-02
8,2,Peer Through Depths,,Spells,4,2,Scapeshift,mommon,246 tix,"$ 1,019",241848,2014-08-02,Modern Premier #7332801,modern,modern-premier-7332801,modern-premier-7332801-2014-08-02
9,4,Remand,,Spells,4,2,Scapeshift,mommon,246 tix,"$ 1,019",241848,2014-08-02,Modern Premier #7332801,modern,modern-premier-7332801,modern-premier-7332801-2014-08-02
10,2,Worldly Counsel,,Spells,4,2,Scapeshift,mommon,246 tix,"$ 1,019",241848,2014-08-02,Modern Premier #7332801,modern,modern-premier-7332801,modern-premier-7332801-2014-08-02
11,2,Electrolyze,,Spells,4,2,Scapeshift,mommon,246 tix,"$ 1,019",241848,2014-08-02,Modern Premier #7332801,modern,modern-premier-7332801,modern-premier-7332801-2014-08-02
12,4,Search for Tomorrow,,Spells,4,2,Scapeshift,mommon,246 tix,"$ 1,019",241848,2014-08-02,Modern Premier #7332801,modern,modern-premier-7332801,modern-premier-7332801-2014-08-02
13,4,Cryptic Command,,Spells,4,2,Scapeshift,mommon,246 tix,"$ 1,019",241848,2014-08-02,Modern Premier #7332801,modern,modern-premier-7332801,modern-premier-7332801-2014-08-02
14,4,Scapeshift,,Spells,4,2,Scapeshift,mommon,246 tix,"$ 1,019",241848,2014-08-02,Modern Premier #7332801,modern,modern-premier-7332801,modern-premier-7332801-2014-08-02
16,2,Breeding Pool,,Lands,4,2,Scapeshift,mommon,246 tix,"$ 1,019",241848,2014-08-02,Modern Premier #7332801,modern,modern-premier-7332801,modern-premier-7332801-2014-08-02
17,1,Flooded Grove,,Lands,4,2,Scapeshift,mommon,246 tix,"$ 1,019",241848,2014-08-02,Modern Premier #7332801,modern,modern-premier-7332801,modern-premier-7332801-2014-08-02
18,2,Forest,,Lands,4,2,Scapeshift,mommon,246 tix,"$ 1,019",241848,2014-08-02,Modern Premier #7332801,modern,modern-premier-7332801,modern-premier-7332801-2014-08-02
19,3,Island,,Lands,4,2,Scapeshift,mommon,246 tix,"$ 1,019",241848,2014-08-02,Modern Premier #7332801,modern,modern-premier-7332801,modern-premier-7332801-2014-08-02
20,4,Misty Rainforest,,Lands,4,2,Scapeshift,mommon,246 tix,"$ 1,019",241848,2014-08-02,Modern Premier #7332801,modern,modern-premier-7332801,modern-premier-7332801-2014-08-02
21,2,Mountain,,Lands,4,2,Scapeshift,mommon,246 tix,"$ 1,019",241848,2014-08-02,Modern Premier #7332801,modern,modern-premier-7332801,modern-premier-7332801-2014-08-02
22,4,Steam Vents,,Lands,4,2,Scapeshift,mommon,246 tix,"$ 1,019",241848,2014-08-02,Modern Premier #7332801,modern,modern-premier-7332801,modern-premier-7332801-2014-08-02
23,4,Stomping Ground,,Lands,4,2,Scapeshift,mommon,246 tix,"$ 1,019",241848,2014-08-02,Modern Premier #7332801,modern,modern-premier-7332801,modern-premier-7332801-2014-08-02
24,2,"Valakut, the Molten Pinnacle",,Lands,4,2,Scapeshift,mommon,246 tix,"$ 1,019",241848,2014-08-02,Modern Premier #7332801,modern,modern-premier-7332801,modern-premier-7332801-2014-08-02
26,1,Nature's Claim,,Sideboard,4,2,Scapeshift,mommon,246 tix,"$ 1,019",241848,2014-08-02,Modern Premier #7332801,modern,modern-premier-7332801,modern-premier-7332801-2014-08-02
27,1,Ancient Grudge,,Sideboard,4,2,Scapeshift,mommon,246 tix,"$ 1,019",241848,2014-08-02,Modern Premier #7332801,modern,modern-premier-7332801,modern-premier-7332801-2014-08-02
28,1,Combust,,Sideboard,4,2,Scapeshift,mommon,246 tix,"$ 1,019",241848,2014-08-02,Modern Premier #7332801,modern,modern-premier-7332801,modern-premier-7332801-2014-08-02
29,1,Negate,,Sideboard,4,2,Scapeshift,mommon,246 tix,"$ 1,019",241848,2014-08-02,Modern Premier #7332801,modern,modern-premier-7332801,modern-premier-7332801-2014-08-02
30,1,Snapcaster Mage,,Sideboard,4,2,Scapeshift,mommon,246 tix,"$ 1,019",241848,2014-08-02,Modern Premier #7332801,modern,modern-premier-7332801,modern-premier-7332801-2014-08-02
31,2,Anger of the Gods,,Sideboard,4,2,Scapeshift,mommon,246 tix,"$ 1,019",241848,2014-08-02,Modern Premier #7332801,modern,modern-premier-7332801,modern-premier-7332801-2014-08-02
32,1,Counterflux,,Sideboard,4,2,Scapeshift,mommon,246 tix,"$ 1,019",241848,2014-08-02,Modern Premier #7332801,modern,modern-premier-7332801,modern-premier-7332801-2014-08-02
33,2,Obstinate Baloth,,Sideboard,4,2,Scapeshift,mommon,246 tix,"$ 1,019",241848,2014-08-02,Modern Premier #7332801,modern,modern-premier-7332801,modern-premier-7332801-2014-08-02
34,1,Shatterstorm,,Sideboard,4,2,Scapeshift,mommon,246 tix,"$ 1,019",241848,2014-08-02,Modern Premier #7332801,modern,modern-premier-7332801,modern-premier-7332801-2014-08-02
35,1,Batterskull,,Sideboard,4,2,Scapeshift,mommon,246 tix,"$ 1,019",241848,2014-08-02,Modern Premier #7332801,modern,modern-premier-7332801,modern-premier-7332801-2014-08-02
36,1,"Teferi, Mage of Zhalfir",,Sideboard,4,2,Scapeshift,mommon,246 tix,"$ 1,019",241848,2014-08-02,Modern Premier #7332801,modern,modern-premier-7332801,modern-premier-7332801-2014-08-02
37,2,Inferno Titan,,Sideboard,4,2,Scapeshift,mommon,246 tix,"$ 1,019",241848,2014-08-02,Modern Premier #7332801,modern,modern-premier-7332801,modern-premier-7332801-2014-08-02
1,2,Martyr of Sands,,Creatures,4,2,Soul Sisters,olbro6,74 tix,$ 210,241842,2014-08-02,Modern Premier #7332801,modern,modern-premier-7332801,modern-premier-7332801-2014-08-02
2,3,Serra Ascendant,,Creatures,4,2,Soul Sisters,olbro6,74 tix,$ 210,241842,2014-08-02,Modern Premier #7332801,modern,modern-premier-7332801,modern-premier-7332801-2014-08-02
3,4,Soul Warden,,Creatures,4,2,Soul Sisters,olbro6,74 tix,$ 210,241842,2014-08-02,Modern Premier #7332801,modern,modern-premier-7332801,modern-premier-7332801-2014-08-02
4,4,Soul's Attendant,,Creatures,4,2,Soul Sisters,olbro6,74 tix,$ 210,241842,2014-08-02,Modern Premier #7332801,modern,modern-premier-7332801,modern-premier-7332801-2014-08-02
5,4,Ajani's Pridemate,,Creatures,4,2,Soul Sisters,olbro6,74 tix,$ 210,241842,2014-08-02,Modern Premier #7332801,modern,modern-premier-7332801,modern-premier-7332801-2014-08-02
6,4,Squadron Hawk,,Creatures,4,2,Soul Sisters,olbro6,74 tix,$ 210,241842,2014-08-02,Modern Premier #7332801,modern,modern-premier-7332801,modern-premier-7332801-2014-08-02
7,3,Ranger of Eos,,Creatures,4,2,Soul Sisters,olbro6,74 tix,$ 210,241842,2014-08-02,Modern Premier #7332801,modern,modern-premier-7332801,modern-premier-7332801-2014-08-02
8,4,Archangel of Thune,,Creatures,4,2,Soul Sisters,olbro6,74 tix,$ 210,241842,2014-08-02,Modern Premier #7332801,modern,modern-premier-7332801,modern-premier-7332801-2014-08-02
10,3,Path to Exile,,Spells,4,2,Soul Sisters,olbro6,74 tix,$ 210,241842,2014-08-02,Modern Premier #7332801,modern,modern-premier-7332801,modern-premier-7332801-2014-08-02
11,4,Spectral Procession,,Spells,4,2,Soul Sisters,olbro6,74 tix,$ 210,241842,2014-08-02,Modern Premier #7332801,modern,modern-premier-7332801,modern-premier-7332801-2014-08-02
13,2,Honor of the Pure,,Enchantments,4,2,Soul Sisters,olbro6,74 tix,$ 210,241842,2014-08-02,Modern Premier #7332801,modern,modern-premier-7332801,modern-premier-7332801-2014-08-02
15,19,Plains,,Lands,4,2,Soul Sisters,olbro6,74 tix,$ 210,241842,2014-08-02,Modern Premier #7332801,modern,modern-premier-7332801,modern-premier-7332801-2014-08-02
16,4,Windbrisk Heights,,Lands,4,2,Soul Sisters,olbro6,74 tix,$ 210,241842,2014-08-02,Modern Premier #7332801,modern,modern-premier-7332801,modern-premier-7332801-2014-08-02
18,2,Brave the Elements,,Sideboard,4,2,Soul Sisters,olbro6,74 tix,$ 210,241842,2014-08-02,Modern Premier #7332801,modern,modern-premier-7332801,modern-premier-7332801-2014-08-02
19,1,Grafdigger's Cage,,Sideboard,4,2,Soul Sisters,olbro6,74 tix,$ 210,241842,2014-08-02,Modern Premier #7332801,modern,modern-premier-7332801,modern-premier-7332801-2014-08-02
20,1,Disenchant,,Sideboard,4,2,Soul Sisters,olbro6,74 tix,$ 210,241842,2014-08-02,Modern Premier #7332801,modern,modern-premier-7332801,modern-premier-7332801-2014-08-02
21,2,Leonin Arbiter,,Sideboard,4,2,Soul Sisters,olbro6,74 tix,$ 210,241842,2014-08-02,Modern Premier #7332801,modern,modern-premier-7332801,modern-premier-7332801-2014-08-02
22,3,Rest in Peace,,Sideboard,4,2,Soul Sisters,olbro6,74 tix,$ 210,241842,2014-08-02,Modern Premier #7332801,modern,modern-premier-7332801,modern-premier-7332801-2014-08-02
23,3,Stony Silence,,Sideboard,4,2,Soul Sisters,olbro6,74 tix,$ 210,241842,2014-08-02,Modern Premier #7332801,modern,modern-premier-7332801,modern-premier-7332801-2014-08-02
24,3,"Thalia, Guardian of Thraben",,Sideboard,4,2,Soul Sisters,olbro6,74 tix,$ 210,241842,2014-08-02,Modern Premier #7332801,modern,modern-premier-7332801,modern-premier-7332801-2014-08-02
1,1,Snapcaster Mage,,Creatures,4,2,UB Faeries,_SickDraw,249 tix,$ 917,241847,2014-08-02,Modern Premier #7332801,modern,modern-premier-7332801,modern-premier-7332801-2014-08-02
2,3,Spellstutter Sprite,,Creatures,4,2,UB Faeries,_SickDraw,249 tix,$ 917,241847,2014-08-02,Modern Premier #7332801,modern,modern-premier-7332801,modern-premier-7332801-2014-08-02
3,4,Vendilion Clique,,Creatures,4,2,UB Faeries,_SickDraw,249 tix,$ 917,241847,2014-08-02,Modern Premier #7332801,modern,modern-premier-7332801,modern-premier-7332801-2014-08-02
4,4,Mistbind Clique,,Creatures,4,2,UB Faeries,_SickDraw,249 tix,$ 917,241847,2014-08-02,Modern Premier #7332801,modern,modern-premier-7332801,modern-premier-7332801-2014-08-02
6,1,Inquisition of Kozilek,,Spells,4,2,UB Faeries,_SickDraw,249 tix,$ 917,241847,2014-08-02,Modern Premier #7332801,modern,modern-premier-7332801,modern-premier-7332801-2014-08-02
7,1,Peppersmoke,,Spells,4,2,UB Faeries,_SickDraw,249 tix,$ 917,241847,2014-08-02,Modern Premier #7332801,modern,modern-premier-7332801,modern-premier-7332801-2014-08-02
8,1,Serum Visions,,Spells,4,2,UB Faeries,_SickDraw,249 tix,$ 917,241847,2014-08-02,Modern Premier #7332801,modern,modern-premier-7332801,modern-premier-7332801-2014-08-02
9,3,Thoughtseize,,Spells,4,2,UB Faeries,_SickDraw,249 tix,$ 917,241847,2014-08-02,Modern Premier #7332801,modern,modern-premier-7332801,modern-premier-7332801-2014-08-02
10,3,Remand,,Spells,4,2,UB Faeries,_SickDraw,249 tix,$ 917,241847,2014-08-02,Modern Premier #7332801,modern,modern-premier-7332801,modern-premier-7332801-2014-08-02
11,2,Dismember,,Spells,4,2,UB Faeries,_SickDraw,249 tix,$ 917,241847,2014-08-02,Modern Premier #7332801,modern,modern-premier-7332801,modern-premier-7332801-2014-08-02
12,4,Cryptic Command,,Spells,4,2,UB Faeries,_SickDraw,249 tix,$ 917,241847,2014-08-02,Modern Premier #7332801,modern,modern-premier-7332801,modern-premier-7332801-2014-08-02
13,3,Time Warp,,Spells,4,2,UB Faeries,_SickDraw,249 tix,$ 917,241847,2014-08-02,Modern Premier #7332801,modern,modern-premier-7332801,modern-premier-7332801-2014-08-02
15,4,Bitterblossom,,Enchantments,4,2,UB Faeries,_SickDraw,249 tix,$ 917,241847,2014-08-02,Modern Premier #7332801,modern,modern-premier-7332801,modern-premier-7332801-2014-08-02
17,4,Creeping Tar Pit,,Lands,4,2,UB Faeries,_SickDraw,249 tix,$ 917,241847,2014-08-02,Modern Premier #7332801,modern,modern-premier-7332801,modern-premier-7332801-2014-08-02
18,3,Darkslick Shores,,Lands,4,2,UB Faeries,_SickDraw,249 tix,$ 917,241847,2014-08-02,Modern Premier #7332801,modern,modern-premier-7332801,modern-premier-7332801-2014-08-02
19,5,Island,,Lands,4,2,UB Faeries,_SickDraw,249 tix,$ 917,241847,2014-08-02,Modern Premier #7332801,modern,modern-premier-7332801,modern-premier-7332801-2014-08-02
20,4,Mutavault,,Lands,4,2,UB Faeries,_SickDraw,249 tix,$ 917,241847,2014-08-02,Modern Premier #7332801,modern,modern-premier-7332801,modern-premier-7332801-2014-08-02
21,4,River of Tears,,Lands,4,2,UB Faeries,_SickDraw,249 tix,$ 917,241847,2014-08-02,Modern Premier #7332801,modern,modern-premier-7332801,modern-premier-7332801-2014-08-02
22,4,Secluded Glen,,Lands,4,2,UB Faeries,_SickDraw,249 tix,$ 917,241847,2014-08-02,Modern Premier #7332801,modern,modern-premier-7332801,modern-premier-7332801-2014-08-02
23,1,Tectonic Edge,,Lands,4,2,UB Faeries,_SickDraw,249 tix,$ 917,241847,2014-08-02,Modern Premier #7332801,modern,modern-premier-7332801,modern-premier-7332801-2014-08-02
24,1,Watery Grave,,Lands,4,2,UB Faeries,_SickDraw,249 tix,$ 917,241847,2014-08-02,Modern Premier #7332801,modern,modern-premier-7332801,modern-premier-7332801-2014-08-02
26,1,Inquisition of Kozilek,,Sideboard,4,2,UB Faeries,_SickDraw,249 tix,$ 917,241847,2014-08-02,Modern Premier #7332801,modern,modern-premier-7332801,modern-premier-7332801-2014-08-02
27,1,Spell Snare,,Sideboard,4,2,UB Faeries,_SickDraw,249 tix,$ 917,241847,2014-08-02,Modern Premier #7332801,modern,modern-premier-7332801,modern-premier-7332801-2014-08-02
28,1,Doom Blade,,Sideboard,4,2,UB Faeries,_SickDraw,249 tix,$ 917,241847,2014-08-02,Modern Premier #7332801,modern,modern-premier-7332801,modern-premier-7332801-2014-08-02
29,2,Hurkyl's Recall,,Sideboard,4,2,UB Faeries,_SickDraw,249 tix,$ 917,241847,2014-08-02,Modern Premier #7332801,modern,modern-premier-7332801,modern-premier-7332801-2014-08-02
30,1,Mana Leak,,Sideboard,4,2,UB Faeries,_SickDraw,249 tix,$ 917,241847,2014-08-02,Modern Premier #7332801,modern,modern-premier-7332801,modern-premier-7332801-2014-08-02
31,1,Smother,,Sideboard,4,2,UB Faeries,_SickDraw,249 tix,$ 917,241847,2014-08-02,Modern Premier #7332801,modern,modern-premier-7332801,modern-premier-7332801-2014-08-02
32,1,Spellstutter Sprite,,Sideboard,4,2,UB Faeries,_SickDraw,249 tix,$ 917,241847,2014-08-02,Modern Premier #7332801,modern,modern-premier-7332801,modern-premier-7332801-2014-08-02
33,2,Hibernation,,Sideboard,4,2,UB Faeries,_SickDraw,249 tix,$ 917,241847,2014-08-02,Modern Premier #7332801,modern,modern-premier-7332801,modern-premier-7332801-2014-08-02
34,1,Memoricide,,Sideboard,4,2,UB Faeries,_SickDraw,249 tix,$ 917,241847,2014-08-02,Modern Premier #7332801,modern,modern-premier-7332801,modern-premier-7332801-2014-08-02
35,3,Sower of Temptation,,Sideboard,4,2,UB Faeries,_SickDraw,249 tix,$ 917,241847,2014-08-02,Modern Premier #7332801,modern,modern-premier-7332801,modern-premier-7332801-2014-08-02
36,1,Wurmcoil Engine,,Sideboard,4,2,UB Faeries,_SickDraw,249 tix,$ 917,241847,2014-08-02,Modern Premier #7332801,modern,modern-premier-7332801,modern-premier-7332801-2014-08-02
1,4,Dark Confidant,,Creatures,3,3,8Rack,tonifm,386 tix,"$ 1,104",241852,2014-08-02,Modern Premier #7332801,modern,modern-premier-7332801,modern-premier-7332801-2014-08-02
3,4,Liliana of the Veil,,Planeswalkers,3,3,8Rack,tonifm,386 tix,"$ 1,104",241852,2014-08-02,Modern Premier #7332801,modern,modern-premier-7332801,modern-premier-7332801-2014-08-02
5,3,Funeral Charm,,Spells,3,3,8Rack,tonifm,386 tix,"$ 1,104",241852,2014-08-02,Modern Premier #7332801,modern,modern-premier-7332801,modern-premier-7332801-2014-08-02
6,3,Inquisition of Kozilek,,Spells,3,3,8Rack,tonifm,386 tix,"$ 1,104",241852,2014-08-02,Modern Premier #7332801,modern,modern-premier-7332801,modern-premier-7332801-2014-08-02
7,3,Raven's Crime,,Spells,3,3,8Rack,tonifm,386 tix,"$ 1,104",241852,2014-08-02,Modern Premier #7332801,modern,modern-premier-7332801,modern-premier-7332801-2014-08-02
8,3,Thoughtseize,,Spells,3,3,8Rack,tonifm,386 tix,"$ 1,104",241852,2014-08-02,Modern Premier #7332801,modern,modern-premier-7332801,modern-premier-7332801-2014-08-02
9,4,Smallpox,,Spells,3,3,8Rack,tonifm,386 tix,"$ 1,104",241852,2014-08-02,Modern Premier #7332801,modern,modern-premier-7332801,modern-premier-7332801-2014-08-02
10,3,Wrench Mind,,Spells,3,3,8Rack,tonifm,386 tix,"$ 1,104",241852,2014-08-02,Modern Premier #7332801,modern,modern-premier-7332801,modern-premier-7332801-2014-08-02
12,3,The Rack,,Artifacts,3,3,8Rack,tonifm,386 tix,"$ 1,104",241852,2014-08-02,Modern Premier #7332801,modern,modern-premier-7332801,modern-premier-7332801-2014-08-02
14,4,Shrieking Affliction,,Enchantments,3,3,8Rack,tonifm,386 tix,"$ 1,104",241852,2014-08-02,Modern Premier #7332801,modern,modern-premier-7332801,modern-premier-7332801-2014-08-02
15,3,Waste Not,,Enchantments,3,3,8Rack,tonifm,386 tix,"$ 1,104",241852,2014-08-02,Modern Premier #7332801,modern,modern-premier-7332801,modern-premier-7332801-2014-08-02
17,1,Bojuka Bog,,Lands,3,3,8Rack,tonifm,386 tix,"$ 1,104",241852,2014-08-02,Modern Premier #7332801,modern,modern-premier-7332801,modern-premier-7332801-2014-08-02
18,2,Dakmor Salvage,,Lands,3,3,8Rack,tonifm,386 tix,"$ 1,104",241852,2014-08-02,Modern Premier #7332801,modern,modern-premier-7332801,modern-premier-7332801-2014-08-02
19,3,Ghost Quarter,,Lands,3,3,8Rack,tonifm,386 tix,"$ 1,104",241852,2014-08-02,Modern Premier #7332801,modern,modern-premier-7332801,modern-premier-7332801-2014-08-02
20,4,Mutavault,,Lands,3,3,8Rack,tonifm,386 tix,"$ 1,104",241852,2014-08-02,Modern Premier #7332801,modern,modern-premier-7332801,modern-premier-7332801-2014-08-02
21,10,Swamp,,Lands,3,3,8Rack,tonifm,386 tix,"$ 1,104",241852,2014-08-02,Modern Premier #7332801,modern,modern-premier-7332801,modern-premier-7332801-2014-08-02
22,3,"Urborg, Tomb of Yawgmoth",,Lands,3,3,8Rack,tonifm,386 tix,"$ 1,104",241852,2014-08-02,Modern Premier #7332801,modern,modern-premier-7332801,modern-premier-7332801-2014-08-02
24,2,Darkblast,,Sideboard,3,3,8Rack,tonifm,386 tix,"$ 1,104",241852,2014-08-02,Modern Premier #7332801,modern,modern-premier-7332801,modern-premier-7332801-2014-08-02
25,2,Grafdigger's Cage,,Sideboard,3,3,8Rack,tonifm,386 tix,"$ 1,104",241852,2014-08-02,Modern Premier #7332801,modern,modern-premier-7332801,modern-premier-7332801-2014-08-02
26,2,Pithing Needle,,Sideboard,3,3,8Rack,tonifm,386 tix,"$ 1,104",241852,2014-08-02,Modern Premier #7332801,modern,modern-premier-7332801,modern-premier-7332801-2014-08-02
27,1,Surgical Extraction,,Sideboard,3,3,8Rack,tonifm,386 tix,"$ 1,104",241852,2014-08-02,Modern Premier #7332801,modern,modern-premier-7332801,modern-premier-7332801-2014-08-02
28,1,Ratchet Bomb,,Sideboard,3,3,8Rack,tonifm,386 tix,"$ 1,104",241852,2014-08-02,Modern Premier #7332801,modern,modern-premier-7332801,modern-premier-7332801-2014-08-02
29,2,Dismember,,Sideboard,3,3,8Rack,tonifm,386 tix,"$ 1,104",241852,2014-08-02,Modern Premier #7332801,modern,modern-premier-7332801,modern-premier-7332801-2014-08-02
30,3,Drown in Sorrow,,Sideboard,3,3,8Rack,tonifm,386 tix,"$ 1,104",241852,2014-08-02,Modern Premier #7332801,modern,modern-premier-7332801,modern-premier-7332801-2014-08-02
31,2,Phyrexian Obliterator,,Sideboard,3,3,8Rack,tonifm,386 tix,"$ 1,104",241852,2014-08-02,Modern Premier #7332801,modern,modern-premier-7332801,modern-premier-7332801-2014-08-02
1,4,Birds of Paradise,,Creatures,3,3,Melira Pod,Grischa__,261 tix,$ 803,241851,2014-08-02,Modern Premier #7332801,modern,modern-premier-7332801,modern-premier-7332801-2014-08-02
2,3,Noble Hierarch,,Creatures,3,3,Melira Pod,Grischa__,261 tix,$ 803,241851,2014-08-02,Modern Premier #7332801,modern,modern-premier-7332801,modern-premier-7332801-2014-08-02
3,1,Viscera Seer,,Creatures,3,3,Melira Pod,Grischa__,261 tix,$ 803,241851,2014-08-02,Modern Premier #7332801,modern,modern-premier-7332801,modern-premier-7332801-2014-08-02
4,1,"Melira, Sylvok Outcast",,Creatures,3,3,Melira Pod,Grischa__,261 tix,$ 803,241851,2014-08-02,Modern Premier #7332801,modern,modern-premier-7332801,modern-premier-7332801-2014-08-02
5,1,Qasali Pridemage,,Creatures,3,3,Melira Pod,Grischa__,261 tix,$ 803,241851,2014-08-02,Modern Premier #7332801,modern,modern-premier-7332801,modern-premier-7332801-2014-08-02
6,1,Scavenging Ooze,,Creatures,3,3,Melira Pod,Grischa__,261 tix,$ 803,241851,2014-08-02,Modern Premier #7332801,modern,modern-premier-7332801,modern-premier-7332801-2014-08-02
7,1,Spellskite,,Creatures,3,3,Melira Pod,Grischa__,261 tix,$ 803,241851,2014-08-02,Modern Premier #7332801,modern,modern-premier-7332801,modern-premier-7332801-2014-08-02
8,2,Voice of Resurgence,,Creatures,3,3,Melira Pod,Grischa__,261 tix,$ 803,241851,2014-08-02,Modern Premier #7332801,modern,modern-premier-7332801,modern-premier-7332801-2014-08-02
9,1,Wall of Roots,,Creatures,3,3,Melira Pod,Grischa__,261 tix,$ 803,241851,2014-08-02,Modern Premier #7332801,modern,modern-premier-7332801,modern-premier-7332801-2014-08-02
10,1,Eternal Witness,,Creatures,3,3,Melira Pod,Grischa__,261 tix,$ 803,241851,2014-08-02,Modern Premier #7332801,modern,modern-premier-7332801,modern-premier-7332801-2014-08-02
11,3,Kitchen Finks,,Creatures,3,3,Melira Pod,Grischa__,261 tix,$ 803,241851,2014-08-02,Modern Premier #7332801,modern,modern-premier-7332801,modern-premier-7332801-2014-08-02
12,1,Orzhov Pontiff,,Creatures,3,3,Melira Pod,Grischa__,261 tix,$ 803,241851,2014-08-02,Modern Premier #7332801,modern,modern-premier-7332801,modern-premier-7332801-2014-08-02
13,1,Sin Collector,,Creatures,3,3,Melira Pod,Grischa__,261 tix,$ 803,241851,2014-08-02,Modern Premier #7332801,modern,modern-premier-7332801,modern-premier-7332801-2014-08-02
14,1,"Linvala, Keeper of Silence",,Creatures,3,3,Melira Pod,Grischa__,261 tix,$ 803,241851,2014-08-02,Modern Premier #7332801,modern,modern-premier-7332801,modern-premier-7332801-2014-08-02
15,2,Murderous Redcap,,Creatures,3,3,Melira Pod,Grischa__,261 tix,$ 803,241851,2014-08-02,Modern Premier #7332801,modern,modern-premier-7332801,modern-premier-7332801-2014-08-02
16,1,Ranger of Eos,,Creatures,3,3,Melira Pod,Grischa__,261 tix,$ 803,241851,2014-08-02,Modern Premier #7332801,modern,modern-premier-7332801,modern-premier-7332801-2014-08-02
17,2,Restoration Angel,,Creatures,3,3,Melira Pod,Grischa__,261 tix,$ 803,241851,2014-08-02,Modern Premier #7332801,modern,modern-premier-7332801,modern-premier-7332801-2014-08-02
18,1,Reveillark,,Creatures,3,3,Melira Pod,Grischa__,261 tix,$ 803,241851,2014-08-02,Modern Premier #7332801,modern,modern-premier-7332801,modern-premier-7332801-2014-08-02
19,1,Shriekmaw,,Creatures,3,3,Melira Pod,Grischa__,261 tix,$ 803,241851,2014-08-02,Modern Premier #7332801,modern,modern-premier-7332801,modern-premier-7332801-2014-08-02
21,2,Abrupt Decay,,Spells,3,3,Melira Pod,Grischa__,261 tix,$ 803,241851,2014-08-02,Modern Premier #7332801,modern,modern-premier-7332801,modern-premier-7332801-2014-08-02
22,2,Chord of Calling,,Spells,3,3,Melira Pod,Grischa__,261 tix,$ 803,241851,2014-08-02,Modern Premier #7332801,modern,modern-premier-7332801,modern-premier-7332801-2014-08-02
24,4,Birthing Pod,,Artifacts,3,3,Melira Pod,Grischa__,261 tix,$ 803,241851,2014-08-02,Modern Premier #7332801,modern,modern-premier-7332801,modern-premier-7332801-2014-08-02
26,3,Forest,,Lands,3,3,Melira Pod,Grischa__,261 tix,$ 803,241851,2014-08-02,Modern Premier #7332801,modern,modern-premier-7332801,modern-premier-7332801-2014-08-02
27,3,Gavony Township,,Lands,3,3,Melira Pod,Grischa__,261 tix,$ 803,241851,2014-08-02,Modern Premier #7332801,modern,modern-premier-7332801,modern-premier-7332801-2014-08-02
28,1,Godless Shrine,,Lands,3,3,Melira Pod,Grischa__,261 tix,$ 803,241851,2014-08-02,Modern Premier #7332801,modern,modern-premier-7332801,modern-premier-7332801-2014-08-02
29,4,Marsh Flats,,Lands,3,3,Melira Pod,Grischa__,261 tix,$ 803,241851,2014-08-02,Modern Premier #7332801,modern,modern-premier-7332801,modern-premier-7332801-2014-08-02
30,2,Overgrown Tomb,,Lands,3,3,Melira Pod,Grischa__,261 tix,$ 803,241851,2014-08-02,Modern Premier #7332801,modern,modern-premier-7332801,modern-premier-7332801-2014-08-02
31,4,Razorverge Thicket,,Lands,3,3,Melira Pod,Grischa__,261 tix,$ 803,241851,2014-08-02,Modern Premier #7332801,modern,modern-premier-7332801,modern-premier-7332801-2014-08-02
32,1,Swamp,,Lands,3,3,Melira Pod,Grischa__,261 tix,$ 803,241851,2014-08-02,Modern Premier #7332801,modern,modern-premier-7332801,modern-premier-7332801-2014-08-02
33,1,Temple Garden,,Lands,3,3,Melira Pod,Grischa__,261 tix,$ 803,241851,2014-08-02,Modern Premier #7332801,modern,modern-premier-7332801,modern-premier-7332801-2014-08-02
34,4,Verdant Catacombs,,Lands,3,3,Melira Pod,Grischa__,261 tix,$ 803,241851,2014-08-02,Modern Premier #7332801,modern,modern-premier-7332801,modern-premier-7332801-2014-08-02
36,1,Slaughter Pact,,Sideboard,3,3,Melira Pod,Grischa__,261 tix,$ 803,241851,2014-08-02,Modern Premier #7332801,modern,modern-premier-7332801,modern-premier-7332801-2014-08-02
37,4,Thoughtseize,,Sideboard,3,3,Melira Pod,Grischa__,261 tix,$ 803,241851,2014-08-02,Modern Premier #7332801,modern,modern-premier-7332801,modern-premier-7332801-2014-08-02
38,1,Ethersworn Canonist,,Sideboard,3,3,Melira Pod,Grischa__,261 tix,$ 803,241851,2014-08-02,Modern Premier #7332801,modern,modern-premier-7332801,modern-premier-7332801-2014-08-02
39,1,"Kataki, War's Wage",,Sideboard,3,3,Melira Pod,Grischa__,261 tix,$ 803,241851,2014-08-02,Modern Premier #7332801,modern,modern-premier-7332801,modern-premier-7332801-2014-08-02
40,1,Scavenging Ooze,,Sideboard,3,3,Melira Pod,Grischa__,261 tix,$ 803,241851,2014-08-02,Modern Premier #7332801,modern,modern-premier-7332801,modern-premier-7332801-2014-08-02
41,2,Dismember,,Sideboard,3,3,Melira Pod,Grischa__,261 tix,$ 803,241851,2014-08-02,Modern Premier #7332801,modern,modern-premier-7332801,modern-premier-7332801-2014-08-02
42,1,Lingering Souls,,Sideboard,3,3,Melira Pod,Grischa__,261 tix,$ 803,241851,2014-08-02,Modern Premier #7332801,modern,modern-premier-7332801,modern-premier-7332801-2014-08-02
43,1,Reclamation Sage,,Sideboard,3,3,Melira Pod,Grischa__,261 tix,$ 803,241851,2014-08-02,Modern Premier #7332801,modern,modern-premier-7332801,modern-premier-7332801-2014-08-02
44,1,Sin Collector,,Sideboard,3,3,Melira Pod,Grischa__,261 tix,$ 803,241851,2014-08-02,Modern Premier #7332801,modern,modern-premier-7332801,modern-premier-7332801-2014-08-02
45,1,Entomber Exarch,,Sideboard,3,3,Melira Pod,Grischa__,261 tix,$ 803,241851,2014-08-02,Modern Premier #7332801,modern,modern-premier-7332801,modern-premier-7332801-2014-08-02
46,1,Restoration Angel,,Sideboard,3,3,Melira Pod,Grischa__,261 tix,$ 803,241851,2014-08-02,Modern Premier #7332801,modern,modern-premier-7332801,modern-premier-7332801-2014-08-02
1,4,Snapcaster Mage,,Creatures,3,3,Splinter Twin,Satoru_Tei,297 tix,"$ 1,144",241850,2014-08-02,Modern Premier #7332801,modern,modern-premier-7332801,modern-premier-7332801-2014-08-02
2,4,Deceiver Exarch,,Creatures,3,3,Splinter Twin,Satoru_Tei,297 tix,"$ 1,144",241850,2014-08-02,Modern Premier #7332801,modern,modern-premier-7332801,modern-premier-7332801-2014-08-02
3,4,Pestermite,,Creatures,3,3,Splinter Twin,Satoru_Tei,297 tix,"$ 1,144",241850,2014-08-02,Modern Premier #7332801,modern,modern-premier-7332801,modern-premier-7332801-2014-08-02
4,2,Vendilion Clique,,Creatures,3,3,Splinter Twin,Satoru_Tei,297 tix,"$ 1,144",241850,2014-08-02,Modern Premier #7332801,modern,modern-premier-7332801,modern-premier-7332801-2014-08-02
6,4,Lightning Bolt,,Spells,3,3,Splinter Twin,Satoru_Tei,297 tix,"$ 1,144",241850,2014-08-02,Modern Premier #7332801,modern,modern-premier-7332801,modern-premier-7332801-2014-08-02
7,4,Serum Visions,,Spells,3,3,Splinter Twin,Satoru_Tei,297 tix,"$ 1,144",241850,2014-08-02,Modern Premier #7332801,modern,modern-premier-7332801,modern-premier-7332801-2014-08-02
8,2,Spell Snare,,Spells,3,3,Splinter Twin,Satoru_Tei,297 tix,"$ 1,144",241850,2014-08-02,Modern Premier #7332801,modern,modern-premier-7332801,modern-premier-7332801-2014-08-02
9,3,Remand,,Spells,3,3,Splinter Twin,Satoru_Tei,297 tix,"$ 1,144",241850,2014-08-02,Modern Premier #7332801,modern,modern-premier-7332801,modern-premier-7332801-2014-08-02
10,2,Cryptic Command,,Spells,3,3,Splinter Twin,Satoru_Tei,297 tix,"$ 1,144",241850,2014-08-02,Modern Premier #7332801,modern,modern-premier-7332801,modern-premier-7332801-2014-08-02
12,3,Spreading Seas,,Enchantments,3,3,Splinter Twin,Satoru_Tei,297 tix,"$ 1,144",241850,2014-08-02,Modern Premier #7332801,modern,modern-premier-7332801,modern-premier-7332801-2014-08-02
13,2,Blood Moon,,Enchantments,3,3,Splinter Twin,Satoru_Tei,297 tix,"$ 1,144",241850,2014-08-02,Modern Premier #7332801,modern,modern-premier-7332801,modern-premier-7332801-2014-08-02
14,4,Splinter Twin,,Enchantments,3,3,Splinter Twin,Satoru_Tei,297 tix,"$ 1,144",241850,2014-08-02,Modern Premier #7332801,modern,modern-premier-7332801,modern-premier-7332801-2014-08-02
16,1,Breeding Pool,,Lands,3,3,Splinter Twin,Satoru_Tei,297 tix,"$ 1,144",241850,2014-08-02,Modern Premier #7332801,modern,modern-premier-7332801,modern-premier-7332801-2014-08-02
17,1,Desolate Lighthouse,,Lands,3,3,Splinter Twin,Satoru_Tei,297 tix,"$ 1,144",241850,2014-08-02,Modern Premier #7332801,modern,modern-premier-7332801,modern-premier-7332801-2014-08-02
18,5,Island,,Lands,3,3,Splinter Twin,Satoru_Tei,297 tix,"$ 1,144",241850,2014-08-02,Modern Premier #7332801,modern,modern-premier-7332801,modern-premier-7332801-2014-08-02
19,4,Misty Rainforest,,Lands,3,3,Splinter Twin,Satoru_Tei,297 tix,"$ 1,144",241850,2014-08-02,Modern Premier #7332801,modern,modern-premier-7332801,modern-premier-7332801-2014-08-02
20,2,Mountain,,Lands,3,3,Splinter Twin,Satoru_Tei,297 tix,"$ 1,144",241850,2014-08-02,Modern Premier #7332801,modern,modern-premier-7332801,modern-premier-7332801-2014-08-02
21,4,Scalding Tarn,,Lands,3,3,Splinter Twin,Satoru_Tei,297 tix,"$ 1,144",241850,2014-08-02,Modern Premier #7332801,modern,modern-premier-7332801,modern-premier-7332801-2014-08-02
22,3,Steam Vents,,Lands,3,3,Splinter Twin,Satoru_Tei,297 tix,"$ 1,144",241850,2014-08-02,Modern Premier #7332801,modern,modern-premier-7332801,modern-premier-7332801-2014-08-02
23,2,Sulfur Falls,,Lands,3,3,Splinter Twin,Satoru_Tei,297 tix,"$ 1,144",241850,2014-08-02,Modern Premier #7332801,modern,modern-premier-7332801,modern-premier-7332801-2014-08-02
25,1,Dispel,,Sideboard,3,3,Splinter Twin,Satoru_Tei,297 tix,"$ 1,144",241850,2014-08-02,Modern Premier #7332801,modern,modern-premier-7332801,modern-premier-7332801-2014-08-02
26,2,Relic of Progenitus,,Sideboard,3,3,Splinter Twin,Satoru_Tei,297 tix,"$ 1,144",241850,2014-08-02,Modern Premier #7332801,modern,modern-premier-7332801,modern-premier-7332801-2014-08-02
27,2,Ancient Grudge,,Sideboard,3,3,Splinter Twin,Satoru_Tei,297 tix,"$ 1,144",241850,2014-08-02,Modern Premier #7332801,modern,modern-premier-7332801,modern-premier-7332801-2014-08-02
28,1,Combust,,Sideboard,3,3,Splinter Twin,Satoru_Tei,297 tix,"$ 1,144",241850,2014-08-02,Modern Premier #7332801,modern,modern-premier-7332801,modern-premier-7332801-2014-08-02
29,1,Negate,,Sideboard,3,3,Splinter Twin,Satoru_Tei,297 tix,"$ 1,144",241850,2014-08-02,Modern Premier #7332801,modern,modern-premier-7332801,modern-premier-7332801-2014-08-02
30,1,Swerve,,Sideboard,3,3,Splinter Twin,Satoru_Tei,297 tix,"$ 1,144",241850,2014-08-02,Modern Premier #7332801,modern,modern-premier-7332801,modern-premier-7332801-2014-08-02
31,2,Anger of the Gods,,Sideboard,3,3,Splinter Twin,Satoru_Tei,297 tix,"$ 1,144",241850,2014-08-02,Modern Premier #7332801,modern,modern-premier-7332801,modern-premier-7332801-2014-08-02
32,1,Counterflux,,Sideboard,3,3,Splinter Twin,Satoru_Tei,297 tix,"$ 1,144",241850,2014-08-02,Modern Premier #7332801,modern,modern-premier-7332801,modern-premier-7332801-2014-08-02
33,2,Sower of Temptation,,Sideboard,3,3,Splinter Twin,Satoru_Tei,297 tix,"$ 1,144",241850,2014-08-02,Modern Premier #7332801,modern,modern-premier-7332801,modern-premier-7332801-2014-08-02
34,1,Batterskull,,Sideboard,3,3,Splinter Twin,Satoru_Tei,297 tix,"$ 1,144",241850,2014-08-02,Modern Premier #7332801,modern,modern-premier-7332801,modern-premier-7332801-2014-08-02
35,1,"Keranos, God of Storms",,Sideboard,3,3,Splinter Twin,Satoru_Tei,297 tix,"$ 1,144",241850,2014-08-02,Modern Premier #7332801,modern,modern-premier-7332801,modern-premier-7332801-2014-08-02
1,4,Delver of Secrets,,Creatures,3,3,UR Delver,giomary,252 tix,"$ 1,001",241849,2014-08-02,Modern Premier #7332801,modern,modern-premier-7332801,modern-premier-7332801-2014-08-02
2,2,Grim Lavamancer,,Creatures,3,3,UR Delver,giomary,252 tix,"$ 1,001",241849,2014-08-02,Modern Premier #7332801,modern,modern-premier-7332801,modern-premier-7332801-2014-08-02
3,4,Snapcaster Mage,,Creatures,3,3,UR Delver,giomary,252 tix,"$ 1,001",241849,2014-08-02,Modern Premier #7332801,modern,modern-premier-7332801,modern-premier-7332801-2014-08-02
4,4,Young Pyromancer,,Creatures,3,3,UR Delver,giomary,252 tix,"$ 1,001",241849,2014-08-02,Modern Premier #7332801,modern,modern-premier-7332801,modern-premier-7332801-2014-08-02
6,4,Gitaxian Probe,,Spells,3,3,UR Delver,giomary,252 tix,"$ 1,001",241849,2014-08-02,Modern Premier #7332801,modern,modern-premier-7332801,modern-premier-7332801-2014-08-02
7,4,Lightning Bolt,,Spells,3,3,UR Delver,giomary,252 tix,"$ 1,001",241849,2014-08-02,Modern Premier #7332801,modern,modern-premier-7332801,modern-premier-7332801-2014-08-02
8,2,Pillar of Flame,,Spells,3,3,UR Delver,giomary,252 tix,"$ 1,001",241849,2014-08-02,Modern Premier #7332801,modern,modern-premier-7332801,modern-premier-7332801-2014-08-02
9,4,Serum Visions,,Spells,3,3,UR Delver,giomary,252 tix,"$ 1,001",241849,2014-08-02,Modern Premier #7332801,modern,modern-premier-7332801,modern-premier-7332801-2014-08-02
10,1,Spell Pierce,,Spells,3,3,UR Delver,giomary,252 tix,"$ 1,001",241849,2014-08-02,Modern Premier #7332801,modern,modern-premier-7332801,modern-premier-7332801-2014-08-02
11,2,Spell Snare,,Spells,3,3,UR Delver,giomary,252 tix,"$ 1,001",241849,2014-08-02,Modern Premier #7332801,modern,modern-premier-7332801,modern-premier-7332801-2014-08-02
12,2,Vapor Snag,,Spells,3,3,UR Delver,giomary,252 tix,"$ 1,001",241849,2014-08-02,Modern Premier #7332801,modern,modern-premier-7332801,modern-premier-7332801-2014-08-02
13,3,Mana Leak,,Spells,3,3,UR Delver,giomary,252 tix,"$ 1,001",241849,2014-08-02,Modern Premier #7332801,modern,modern-premier-7332801,modern-premier-7332801-2014-08-02
14,3,Remand,,Spells,3,3,UR Delver,giomary,252 tix,"$ 1,001",241849,2014-08-02,Modern Premier #7332801,modern,modern-premier-7332801,modern-premier-7332801-2014-08-02
15,1,Electrolyze,,Spells,3,3,UR Delver,giomary,252 tix,"$ 1,001",241849,2014-08-02,Modern Premier #7332801,modern,modern-premier-7332801,modern-premier-7332801-2014-08-02
17,1,Sword of Fire and Ice,,Artifacts,3,3,UR Delver,giomary,252 tix,"$ 1,001",241849,2014-08-02,Modern Premier #7332801,modern,modern-premier-7332801,modern-premier-7332801-2014-08-02
19,6,Island,,Lands,3,3,UR Delver,giomary,252 tix,"$ 1,001",241849,2014-08-02,Modern Premier #7332801,modern,modern-premier-7332801,modern-premier-7332801-2014-08-02
20,2,Mountain,,Lands,3,3,UR Delver,giomary,252 tix,"$ 1,001",241849,2014-08-02,Modern Premier #7332801,modern,modern-premier-7332801,modern-premier-7332801-2014-08-02
21,4,Scalding Tarn,,Lands,3,3,UR Delver,giomary,252 tix,"$ 1,001",241849,2014-08-02,Modern Premier #7332801,modern,modern-premier-7332801,modern-premier-7332801-2014-08-02
22,4,Steam Vents,,Lands,3,3,UR Delver,giomary,252 tix,"$ 1,001",241849,2014-08-02,Modern Premier #7332801,modern,modern-premier-7332801,modern-premier-7332801-2014-08-02
23,3,Sulfur Falls,,Lands,3,3,UR Delver,giomary,252 tix,"$ 1,001",241849,2014-08-02,Modern Premier #7332801,modern,modern-premier-7332801,modern-premier-7332801-2014-08-02
25,1,Engineered Explosives,,Sideboard,3,3,UR Delver,giomary,252 tix,"$ 1,001",241849,2014-08-02,Modern Premier #7332801,modern,modern-premier-7332801,modern-premier-7332801-2014-08-02
26,2,Relic of Progenitus,,Sideboard,3,3,UR Delver,giomary,252 tix,"$ 1,001",241849,2014-08-02,Modern Premier #7332801,modern,modern-premier-7332801,modern-premier-7332801-2014-08-02
27,2,Shattering Spree,,Sideboard,3,3,UR Delver,giomary,252 tix,"$ 1,001",241849,2014-08-02,Modern Premier #7332801,modern,modern-premier-7332801,modern-premier-7332801-2014-08-02
28,2,Combust,,Sideboard,3,3,UR Delver,giomary,252 tix,"$ 1,001",241849,2014-08-02,Modern Premier #7332801,modern,modern-premier-7332801,modern-premier-7332801-2014-08-02
29,2,Spellskite,,Sideboard,3,3,UR Delver,giomary,252 tix,"$ 1,001",241849,2014-08-02,Modern Premier #7332801,modern,modern-premier-7332801,modern-premier-7332801-2014-08-02
30,2,Blood Moon,,Sideboard,3,3,UR Delver,giomary,252 tix,"$ 1,001",241849,2014-08-02,Modern Premier #7332801,modern,modern-premier-7332801,modern-premier-7332801-2014-08-02
31,2,Counterflux,,Sideboard,3,3,UR Delver,giomary,252 tix,"$ 1,001",241849,2014-08-02,Modern Premier #7332801,modern,modern-premier-7332801,modern-premier-7332801-2014-08-02
32,1,Izzet Staticaster,,Sideboard,3,3,UR Delver,giomary,252 tix,"$ 1,001",241849,2014-08-02,Modern Premier #7332801,modern,modern-premier-7332801,modern-premier-7332801-2014-08-02
33,1,Threads of Disloyalty,,Sideboard,3,3,UR Delver,giomary,252 tix,"$ 1,001",241849,2014-08-02,Modern Premier #7332801,modern,modern-premier-7332801,modern-premier-7332801-2014-08-02
1,3,Memnite,,Creatures,4,0,Affinity,austindz2,412 tix,$ 970,241856,2014-08-02,Modern Daily #7332810,modern,modern-daily-7332810,modern-daily-7332810-2014-08-02
2,4,Ornithopter,,Creatures,4,0,Affinity,austindz2,412 tix,$ 970,241856,2014-08-02,Modern Daily #7332810,modern,modern-daily-7332810,modern-daily-7332810-2014-08-02
3,4,Signal Pest,,Creatures,4,0,Affinity,austindz2,412 tix,$ 970,241856,2014-08-02,Modern Daily #7332810,modern,modern-daily-7332810,modern-daily-7332810-2014-08-02
4,4,Arcbound Ravager,,Creatures,4,0,Affinity,austindz2,412 tix,$ 970,241856,2014-08-02,Modern Daily #7332810,modern,modern-daily-7332810,modern-daily-7332810-2014-08-02
5,4,Steel Overseer,,Creatures,4,0,Affinity,austindz2,412 tix,$ 970,241856,2014-08-02,Modern Daily #7332810,modern,modern-daily-7332810,modern-daily-7332810-2014-08-02
6,4,Vault Skirge,,Creatures,4,0,Affinity,austindz2,412 tix,$ 970,241856,2014-08-02,Modern Daily #7332810,modern,modern-daily-7332810,modern-daily-7332810-2014-08-02
7,2,Etched Champion,,Creatures,4,0,Affinity,austindz2,412 tix,$ 970,241856,2014-08-02,Modern Daily #7332810,modern,modern-daily-7332810,modern-daily-7332810-2014-08-02
8,2,Master of Etherium,,Creatures,4,0,Affinity,austindz2,412 tix,$ 970,241856,2014-08-02,Modern Daily #7332810,modern,modern-daily-7332810,modern-daily-7332810-2014-08-02
10,2,Galvanic Blast,,Spells,4,0,Affinity,austindz2,412 tix,$ 970,241856,2014-08-02,Modern Daily #7332810,modern,modern-daily-7332810,modern-daily-7332810-2014-08-02
11,2,Thoughtcast,,Spells,4,0,Affinity,austindz2,412 tix,$ 970,241856,2014-08-02,Modern Daily #7332810,modern,modern-daily-7332810,modern-daily-7332810-2014-08-02
13,4,Mox Opal,,Artifacts,4,0,Affinity,austindz2,412 tix,$ 970,241856,2014-08-02,Modern Daily #7332810,modern,modern-daily-7332810,modern-daily-7332810-2014-08-02
14,4,Springleaf Drum,,Artifacts,4,0,Affinity,austindz2,412 tix,$ 970,241856,2014-08-02,Modern Daily #7332810,modern,modern-daily-7332810,modern-daily-7332810-2014-08-02
15,4,Cranial Plating,,Artifacts,4,0,Affinity,austindz2,412 tix,$ 970,241856,2014-08-02,Modern Daily #7332810,modern,modern-daily-7332810,modern-daily-7332810-2014-08-02
17,4,Blinkmoth Nexus,,Lands,4,0,Affinity,austindz2,412 tix,$ 970,241856,2014-08-02,Modern Daily #7332810,modern,modern-daily-7332810,modern-daily-7332810-2014-08-02
18,4,Darksteel Citadel,,Lands,4,0,Affinity,austindz2,412 tix,$ 970,241856,2014-08-02,Modern Daily #7332810,modern,modern-daily-7332810,modern-daily-7332810-2014-08-02
19,4,Glimmervoid,,Lands,4,0,Affinity,austindz2,412 tix,$ 970,241856,2014-08-02,Modern Daily #7332810,modern,modern-daily-7332810,modern-daily-7332810-2014-08-02
20,4,Inkmoth Nexus,,Lands,4,0,Affinity,austindz2,412 tix,$ 970,241856,2014-08-02,Modern Daily #7332810,modern,modern-daily-7332810,modern-daily-7332810-2014-08-02
21,1,Island,,Lands,4,0,Affinity,austindz2,412 tix,$ 970,241856,2014-08-02,Modern Daily #7332810,modern,modern-daily-7332810,modern-daily-7332810-2014-08-02
23,1,Grafdigger's Cage,,Sideboard,4,0,Affinity,austindz2,412 tix,$ 970,241856,2014-08-02,Modern Daily #7332810,modern,modern-daily-7332810,modern-daily-7332810-2014-08-02
24,1,Gut Shot,,Sideboard,4,0,Affinity,austindz2,412 tix,$ 970,241856,2014-08-02,Modern Daily #7332810,modern,modern-daily-7332810,modern-daily-7332810-2014-08-02
25,1,Illness in the Ranks,,Sideboard,4,0,Affinity,austindz2,412 tix,$ 970,241856,2014-08-02,Modern Daily #7332810,modern,modern-daily-7332810,modern-daily-7332810-2014-08-02
26,2,Thoughtseize,,Sideboard,4,0,Affinity,austindz2,412 tix,$ 970,241856,2014-08-02,Modern Daily #7332810,modern,modern-daily-7332810,modern-daily-7332810-2014-08-02
27,2,Ancient Grudge,,Sideboard,4,0,Affinity,austindz2,412 tix,$ 970,241856,2014-08-02,Modern Daily #7332810,modern,modern-daily-7332810,modern-daily-7332810-2014-08-02
28,2,Spellskite,,Sideboard,4,0,Affinity,austindz2,412 tix,$ 970,241856,2014-08-02,Modern Daily #7332810,modern,modern-daily-7332810,modern-daily-7332810-2014-08-02
29,1,Whipflare,,Sideboard,4,0,Affinity,austindz2,412 tix,$ 970,241856,2014-08-02,Modern Daily #7332810,modern,modern-daily-7332810,modern-daily-7332810-2014-08-02
30,2,Blood Moon,,Sideboard,4,0,Affinity,austindz2,412 tix,$ 970,241856,2014-08-02,Modern Daily #7332810,modern,modern-daily-7332810,modern-daily-7332810-2014-08-02
31,1,Dismember,,Sideboard,4,0,Affinity,austindz2,412 tix,$ 970,241856,2014-08-02,Modern Daily #7332810,modern,modern-daily-7332810,modern-daily-7332810-2014-08-02
32,2,Etched Champion,,Sideboard,4,0,Affinity,austindz2,412 tix,$ 970,241856,2014-08-02,Modern Daily #7332810,modern,modern-daily-7332810,modern-daily-7332810-2014-08-02
1,1,Sakura-Tribe Scout,,Creatures,4,0,Amulet Bloom,shinolikesbugs,212 tix,$ 521,241855,2014-08-02,Modern Daily #7332810,modern,modern-daily-7332810,modern-daily-7332810-2014-08-02
2,2,"Azusa, Lost but Seeking",,Creatures,4,0,Amulet Bloom,shinolikesbugs,212 tix,$ 521,241855,2014-08-02,Modern Daily #7332810,modern,modern-daily-7332810,modern-daily-7332810-2014-08-02
3,4,Primeval Titan,,Creatures,4,0,Amulet Bloom,shinolikesbugs,212 tix,$ 521,241855,2014-08-02,Modern Daily #7332810,modern,modern-daily-7332810,modern-daily-7332810-2014-08-02
5,2,Pact of Negation,,Spells,4,0,Amulet Bloom,shinolikesbugs,212 tix,$ 521,241855,2014-08-02,Modern Daily #7332810,modern,modern-daily-7332810,modern-daily-7332810-2014-08-02
6,1,Slaughter Pact,,Spells,4,0,Amulet Bloom,shinolikesbugs,212 tix,$ 521,241855,2014-08-02,Modern Daily #7332810,modern,modern-daily-7332810,modern-daily-7332810-2014-08-02
7,4,Summoner's Pact,,Spells,4,0,Amulet Bloom,shinolikesbugs,212 tix,$ 521,241855,2014-08-02,Modern Daily #7332810,modern,modern-daily-7332810,modern-daily-7332810-2014-08-02
8,4,Ancient Stirrings,,Spells,4,0,Amulet Bloom,shinolikesbugs,212 tix,$ 521,241855,2014-08-02,Modern Daily #7332810,modern,modern-daily-7332810,modern-daily-7332810-2014-08-02
9,4,Serum Visions,,Spells,4,0,Amulet Bloom,shinolikesbugs,212 tix,$ 521,241855,2014-08-02,Modern Daily #7332810,modern,modern-daily-7332810,modern-daily-7332810-2014-08-02
10,4,Summer Bloom,,Spells,4,0,Amulet Bloom,shinolikesbugs,212 tix,$ 521,241855,2014-08-02,Modern Daily #7332810,modern,modern-daily-7332810,modern-daily-7332810-2014-08-02
12,4,Amulet of Vigor,,Artifacts,4,0,Amulet Bloom,shinolikesbugs,212 tix,$ 521,241855,2014-08-02,Modern Daily #7332810,modern,modern-daily-7332810,modern-daily-7332810-2014-08-02
14,3,Hive Mind,,Enchantments,4,0,Amulet Bloom,shinolikesbugs,212 tix,$ 521,241855,2014-08-02,Modern Daily #7332810,modern,modern-daily-7332810,modern-daily-7332810-2014-08-02
16,1,Boros Garrison,,Lands,4,0,Amulet Bloom,shinolikesbugs,212 tix,$ 521,241855,2014-08-02,Modern Daily #7332810,modern,modern-daily-7332810,modern-daily-7332810-2014-08-02
17,1,Cavern of Souls,,Lands,4,0,Amulet Bloom,shinolikesbugs,212 tix,$ 521,241855,2014-08-02,Modern Daily #7332810,modern,modern-daily-7332810,modern-daily-7332810-2014-08-02
18,1,Forest,,Lands,4,0,Amulet Bloom,shinolikesbugs,212 tix,$ 521,241855,2014-08-02,Modern Daily #7332810,modern,modern-daily-7332810,modern-daily-7332810-2014-08-02
19,3,Gemstone Mine,,Lands,4,0,Amulet Bloom,shinolikesbugs,212 tix,$ 521,241855,2014-08-02,Modern Daily #7332810,modern,modern-daily-7332810,modern-daily-7332810-2014-08-02
20,1,Golgari Rot Farm,,Lands,4,0,Amulet Bloom,shinolikesbugs,212 tix,$ 521,241855,2014-08-02,Modern Daily #7332810,modern,modern-daily-7332810,modern-daily-7332810-2014-08-02
21,3,Gruul Turf,,Lands,4,0,Amulet Bloom,shinolikesbugs,212 tix,$ 521,241855,2014-08-02,Modern Daily #7332810,modern,modern-daily-7332810,modern-daily-7332810-2014-08-02
22,1,Kabira Crossroads,,Lands,4,0,Amulet Bloom,shinolikesbugs,212 tix,$ 521,241855,2014-08-02,Modern Daily #7332810,modern,modern-daily-7332810,modern-daily-7332810-2014-08-02
23,1,Khalni Garden,,Lands,4,0,Amulet Bloom,shinolikesbugs,212 tix,$ 521,241855,2014-08-02,Modern Daily #7332810,modern,modern-daily-7332810,modern-daily-7332810-2014-08-02
24,1,Selesnya Sanctuary,,Lands,4,0,Amulet Bloom,shinolikesbugs,212 tix,$ 521,241855,2014-08-02,Modern Daily #7332810,modern,modern-daily-7332810,modern-daily-7332810-2014-08-02
25,4,Simic Growth Chamber,,Lands,4,0,Amulet Bloom,shinolikesbugs,212 tix,$ 521,241855,2014-08-02,Modern Daily #7332810,modern,modern-daily-7332810,modern-daily-7332810-2014-08-02
26,1,Slayers' Stronghold,,Lands,4,0,Amulet Bloom,shinolikesbugs,212 tix,$ 521,241855,2014-08-02,Modern Daily #7332810,modern,modern-daily-7332810,modern-daily-7332810-2014-08-02
27,1,"Sunhome, Fortress of the Legion",,Lands,4,0,Amulet Bloom,shinolikesbugs,212 tix,$ 521,241855,2014-08-02,Modern Daily #7332810,modern,modern-daily-7332810,modern-daily-7332810-2014-08-02
28,1,Temple of Mystery,,Lands,4,0,Amulet Bloom,shinolikesbugs,212 tix,$ 521,241855,2014-08-02,Modern Daily #7332810,modern,modern-daily-7332810,modern-daily-7332810-2014-08-02
29,3,Tendo Ice Bridge,,Lands,4,0,Amulet Bloom,shinolikesbugs,212 tix,$ 521,241855,2014-08-02,Modern Daily #7332810,modern,modern-daily-7332810,modern-daily-7332810-2014-08-02
30,3,Tolaria West,,Lands,4,0,Amulet Bloom,shinolikesbugs,212 tix,$ 521,241855,2014-08-02,Modern Daily #7332810,modern,modern-daily-7332810,modern-daily-7332810-2014-08-02
31,1,Vesuva,,Lands,4,0,Amulet Bloom,shinolikesbugs,212 tix,$ 521,241855,2014-08-02,Modern Daily #7332810,modern,modern-daily-7332810,modern-daily-7332810-2014-08-02
33,1,Engineered Explosives,,Sideboard,4,0,Amulet Bloom,shinolikesbugs,212 tix,$ 521,241855,2014-08-02,Modern Daily #7332810,modern,modern-daily-7332810,modern-daily-7332810-2014-08-02
34,1,Ghost Quarter,,Sideboard,4,0,Amulet Bloom,shinolikesbugs,212 tix,$ 521,241855,2014-08-02,Modern Daily #7332810,modern,modern-daily-7332810,modern-daily-7332810-2014-08-02
35,1,Grafdigger's Cage,,Sideboard,4,0,Amulet Bloom,shinolikesbugs,212 tix,$ 521,241855,2014-08-02,Modern Daily #7332810,modern,modern-daily-7332810,modern-daily-7332810-2014-08-02
36,1,Pithing Needle,,Sideboard,4,0,Amulet Bloom,shinolikesbugs,212 tix,$ 521,241855,2014-08-02,Modern Daily #7332810,modern,modern-daily-7332810,modern-daily-7332810-2014-08-02
37,2,Pyroclasm,,Sideboard,4,0,Amulet Bloom,shinolikesbugs,212 tix,$ 521,241855,2014-08-02,Modern Daily #7332810,modern,modern-daily-7332810,modern-daily-7332810-2014-08-02
38,3,Seal of Primordium,,Sideboard,4,0,Amulet Bloom,shinolikesbugs,212 tix,$ 521,241855,2014-08-02,Modern Daily #7332810,modern,modern-daily-7332810,modern-daily-7332810-2014-08-02
39,2,Stony Silence,,Sideboard,4,0,Amulet Bloom,shinolikesbugs,212 tix,$ 521,241855,2014-08-02,Modern Daily #7332810,modern,modern-daily-7332810,modern-daily-7332810-2014-08-02
40,2,Dismember,,Sideboard,4,0,Amulet Bloom,shinolikesbugs,212 tix,$ 521,241855,2014-08-02,Modern Daily #7332810,modern,modern-daily-7332810,modern-daily-7332810-2014-08-02
41,2,Eternal Witness,,Sideboard,4,0,Amulet Bloom,shinolikesbugs,212 tix,$ 521,241855,2014-08-02,Modern Daily #7332810,modern,modern-daily-7332810,modern-daily-7332810-2014-08-02
1,4,Dark Confidant,,Creatures,4,0,Jund,bone55,590 tix,"$ 2,107",241854,2014-08-02,Modern Daily #7332810,modern,modern-daily-7332810,modern-daily-7332810-2014-08-02
2,3,Scavenging Ooze,,Creatures,4,0,Jund,bone55,590 tix,"$ 2,107",241854,2014-08-02,Modern Daily #7332810,modern,modern-daily-7332810,modern-daily-7332810-2014-08-02
3,4,Tarmogoyf,,Creatures,4,0,Jund,bone55,590 tix,"$ 2,107",241854,2014-08-02,Modern Daily #7332810,modern,modern-daily-7332810,modern-daily-7332810-2014-08-02
4,2,Huntmaster of the Fells,,Creatures,4,0,Jund,bone55,590 tix,"$ 2,107",241854,2014-08-02,Modern Daily #7332810,modern,modern-daily-7332810,modern-daily-7332810-2014-08-02
6,4,Liliana of the Veil,,Planeswalkers,4,0,Jund,bone55,590 tix,"$ 2,107",241854,2014-08-02,Modern Daily #7332810,modern,modern-daily-7332810,modern-daily-7332810-2014-08-02
7,2,"Chandra, Pyromaster",,Planeswalkers,4,0,Jund,bone55,590 tix,"$ 2,107",241854,2014-08-02,Modern Daily #7332810,modern,modern-daily-7332810,modern-daily-7332810-2014-08-02
9,1,Slaughter Pact,,Spells,4,0,Jund,bone55,590 tix,"$ 2,107",241854,2014-08-02,Modern Daily #7332810,modern,modern-daily-7332810,modern-daily-7332810-2014-08-02
10,1,Burst Lightning,,Spells,4,0,Jund,bone55,590 tix,"$ 2,107",241854,2014-08-02,Modern Daily #7332810,modern,modern-daily-7332810,modern-daily-7332810-2014-08-02
11,4,Inquisition of Kozilek,,Spells,4,0,Jund,bone55,590 tix,"$ 2,107",241854,2014-08-02,Modern Daily #7332810,modern,modern-daily-7332810,modern-daily-7332810-2014-08-02
12,3,Lightning Bolt,,Spells,4,0,Jund,bone55,590 tix,"$ 2,107",241854,2014-08-02,Modern Daily #7332810,modern,modern-daily-7332810,modern-daily-7332810-2014-08-02
13,3,Thoughtseize,,Spells,4,0,Jund,bone55,590 tix,"$ 2,107",241854,2014-08-02,Modern Daily #7332810,modern,modern-daily-7332810,modern-daily-7332810-2014-08-02
14,2,Abrupt Decay,,Spells,4,0,Jund,bone55,590 tix,"$ 2,107",241854,2014-08-02,Modern Daily #7332810,modern,modern-daily-7332810,modern-daily-7332810-2014-08-02
15,2,Terminate,,Spells,4,0,Jund,bone55,590 tix,"$ 2,107",241854,2014-08-02,Modern Daily #7332810,modern,modern-daily-7332810,modern-daily-7332810-2014-08-02
17,4,Blackcleave Cliffs,,Lands,4,0,Jund,bone55,590 tix,"$ 2,107",241854,2014-08-02,Modern Daily #7332810,modern,modern-daily-7332810,modern-daily-7332810-2014-08-02
18,1,Blood Crypt,,Lands,4,0,Jund,bone55,590 tix,"$ 2,107",241854,2014-08-02,Modern Daily #7332810,modern,modern-daily-7332810,modern-daily-7332810-2014-08-02
19,1,Forest,,Lands,4,0,Jund,bone55,590 tix,"$ 2,107",241854,2014-08-02,Modern Daily #7332810,modern,modern-daily-7332810,modern-daily-7332810-2014-08-02
20,3,Marsh Flats,,Lands,4,0,Jund,bone55,590 tix,"$ 2,107",241854,2014-08-02,Modern Daily #7332810,modern,modern-daily-7332810,modern-daily-7332810-2014-08-02
21,2,Overgrown Tomb,,Lands,4,0,Jund,bone55,590 tix,"$ 2,107",241854,2014-08-02,Modern Daily #7332810,modern,modern-daily-7332810,modern-daily-7332810-2014-08-02
22,4,Raging Ravine,,Lands,4,0,Jund,bone55,590 tix,"$ 2,107",241854,2014-08-02,Modern Daily #7332810,modern,modern-daily-7332810,modern-daily-7332810-2014-08-02
23,1,Stomping Ground,,Lands,4,0,Jund,bone55,590 tix,"$ 2,107",241854,2014-08-02,Modern Daily #7332810,modern,modern-daily-7332810,modern-daily-7332810-2014-08-02
24,2,Swamp,,Lands,4,0,Jund,bone55,590 tix,"$ 2,107",241854,2014-08-02,Modern Daily #7332810,modern,modern-daily-7332810,modern-daily-7332810-2014-08-02
25,2,Tectonic Edge,,Lands,4,0,Jund,bone55,590 tix,"$ 2,107",241854,2014-08-02,Modern Daily #7332810,modern,modern-daily-7332810,modern-daily-7332810-2014-08-02
26,1,Twilight Mire,,Lands,4,0,Jund,bone55,590 tix,"$ 2,107",241854,2014-08-02,Modern Daily #7332810,modern,modern-daily-7332810,modern-daily-7332810-2014-08-02
27,4,Verdant Catacombs,,Lands,4,0,Jund,bone55,590 tix,"$ 2,107",241854,2014-08-02,Modern Daily #7332810,modern,modern-daily-7332810,modern-daily-7332810-2014-08-02
29,1,Thoughtseize,,Sideboard,4,0,Jund,bone55,590 tix,"$ 2,107",241854,2014-08-02,Modern Daily #7332810,modern,modern-daily-7332810,modern-daily-7332810-2014-08-02
30,1,Abrupt Decay,,Sideboard,4,0,Jund,bone55,590 tix,"$ 2,107",241854,2014-08-02,Modern Daily #7332810,modern,modern-daily-7332810,modern-daily-7332810-2014-08-02
31,1,Ancient Grudge,,Sideboard,4,0,Jund,bone55,590 tix,"$ 2,107",241854,2014-08-02,Modern Daily #7332810,modern,modern-daily-7332810,modern-daily-7332810-2014-08-02
32,2,Anger of the Gods,,Sideboard,4,0,Jund,bone55,590 tix,"$ 2,107",241854,2014-08-02,Modern Daily #7332810,modern,modern-daily-7332810,modern-daily-7332810-2014-08-02
33,2,Courser of Kruphix,,Sideboard,4,0,Jund,bone55,590 tix,"$ 2,107",241854,2014-08-02,Modern Daily #7332810,modern,modern-daily-7332810,modern-daily-7332810-2014-08-02
34,3,Fulminator Mage,,Sideboard,4,0,Jund,bone55,590 tix,"$ 2,107",241854,2014-08-02,Modern Daily #7332810,modern,modern-daily-7332810,modern-daily-7332810-2014-08-02
35,1,Jund Charm,,Sideboard,4,0,Jund,bone55,590 tix,"$ 2,107",241854,2014-08-02,Modern Daily #7332810,modern,modern-daily-7332810,modern-daily-7332810-2014-08-02
36,1,Maelstrom Pulse,,Sideboard,4,0,Jund,bone55,590 tix,"$ 2,107",241854,2014-08-02,Modern Daily #7332810,modern,modern-daily-7332810,modern-daily-7332810-2014-08-02
37,1,Night of Souls' Betrayal,,Sideboard,4,0,Jund,bone55,590 tix,"$ 2,107",241854,2014-08-02,Modern Daily #7332810,modern,modern-daily-7332810,modern-daily-7332810-2014-08-02
38,1,Shatterstorm,,Sideboard,4,0,Jund,bone55,590 tix,"$ 2,107",241854,2014-08-02,Modern Daily #7332810,modern,modern-daily-7332810,modern-daily-7332810-2014-08-02
39,1,Sowing Salt,,Sideboard,4,0,Jund,bone55,590 tix,"$ 2,107",241854,2014-08-02,Modern Daily #7332810,modern,modern-daily-7332810,modern-daily-7332810-2014-08-02
1,4,Snapcaster Mage,,Creatures,4,0,URG,osmanozguney,497 tix,"$ 1,657",241853,2014-08-02,Modern Daily #7332810,modern,modern-daily-7332810,modern-daily-7332810-2014-08-02
2,4,Tarmogoyf,,Creatures,4,0,URG,osmanozguney,497 tix,"$ 1,657",241853,2014-08-02,Modern Daily #7332810,modern,modern-daily-7332810,modern-daily-7332810-2014-08-02
3,2,Vendilion Clique,,Creatures,4,0,URG,osmanozguney,497 tix,"$ 1,657",241853,2014-08-02,Modern Daily #7332810,modern,modern-daily-7332810,modern-daily-7332810-2014-08-02
4,2,Huntmaster of the Fells,,Creatures,4,0,URG,osmanozguney,497 tix,"$ 1,657",241853,2014-08-02,Modern Daily #7332810,modern,modern-daily-7332810,modern-daily-7332810-2014-08-02
6,2,"Jace, Architect of Thought",,Planeswalkers,4,0,URG,osmanozguney,497 tix,"$ 1,657",241853,2014-08-02,Modern Daily #7332810,modern,modern-daily-7332810,modern-daily-7332810-2014-08-02
8,4,Lightning Bolt,,Spells,4,0,URG,osmanozguney,497 tix,"$ 1,657",241853,2014-08-02,Modern Daily #7332810,modern,modern-daily-7332810,modern-daily-7332810-2014-08-02
9,4,Serum Visions,,Spells,4,0,URG,osmanozguney,497 tix,"$ 1,657",241853,2014-08-02,Modern Daily #7332810,modern,modern-daily-7332810,modern-daily-7332810-2014-08-02
10,3,Spell Snare,,Spells,4,0,URG,osmanozguney,497 tix,"$ 1,657",241853,2014-08-02,Modern Daily #7332810,modern,modern-daily-7332810,modern-daily-7332810-2014-08-02
11,2,Vapor Snag,,Spells,4,0,URG,osmanozguney,497 tix,"$ 1,657",241853,2014-08-02,Modern Daily #7332810,modern,modern-daily-7332810,modern-daily-7332810-2014-08-02
12,3,Mana Leak,,Spells,4,0,URG,osmanozguney,497 tix,"$ 1,657",241853,2014-08-02,Modern Daily #7332810,modern,modern-daily-7332810,modern-daily-7332810-2014-08-02
13,2,Remand,,Spells,4,0,URG,osmanozguney,497 tix,"$ 1,657",241853,2014-08-02,Modern Daily #7332810,modern,modern-daily-7332810,modern-daily-7332810-2014-08-02
14,2,Cryptic Command,,Spells,4,0,URG,osmanozguney,497 tix,"$ 1,657",241853,2014-08-02,Modern Daily #7332810,modern,modern-daily-7332810,modern-daily-7332810-2014-08-02
16,2,Vedalken Shackles,,Artifacts,4,0,URG,osmanozguney,497 tix,"$ 1,657",241853,2014-08-02,Modern Daily #7332810,modern,modern-daily-7332810,modern-daily-7332810-2014-08-02
18,2,Blood Moon,,Enchantments,4,0,URG,osmanozguney,497 tix,"$ 1,657",241853,2014-08-02,Modern Daily #7332810,modern,modern-daily-7332810,modern-daily-7332810-2014-08-02
20,2,Breeding Pool,,Lands,4,0,URG,osmanozguney,497 tix,"$ 1,657",241853,2014-08-02,Modern Daily #7332810,modern,modern-daily-7332810,modern-daily-7332810-2014-08-02
21,1,Forest,,Lands,4,0,URG,osmanozguney,497 tix,"$ 1,657",241853,2014-08-02,Modern Daily #7332810,modern,modern-daily-7332810,modern-daily-7332810-2014-08-02
22,7,Island,,Lands,4,0,URG,osmanozguney,497 tix,"$ 1,657",241853,2014-08-02,Modern Daily #7332810,modern,modern-daily-7332810,modern-daily-7332810-2014-08-02
23,4,Misty Rainforest,,Lands,4,0,URG,osmanozguney,497 tix,"$ 1,657",241853,2014-08-02,Modern Daily #7332810,modern,modern-daily-7332810,modern-daily-7332810-2014-08-02
24,1,Mountain,,Lands,4,0,URG,osmanozguney,497 tix,"$ 1,657",241853,2014-08-02,Modern Daily #7332810,modern,modern-daily-7332810,modern-daily-7332810-2014-08-02
25,4,Scalding Tarn,,Lands,4,0,URG,osmanozguney,497 tix,"$ 1,657",241853,2014-08-02,Modern Daily #7332810,modern,modern-daily-7332810,modern-daily-7332810-2014-08-02
26,2,Steam Vents,,Lands,4,0,URG,osmanozguney,497 tix,"$ 1,657",241853,2014-08-02,Modern Daily #7332810,modern,modern-daily-7332810,modern-daily-7332810-2014-08-02
27,1,Stomping Ground,,Lands,4,0,URG,osmanozguney,497 tix,"$ 1,657",241853,2014-08-02,Modern Daily #7332810,modern,modern-daily-7332810,modern-daily-7332810-2014-08-02
29,2,Engineered Explosives,,Sideboard,4,0,URG,osmanozguney,497 tix,"$ 1,657",241853,2014-08-02,Modern Daily #7332810,modern,modern-daily-7332810,modern-daily-7332810-2014-08-02
30,2,Relic of Progenitus,,Sideboard,4,0,URG,osmanozguney,497 tix,"$ 1,657",241853,2014-08-02,Modern Daily #7332810,modern,modern-daily-7332810,modern-daily-7332810-2014-08-02
31,2,Ancient Grudge,,Sideboard,4,0,URG,osmanozguney,497 tix,"$ 1,657",241853,2014-08-02,Modern Daily #7332810,modern,modern-daily-7332810,modern-daily-7332810-2014-08-02
32,2,Negate,,Sideboard,4,0,URG,osmanozguney,497 tix,"$ 1,657",241853,2014-08-02,Modern Daily #7332810,modern,modern-daily-7332810,modern-daily-7332810-2014-08-02
33,2,Anger of the Gods,,Sideboard,4,0,URG,osmanozguney,497 tix,"$ 1,657",241853,2014-08-02,Modern Daily #7332810,modern,modern-daily-7332810,modern-daily-7332810-2014-08-02
34,1,Blood Moon,,Sideboard,4,0,URG,osmanozguney,497 tix,"$ 1,657",241853,2014-08-02,Modern Daily #7332810,modern,modern-daily-7332810,modern-daily-7332810-2014-08-02
35,1,Vedalken Shackles,,Sideboard,4,0,URG,osmanozguney,497 tix,"$ 1,657",241853,2014-08-02,Modern Daily #7332810,modern,modern-daily-7332810,modern-daily-7332810-2014-08-02
36,2,Obstinate Baloth,,Sideboard,4,0,URG,osmanozguney,497 tix,"$ 1,657",241853,2014-08-02,Modern Daily #7332810,modern,modern-daily-7332810,modern-daily-7332810-2014-08-02
37,1,Batterskull,,Sideboard,4,0,URG,osmanozguney,497 tix,"$ 1,657",241853,2014-08-02,Modern Daily #7332810,modern,modern-daily-7332810,modern-daily-7332810-2014-08-02
1,4,Memnite,,Creatures,3,1,Affinity,FakiVll,351 tix,$ 887,241861,2014-08-02,Modern Daily #7332810,modern,modern-daily-7332810,modern-daily-7332810-2014-08-02
2,4,Ornithopter,,Creatures,3,1,Affinity,FakiVll,351 tix,$ 887,241861,2014-08-02,Modern Daily #7332810,modern,modern-daily-7332810,modern-daily-7332810-2014-08-02
3,4,Signal Pest,,Creatures,3,1,Affinity,FakiVll,351 tix,$ 887,241861,2014-08-02,Modern Daily #7332810,modern,modern-daily-7332810,modern-daily-7332810-2014-08-02
4,4,Arcbound Ravager,,Creatures,3,1,Affinity,FakiVll,351 tix,$ 887,241861,2014-08-02,Modern Daily #7332810,modern,modern-daily-7332810,modern-daily-7332810-2014-08-02
5,4,Steel Overseer,,Creatures,3,1,Affinity,FakiVll,351 tix,$ 887,241861,2014-08-02,Modern Daily #7332810,modern,modern-daily-7332810,modern-daily-7332810-2014-08-02
6,4,Vault Skirge,,Creatures,3,1,Affinity,FakiVll,351 tix,$ 887,241861,2014-08-02,Modern Daily #7332810,modern,modern-daily-7332810,modern-daily-7332810-2014-08-02
7,3,Etched Champion,,Creatures,3,1,Affinity,FakiVll,351 tix,$ 887,241861,2014-08-02,Modern Daily #7332810,modern,modern-daily-7332810,modern-daily-7332810-2014-08-02
9,1,Galvanic Blast,,Spells,3,1,Affinity,FakiVll,351 tix,$ 887,241861,2014-08-02,Modern Daily #7332810,modern,modern-daily-7332810,modern-daily-7332810-2014-08-02
10,4,Thoughtcast,,Spells,3,1,Affinity,FakiVll,351 tix,$ 887,241861,2014-08-02,Modern Daily #7332810,modern,modern-daily-7332810,modern-daily-7332810-2014-08-02
12,4,Mox Opal,,Artifacts,3,1,Affinity,FakiVll,351 tix,$ 887,241861,2014-08-02,Modern Daily #7332810,modern,modern-daily-7332810,modern-daily-7332810-2014-08-02
13,4,Springleaf Drum,,Artifacts,3,1,Affinity,FakiVll,351 tix,$ 887,241861,2014-08-02,Modern Daily #7332810,modern,modern-daily-7332810,modern-daily-7332810-2014-08-02
14,4,Cranial Plating,,Artifacts,3,1,Affinity,FakiVll,351 tix,$ 887,241861,2014-08-02,Modern Daily #7332810,modern,modern-daily-7332810,modern-daily-7332810-2014-08-02
16,4,Blinkmoth Nexus,,Lands,3,1,Affinity,FakiVll,351 tix,$ 887,241861,2014-08-02,Modern Daily #7332810,modern,modern-daily-7332810,modern-daily-7332810-2014-08-02
17,4,Darksteel Citadel,,Lands,3,1,Affinity,FakiVll,351 tix,$ 887,241861,2014-08-02,Modern Daily #7332810,modern,modern-daily-7332810,modern-daily-7332810-2014-08-02
18,3,Glimmervoid,,Lands,3,1,Affinity,FakiVll,351 tix,$ 887,241861,2014-08-02,Modern Daily #7332810,modern,modern-daily-7332810,modern-daily-7332810-2014-08-02
19,4,Inkmoth Nexus,,Lands,3,1,Affinity,FakiVll,351 tix,$ 887,241861,2014-08-02,Modern Daily #7332810,modern,modern-daily-7332810,modern-daily-7332810-2014-08-02
20,1,Island,,Lands,3,1,Affinity,FakiVll,351 tix,$ 887,241861,2014-08-02,Modern Daily #7332810,modern,modern-daily-7332810,modern-daily-7332810-2014-08-02
22,1,Plains,,Sideboard,3,1,Affinity,FakiVll,351 tix,$ 887,241861,2014-08-02,Modern Daily #7332810,modern,modern-daily-7332810,modern-daily-7332810-2014-08-02
23,2,Dispatch,,Sideboard,3,1,Affinity,FakiVll,351 tix,$ 887,241861,2014-08-02,Modern Daily #7332810,modern,modern-daily-7332810,modern-daily-7332810-2014-08-02
24,2,Relic of Progenitus,,Sideboard,3,1,Affinity,FakiVll,351 tix,$ 887,241861,2014-08-02,Modern Daily #7332810,modern,modern-daily-7332810,modern-daily-7332810-2014-08-02
25,3,Ancient Grudge,,Sideboard,3,1,Affinity,FakiVll,351 tix,$ 887,241861,2014-08-02,Modern Daily #7332810,modern,modern-daily-7332810,modern-daily-7332810-2014-08-02
26,2,Ethersworn Canonist,,Sideboard,3,1,Affinity,FakiVll,351 tix,$ 887,241861,2014-08-02,Modern Daily #7332810,modern,modern-daily-7332810,modern-daily-7332810-2014-08-02
27,2,Ray of Revelation,,Sideboard,3,1,Affinity,FakiVll,351 tix,$ 887,241861,2014-08-02,Modern Daily #7332810,modern,modern-daily-7332810,modern-daily-7332810-2014-08-02
28,1,Spellskite,,Sideboard,3,1,Affinity,FakiVll,351 tix,$ 887,241861,2014-08-02,Modern Daily #7332810,modern,modern-daily-7332810,modern-daily-7332810-2014-08-02
29,2,Whipflare,,Sideboard,3,1,Affinity,FakiVll,351 tix,$ 887,241861,2014-08-02,Modern Daily #7332810,modern,modern-daily-7332810,modern-daily-7332810-2014-08-02
1,3,"Azusa, Lost but Seeking",,Creatures,3,1,Amulet Bloom,LordCommanderSnow,210 tix,$ 571,241860,2014-08-02,Modern Daily #7332810,modern,modern-daily-7332810,modern-daily-7332810-2014-08-02
2,4,Primeval Titan,,Creatures,3,1,Amulet Bloom,LordCommanderSnow,210 tix,$ 571,241860,2014-08-02,Modern Daily #7332810,modern,modern-daily-7332810,modern-daily-7332810-2014-08-02
4,2,Pact of Negation,,Spells,3,1,Amulet Bloom,LordCommanderSnow,210 tix,$ 571,241860,2014-08-02,Modern Daily #7332810,modern,modern-daily-7332810,modern-daily-7332810-2014-08-02
5,1,Slaughter Pact,,Spells,3,1,Amulet Bloom,LordCommanderSnow,210 tix,$ 571,241860,2014-08-02,Modern Daily #7332810,modern,modern-daily-7332810,modern-daily-7332810-2014-08-02
6,4,Summoner's Pact,,Spells,3,1,Amulet Bloom,LordCommanderSnow,210 tix,$ 571,241860,2014-08-02,Modern Daily #7332810,modern,modern-daily-7332810,modern-daily-7332810-2014-08-02
7,4,Ancient Stirrings,,Spells,3,1,Amulet Bloom,LordCommanderSnow,210 tix,$ 571,241860,2014-08-02,Modern Daily #7332810,modern,modern-daily-7332810,modern-daily-7332810-2014-08-02
8,4,Serum Visions,,Spells,3,1,Amulet Bloom,LordCommanderSnow,210 tix,$ 571,241860,2014-08-02,Modern Daily #7332810,modern,modern-daily-7332810,modern-daily-7332810-2014-08-02
9,4,Summer Bloom,,Spells,3,1,Amulet Bloom,LordCommanderSnow,210 tix,$ 571,241860,2014-08-02,Modern Daily #7332810,modern,modern-daily-7332810,modern-daily-7332810-2014-08-02
11,4,Amulet of Vigor,,Artifacts,3,1,Amulet Bloom,LordCommanderSnow,210 tix,$ 571,241860,2014-08-02,Modern Daily #7332810,modern,modern-daily-7332810,modern-daily-7332810-2014-08-02
13,3,Hive Mind,,Enchantments,3,1,Amulet Bloom,LordCommanderSnow,210 tix,$ 571,241860,2014-08-02,Modern Daily #7332810,modern,modern-daily-7332810,modern-daily-7332810-2014-08-02
15,1,Boros Garrison,,Lands,3,1,Amulet Bloom,LordCommanderSnow,210 tix,$ 571,241860,2014-08-02,Modern Daily #7332810,modern,modern-daily-7332810,modern-daily-7332810-2014-08-02
16,1,Cavern of Souls,,Lands,3,1,Amulet Bloom,LordCommanderSnow,210 tix,$ 571,241860,2014-08-02,Modern Daily #7332810,modern,modern-daily-7332810,modern-daily-7332810-2014-08-02
17,1,Forest,,Lands,3,1,Amulet Bloom,LordCommanderSnow,210 tix,$ 571,241860,2014-08-02,Modern Daily #7332810,modern,modern-daily-7332810,modern-daily-7332810-2014-08-02
18,3,Gemstone Mine,,Lands,3,1,Amulet Bloom,LordCommanderSnow,210 tix,$ 571,241860,2014-08-02,Modern Daily #7332810,modern,modern-daily-7332810,modern-daily-7332810-2014-08-02
19,1,Golgari Rot Farm,,Lands,3,1,Amulet Bloom,LordCommanderSnow,210 tix,$ 571,241860,2014-08-02,Modern Daily #7332810,modern,modern-daily-7332810,modern-daily-7332810-2014-08-02
20,3,Gruul Turf,,Lands,3,1,Amulet Bloom,LordCommanderSnow,210 tix,$ 571,241860,2014-08-02,Modern Daily #7332810,modern,modern-daily-7332810,modern-daily-7332810-2014-08-02
21,1,Kabira Crossroads,,Lands,3,1,Amulet Bloom,LordCommanderSnow,210 tix,$ 571,241860,2014-08-02,Modern Daily #7332810,modern,modern-daily-7332810,modern-daily-7332810-2014-08-02
22,1,Khalni Garden,,Lands,3,1,Amulet Bloom,LordCommanderSnow,210 tix,$ 571,241860,2014-08-02,Modern Daily #7332810,modern,modern-daily-7332810,modern-daily-7332810-2014-08-02
23,1,Selesnya Sanctuary,,Lands,3,1,Amulet Bloom,LordCommanderSnow,210 tix,$ 571,241860,2014-08-02,Modern Daily #7332810,modern,modern-daily-7332810,modern-daily-7332810-2014-08-02
24,4,Simic Growth Chamber,,Lands,3,1,Amulet Bloom,LordCommanderSnow,210 tix,$ 571,241860,2014-08-02,Modern Daily #7332810,modern,modern-daily-7332810,modern-daily-7332810-2014-08-02
25,1,Slayers' Stronghold,,Lands,3,1,Amulet Bloom,LordCommanderSnow,210 tix,$ 571,241860,2014-08-02,Modern Daily #7332810,modern,modern-daily-7332810,modern-daily-7332810-2014-08-02
26,1,"Sunhome, Fortress of the Legion",,Lands,3,1,Amulet Bloom,LordCommanderSnow,210 tix,$ 571,241860,2014-08-02,Modern Daily #7332810,modern,modern-daily-7332810,modern-daily-7332810-2014-08-02
27,1,Temple of Mystery,,Lands,3,1,Amulet Bloom,LordCommanderSnow,210 tix,$ 571,241860,2014-08-02,Modern Daily #7332810,modern,modern-daily-7332810,modern-daily-7332810-2014-08-02
28,3,Tendo Ice Bridge,,Lands,3,1,Amulet Bloom,LordCommanderSnow,210 tix,$ 571,241860,2014-08-02,Modern Daily #7332810,modern,modern-daily-7332810,modern-daily-7332810-2014-08-02
29,3,Tolaria West,,Lands,3,1,Amulet Bloom,LordCommanderSnow,210 tix,$ 571,241860,2014-08-02,Modern Daily #7332810,modern,modern-daily-7332810,modern-daily-7332810-2014-08-02
30,1,Vesuva,,Lands,3,1,Amulet Bloom,LordCommanderSnow,210 tix,$ 571,241860,2014-08-02,Modern Daily #7332810,modern,modern-daily-7332810,modern-daily-7332810-2014-08-02
32,1,Bojuka Bog,,Sideboard,3,1,Amulet Bloom,LordCommanderSnow,210 tix,$ 571,241860,2014-08-02,Modern Daily #7332810,modern,modern-daily-7332810,modern-daily-7332810-2014-08-02
33,1,Chalice of the Void,,Sideboard,3,1,Amulet Bloom,LordCommanderSnow,210 tix,$ 571,241860,2014-08-02,Modern Daily #7332810,modern,modern-daily-7332810,modern-daily-7332810-2014-08-02
34,1,Engineered Explosives,,Sideboard,3,1,Amulet Bloom,LordCommanderSnow,210 tix,$ 571,241860,2014-08-02,Modern Daily #7332810,modern,modern-daily-7332810,modern-daily-7332810-2014-08-02
35,1,Ghost Quarter,,Sideboard,3,1,Amulet Bloom,LordCommanderSnow,210 tix,$ 571,241860,2014-08-02,Modern Daily #7332810,modern,modern-daily-7332810,modern-daily-7332810-2014-08-02
36,1,Slaughter Pact,,Sideboard,3,1,Amulet Bloom,LordCommanderSnow,210 tix,$ 571,241860,2014-08-02,Modern Daily #7332810,modern,modern-daily-7332810,modern-daily-7332810-2014-08-02
37,1,Pithing Needle,,Sideboard,3,1,Amulet Bloom,LordCommanderSnow,210 tix,$ 571,241860,2014-08-02,Modern Daily #7332810,modern,modern-daily-7332810,modern-daily-7332810-2014-08-02
38,1,Pyroclasm,,Sideboard,3,1,Amulet Bloom,LordCommanderSnow,210 tix,$ 571,241860,2014-08-02,Modern Daily #7332810,modern,modern-daily-7332810,modern-daily-7332810-2014-08-02
39,3,Seal of Primordium,,Sideboard,3,1,Amulet Bloom,LordCommanderSnow,210 tix,$ 571,241860,2014-08-02,Modern Daily #7332810,modern,modern-daily-7332810,modern-daily-7332810-2014-08-02
40,2,Firespout,,Sideboard,3,1,Amulet Bloom,LordCommanderSnow,210 tix,$ 571,241860,2014-08-02,Modern Daily #7332810,modern,modern-daily-7332810,modern-daily-7332810-2014-08-02
41,3,Creeping Corrosion,,Sideboard,3,1,Amulet Bloom,LordCommanderSnow,210 tix,$ 571,241860,2014-08-02,Modern Daily #7332810,modern,modern-daily-7332810,modern-daily-7332810-2014-08-02
1,4,Snapcaster Mage,,Creatures,3,1,Blue Moon,dani_tb,269 tix,$ 939,241859,2014-08-02,Modern Daily #7332810,modern,modern-daily-7332810,modern-daily-7332810-2014-08-02
2,2,Young Pyromancer,,Creatures,3,1,Blue Moon,dani_tb,269 tix,$ 939,241859,2014-08-02,Modern Daily #7332810,modern,modern-daily-7332810,modern-daily-7332810-2014-08-02
3,3,Vendilion Clique,,Creatures,3,1,Blue Moon,dani_tb,269 tix,$ 939,241859,2014-08-02,Modern Daily #7332810,modern,modern-daily-7332810,modern-daily-7332810-2014-08-02
4,1,"Keranos, God of Storms",,Creatures,3,1,Blue Moon,dani_tb,269 tix,$ 939,241859,2014-08-02,Modern Daily #7332810,modern,modern-daily-7332810,modern-daily-7332810-2014-08-02
6,4,Lightning Bolt,,Spells,3,1,Blue Moon,dani_tb,269 tix,$ 939,241859,2014-08-02,Modern Daily #7332810,modern,modern-daily-7332810,modern-daily-7332810-2014-08-02
7,1,Repeal,,Spells,3,1,Blue Moon,dani_tb,269 tix,$ 939,241859,2014-08-02,Modern Daily #7332810,modern,modern-daily-7332810,modern-daily-7332810-2014-08-02
8,4,Serum Visions,,Spells,3,1,Blue Moon,dani_tb,269 tix,$ 939,241859,2014-08-02,Modern Daily #7332810,modern,modern-daily-7332810,modern-daily-7332810-2014-08-02
9,3,Spell Snare,,Spells,3,1,Blue Moon,dani_tb,269 tix,$ 939,241859,2014-08-02,Modern Daily #7332810,modern,modern-daily-7332810,modern-daily-7332810-2014-08-02
10,2,Mana Leak,,Spells,3,1,Blue Moon,dani_tb,269 tix,$ 939,241859,2014-08-02,Modern Daily #7332810,modern,modern-daily-7332810,modern-daily-7332810-2014-08-02
11,3,Remand,,Spells,3,1,Blue Moon,dani_tb,269 tix,$ 939,241859,2014-08-02,Modern Daily #7332810,modern,modern-daily-7332810,modern-daily-7332810-2014-08-02
12,2,Shadow of Doubt,,Spells,3,1,Blue Moon,dani_tb,269 tix,$ 939,241859,2014-08-02,Modern Daily #7332810,modern,modern-daily-7332810,modern-daily-7332810-2014-08-02
13,1,Think Twice,,Spells,3,1,Blue Moon,dani_tb,269 tix,$ 939,241859,2014-08-02,Modern Daily #7332810,modern,modern-daily-7332810,modern-daily-7332810-2014-08-02
14,2,Electrolyze,,Spells,3,1,Blue Moon,dani_tb,269 tix,$ 939,241859,2014-08-02,Modern Daily #7332810,modern,modern-daily-7332810,modern-daily-7332810-2014-08-02
15,4,Cryptic Command,,Spells,3,1,Blue Moon,dani_tb,269 tix,$ 939,241859,2014-08-02,Modern Daily #7332810,modern,modern-daily-7332810,modern-daily-7332810-2014-08-02
17,1,Vedalken Shackles,,Artifacts,3,1,Blue Moon,dani_tb,269 tix,$ 939,241859,2014-08-02,Modern Daily #7332810,modern,modern-daily-7332810,modern-daily-7332810-2014-08-02
19,1,Blood Moon,,Enchantments,3,1,Blue Moon,dani_tb,269 tix,$ 939,241859,2014-08-02,Modern Daily #7332810,modern,modern-daily-7332810,modern-daily-7332810-2014-08-02
21,1,Desolate Lighthouse,,Lands,3,1,Blue Moon,dani_tb,269 tix,$ 939,241859,2014-08-02,Modern Daily #7332810,modern,modern-daily-7332810,modern-daily-7332810-2014-08-02
22,11,Island,,Lands,3,1,Blue Moon,dani_tb,269 tix,$ 939,241859,2014-08-02,Modern Daily #7332810,modern,modern-daily-7332810,modern-daily-7332810-2014-08-02
23,2,Misty Rainforest,,Lands,3,1,Blue Moon,dani_tb,269 tix,$ 939,241859,2014-08-02,Modern Daily #7332810,modern,modern-daily-7332810,modern-daily-7332810-2014-08-02
24,1,Mountain,,Lands,3,1,Blue Moon,dani_tb,269 tix,$ 939,241859,2014-08-02,Modern Daily #7332810,modern,modern-daily-7332810,modern-daily-7332810-2014-08-02
25,2,Scalding Tarn,,Lands,3,1,Blue Moon,dani_tb,269 tix,$ 939,241859,2014-08-02,Modern Daily #7332810,modern,modern-daily-7332810,modern-daily-7332810-2014-08-02
26,1,Shivan Reef,,Lands,3,1,Blue Moon,dani_tb,269 tix,$ 939,241859,2014-08-02,Modern Daily #7332810,modern,modern-daily-7332810,modern-daily-7332810-2014-08-02
27,2,Steam Vents,,Lands,3,1,Blue Moon,dani_tb,269 tix,$ 939,241859,2014-08-02,Modern Daily #7332810,modern,modern-daily-7332810,modern-daily-7332810-2014-08-02
28,2,Sulfur Falls,,Lands,3,1,Blue Moon,dani_tb,269 tix,$ 939,241859,2014-08-02,Modern Daily #7332810,modern,modern-daily-7332810,modern-daily-7332810-2014-08-02
30,1,Dispel,,Sideboard,3,1,Blue Moon,dani_tb,269 tix,$ 939,241859,2014-08-02,Modern Daily #7332810,modern,modern-daily-7332810,modern-daily-7332810-2014-08-02
31,2,Vandalblast,,Sideboard,3,1,Blue Moon,dani_tb,269 tix,$ 939,241859,2014-08-02,Modern Daily #7332810,modern,modern-daily-7332810,modern-daily-7332810-2014-08-02
32,2,Combust,,Sideboard,3,1,Blue Moon,dani_tb,269 tix,$ 939,241859,2014-08-02,Modern Daily #7332810,modern,modern-daily-7332810,modern-daily-7332810-2014-08-02
33,1,Pyroclasm,,Sideboard,3,1,Blue Moon,dani_tb,269 tix,$ 939,241859,2014-08-02,Modern Daily #7332810,modern,modern-daily-7332810,modern-daily-7332810-2014-08-02
34,3,Spellskite,,Sideboard,3,1,Blue Moon,dani_tb,269 tix,$ 939,241859,2014-08-02,Modern Daily #7332810,modern,modern-daily-7332810,modern-daily-7332810-2014-08-02
35,1,Anger of the Gods,,Sideboard,3,1,Blue Moon,dani_tb,269 tix,$ 939,241859,2014-08-02,Modern Daily #7332810,modern,modern-daily-7332810,modern-daily-7332810-2014-08-02
36,2,Blood Moon,,Sideboard,3,1,Blue Moon,dani_tb,269 tix,$ 939,241859,2014-08-02,Modern Daily #7332810,modern,modern-daily-7332810,modern-daily-7332810-2014-08-02
37,1,Counterflux,,Sideboard,3,1,Blue Moon,dani_tb,269 tix,$ 939,241859,2014-08-02,Modern Daily #7332810,modern,modern-daily-7332810,modern-daily-7332810-2014-08-02
38,2,Threads of Disloyalty,,Sideboard,3,1,Blue Moon,dani_tb,269 tix,$ 939,241859,2014-08-02,Modern Daily #7332810,modern,modern-daily-7332810,modern-daily-7332810-2014-08-02
1,4,Goblin Guide,,Creatures,3,1,Burn,Coopes,84 tix,$ 203,241864,2014-08-02,Modern Daily #7332810,modern,modern-daily-7332810,modern-daily-7332810-2014-08-02
2,2,Spark Elemental,,Creatures,3,1,Burn,Coopes,84 tix,$ 203,241864,2014-08-02,Modern Daily #7332810,modern,modern-daily-7332810,modern-daily-7332810-2014-08-02
3,4,Eidolon of the Great Revel,,Creatures,3,1,Burn,Coopes,84 tix,$ 203,241864,2014-08-02,Modern Daily #7332810,modern,modern-daily-7332810,modern-daily-7332810-2014-08-02
4,4,Hellspark Elemental,,Creatures,3,1,Burn,Coopes,84 tix,$ 203,241864,2014-08-02,Modern Daily #7332810,modern,modern-daily-7332810,modern-daily-7332810-2014-08-02
6,4,Lava Spike,,Spells,3,1,Burn,Coopes,84 tix,$ 203,241864,2014-08-02,Modern Daily #7332810,modern,modern-daily-7332810,modern-daily-7332810-2014-08-02
7,4,Lightning Bolt,,Spells,3,1,Burn,Coopes,84 tix,$ 203,241864,2014-08-02,Modern Daily #7332810,modern,modern-daily-7332810,modern-daily-7332810-2014-08-02
8,3,Shard Volley,,Spells,3,1,Burn,Coopes,84 tix,$ 203,241864,2014-08-02,Modern Daily #7332810,modern,modern-daily-7332810,modern-daily-7332810-2014-08-02
9,4,Searing Blaze,,Spells,3,1,Burn,Coopes,84 tix,$ 203,241864,2014-08-02,Modern Daily #7332810,modern,modern-daily-7332810,modern-daily-7332810-2014-08-02
10,4,Skullcrack,,Spells,3,1,Burn,Coopes,84 tix,$ 203,241864,2014-08-02,Modern Daily #7332810,modern,modern-daily-7332810,modern-daily-7332810-2014-08-02
11,4,Flames of the Blood Hand,,Spells,3,1,Burn,Coopes,84 tix,$ 203,241864,2014-08-02,Modern Daily #7332810,modern,modern-daily-7332810,modern-daily-7332810-2014-08-02
12,4,Rift Bolt,,Spells,3,1,Burn,Coopes,84 tix,$ 203,241864,2014-08-02,Modern Daily #7332810,modern,modern-daily-7332810,modern-daily-7332810-2014-08-02
14,19,Mountain,,Lands,3,1,Burn,Coopes,84 tix,$ 203,241864,2014-08-02,Modern Daily #7332810,modern,modern-daily-7332810,modern-daily-7332810-2014-08-02
16,3,Relic of Progenitus,,Sideboard,3,1,Burn,Coopes,84 tix,$ 203,241864,2014-08-02,Modern Daily #7332810,modern,modern-daily-7332810,modern-daily-7332810-2014-08-02
17,2,Combust,,Sideboard,3,1,Burn,Coopes,84 tix,$ 203,241864,2014-08-02,Modern Daily #7332810,modern,modern-daily-7332810,modern-daily-7332810-2014-08-02
18,2,Searing Blood,,Sideboard,3,1,Burn,Coopes,84 tix,$ 203,241864,2014-08-02,Modern Daily #7332810,modern,modern-daily-7332810,modern-daily-7332810-2014-08-02
19,3,Smash to Smithereens,,Sideboard,3,1,Burn,Coopes,84 tix,$ 203,241864,2014-08-02,Modern Daily #7332810,modern,modern-daily-7332810,modern-daily-7332810-2014-08-02
20,3,Molten Rain,,Sideboard,3,1,Burn,Coopes,84 tix,$ 203,241864,2014-08-02,Modern Daily #7332810,modern,modern-daily-7332810,modern-daily-7332810-2014-08-02
21,2,Volcanic Fallout,,Sideboard,3,1,Burn,Coopes,84 tix,$ 203,241864,2014-08-02,Modern Daily #7332810,modern,modern-daily-7332810,modern-daily-7332810-2014-08-02
1,4,Pack Rat,,Creatures,3,1,Dead Guy Ale,BigJake64,160 tix,$ 706,241868,2014-08-02,Modern Daily #7332810,modern,modern-daily-7332810,modern-daily-7332810-2014-08-02
2,3,Spirit of the Labyrinth,,Creatures,3,1,Dead Guy Ale,BigJake64,160 tix,$ 706,241868,2014-08-02,Modern Daily #7332810,modern,modern-daily-7332810,modern-daily-7332810-2014-08-02
3,4,Tidehollow Sculler,,Creatures,3,1,Dead Guy Ale,BigJake64,160 tix,$ 706,241868,2014-08-02,Modern Daily #7332810,modern,modern-daily-7332810,modern-daily-7332810-2014-08-02
4,4,Blade Splicer,,Creatures,3,1,Dead Guy Ale,BigJake64,160 tix,$ 706,241868,2014-08-02,Modern Daily #7332810,modern,modern-daily-7332810,modern-daily-7332810-2014-08-02
5,3,Hero of Bladehold,,Creatures,3,1,Dead Guy Ale,BigJake64,160 tix,$ 706,241868,2014-08-02,Modern Daily #7332810,modern,modern-daily-7332810,modern-daily-7332810-2014-08-02
7,1,Darkblast,,Spells,3,1,Dead Guy Ale,BigJake64,160 tix,$ 706,241868,2014-08-02,Modern Daily #7332810,modern,modern-daily-7332810,modern-daily-7332810-2014-08-02
8,3,Inquisition of Kozilek,,Spells,3,1,Dead Guy Ale,BigJake64,160 tix,$ 706,241868,2014-08-02,Modern Daily #7332810,modern,modern-daily-7332810,modern-daily-7332810-2014-08-02
9,4,Path to Exile,,Spells,3,1,Dead Guy Ale,BigJake64,160 tix,$ 706,241868,2014-08-02,Modern Daily #7332810,modern,modern-daily-7332810,modern-daily-7332810-2014-08-02
10,4,Thoughtseize,,Spells,3,1,Dead Guy Ale,BigJake64,160 tix,$ 706,241868,2014-08-02,Modern Daily #7332810,modern,modern-daily-7332810,modern-daily-7332810-2014-08-02
11,1,Smother,,Spells,3,1,Dead Guy Ale,BigJake64,160 tix,$ 706,241868,2014-08-02,Modern Daily #7332810,modern,modern-daily-7332810,modern-daily-7332810-2014-08-02
12,1,Zealous Persecution,,Spells,3,1,Dead Guy Ale,BigJake64,160 tix,$ 706,241868,2014-08-02,Modern Daily #7332810,modern,modern-daily-7332810,modern-daily-7332810-2014-08-02
13,4,Lingering Souls,,Spells,3,1,Dead Guy Ale,BigJake64,160 tix,$ 706,241868,2014-08-02,Modern Daily #7332810,modern,modern-daily-7332810,modern-daily-7332810-2014-08-02
15,4,Godless Shrine,,Lands,3,1,Dead Guy Ale,BigJake64,160 tix,$ 706,241868,2014-08-02,Modern Daily #7332810,modern,modern-daily-7332810,modern-daily-7332810-2014-08-02
16,1,Isolated Chapel,,Lands,3,1,Dead Guy Ale,BigJake64,160 tix,$ 706,241868,2014-08-02,Modern Daily #7332810,modern,modern-daily-7332810,modern-daily-7332810-2014-08-02
17,4,Marsh Flats,,Lands,3,1,Dead Guy Ale,BigJake64,160 tix,$ 706,241868,2014-08-02,Modern Daily #7332810,modern,modern-daily-7332810,modern-daily-7332810-2014-08-02
18,4,Mutavault,,Lands,3,1,Dead Guy Ale,BigJake64,160 tix,$ 706,241868,2014-08-02,Modern Daily #7332810,modern,modern-daily-7332810,modern-daily-7332810-2014-08-02
19,1,Plains,,Lands,3,1,Dead Guy Ale,BigJake64,160 tix,$ 706,241868,2014-08-02,Modern Daily #7332810,modern,modern-daily-7332810,modern-daily-7332810-2014-08-02
20,2,Swamp,,Lands,3,1,Dead Guy Ale,BigJake64,160 tix,$ 706,241868,2014-08-02,Modern Daily #7332810,modern,modern-daily-7332810,modern-daily-7332810-2014-08-02
21,2,Tectonic Edge,,Lands,3,1,Dead Guy Ale,BigJake64,160 tix,$ 706,241868,2014-08-02,Modern Daily #7332810,modern,modern-daily-7332810,modern-daily-7332810-2014-08-02
22,1,"Urborg, Tomb of Yawgmoth",,Lands,3,1,Dead Guy Ale,BigJake64,160 tix,$ 706,241868,2014-08-02,Modern Daily #7332810,modern,modern-daily-7332810,modern-daily-7332810-2014-08-02
23,1,Vault of the Archangel,,Lands,3,1,Dead Guy Ale,BigJake64,160 tix,$ 706,241868,2014-08-02,Modern Daily #7332810,modern,modern-daily-7332810,modern-daily-7332810-2014-08-02
24,4,Verdant Catacombs,,Lands,3,1,Dead Guy Ale,BigJake64,160 tix,$ 706,241868,2014-08-02,Modern Daily #7332810,modern,modern-daily-7332810,modern-daily-7332810-2014-08-02
26,3,Relic of Progenitus,,Sideboard,3,1,Dead Guy Ale,BigJake64,160 tix,$ 706,241868,2014-08-02,Modern Daily #7332810,modern,modern-daily-7332810,modern-daily-7332810-2014-08-02
27,2,Disenchant,,Sideboard,3,1,Dead Guy Ale,BigJake64,160 tix,$ 706,241868,2014-08-02,Modern Daily #7332810,modern,modern-daily-7332810,modern-daily-7332810-2014-08-02
28,3,Nyx-Fleece Ram,,Sideboard,3,1,Dead Guy Ale,BigJake64,160 tix,$ 706,241868,2014-08-02,Modern Daily #7332810,modern,modern-daily-7332810,modern-daily-7332810-2014-08-02
29,2,Stony Silence,,Sideboard,3,1,Dead Guy Ale,BigJake64,160 tix,$ 706,241868,2014-08-02,Modern Daily #7332810,modern,modern-daily-7332810,modern-daily-7332810-2014-08-02
30,3,Rain of Tears,,Sideboard,3,1,Dead Guy Ale,BigJake64,160 tix,$ 706,241868,2014-08-02,Modern Daily #7332810,modern,modern-daily-7332810,modern-daily-7332810-2014-08-02
31,2,Sin Collector,,Sideboard,3,1,Dead Guy Ale,BigJake64,160 tix,$ 706,241868,2014-08-02,Modern Daily #7332810,modern,modern-daily-7332810,modern-daily-7332810-2014-08-02
1,4,Dark Confidant,,Creatures,3,1,Junk,kjon999,621 tix,"$ 1,967",241863,2014-08-02,Modern Daily #7332810,modern,modern-daily-7332810,modern-daily-7332810-2014-08-02
2,3,Scavenging Ooze,,Creatures,3,1,Junk,kjon999,621 tix,"$ 1,967",241863,2014-08-02,Modern Daily #7332810,modern,modern-daily-7332810,modern-daily-7332810-2014-08-02
3,4,Tarmogoyf,,Creatures,3,1,Junk,kjon999,621 tix,"$ 1,967",241863,2014-08-02,Modern Daily #7332810,modern,modern-daily-7332810,modern-daily-7332810-2014-08-02
4,1,Courser of Kruphix,,Creatures,3,1,Junk,kjon999,621 tix,"$ 1,967",241863,2014-08-02,Modern Daily #7332810,modern,modern-daily-7332810,modern-daily-7332810-2014-08-02
6,4,Liliana of the Veil,,Planeswalkers,3,1,Junk,kjon999,621 tix,"$ 1,967",241863,2014-08-02,Modern Daily #7332810,modern,modern-daily-7332810,modern-daily-7332810-2014-08-02
8,1,Slaughter Pact,,Spells,3,1,Junk,kjon999,621 tix,"$ 1,967",241863,2014-08-02,Modern Daily #7332810,modern,modern-daily-7332810,modern-daily-7332810-2014-08-02
9,3,Inquisition of Kozilek,,Spells,3,1,Junk,kjon999,621 tix,"$ 1,967",241863,2014-08-02,Modern Daily #7332810,modern,modern-daily-7332810,modern-daily-7332810-2014-08-02
10,4,Thoughtseize,,Spells,3,1,Junk,kjon999,621 tix,"$ 1,967",241863,2014-08-02,Modern Daily #7332810,modern,modern-daily-7332810,modern-daily-7332810-2014-08-02
11,4,Abrupt Decay,,Spells,3,1,Junk,kjon999,621 tix,"$ 1,967",241863,2014-08-02,Modern Daily #7332810,modern,modern-daily-7332810,modern-daily-7332810-2014-08-02
12,2,Dismember,,Spells,3,1,Junk,kjon999,621 tix,"$ 1,967",241863,2014-08-02,Modern Daily #7332810,modern,modern-daily-7332810,modern-daily-7332810-2014-08-02
13,3,Lingering Souls,,Spells,3,1,Junk,kjon999,621 tix,"$ 1,967",241863,2014-08-02,Modern Daily #7332810,modern,modern-daily-7332810,modern-daily-7332810-2014-08-02
14,1,Maelstrom Pulse,,Spells,3,1,Junk,kjon999,621 tix,"$ 1,967",241863,2014-08-02,Modern Daily #7332810,modern,modern-daily-7332810,modern-daily-7332810-2014-08-02
15,1,Putrefy,,Spells,3,1,Junk,kjon999,621 tix,"$ 1,967",241863,2014-08-02,Modern Daily #7332810,modern,modern-daily-7332810,modern-daily-7332810-2014-08-02
17,1,Forest,,Lands,3,1,Junk,kjon999,621 tix,"$ 1,967",241863,2014-08-02,Modern Daily #7332810,modern,modern-daily-7332810,modern-daily-7332810-2014-08-02
18,1,Godless Shrine,,Lands,3,1,Junk,kjon999,621 tix,"$ 1,967",241863,2014-08-02,Modern Daily #7332810,modern,modern-daily-7332810,modern-daily-7332810-2014-08-02
19,1,Isolated Chapel,,Lands,3,1,Junk,kjon999,621 tix,"$ 1,967",241863,2014-08-02,Modern Daily #7332810,modern,modern-daily-7332810,modern-daily-7332810-2014-08-02
20,4,Marsh Flats,,Lands,3,1,Junk,kjon999,621 tix,"$ 1,967",241863,2014-08-02,Modern Daily #7332810,modern,modern-daily-7332810,modern-daily-7332810-2014-08-02
21,2,Overgrown Tomb,,Lands,3,1,Junk,kjon999,621 tix,"$ 1,967",241863,2014-08-02,Modern Daily #7332810,modern,modern-daily-7332810,modern-daily-7332810-2014-08-02
22,1,Stirring Wildwood,,Lands,3,1,Junk,kjon999,621 tix,"$ 1,967",241863,2014-08-02,Modern Daily #7332810,modern,modern-daily-7332810,modern-daily-7332810-2014-08-02
23,2,Swamp,,Lands,3,1,Junk,kjon999,621 tix,"$ 1,967",241863,2014-08-02,Modern Daily #7332810,modern,modern-daily-7332810,modern-daily-7332810-2014-08-02
24,3,Tectonic Edge,,Lands,3,1,Junk,kjon999,621 tix,"$ 1,967",241863,2014-08-02,Modern Daily #7332810,modern,modern-daily-7332810,modern-daily-7332810-2014-08-02
25,1,Temple Garden,,Lands,3,1,Junk,kjon999,621 tix,"$ 1,967",241863,2014-08-02,Modern Daily #7332810,modern,modern-daily-7332810,modern-daily-7332810-2014-08-02
26,3,Treetop Village,,Lands,3,1,Junk,kjon999,621 tix,"$ 1,967",241863,2014-08-02,Modern Daily #7332810,modern,modern-daily-7332810,modern-daily-7332810-2014-08-02
27,2,Twilight Mire,,Lands,3,1,Junk,kjon999,621 tix,"$ 1,967",241863,2014-08-02,Modern Daily #7332810,modern,modern-daily-7332810,modern-daily-7332810-2014-08-02
28,4,Verdant Catacombs,,Lands,3,1,Junk,kjon999,621 tix,"$ 1,967",241863,2014-08-02,Modern Daily #7332810,modern,modern-daily-7332810,modern-daily-7332810-2014-08-02
30,1,Engineered Explosives,,Sideboard,3,1,Junk,kjon999,621 tix,"$ 1,967",241863,2014-08-02,Modern Daily #7332810,modern,modern-daily-7332810,modern-daily-7332810-2014-08-02
31,2,Grafdigger's Cage,,Sideboard,3,1,Junk,kjon999,621 tix,"$ 1,967",241863,2014-08-02,Modern Daily #7332810,modern,modern-daily-7332810,modern-daily-7332810-2014-08-02
32,1,Golgari Charm,,Sideboard,3,1,Junk,kjon999,621 tix,"$ 1,967",241863,2014-08-02,Modern Daily #7332810,modern,modern-daily-7332810,modern-daily-7332810-2014-08-02
33,2,Stony Silence,,Sideboard,3,1,Junk,kjon999,621 tix,"$ 1,967",241863,2014-08-02,Modern Daily #7332810,modern,modern-daily-7332810,modern-daily-7332810-2014-08-02
34,1,Aven Mindcensor,,Sideboard,3,1,Junk,kjon999,621 tix,"$ 1,967",241863,2014-08-02,Modern Daily #7332810,modern,modern-daily-7332810,modern-daily-7332810-2014-08-02
35,1,Bow of Nylea,,Sideboard,3,1,Junk,kjon999,621 tix,"$ 1,967",241863,2014-08-02,Modern Daily #7332810,modern,modern-daily-7332810,modern-daily-7332810-2014-08-02
36,3,Fulminator Mage,,Sideboard,3,1,Junk,kjon999,621 tix,"$ 1,967",241863,2014-08-02,Modern Daily #7332810,modern,modern-daily-7332810,modern-daily-7332810-2014-08-02
37,1,Hushwing Gryff,,Sideboard,3,1,Junk,kjon999,621 tix,"$ 1,967",241863,2014-08-02,Modern Daily #7332810,modern,modern-daily-7332810,modern-daily-7332810-2014-08-02
38,1,Creeping Corrosion,,Sideboard,3,1,Junk,kjon999,621 tix,"$ 1,967",241863,2014-08-02,Modern Daily #7332810,modern,modern-daily-7332810,modern-daily-7332810-2014-08-02
39,1,Obstinate Baloth,,Sideboard,3,1,Junk,kjon999,621 tix,"$ 1,967",241863,2014-08-02,Modern Daily #7332810,modern,modern-daily-7332810,modern-daily-7332810-2014-08-02
40,1,"Thrun, the Last Troll",,Sideboard,3,1,Junk,kjon999,621 tix,"$ 1,967",241863,2014-08-02,Modern Daily #7332810,modern,modern-daily-7332810,modern-daily-7332810-2014-08-02
1,4,Dark Confidant,,Creatures,3,1,Junk,Olioolli,475 tix,"$ 1,700",241869,2014-08-02,Modern Daily #7332810,modern,modern-daily-7332810,modern-daily-7332810-2014-08-02
2,3,Scavenging Ooze,,Creatures,3,1,Junk,Olioolli,475 tix,"$ 1,700",241869,2014-08-02,Modern Daily #7332810,modern,modern-daily-7332810,modern-daily-7332810-2014-08-02
3,4,Tarmogoyf,,Creatures,3,1,Junk,Olioolli,475 tix,"$ 1,700",241869,2014-08-02,Modern Daily #7332810,modern,modern-daily-7332810,modern-daily-7332810-2014-08-02
5,3,Liliana of the Veil,,Planeswalkers,3,1,Junk,Olioolli,475 tix,"$ 1,700",241869,2014-08-02,Modern Daily #7332810,modern,modern-daily-7332810,modern-daily-7332810-2014-08-02
6,1,Garruk Wildspeaker,,Planeswalkers,3,1,Junk,Olioolli,475 tix,"$ 1,700",241869,2014-08-02,Modern Daily #7332810,modern,modern-daily-7332810,modern-daily-7332810-2014-08-02
8,1,Slaughter Pact,,Spells,3,1,Junk,Olioolli,475 tix,"$ 1,700",241869,2014-08-02,Modern Daily #7332810,modern,modern-daily-7332810,modern-daily-7332810-2014-08-02
9,4,Inquisition of Kozilek,,Spells,3,1,Junk,Olioolli,475 tix,"$ 1,700",241869,2014-08-02,Modern Daily #7332810,modern,modern-daily-7332810,modern-daily-7332810-2014-08-02
10,1,Path to Exile,,Spells,3,1,Junk,Olioolli,475 tix,"$ 1,700",241869,2014-08-02,Modern Daily #7332810,modern,modern-daily-7332810,modern-daily-7332810-2014-08-02
11,3,Thoughtseize,,Spells,3,1,Junk,Olioolli,475 tix,"$ 1,700",241869,2014-08-02,Modern Daily #7332810,modern,modern-daily-7332810,modern-daily-7332810-2014-08-02
12,4,Abrupt Decay,,Spells,3,1,Junk,Olioolli,475 tix,"$ 1,700",241869,2014-08-02,Modern Daily #7332810,modern,modern-daily-7332810,modern-daily-7332810-2014-08-02
13,1,Dismember,,Spells,3,1,Junk,Olioolli,475 tix,"$ 1,700",241869,2014-08-02,Modern Daily #7332810,modern,modern-daily-7332810,modern-daily-7332810-2014-08-02
14,4,Lingering Souls,,Spells,3,1,Junk,Olioolli,475 tix,"$ 1,700",241869,2014-08-02,Modern Daily #7332810,modern,modern-daily-7332810,modern-daily-7332810-2014-08-02
15,2,Maelstrom Pulse,,Spells,3,1,Junk,Olioolli,475 tix,"$ 1,700",241869,2014-08-02,Modern Daily #7332810,modern,modern-daily-7332810,modern-daily-7332810-2014-08-02
17,1,Forest,,Lands,3,1,Junk,Olioolli,475 tix,"$ 1,700",241869,2014-08-02,Modern Daily #7332810,modern,modern-daily-7332810,modern-daily-7332810-2014-08-02
18,1,Godless Shrine,,Lands,3,1,Junk,Olioolli,475 tix,"$ 1,700",241869,2014-08-02,Modern Daily #7332810,modern,modern-daily-7332810,modern-daily-7332810-2014-08-02
19,4,Marsh Flats,,Lands,3,1,Junk,Olioolli,475 tix,"$ 1,700",241869,2014-08-02,Modern Daily #7332810,modern,modern-daily-7332810,modern-daily-7332810-2014-08-02
20,3,Overgrown Tomb,,Lands,3,1,Junk,Olioolli,475 tix,"$ 1,700",241869,2014-08-02,Modern Daily #7332810,modern,modern-daily-7332810,modern-daily-7332810-2014-08-02
21,2,Stirring Wildwood,,Lands,3,1,Junk,Olioolli,475 tix,"$ 1,700",241869,2014-08-02,Modern Daily #7332810,modern,modern-daily-7332810,modern-daily-7332810-2014-08-02
22,2,Swamp,,Lands,3,1,Junk,Olioolli,475 tix,"$ 1,700",241869,2014-08-02,Modern Daily #7332810,modern,modern-daily-7332810,modern-daily-7332810-2014-08-02
23,3,Tectonic Edge,,Lands,3,1,Junk,Olioolli,475 tix,"$ 1,700",241869,2014-08-02,Modern Daily #7332810,modern,modern-daily-7332810,modern-daily-7332810-2014-08-02
24,1,Temple Garden,,Lands,3,1,Junk,Olioolli,475 tix,"$ 1,700",241869,2014-08-02,Modern Daily #7332810,modern,modern-daily-7332810,modern-daily-7332810-2014-08-02
25,2,Treetop Village,,Lands,3,1,Junk,Olioolli,475 tix,"$ 1,700",241869,2014-08-02,Modern Daily #7332810,modern,modern-daily-7332810,modern-daily-7332810-2014-08-02
26,1,"Urborg, Tomb of Yawgmoth",,Lands,3,1,Junk,Olioolli,475 tix,"$ 1,700",241869,2014-08-02,Modern Daily #7332810,modern,modern-daily-7332810,modern-daily-7332810-2014-08-02
27,4,Verdant Catacombs,,Lands,3,1,Junk,Olioolli,475 tix,"$ 1,700",241869,2014-08-02,Modern Daily #7332810,modern,modern-daily-7332810,modern-daily-7332810-2014-08-02
28,1,Woodland Cemetery,,Lands,3,1,Junk,Olioolli,475 tix,"$ 1,700",241869,2014-08-02,Modern Daily #7332810,modern,modern-daily-7332810,modern-daily-7332810-2014-08-02
30,1,Golgari Charm,,Sideboard,3,1,Junk,Olioolli,475 tix,"$ 1,700",241869,2014-08-02,Modern Daily #7332810,modern,modern-daily-7332810,modern-daily-7332810-2014-08-02
31,2,Stony Silence,,Sideboard,3,1,Junk,Olioolli,475 tix,"$ 1,700",241869,2014-08-02,Modern Daily #7332810,modern,modern-daily-7332810,modern-daily-7332810-2014-08-02
32,2,Choke,,Sideboard,3,1,Junk,Olioolli,475 tix,"$ 1,700",241869,2014-08-02,Modern Daily #7332810,modern,modern-daily-7332810,modern-daily-7332810-2014-08-02
33,2,Drown in Sorrow,,Sideboard,3,1,Junk,Olioolli,475 tix,"$ 1,700",241869,2014-08-02,Modern Daily #7332810,modern,modern-daily-7332810,modern-daily-7332810-2014-08-02
34,1,Kitchen Finks,,Sideboard,3,1,Junk,Olioolli,475 tix,"$ 1,700",241869,2014-08-02,Modern Daily #7332810,modern,modern-daily-7332810,modern-daily-7332810-2014-08-02
35,2,Loxodon Smiter,,Sideboard,3,1,Junk,Olioolli,475 tix,"$ 1,700",241869,2014-08-02,Modern Daily #7332810,modern,modern-daily-7332810,modern-daily-7332810-2014-08-02
36,1,Rain of Tears,,Sideboard,3,1,Junk,Olioolli,475 tix,"$ 1,700",241869,2014-08-02,Modern Daily #7332810,modern,modern-daily-7332810,modern-daily-7332810-2014-08-02
37,2,Creeping Corrosion,,Sideboard,3,1,Junk,Olioolli,475 tix,"$ 1,700",241869,2014-08-02,Modern Daily #7332810,modern,modern-daily-7332810,modern-daily-7332810-2014-08-02
38,2,Obstinate Baloth,,Sideboard,3,1,Junk,Olioolli,475 tix,"$ 1,700",241869,2014-08-02,Modern Daily #7332810,modern,modern-daily-7332810,modern-daily-7332810-2014-08-02
1,4,Birds of Paradise,,Creatures,3,1,Melira Pod,Lyserg,270 tix,$ 875,241858,2014-08-02,Modern Daily #7332810,modern,modern-daily-7332810,modern-daily-7332810-2014-08-02
2,3,Noble Hierarch,,Creatures,3,1,Melira Pod,Lyserg,270 tix,$ 875,241858,2014-08-02,Modern Daily #7332810,modern,modern-daily-7332810,modern-daily-7332810-2014-08-02
3,1,Scavenging Ooze,,Creatures,3,1,Melira Pod,Lyserg,270 tix,$ 875,241858,2014-08-02,Modern Daily #7332810,modern,modern-daily-7332810,modern-daily-7332810-2014-08-02
4,1,Spellskite,,Creatures,3,1,Melira Pod,Lyserg,270 tix,$ 875,241858,2014-08-02,Modern Daily #7332810,modern,modern-daily-7332810,modern-daily-7332810-2014-08-02
5,3,Voice of Resurgence,,Creatures,3,1,Melira Pod,Lyserg,270 tix,$ 875,241858,2014-08-02,Modern Daily #7332810,modern,modern-daily-7332810,modern-daily-7332810-2014-08-02
6,1,Wall of Roots,,Creatures,3,1,Melira Pod,Lyserg,270 tix,$ 875,241858,2014-08-02,Modern Daily #7332810,modern,modern-daily-7332810,modern-daily-7332810-2014-08-02
7,1,Eternal Witness,,Creatures,3,1,Melira Pod,Lyserg,270 tix,$ 875,241858,2014-08-02,Modern Daily #7332810,modern,modern-daily-7332810,modern-daily-7332810-2014-08-02
8,2,Kitchen Finks,,Creatures,3,1,Melira Pod,Lyserg,270 tix,$ 875,241858,2014-08-02,Modern Daily #7332810,modern,modern-daily-7332810,modern-daily-7332810-2014-08-02
9,1,Orzhov Pontiff,,Creatures,3,1,Melira Pod,Lyserg,270 tix,$ 875,241858,2014-08-02,Modern Daily #7332810,modern,modern-daily-7332810,modern-daily-7332810-2014-08-02
10,1,Reclamation Sage,,Creatures,3,1,Melira Pod,Lyserg,270 tix,$ 875,241858,2014-08-02,Modern Daily #7332810,modern,modern-daily-7332810,modern-daily-7332810-2014-08-02
11,1,Sin Collector,,Creatures,3,1,Melira Pod,Lyserg,270 tix,$ 875,241858,2014-08-02,Modern Daily #7332810,modern,modern-daily-7332810,modern-daily-7332810-2014-08-02
12,1,Spike Feeder,,Creatures,3,1,Melira Pod,Lyserg,270 tix,$ 875,241858,2014-08-02,Modern Daily #7332810,modern,modern-daily-7332810,modern-daily-7332810-2014-08-02
13,1,"Linvala, Keeper of Silence",,Creatures,3,1,Melira Pod,Lyserg,270 tix,$ 875,241858,2014-08-02,Modern Daily #7332810,modern,modern-daily-7332810,modern-daily-7332810-2014-08-02
14,1,Murderous Redcap,,Creatures,3,1,Melira Pod,Lyserg,270 tix,$ 875,241858,2014-08-02,Modern Daily #7332810,modern,modern-daily-7332810,modern-daily-7332810-2014-08-02
15,2,Restoration Angel,,Creatures,3,1,Melira Pod,Lyserg,270 tix,$ 875,241858,2014-08-02,Modern Daily #7332810,modern,modern-daily-7332810,modern-daily-7332810-2014-08-02
16,1,Archangel of Thune,,Creatures,3,1,Melira Pod,Lyserg,270 tix,$ 875,241858,2014-08-02,Modern Daily #7332810,modern,modern-daily-7332810,modern-daily-7332810-2014-08-02
17,1,Reveillark,,Creatures,3,1,Melira Pod,Lyserg,270 tix,$ 875,241858,2014-08-02,Modern Daily #7332810,modern,modern-daily-7332810,modern-daily-7332810-2014-08-02
18,1,Shriekmaw,,Creatures,3,1,Melira Pod,Lyserg,270 tix,$ 875,241858,2014-08-02,Modern Daily #7332810,modern,modern-daily-7332810,modern-daily-7332810-2014-08-02
20,2,Thoughtseize,,Spells,3,1,Melira Pod,Lyserg,270 tix,$ 875,241858,2014-08-02,Modern Daily #7332810,modern,modern-daily-7332810,modern-daily-7332810-2014-08-02
21,2,Abrupt Decay,,Spells,3,1,Melira Pod,Lyserg,270 tix,$ 875,241858,2014-08-02,Modern Daily #7332810,modern,modern-daily-7332810,modern-daily-7332810-2014-08-02
22,2,Chord of Calling,,Spells,3,1,Melira Pod,Lyserg,270 tix,$ 875,241858,2014-08-02,Modern Daily #7332810,modern,modern-daily-7332810,modern-daily-7332810-2014-08-02
24,4,Birthing Pod,,Artifacts,3,1,Melira Pod,Lyserg,270 tix,$ 875,241858,2014-08-02,Modern Daily #7332810,modern,modern-daily-7332810,modern-daily-7332810-2014-08-02
26,3,Forest,,Lands,3,1,Melira Pod,Lyserg,270 tix,$ 875,241858,2014-08-02,Modern Daily #7332810,modern,modern-daily-7332810,modern-daily-7332810-2014-08-02
27,3,Gavony Township,,Lands,3,1,Melira Pod,Lyserg,270 tix,$ 875,241858,2014-08-02,Modern Daily #7332810,modern,modern-daily-7332810,modern-daily-7332810-2014-08-02
28,1,Godless Shrine,,Lands,3,1,Melira Pod,Lyserg,270 tix,$ 875,241858,2014-08-02,Modern Daily #7332810,modern,modern-daily-7332810,modern-daily-7332810-2014-08-02
29,2,Marsh Flats,,Lands,3,1,Melira Pod,Lyserg,270 tix,$ 875,241858,2014-08-02,Modern Daily #7332810,modern,modern-daily-7332810,modern-daily-7332810-2014-08-02
30,2,Misty Rainforest,,Lands,3,1,Melira Pod,Lyserg,270 tix,$ 875,241858,2014-08-02,Modern Daily #7332810,modern,modern-daily-7332810,modern-daily-7332810-2014-08-02
31,2,Overgrown Tomb,,Lands,3,1,Melira Pod,Lyserg,270 tix,$ 875,241858,2014-08-02,Modern Daily #7332810,modern,modern-daily-7332810,modern-daily-7332810-2014-08-02
32,4,Razorverge Thicket,,Lands,3,1,Melira Pod,Lyserg,270 tix,$ 875,241858,2014-08-02,Modern Daily #7332810,modern,modern-daily-7332810,modern-daily-7332810-2014-08-02
33,1,Swamp,,Lands,3,1,Melira Pod,Lyserg,270 tix,$ 875,241858,2014-08-02,Modern Daily #7332810,modern,modern-daily-7332810,modern-daily-7332810-2014-08-02
34,1,Temple Garden,,Lands,3,1,Melira Pod,Lyserg,270 tix,$ 875,241858,2014-08-02,Modern Daily #7332810,modern,modern-daily-7332810,modern-daily-7332810-2014-08-02
35,4,Verdant Catacombs,,Lands,3,1,Melira Pod,Lyserg,270 tix,$ 875,241858,2014-08-02,Modern Daily #7332810,modern,modern-daily-7332810,modern-daily-7332810-2014-08-02
37,1,Path to Exile,,Sideboard,3,1,Melira Pod,Lyserg,270 tix,$ 875,241858,2014-08-02,Modern Daily #7332810,modern,modern-daily-7332810,modern-daily-7332810-2014-08-02
38,2,Thoughtseize,,Sideboard,3,1,Melira Pod,Lyserg,270 tix,$ 875,241858,2014-08-02,Modern Daily #7332810,modern,modern-daily-7332810,modern-daily-7332810-2014-08-02
39,1,"Kataki, War's Wage",,Sideboard,3,1,Melira Pod,Lyserg,270 tix,$ 875,241858,2014-08-02,Modern Daily #7332810,modern,modern-daily-7332810,modern-daily-7332810-2014-08-02
40,1,Phyrexian Revoker,,Sideboard,3,1,Melira Pod,Lyserg,270 tix,$ 875,241858,2014-08-02,Modern Daily #7332810,modern,modern-daily-7332810,modern-daily-7332810-2014-08-02
41,1,Qasali Pridemage,,Sideboard,3,1,Melira Pod,Lyserg,270 tix,$ 875,241858,2014-08-02,Modern Daily #7332810,modern,modern-daily-7332810,modern-daily-7332810-2014-08-02
42,1,Dismember,,Sideboard,3,1,Melira Pod,Lyserg,270 tix,$ 875,241858,2014-08-02,Modern Daily #7332810,modern,modern-daily-7332810,modern-daily-7332810-2014-08-02
43,1,Eidolon of Rhetoric,,Sideboard,3,1,Melira Pod,Lyserg,270 tix,$ 875,241858,2014-08-02,Modern Daily #7332810,modern,modern-daily-7332810,modern-daily-7332810-2014-08-02
44,1,Maelstrom Pulse,,Sideboard,3,1,Melira Pod,Lyserg,270 tix,$ 875,241858,2014-08-02,Modern Daily #7332810,modern,modern-daily-7332810,modern-daily-7332810-2014-08-02
45,1,Orzhov Pontiff,,Sideboard,3,1,Melira Pod,Lyserg,270 tix,$ 875,241858,2014-08-02,Modern Daily #7332810,modern,modern-daily-7332810,modern-daily-7332810-2014-08-02
46,1,Sin Collector,,Sideboard,3,1,Melira Pod,Lyserg,270 tix,$ 875,241858,2014-08-02,Modern Daily #7332810,modern,modern-daily-7332810,modern-daily-7332810-2014-08-02
47,1,Entomber Exarch,,Sideboard,3,1,Melira Pod,Lyserg,270 tix,$ 875,241858,2014-08-02,Modern Daily #7332810,modern,modern-daily-7332810,modern-daily-7332810-2014-08-02
48,1,"Linvala, Keeper of Silence",,Sideboard,3,1,Melira Pod,Lyserg,270 tix,$ 875,241858,2014-08-02,Modern Daily #7332810,modern,modern-daily-7332810,modern-daily-7332810-2014-08-02
49,1,Nekrataal,,Sideboard,3,1,Melira Pod,Lyserg,270 tix,$ 875,241858,2014-08-02,Modern Daily #7332810,modern,modern-daily-7332810,modern-daily-7332810-2014-08-02
50,1,"Sigarda, Host of Herons",,Sideboard,3,1,Melira Pod,Lyserg,270 tix,$ 875,241858,2014-08-02,Modern Daily #7332810,modern,modern-daily-7332810,modern-daily-7332810-2014-08-02
1,4,Birds of Paradise,,Creatures,3,1,Melira Pod,FoxSpot,262 tix,$ 858,241865,2014-08-02,Modern Daily #7332810,modern,modern-daily-7332810,modern-daily-7332810-2014-08-02
2,3,Noble Hierarch,,Creatures,3,1,Melira Pod,FoxSpot,262 tix,$ 858,241865,2014-08-02,Modern Daily #7332810,modern,modern-daily-7332810,modern-daily-7332810-2014-08-02
3,1,Viscera Seer,,Creatures,3,1,Melira Pod,FoxSpot,262 tix,$ 858,241865,2014-08-02,Modern Daily #7332810,modern,modern-daily-7332810,modern-daily-7332810-2014-08-02
4,1,"Melira, Sylvok Outcast",,Creatures,3,1,Melira Pod,FoxSpot,262 tix,$ 858,241865,2014-08-02,Modern Daily #7332810,modern,modern-daily-7332810,modern-daily-7332810-2014-08-02
5,1,Spellskite,,Creatures,3,1,Melira Pod,FoxSpot,262 tix,$ 858,241865,2014-08-02,Modern Daily #7332810,modern,modern-daily-7332810,modern-daily-7332810-2014-08-02
6,3,Voice of Resurgence,,Creatures,3,1,Melira Pod,FoxSpot,262 tix,$ 858,241865,2014-08-02,Modern Daily #7332810,modern,modern-daily-7332810,modern-daily-7332810-2014-08-02
7,1,Eternal Witness,,Creatures,3,1,Melira Pod,FoxSpot,262 tix,$ 858,241865,2014-08-02,Modern Daily #7332810,modern,modern-daily-7332810,modern-daily-7332810-2014-08-02
8,4,Kitchen Finks,,Creatures,3,1,Melira Pod,FoxSpot,262 tix,$ 858,241865,2014-08-02,Modern Daily #7332810,modern,modern-daily-7332810,modern-daily-7332810-2014-08-02
9,1,Orzhov Pontiff,,Creatures,3,1,Melira Pod,FoxSpot,262 tix,$ 858,241865,2014-08-02,Modern Daily #7332810,modern,modern-daily-7332810,modern-daily-7332810-2014-08-02
10,1,Reclamation Sage,,Creatures,3,1,Melira Pod,FoxSpot,262 tix,$ 858,241865,2014-08-02,Modern Daily #7332810,modern,modern-daily-7332810,modern-daily-7332810-2014-08-02
11,1,Sin Collector,,Creatures,3,1,Melira Pod,FoxSpot,262 tix,$ 858,241865,2014-08-02,Modern Daily #7332810,modern,modern-daily-7332810,modern-daily-7332810-2014-08-02
12,1,"Linvala, Keeper of Silence",,Creatures,3,1,Melira Pod,FoxSpot,262 tix,$ 858,241865,2014-08-02,Modern Daily #7332810,modern,modern-daily-7332810,modern-daily-7332810-2014-08-02
13,1,Murderous Redcap,,Creatures,3,1,Melira Pod,FoxSpot,262 tix,$ 858,241865,2014-08-02,Modern Daily #7332810,modern,modern-daily-7332810,modern-daily-7332810-2014-08-02
14,1,Phyrexian Metamorph,,Creatures,3,1,Melira Pod,FoxSpot,262 tix,$ 858,241865,2014-08-02,Modern Daily #7332810,modern,modern-daily-7332810,modern-daily-7332810-2014-08-02
15,1,Ranger of Eos,,Creatures,3,1,Melira Pod,FoxSpot,262 tix,$ 858,241865,2014-08-02,Modern Daily #7332810,modern,modern-daily-7332810,modern-daily-7332810-2014-08-02
16,1,Restoration Angel,,Creatures,3,1,Melira Pod,FoxSpot,262 tix,$ 858,241865,2014-08-02,Modern Daily #7332810,modern,modern-daily-7332810,modern-daily-7332810-2014-08-02
17,1,Reveillark,,Creatures,3,1,Melira Pod,FoxSpot,262 tix,$ 858,241865,2014-08-02,Modern Daily #7332810,modern,modern-daily-7332810,modern-daily-7332810-2014-08-02
18,1,Shriekmaw,,Creatures,3,1,Melira Pod,FoxSpot,262 tix,$ 858,241865,2014-08-02,Modern Daily #7332810,modern,modern-daily-7332810,modern-daily-7332810-2014-08-02
20,3,Abrupt Decay,,Spells,3,1,Melira Pod,FoxSpot,262 tix,$ 858,241865,2014-08-02,Modern Daily #7332810,modern,modern-daily-7332810,modern-daily-7332810-2014-08-02
21,2,Chord of Calling,,Spells,3,1,Melira Pod,FoxSpot,262 tix,$ 858,241865,2014-08-02,Modern Daily #7332810,modern,modern-daily-7332810,modern-daily-7332810-2014-08-02
23,4,Birthing Pod,,Artifacts,3,1,Melira Pod,FoxSpot,262 tix,$ 858,241865,2014-08-02,Modern Daily #7332810,modern,modern-daily-7332810,modern-daily-7332810-2014-08-02
25,2,Forest,,Lands,3,1,Melira Pod,FoxSpot,262 tix,$ 858,241865,2014-08-02,Modern Daily #7332810,modern,modern-daily-7332810,modern-daily-7332810-2014-08-02
26,3,Gavony Township,,Lands,3,1,Melira Pod,FoxSpot,262 tix,$ 858,241865,2014-08-02,Modern Daily #7332810,modern,modern-daily-7332810,modern-daily-7332810-2014-08-02
27,2,Godless Shrine,,Lands,3,1,Melira Pod,FoxSpot,262 tix,$ 858,241865,2014-08-02,Modern Daily #7332810,modern,modern-daily-7332810,modern-daily-7332810-2014-08-02
28,2,Marsh Flats,,Lands,3,1,Melira Pod,FoxSpot,262 tix,$ 858,241865,2014-08-02,Modern Daily #7332810,modern,modern-daily-7332810,modern-daily-7332810-2014-08-02
29,2,Misty Rainforest,,Lands,3,1,Melira Pod,FoxSpot,262 tix,$ 858,241865,2014-08-02,Modern Daily #7332810,modern,modern-daily-7332810,modern-daily-7332810-2014-08-02
30,2,Overgrown Tomb,,Lands,3,1,Melira Pod,FoxSpot,262 tix,$ 858,241865,2014-08-02,Modern Daily #7332810,modern,modern-daily-7332810,modern-daily-7332810-2014-08-02
31,1,Plains,,Lands,3,1,Melira Pod,FoxSpot,262 tix,$ 858,241865,2014-08-02,Modern Daily #7332810,modern,modern-daily-7332810,modern-daily-7332810-2014-08-02
32,3,Razorverge Thicket,,Lands,3,1,Melira Pod,FoxSpot,262 tix,$ 858,241865,2014-08-02,Modern Daily #7332810,modern,modern-daily-7332810,modern-daily-7332810-2014-08-02
33,1,Swamp,,Lands,3,1,Melira Pod,FoxSpot,262 tix,$ 858,241865,2014-08-02,Modern Daily #7332810,modern,modern-daily-7332810,modern-daily-7332810-2014-08-02
34,1,Temple Garden,,Lands,3,1,Melira Pod,FoxSpot,262 tix,$ 858,241865,2014-08-02,Modern Daily #7332810,modern,modern-daily-7332810,modern-daily-7332810-2014-08-02
35,4,Verdant Catacombs,,Lands,3,1,Melira Pod,FoxSpot,262 tix,$ 858,241865,2014-08-02,Modern Daily #7332810,modern,modern-daily-7332810,modern-daily-7332810-2014-08-02
37,2,Slaughter Pact,,Sideboard,3,1,Melira Pod,FoxSpot,262 tix,$ 858,241865,2014-08-02,Modern Daily #7332810,modern,modern-daily-7332810,modern-daily-7332810-2014-08-02
38,3,Thoughtseize,,Sideboard,3,1,Melira Pod,FoxSpot,262 tix,$ 858,241865,2014-08-02,Modern Daily #7332810,modern,modern-daily-7332810,modern-daily-7332810-2014-08-02
39,1,"Kataki, War's Wage",,Sideboard,3,1,Melira Pod,FoxSpot,262 tix,$ 858,241865,2014-08-02,Modern Daily #7332810,modern,modern-daily-7332810,modern-daily-7332810-2014-08-02
40,1,Qasali Pridemage,,Sideboard,3,1,Melira Pod,FoxSpot,262 tix,$ 858,241865,2014-08-02,Modern Daily #7332810,modern,modern-daily-7332810,modern-daily-7332810-2014-08-02
41,1,Scavenging Ooze,,Sideboard,3,1,Melira Pod,FoxSpot,262 tix,$ 858,241865,2014-08-02,Modern Daily #7332810,modern,modern-daily-7332810,modern-daily-7332810-2014-08-02
42,1,Eidolon of Rhetoric,,Sideboard,3,1,Melira Pod,FoxSpot,262 tix,$ 858,241865,2014-08-02,Modern Daily #7332810,modern,modern-daily-7332810,modern-daily-7332810-2014-08-02
43,3,Lingering Souls,,Sideboard,3,1,Melira Pod,FoxSpot,262 tix,$ 858,241865,2014-08-02,Modern Daily #7332810,modern,modern-daily-7332810,modern-daily-7332810-2014-08-02
44,1,Entomber Exarch,,Sideboard,3,1,Melira Pod,FoxSpot,262 tix,$ 858,241865,2014-08-02,Modern Daily #7332810,modern,modern-daily-7332810,modern-daily-7332810-2014-08-02
45,1,"Thrun, the Last Troll",,Sideboard,3,1,Melira Pod,FoxSpot,262 tix,$ 858,241865,2014-08-02,Modern Daily #7332810,modern,modern-daily-7332810,modern-daily-7332810-2014-08-02
46,1,"Sigarda, Host of Herons",,Sideboard,3,1,Melira Pod,FoxSpot,262 tix,$ 858,241865,2014-08-02,Modern Daily #7332810,modern,modern-daily-7332810,modern-daily-7332810-2014-08-02
1,4,Goblin Guide,,Creatures,3,1,RDW,SeFo87,42 tix,$ 236,241871,2014-08-02,Modern Daily #7332810,modern,modern-daily-7332810,modern-daily-7332810-2014-08-02
2,4,Spark Elemental,,Creatures,3,1,RDW,SeFo87,42 tix,$ 236,241871,2014-08-02,Modern Daily #7332810,modern,modern-daily-7332810,modern-daily-7332810-2014-08-02
4,4,Bump in the Night,,Spells,3,1,RDW,SeFo87,42 tix,$ 236,241871,2014-08-02,Modern Daily #7332810,modern,modern-daily-7332810,modern-daily-7332810-2014-08-02
5,4,Lava Spike,,Spells,3,1,RDW,SeFo87,42 tix,$ 236,241871,2014-08-02,Modern Daily #7332810,modern,modern-daily-7332810,modern-daily-7332810-2014-08-02
6,4,Lightning Bolt,,Spells,3,1,RDW,SeFo87,42 tix,$ 236,241871,2014-08-02,Modern Daily #7332810,modern,modern-daily-7332810,modern-daily-7332810-2014-08-02
7,4,Shard Volley,,Spells,3,1,RDW,SeFo87,42 tix,$ 236,241871,2014-08-02,Modern Daily #7332810,modern,modern-daily-7332810,modern-daily-7332810-2014-08-02
8,4,Searing Blood,,Spells,3,1,RDW,SeFo87,42 tix,$ 236,241871,2014-08-02,Modern Daily #7332810,modern,modern-daily-7332810,modern-daily-7332810-2014-08-02
9,4,Skullcrack,,Spells,3,1,RDW,SeFo87,42 tix,$ 236,241871,2014-08-02,Modern Daily #7332810,modern,modern-daily-7332810,modern-daily-7332810-2014-08-02
10,4,Flames of the Blood Hand,,Spells,3,1,RDW,SeFo87,42 tix,$ 236,241871,2014-08-02,Modern Daily #7332810,modern,modern-daily-7332810,modern-daily-7332810-2014-08-02
11,4,Rift Bolt,,Spells,3,1,RDW,SeFo87,42 tix,$ 236,241871,2014-08-02,Modern Daily #7332810,modern,modern-daily-7332810,modern-daily-7332810-2014-08-02
13,3,Blood Crypt,,Lands,3,1,RDW,SeFo87,42 tix,$ 236,241871,2014-08-02,Modern Daily #7332810,modern,modern-daily-7332810,modern-daily-7332810-2014-08-02
14,4,Dragonskull Summit,,Lands,3,1,RDW,SeFo87,42 tix,$ 236,241871,2014-08-02,Modern Daily #7332810,modern,modern-daily-7332810,modern-daily-7332810-2014-08-02
15,9,Mountain,,Lands,3,1,RDW,SeFo87,42 tix,$ 236,241871,2014-08-02,Modern Daily #7332810,modern,modern-daily-7332810,modern-daily-7332810-2014-08-02
16,4,Sulfurous Springs,,Lands,3,1,RDW,SeFo87,42 tix,$ 236,241871,2014-08-02,Modern Daily #7332810,modern,modern-daily-7332810,modern-daily-7332810-2014-08-02
18,1,Combust,,Sideboard,3,1,RDW,SeFo87,42 tix,$ 236,241871,2014-08-02,Modern Daily #7332810,modern,modern-daily-7332810,modern-daily-7332810-2014-08-02
19,3,Dragon's Claw,,Sideboard,3,1,RDW,SeFo87,42 tix,$ 236,241871,2014-08-02,Modern Daily #7332810,modern,modern-daily-7332810,modern-daily-7332810-2014-08-02
20,3,Rakdos Charm,,Sideboard,3,1,RDW,SeFo87,42 tix,$ 236,241871,2014-08-02,Modern Daily #7332810,modern,modern-daily-7332810,modern-daily-7332810-2014-08-02
21,2,Searing Blaze,,Sideboard,3,1,RDW,SeFo87,42 tix,$ 236,241871,2014-08-02,Modern Daily #7332810,modern,modern-daily-7332810,modern-daily-7332810-2014-08-02
22,2,Smash to Smithereens,,Sideboard,3,1,RDW,SeFo87,42 tix,$ 236,241871,2014-08-02,Modern Daily #7332810,modern,modern-daily-7332810,modern-daily-7332810-2014-08-02
23,2,Dark Tutelage,,Sideboard,3,1,RDW,SeFo87,42 tix,$ 236,241871,2014-08-02,Modern Daily #7332810,modern,modern-daily-7332810,modern-daily-7332810-2014-08-02
24,1,Molten Rain,,Sideboard,3,1,RDW,SeFo87,42 tix,$ 236,241871,2014-08-02,Modern Daily #7332810,modern,modern-daily-7332810,modern-daily-7332810-2014-08-02
25,1,Spiteful Visions,,Sideboard,3,1,RDW,SeFo87,42 tix,$ 236,241871,2014-08-02,Modern Daily #7332810,modern,modern-daily-7332810,modern-daily-7332810-2014-08-02
1,2,Spellskite,,Creatures,3,1,RG Tron,Fitzy,283 tix,$ 814,241870,2014-08-02,Modern Daily #7332810,modern,modern-daily-7332810,modern-daily-7332810-2014-08-02
2,3,Wurmcoil Engine,,Creatures,3,1,RG Tron,Fitzy,283 tix,$ 814,241870,2014-08-02,Modern Daily #7332810,modern,modern-daily-7332810,modern-daily-7332810-2014-08-02
3,1,Sundering Titan,,Creatures,3,1,RG Tron,Fitzy,283 tix,$ 814,241870,2014-08-02,Modern Daily #7332810,modern,modern-daily-7332810,modern-daily-7332810-2014-08-02
4,1,"Emrakul, the Aeons Torn",,Creatures,3,1,RG Tron,Fitzy,283 tix,$ 814,241870,2014-08-02,Modern Daily #7332810,modern,modern-daily-7332810,modern-daily-7332810-2014-08-02
6,4,Karn Liberated,,Planeswalkers,3,1,RG Tron,Fitzy,283 tix,$ 814,241870,2014-08-02,Modern Daily #7332810,modern,modern-daily-7332810,modern-daily-7332810-2014-08-02
8,4,Ancient Stirrings,,Spells,3,1,RG Tron,Fitzy,283 tix,$ 814,241870,2014-08-02,Modern Daily #7332810,modern,modern-daily-7332810,modern-daily-7332810-2014-08-02
9,4,Sylvan Scrying,,Spells,3,1,RG Tron,Fitzy,283 tix,$ 814,241870,2014-08-02,Modern Daily #7332810,modern,modern-daily-7332810,modern-daily-7332810-2014-08-02
10,2,Beast Within,,Spells,3,1,RG Tron,Fitzy,283 tix,$ 814,241870,2014-08-02,Modern Daily #7332810,modern,modern-daily-7332810,modern-daily-7332810-2014-08-02
11,1,All Is Dust,,Spells,3,1,RG Tron,Fitzy,283 tix,$ 814,241870,2014-08-02,Modern Daily #7332810,modern,modern-daily-7332810,modern-daily-7332810-2014-08-02
13,4,Chromatic Sphere,,Artifacts,3,1,RG Tron,Fitzy,283 tix,$ 814,241870,2014-08-02,Modern Daily #7332810,modern,modern-daily-7332810,modern-daily-7332810-2014-08-02
14,4,Chromatic Star,,Artifacts,3,1,RG Tron,Fitzy,283 tix,$ 814,241870,2014-08-02,Modern Daily #7332810,modern,modern-daily-7332810,modern-daily-7332810-2014-08-02
15,4,Expedition Map,,Artifacts,3,1,RG Tron,Fitzy,283 tix,$ 814,241870,2014-08-02,Modern Daily #7332810,modern,modern-daily-7332810,modern-daily-7332810-2014-08-02
16,3,Relic of Progenitus,,Artifacts,3,1,RG Tron,Fitzy,283 tix,$ 814,241870,2014-08-02,Modern Daily #7332810,modern,modern-daily-7332810,modern-daily-7332810-2014-08-02
17,3,Oblivion Stone,,Artifacts,3,1,RG Tron,Fitzy,283 tix,$ 814,241870,2014-08-02,Modern Daily #7332810,modern,modern-daily-7332810,modern-daily-7332810-2014-08-02
19,1,Cavern of Souls,,Lands,3,1,RG Tron,Fitzy,283 tix,$ 814,241870,2014-08-02,Modern Daily #7332810,modern,modern-daily-7332810,modern-daily-7332810-2014-08-02
20,1,Eye of Ugin,,Lands,3,1,RG Tron,Fitzy,283 tix,$ 814,241870,2014-08-02,Modern Daily #7332810,modern,modern-daily-7332810,modern-daily-7332810-2014-08-02
21,1,Forest,,Lands,3,1,RG Tron,Fitzy,283 tix,$ 814,241870,2014-08-02,Modern Daily #7332810,modern,modern-daily-7332810,modern-daily-7332810-2014-08-02
22,1,Ghost Quarter,,Lands,3,1,RG Tron,Fitzy,283 tix,$ 814,241870,2014-08-02,Modern Daily #7332810,modern,modern-daily-7332810,modern-daily-7332810-2014-08-02
23,4,Grove of the Burnwillows,,Lands,3,1,RG Tron,Fitzy,283 tix,$ 814,241870,2014-08-02,Modern Daily #7332810,modern,modern-daily-7332810,modern-daily-7332810-2014-08-02
24,4,Urza's Mine,,Lands,3,1,RG Tron,Fitzy,283 tix,$ 814,241870,2014-08-02,Modern Daily #7332810,modern,modern-daily-7332810,modern-daily-7332810-2014-08-02
25,4,Urza's Power Plant,,Lands,3,1,RG Tron,Fitzy,283 tix,$ 814,241870,2014-08-02,Modern Daily #7332810,modern,modern-daily-7332810,modern-daily-7332810-2014-08-02
26,4,Urza's Tower,,Lands,3,1,RG Tron,Fitzy,283 tix,$ 814,241870,2014-08-02,Modern Daily #7332810,modern,modern-daily-7332810,modern-daily-7332810-2014-08-02
28,3,Nature's Claim,,Sideboard,3,1,RG Tron,Fitzy,283 tix,$ 814,241870,2014-08-02,Modern Daily #7332810,modern,modern-daily-7332810,modern-daily-7332810-2014-08-02
29,1,Ancient Grudge,,Sideboard,3,1,RG Tron,Fitzy,283 tix,$ 814,241870,2014-08-02,Modern Daily #7332810,modern,modern-daily-7332810,modern-daily-7332810-2014-08-02
30,2,Combust,,Sideboard,3,1,RG Tron,Fitzy,283 tix,$ 814,241870,2014-08-02,Modern Daily #7332810,modern,modern-daily-7332810,modern-daily-7332810-2014-08-02
31,2,Defense Grid,,Sideboard,3,1,RG Tron,Fitzy,283 tix,$ 814,241870,2014-08-02,Modern Daily #7332810,modern,modern-daily-7332810,modern-daily-7332810-2014-08-02
32,2,Pyroclasm,,Sideboard,3,1,RG Tron,Fitzy,283 tix,$ 814,241870,2014-08-02,Modern Daily #7332810,modern,modern-daily-7332810,modern-daily-7332810-2014-08-02
33,2,Torpor Orb,,Sideboard,3,1,RG Tron,Fitzy,283 tix,$ 814,241870,2014-08-02,Modern Daily #7332810,modern,modern-daily-7332810,modern-daily-7332810-2014-08-02
34,1,Boil,,Sideboard,3,1,RG Tron,Fitzy,283 tix,$ 814,241870,2014-08-02,Modern Daily #7332810,modern,modern-daily-7332810,modern-daily-7332810-2014-08-02
35,2,Thragtusk,,Sideboard,3,1,RG Tron,Fitzy,283 tix,$ 814,241870,2014-08-02,Modern Daily #7332810,modern,modern-daily-7332810,modern-daily-7332810-2014-08-02
1,4,Sakura-Tribe Elder,,Creatures,3,1,Scapeshift,mommon,246 tix,"$ 1,019",241857,2014-08-02,Modern Daily #7332810,modern,modern-daily-7332810,modern-daily-7332810-2014-08-02
2,2,Snapcaster Mage,,Creatures,3,1,Scapeshift,mommon,246 tix,"$ 1,019",241857,2014-08-02,Modern Daily #7332810,modern,modern-daily-7332810,modern-daily-7332810-2014-08-02
4,2,Repeal,,Spells,3,1,Scapeshift,mommon,246 tix,"$ 1,019",241857,2014-08-02,Modern Daily #7332810,modern,modern-daily-7332810,modern-daily-7332810-2014-08-02
5,3,Serum Visions,,Spells,3,1,Scapeshift,mommon,246 tix,"$ 1,019",241857,2014-08-02,Modern Daily #7332810,modern,modern-daily-7332810,modern-daily-7332810-2014-08-02
6,1,Farseek,,Spells,3,1,Scapeshift,mommon,246 tix,"$ 1,019",241857,2014-08-02,Modern Daily #7332810,modern,modern-daily-7332810,modern-daily-7332810-2014-08-02
7,2,Izzet Charm,,Spells,3,1,Scapeshift,mommon,246 tix,"$ 1,019",241857,2014-08-02,Modern Daily #7332810,modern,modern-daily-7332810,modern-daily-7332810-2014-08-02
8,2,Peer Through Depths,,Spells,3,1,Scapeshift,mommon,246 tix,"$ 1,019",241857,2014-08-02,Modern Daily #7332810,modern,modern-daily-7332810,modern-daily-7332810-2014-08-02
9,4,Remand,,Spells,3,1,Scapeshift,mommon,246 tix,"$ 1,019",241857,2014-08-02,Modern Daily #7332810,modern,modern-daily-7332810,modern-daily-7332810-2014-08-02
10,2,Worldly Counsel,,Spells,3,1,Scapeshift,mommon,246 tix,"$ 1,019",241857,2014-08-02,Modern Daily #7332810,modern,modern-daily-7332810,modern-daily-7332810-2014-08-02
11,2,Electrolyze,,Spells,3,1,Scapeshift,mommon,246 tix,"$ 1,019",241857,2014-08-02,Modern Daily #7332810,modern,modern-daily-7332810,modern-daily-7332810-2014-08-02
12,4,Search for Tomorrow,,Spells,3,1,Scapeshift,mommon,246 tix,"$ 1,019",241857,2014-08-02,Modern Daily #7332810,modern,modern-daily-7332810,modern-daily-7332810-2014-08-02
13,4,Cryptic Command,,Spells,3,1,Scapeshift,mommon,246 tix,"$ 1,019",241857,2014-08-02,Modern Daily #7332810,modern,modern-daily-7332810,modern-daily-7332810-2014-08-02
14,4,Scapeshift,,Spells,3,1,Scapeshift,mommon,246 tix,"$ 1,019",241857,2014-08-02,Modern Daily #7332810,modern,modern-daily-7332810,modern-daily-7332810-2014-08-02
16,2,Breeding Pool,,Lands,3,1,Scapeshift,mommon,246 tix,"$ 1,019",241857,2014-08-02,Modern Daily #7332810,modern,modern-daily-7332810,modern-daily-7332810-2014-08-02
17,1,Flooded Grove,,Lands,3,1,Scapeshift,mommon,246 tix,"$ 1,019",241857,2014-08-02,Modern Daily #7332810,modern,modern-daily-7332810,modern-daily-7332810-2014-08-02
18,2,Forest,,Lands,3,1,Scapeshift,mommon,246 tix,"$ 1,019",241857,2014-08-02,Modern Daily #7332810,modern,modern-daily-7332810,modern-daily-7332810-2014-08-02
19,3,Island,,Lands,3,1,Scapeshift,mommon,246 tix,"$ 1,019",241857,2014-08-02,Modern Daily #7332810,modern,modern-daily-7332810,modern-daily-7332810-2014-08-02
20,4,Misty Rainforest,,Lands,3,1,Scapeshift,mommon,246 tix,"$ 1,019",241857,2014-08-02,Modern Daily #7332810,modern,modern-daily-7332810,modern-daily-7332810-2014-08-02
21,2,Mountain,,Lands,3,1,Scapeshift,mommon,246 tix,"$ 1,019",241857,2014-08-02,Modern Daily #7332810,modern,modern-daily-7332810,modern-daily-7332810-2014-08-02
22,4,Steam Vents,,Lands,3,1,Scapeshift,mommon,246 tix,"$ 1,019",241857,2014-08-02,Modern Daily #7332810,modern,modern-daily-7332810,modern-daily-7332810-2014-08-02
23,4,Stomping Ground,,Lands,3,1,Scapeshift,mommon,246 tix,"$ 1,019",241857,2014-08-02,Modern Daily #7332810,modern,modern-daily-7332810,modern-daily-7332810-2014-08-02
24,2,"Valakut, the Molten Pinnacle",,Lands,3,1,Scapeshift,mommon,246 tix,"$ 1,019",241857,2014-08-02,Modern Daily #7332810,modern,modern-daily-7332810,modern-daily-7332810-2014-08-02
26,1,Nature's Claim,,Sideboard,3,1,Scapeshift,mommon,246 tix,"$ 1,019",241857,2014-08-02,Modern Daily #7332810,modern,modern-daily-7332810,modern-daily-7332810-2014-08-02
27,1,Ancient Grudge,,Sideboard,3,1,Scapeshift,mommon,246 tix,"$ 1,019",241857,2014-08-02,Modern Daily #7332810,modern,modern-daily-7332810,modern-daily-7332810-2014-08-02
28,1,Combust,,Sideboard,3,1,Scapeshift,mommon,246 tix,"$ 1,019",241857,2014-08-02,Modern Daily #7332810,modern,modern-daily-7332810,modern-daily-7332810-2014-08-02
29,1,Negate,,Sideboard,3,1,Scapeshift,mommon,246 tix,"$ 1,019",241857,2014-08-02,Modern Daily #7332810,modern,modern-daily-7332810,modern-daily-7332810-2014-08-02
30,1,Snapcaster Mage,,Sideboard,3,1,Scapeshift,mommon,246 tix,"$ 1,019",241857,2014-08-02,Modern Daily #7332810,modern,modern-daily-7332810,modern-daily-7332810-2014-08-02
31,2,Anger of the Gods,,Sideboard,3,1,Scapeshift,mommon,246 tix,"$ 1,019",241857,2014-08-02,Modern Daily #7332810,modern,modern-daily-7332810,modern-daily-7332810-2014-08-02
32,1,Counterflux,,Sideboard,3,1,Scapeshift,mommon,246 tix,"$ 1,019",241857,2014-08-02,Modern Daily #7332810,modern,modern-daily-7332810,modern-daily-7332810-2014-08-02
33,2,Obstinate Baloth,,Sideboard,3,1,Scapeshift,mommon,246 tix,"$ 1,019",241857,2014-08-02,Modern Daily #7332810,modern,modern-daily-7332810,modern-daily-7332810-2014-08-02
34,1,Shatterstorm,,Sideboard,3,1,Scapeshift,mommon,246 tix,"$ 1,019",241857,2014-08-02,Modern Daily #7332810,modern,modern-daily-7332810,modern-daily-7332810-2014-08-02
35,1,Batterskull,,Sideboard,3,1,Scapeshift,mommon,246 tix,"$ 1,019",241857,2014-08-02,Modern Daily #7332810,modern,modern-daily-7332810,modern-daily-7332810-2014-08-02
36,1,"Teferi, Mage of Zhalfir",,Sideboard,3,1,Scapeshift,mommon,246 tix,"$ 1,019",241857,2014-08-02,Modern Daily #7332810,modern,modern-daily-7332810,modern-daily-7332810-2014-08-02
37,2,Inferno Titan,,Sideboard,3,1,Scapeshift,mommon,246 tix,"$ 1,019",241857,2014-08-02,Modern Daily #7332810,modern,modern-daily-7332810,modern-daily-7332810-2014-08-02
1,4,Sakura-Tribe Elder,,Creatures,3,1,Scapeshift,ecobaronen,191 tix,$ 937,241862,2014-08-02,Modern Daily #7332810,modern,modern-daily-7332810,modern-daily-7332810-2014-08-02
2,2,Snapcaster Mage,,Creatures,3,1,Scapeshift,ecobaronen,191 tix,$ 937,241862,2014-08-02,Modern Daily #7332810,modern,modern-daily-7332810,modern-daily-7332810-2014-08-02
4,3,Lightning Bolt,,Spells,3,1,Scapeshift,ecobaronen,191 tix,$ 937,241862,2014-08-02,Modern Daily #7332810,modern,modern-daily-7332810,modern-daily-7332810-2014-08-02
5,2,Repeal,,Spells,3,1,Scapeshift,ecobaronen,191 tix,$ 937,241862,2014-08-02,Modern Daily #7332810,modern,modern-daily-7332810,modern-daily-7332810-2014-08-02
6,2,Farseek,,Spells,3,1,Scapeshift,ecobaronen,191 tix,$ 937,241862,2014-08-02,Modern Daily #7332810,modern,modern-daily-7332810,modern-daily-7332810-2014-08-02
7,2,Izzet Charm,,Spells,3,1,Scapeshift,ecobaronen,191 tix,$ 937,241862,2014-08-02,Modern Daily #7332810,modern,modern-daily-7332810,modern-daily-7332810-2014-08-02
8,2,Peer Through Depths,,Spells,3,1,Scapeshift,ecobaronen,191 tix,$ 937,241862,2014-08-02,Modern Daily #7332810,modern,modern-daily-7332810,modern-daily-7332810-2014-08-02
9,4,Remand,,Spells,3,1,Scapeshift,ecobaronen,191 tix,$ 937,241862,2014-08-02,Modern Daily #7332810,modern,modern-daily-7332810,modern-daily-7332810-2014-08-02
10,2,Telling Time,,Spells,3,1,Scapeshift,ecobaronen,191 tix,$ 937,241862,2014-08-02,Modern Daily #7332810,modern,modern-daily-7332810,modern-daily-7332810-2014-08-02
11,4,Search for Tomorrow,,Spells,3,1,Scapeshift,ecobaronen,191 tix,$ 937,241862,2014-08-02,Modern Daily #7332810,modern,modern-daily-7332810,modern-daily-7332810-2014-08-02
12,4,Cryptic Command,,Spells,3,1,Scapeshift,ecobaronen,191 tix,$ 937,241862,2014-08-02,Modern Daily #7332810,modern,modern-daily-7332810,modern-daily-7332810-2014-08-02
13,4,Scapeshift,,Spells,3,1,Scapeshift,ecobaronen,191 tix,$ 937,241862,2014-08-02,Modern Daily #7332810,modern,modern-daily-7332810,modern-daily-7332810-2014-08-02
15,2,Breeding Pool,,Lands,3,1,Scapeshift,ecobaronen,191 tix,$ 937,241862,2014-08-02,Modern Daily #7332810,modern,modern-daily-7332810,modern-daily-7332810-2014-08-02
16,1,Flooded Grove,,Lands,3,1,Scapeshift,ecobaronen,191 tix,$ 937,241862,2014-08-02,Modern Daily #7332810,modern,modern-daily-7332810,modern-daily-7332810-2014-08-02
17,3,Forest,,Lands,3,1,Scapeshift,ecobaronen,191 tix,$ 937,241862,2014-08-02,Modern Daily #7332810,modern,modern-daily-7332810,modern-daily-7332810-2014-08-02
18,3,Island,,Lands,3,1,Scapeshift,ecobaronen,191 tix,$ 937,241862,2014-08-02,Modern Daily #7332810,modern,modern-daily-7332810,modern-daily-7332810-2014-08-02
19,4,Misty Rainforest,,Lands,3,1,Scapeshift,ecobaronen,191 tix,$ 937,241862,2014-08-02,Modern Daily #7332810,modern,modern-daily-7332810,modern-daily-7332810-2014-08-02
20,2,Mountain,,Lands,3,1,Scapeshift,ecobaronen,191 tix,$ 937,241862,2014-08-02,Modern Daily #7332810,modern,modern-daily-7332810,modern-daily-7332810-2014-08-02
21,4,Steam Vents,,Lands,3,1,Scapeshift,ecobaronen,191 tix,$ 937,241862,2014-08-02,Modern Daily #7332810,modern,modern-daily-7332810,modern-daily-7332810-2014-08-02
22,4,Stomping Ground,,Lands,3,1,Scapeshift,ecobaronen,191 tix,$ 937,241862,2014-08-02,Modern Daily #7332810,modern,modern-daily-7332810,modern-daily-7332810-2014-08-02
23,2,"Valakut, the Molten Pinnacle",,Lands,3,1,Scapeshift,ecobaronen,191 tix,$ 937,241862,2014-08-02,Modern Daily #7332810,modern,modern-daily-7332810,modern-daily-7332810-2014-08-02
25,1,Gigadrowse,,Sideboard,3,1,Scapeshift,ecobaronen,191 tix,$ 937,241862,2014-08-02,Modern Daily #7332810,modern,modern-daily-7332810,modern-daily-7332810-2014-08-02
26,2,Relic of Progenitus,,Sideboard,3,1,Scapeshift,ecobaronen,191 tix,$ 937,241862,2014-08-02,Modern Daily #7332810,modern,modern-daily-7332810,modern-daily-7332810-2014-08-02
27,2,Swan Song,,Sideboard,3,1,Scapeshift,ecobaronen,191 tix,$ 937,241862,2014-08-02,Modern Daily #7332810,modern,modern-daily-7332810,modern-daily-7332810-2014-08-02
28,2,Ancient Grudge,,Sideboard,3,1,Scapeshift,ecobaronen,191 tix,$ 937,241862,2014-08-02,Modern Daily #7332810,modern,modern-daily-7332810,modern-daily-7332810-2014-08-02
29,2,Combust,,Sideboard,3,1,Scapeshift,ecobaronen,191 tix,$ 937,241862,2014-08-02,Modern Daily #7332810,modern,modern-daily-7332810,modern-daily-7332810-2014-08-02
30,2,Counterflux,,Sideboard,3,1,Scapeshift,ecobaronen,191 tix,$ 937,241862,2014-08-02,Modern Daily #7332810,modern,modern-daily-7332810,modern-daily-7332810-2014-08-02
31,2,Creeping Corrosion,,Sideboard,3,1,Scapeshift,ecobaronen,191 tix,$ 937,241862,2014-08-02,Modern Daily #7332810,modern,modern-daily-7332810,modern-daily-7332810-2014-08-02
32,2,Urban Evolution,,Sideboard,3,1,Scapeshift,ecobaronen,191 tix,$ 937,241862,2014-08-02,Modern Daily #7332810,modern,modern-daily-7332810,modern-daily-7332810-2014-08-02
1,4,Delver of Secrets,,Creatures,3,1,UR Delver,saul22,247 tix,"$ 1,069",241866,2014-08-02,Modern Daily #7332810,modern,modern-daily-7332810,modern-daily-7332810-2014-08-02
2,2,Grim Lavamancer,,Creatures,3,1,UR Delver,saul22,247 tix,"$ 1,069",241866,2014-08-02,Modern Daily #7332810,modern,modern-daily-7332810,modern-daily-7332810-2014-08-02
3,4,Snapcaster Mage,,Creatures,3,1,UR Delver,saul22,247 tix,"$ 1,069",241866,2014-08-02,Modern Daily #7332810,modern,modern-daily-7332810,modern-daily-7332810-2014-08-02
4,4,Young Pyromancer,,Creatures,3,1,UR Delver,saul22,247 tix,"$ 1,069",241866,2014-08-02,Modern Daily #7332810,modern,modern-daily-7332810,modern-daily-7332810-2014-08-02
6,4,Gitaxian Probe,,Spells,3,1,UR Delver,saul22,247 tix,"$ 1,069",241866,2014-08-02,Modern Daily #7332810,modern,modern-daily-7332810,modern-daily-7332810-2014-08-02
7,4,Lightning Bolt,,Spells,3,1,UR Delver,saul22,247 tix,"$ 1,069",241866,2014-08-02,Modern Daily #7332810,modern,modern-daily-7332810,modern-daily-7332810-2014-08-02
8,2,Pillar of Flame,,Spells,3,1,UR Delver,saul22,247 tix,"$ 1,069",241866,2014-08-02,Modern Daily #7332810,modern,modern-daily-7332810,modern-daily-7332810-2014-08-02
9,4,Serum Visions,,Spells,3,1,UR Delver,saul22,247 tix,"$ 1,069",241866,2014-08-02,Modern Daily #7332810,modern,modern-daily-7332810,modern-daily-7332810-2014-08-02
10,2,Spell Pierce,,Spells,3,1,UR Delver,saul22,247 tix,"$ 1,069",241866,2014-08-02,Modern Daily #7332810,modern,modern-daily-7332810,modern-daily-7332810-2014-08-02
11,2,Spell Snare,,Spells,3,1,UR Delver,saul22,247 tix,"$ 1,069",241866,2014-08-02,Modern Daily #7332810,modern,modern-daily-7332810,modern-daily-7332810-2014-08-02
12,2,Vapor Snag,,Spells,3,1,UR Delver,saul22,247 tix,"$ 1,069",241866,2014-08-02,Modern Daily #7332810,modern,modern-daily-7332810,modern-daily-7332810-2014-08-02
13,1,Deprive,,Spells,3,1,UR Delver,saul22,247 tix,"$ 1,069",241866,2014-08-02,Modern Daily #7332810,modern,modern-daily-7332810,modern-daily-7332810-2014-08-02
14,2,Mana Leak,,Spells,3,1,UR Delver,saul22,247 tix,"$ 1,069",241866,2014-08-02,Modern Daily #7332810,modern,modern-daily-7332810,modern-daily-7332810-2014-08-02
15,2,Remand,,Spells,3,1,UR Delver,saul22,247 tix,"$ 1,069",241866,2014-08-02,Modern Daily #7332810,modern,modern-daily-7332810,modern-daily-7332810-2014-08-02
16,1,Electrolyze,,Spells,3,1,UR Delver,saul22,247 tix,"$ 1,069",241866,2014-08-02,Modern Daily #7332810,modern,modern-daily-7332810,modern-daily-7332810-2014-08-02
18,1,Sword of Fire and Ice,,Artifacts,3,1,UR Delver,saul22,247 tix,"$ 1,069",241866,2014-08-02,Modern Daily #7332810,modern,modern-daily-7332810,modern-daily-7332810-2014-08-02
20,6,Island,,Lands,3,1,UR Delver,saul22,247 tix,"$ 1,069",241866,2014-08-02,Modern Daily #7332810,modern,modern-daily-7332810,modern-daily-7332810-2014-08-02
21,3,Misty Rainforest,,Lands,3,1,UR Delver,saul22,247 tix,"$ 1,069",241866,2014-08-02,Modern Daily #7332810,modern,modern-daily-7332810,modern-daily-7332810-2014-08-02
22,1,Mountain,,Lands,3,1,UR Delver,saul22,247 tix,"$ 1,069",241866,2014-08-02,Modern Daily #7332810,modern,modern-daily-7332810,modern-daily-7332810-2014-08-02
23,4,Scalding Tarn,,Lands,3,1,UR Delver,saul22,247 tix,"$ 1,069",241866,2014-08-02,Modern Daily #7332810,modern,modern-daily-7332810,modern-daily-7332810-2014-08-02
24,3,Steam Vents,,Lands,3,1,UR Delver,saul22,247 tix,"$ 1,069",241866,2014-08-02,Modern Daily #7332810,modern,modern-daily-7332810,modern-daily-7332810-2014-08-02
25,2,Sulfur Falls,,Lands,3,1,UR Delver,saul22,247 tix,"$ 1,069",241866,2014-08-02,Modern Daily #7332810,modern,modern-daily-7332810,modern-daily-7332810-2014-08-02
27,1,Engineered Explosives,,Sideboard,3,1,UR Delver,saul22,247 tix,"$ 1,069",241866,2014-08-02,Modern Daily #7332810,modern,modern-daily-7332810,modern-daily-7332810-2014-08-02
28,1,Dispel,,Sideboard,3,1,UR Delver,saul22,247 tix,"$ 1,069",241866,2014-08-02,Modern Daily #7332810,modern,modern-daily-7332810,modern-daily-7332810-2014-08-02
29,2,Relic of Progenitus,,Sideboard,3,1,UR Delver,saul22,247 tix,"$ 1,069",241866,2014-08-02,Modern Daily #7332810,modern,modern-daily-7332810,modern-daily-7332810-2014-08-02
30,2,Shattering Spree,,Sideboard,3,1,UR Delver,saul22,247 tix,"$ 1,069",241866,2014-08-02,Modern Daily #7332810,modern,modern-daily-7332810,modern-daily-7332810-2014-08-02
31,2,Combust,,Sideboard,3,1,UR Delver,saul22,247 tix,"$ 1,069",241866,2014-08-02,Modern Daily #7332810,modern,modern-daily-7332810,modern-daily-7332810-2014-08-02
32,1,Deprive,,Sideboard,3,1,UR Delver,saul22,247 tix,"$ 1,069",241866,2014-08-02,Modern Daily #7332810,modern,modern-daily-7332810,modern-daily-7332810-2014-08-02
33,2,Spellskite,,Sideboard,3,1,UR Delver,saul22,247 tix,"$ 1,069",241866,2014-08-02,Modern Daily #7332810,modern,modern-daily-7332810,modern-daily-7332810-2014-08-02
34,1,Counterflux,,Sideboard,3,1,UR Delver,saul22,247 tix,"$ 1,069",241866,2014-08-02,Modern Daily #7332810,modern,modern-daily-7332810,modern-daily-7332810-2014-08-02
35,2,Hibernation,,Sideboard,3,1,UR Delver,saul22,247 tix,"$ 1,069",241866,2014-08-02,Modern Daily #7332810,modern,modern-daily-7332810,modern-daily-7332810-2014-08-02
36,1,Izzet Staticaster,,Sideboard,3,1,UR Delver,saul22,247 tix,"$ 1,069",241866,2014-08-02,Modern Daily #7332810,modern,modern-daily-7332810,modern-daily-7332810-2014-08-02
1,4,Goblin Electromancer,,Creatures,3,1,UR Storm,umbrageous,153 tix,$ 602,241867,2014-08-02,Modern Daily #7332810,modern,modern-daily-7332810,modern-daily-7332810-2014-08-02
3,3,Faithless Looting,,Spells,3,1,UR Storm,umbrageous,153 tix,$ 602,241867,2014-08-02,Modern Daily #7332810,modern,modern-daily-7332810,modern-daily-7332810-2014-08-02
4,4,Gitaxian Probe,,Spells,3,1,UR Storm,umbrageous,153 tix,$ 602,241867,2014-08-02,Modern Daily #7332810,modern,modern-daily-7332810,modern-daily-7332810-2014-08-02
5,4,Serum Visions,,Spells,3,1,UR Storm,umbrageous,153 tix,$ 602,241867,2014-08-02,Modern Daily #7332810,modern,modern-daily-7332810,modern-daily-7332810-2014-08-02
6,4,Sleight of Hand,,Spells,3,1,UR Storm,umbrageous,153 tix,$ 602,241867,2014-08-02,Modern Daily #7332810,modern,modern-daily-7332810,modern-daily-7332810-2014-08-02
7,3,Desperate Ravings,,Spells,3,1,UR Storm,umbrageous,153 tix,$ 602,241867,2014-08-02,Modern Daily #7332810,modern,modern-daily-7332810,modern-daily-7332810-2014-08-02
8,4,Desperate Ritual,,Spells,3,1,UR Storm,umbrageous,153 tix,$ 602,241867,2014-08-02,Modern Daily #7332810,modern,modern-daily-7332810,modern-daily-7332810-2014-08-02
9,3,Grapeshot,,Spells,3,1,UR Storm,umbrageous,153 tix,$ 602,241867,2014-08-02,Modern Daily #7332810,modern,modern-daily-7332810,modern-daily-7332810-2014-08-02
10,4,Manamorphose,,Spells,3,1,UR Storm,umbrageous,153 tix,$ 602,241867,2014-08-02,Modern Daily #7332810,modern,modern-daily-7332810,modern-daily-7332810-2014-08-02
11,4,Pyretic Ritual,,Spells,3,1,UR Storm,umbrageous,153 tix,$ 602,241867,2014-08-02,Modern Daily #7332810,modern,modern-daily-7332810,modern-daily-7332810-2014-08-02
12,3,Past in Flames,,Spells,3,1,UR Storm,umbrageous,153 tix,$ 602,241867,2014-08-02,Modern Daily #7332810,modern,modern-daily-7332810,modern-daily-7332810-2014-08-02
14,4,Pyromancer Ascension,,Enchantments,3,1,UR Storm,umbrageous,153 tix,$ 602,241867,2014-08-02,Modern Daily #7332810,modern,modern-daily-7332810,modern-daily-7332810-2014-08-02
16,3,Island,,Lands,3,1,UR Storm,umbrageous,153 tix,$ 602,241867,2014-08-02,Modern Daily #7332810,modern,modern-daily-7332810,modern-daily-7332810-2014-08-02
17,2,Misty Rainforest,,Lands,3,1,UR Storm,umbrageous,153 tix,$ 602,241867,2014-08-02,Modern Daily #7332810,modern,modern-daily-7332810,modern-daily-7332810-2014-08-02
18,1,Mountain,,Lands,3,1,UR Storm,umbrageous,153 tix,$ 602,241867,2014-08-02,Modern Daily #7332810,modern,modern-daily-7332810,modern-daily-7332810-2014-08-02
19,4,Scalding Tarn,,Lands,3,1,UR Storm,umbrageous,153 tix,$ 602,241867,2014-08-02,Modern Daily #7332810,modern,modern-daily-7332810,modern-daily-7332810-2014-08-02
20,3,Steam Vents,,Lands,3,1,UR Storm,umbrageous,153 tix,$ 602,241867,2014-08-02,Modern Daily #7332810,modern,modern-daily-7332810,modern-daily-7332810-2014-08-02
21,3,Sulfur Falls,,Lands,3,1,UR Storm,umbrageous,153 tix,$ 602,241867,2014-08-02,Modern Daily #7332810,modern,modern-daily-7332810,modern-daily-7332810-2014-08-02
23,4,Flame Slash,,Sideboard,3,1,UR Storm,umbrageous,153 tix,$ 602,241867,2014-08-02,Modern Daily #7332810,modern,modern-daily-7332810,modern-daily-7332810-2014-08-02
24,2,Lightning Bolt,,Sideboard,3,1,UR Storm,umbrageous,153 tix,$ 602,241867,2014-08-02,Modern Daily #7332810,modern,modern-daily-7332810,modern-daily-7332810-2014-08-02
25,3,Spell Pierce,,Sideboard,3,1,UR Storm,umbrageous,153 tix,$ 602,241867,2014-08-02,Modern Daily #7332810,modern,modern-daily-7332810,modern-daily-7332810-2014-08-02
26,2,Vandalblast,,Sideboard,3,1,UR Storm,umbrageous,153 tix,$ 602,241867,2014-08-02,Modern Daily #7332810,modern,modern-daily-7332810,modern-daily-7332810-2014-08-02
27,1,Echoing Truth,,Sideboard,3,1,UR Storm,umbrageous,153 tix,$ 602,241867,2014-08-02,Modern Daily #7332810,modern,modern-daily-7332810,modern-daily-7332810-2014-08-02
28,3,Empty the Warrens,,Sideboard,3,1,UR Storm,umbrageous,153 tix,$ 602,241867,2014-08-02,Modern Daily #7332810,modern,modern-daily-7332810,modern-daily-7332810-2014-08-02
1,2,Memnite,,Creatures,4,0,Affinity,EskimoJoe,389 tix,$ 984,241774,2014-08-01,Modern Daily #7332766,modern,modern-daily-7332766,modern-daily-7332766-2014-08-01
2,4,Ornithopter,,Creatures,4,0,Affinity,EskimoJoe,389 tix,$ 984,241774,2014-08-01,Modern Daily #7332766,modern,modern-daily-7332766,modern-daily-7332766-2014-08-01
3,4,Signal Pest,,Creatures,4,0,Affinity,EskimoJoe,389 tix,$ 984,241774,2014-08-01,Modern Daily #7332766,modern,modern-daily-7332766,modern-daily-7332766-2014-08-01
4,4,Arcbound Ravager,,Creatures,4,0,Affinity,EskimoJoe,389 tix,$ 984,241774,2014-08-01,Modern Daily #7332766,modern,modern-daily-7332766,modern-daily-7332766-2014-08-01
5,4,Steel Overseer,,Creatures,4,0,Affinity,EskimoJoe,389 tix,$ 984,241774,2014-08-01,Modern Daily #7332766,modern,modern-daily-7332766,modern-daily-7332766-2014-08-01
6,4,Vault Skirge,,Creatures,4,0,Affinity,EskimoJoe,389 tix,$ 984,241774,2014-08-01,Modern Daily #7332766,modern,modern-daily-7332766,modern-daily-7332766-2014-08-01
7,3,Etched Champion,,Creatures,4,0,Affinity,EskimoJoe,389 tix,$ 984,241774,2014-08-01,Modern Daily #7332766,modern,modern-daily-7332766,modern-daily-7332766-2014-08-01
8,1,Master of Etherium,,Creatures,4,0,Affinity,EskimoJoe,389 tix,$ 984,241774,2014-08-01,Modern Daily #7332766,modern,modern-daily-7332766,modern-daily-7332766-2014-08-01
10,2,"Tezzeret, Agent of Bolas",,Planeswalkers,4,0,Affinity,EskimoJoe,389 tix,$ 984,241774,2014-08-01,Modern Daily #7332766,modern,modern-daily-7332766,modern-daily-7332766-2014-08-01
12,4,Thoughtcast,,Spells,4,0,Affinity,EskimoJoe,389 tix,$ 984,241774,2014-08-01,Modern Daily #7332766,modern,modern-daily-7332766,modern-daily-7332766-2014-08-01
14,4,Mox Opal,,Artifacts,4,0,Affinity,EskimoJoe,389 tix,$ 984,241774,2014-08-01,Modern Daily #7332766,modern,modern-daily-7332766,modern-daily-7332766-2014-08-01
15,4,Springleaf Drum,,Artifacts,4,0,Affinity,EskimoJoe,389 tix,$ 984,241774,2014-08-01,Modern Daily #7332766,modern,modern-daily-7332766,modern-daily-7332766-2014-08-01
16,4,Cranial Plating,,Artifacts,4,0,Affinity,EskimoJoe,389 tix,$ 984,241774,2014-08-01,Modern Daily #7332766,modern,modern-daily-7332766,modern-daily-7332766-2014-08-01
18,4,Blinkmoth Nexus,,Lands,4,0,Affinity,EskimoJoe,389 tix,$ 984,241774,2014-08-01,Modern Daily #7332766,modern,modern-daily-7332766,modern-daily-7332766-2014-08-01
19,4,Darksteel Citadel,,Lands,4,0,Affinity,EskimoJoe,389 tix,$ 984,241774,2014-08-01,Modern Daily #7332766,modern,modern-daily-7332766,modern-daily-7332766-2014-08-01
20,3,Glimmervoid,,Lands,4,0,Affinity,EskimoJoe,389 tix,$ 984,241774,2014-08-01,Modern Daily #7332766,modern,modern-daily-7332766,modern-daily-7332766-2014-08-01
21,4,Inkmoth Nexus,,Lands,4,0,Affinity,EskimoJoe,389 tix,$ 984,241774,2014-08-01,Modern Daily #7332766,modern,modern-daily-7332766,modern-daily-7332766-2014-08-01
22,1,Island,,Lands,4,0,Affinity,EskimoJoe,389 tix,$ 984,241774,2014-08-01,Modern Daily #7332766,modern,modern-daily-7332766,modern-daily-7332766-2014-08-01
24,2,Nature's Claim,,Sideboard,4,0,Affinity,EskimoJoe,389 tix,$ 984,241774,2014-08-01,Modern Daily #7332766,modern,modern-daily-7332766,modern-daily-7332766-2014-08-01
25,3,Thoughtseize,,Sideboard,4,0,Affinity,EskimoJoe,389 tix,$ 984,241774,2014-08-01,Modern Daily #7332766,modern,modern-daily-7332766,modern-daily-7332766-2014-08-01
26,2,Ancient Grudge,,Sideboard,4,0,Affinity,EskimoJoe,389 tix,$ 984,241774,2014-08-01,Modern Daily #7332766,modern,modern-daily-7332766,modern-daily-7332766-2014-08-01
27,3,Spellskite,,Sideboard,4,0,Affinity,EskimoJoe,389 tix,$ 984,241774,2014-08-01,Modern Daily #7332766,modern,modern-daily-7332766,modern-daily-7332766-2014-08-01
28,2,Torpor Orb,,Sideboard,4,0,Affinity,EskimoJoe,389 tix,$ 984,241774,2014-08-01,Modern Daily #7332766,modern,modern-daily-7332766,modern-daily-7332766-2014-08-01
29,1,Etched Champion,,Sideboard,4,0,Affinity,EskimoJoe,389 tix,$ 984,241774,2014-08-01,Modern Daily #7332766,modern,modern-daily-7332766,modern-daily-7332766-2014-08-01
30,2,Master of Etherium,,Sideboard,4,0,Affinity,EskimoJoe,389 tix,$ 984,241774,2014-08-01,Modern Daily #7332766,modern,modern-daily-7332766,modern-daily-7332766-2014-08-01
1,4,Birds of Paradise,,Creatures,4,0,Melira Pod,HermonHero,280 tix,$ 879,241772,2014-08-01,Modern Daily #7332766,modern,modern-daily-7332766,modern-daily-7332766-2014-08-01
2,3,Noble Hierarch,,Creatures,4,0,Melira Pod,HermonHero,280 tix,$ 879,241772,2014-08-01,Modern Daily #7332766,modern,modern-daily-7332766,modern-daily-7332766-2014-08-01
3,1,Qasali Pridemage,,Creatures,4,0,Melira Pod,HermonHero,280 tix,$ 879,241772,2014-08-01,Modern Daily #7332766,modern,modern-daily-7332766,modern-daily-7332766-2014-08-01
4,1,Scavenging Ooze,,Creatures,4,0,Melira Pod,HermonHero,280 tix,$ 879,241772,2014-08-01,Modern Daily #7332766,modern,modern-daily-7332766,modern-daily-7332766-2014-08-01
5,1,Spellskite,,Creatures,4,0,Melira Pod,HermonHero,280 tix,$ 879,241772,2014-08-01,Modern Daily #7332766,modern,modern-daily-7332766,modern-daily-7332766-2014-08-01
6,3,Voice of Resurgence,,Creatures,4,0,Melira Pod,HermonHero,280 tix,$ 879,241772,2014-08-01,Modern Daily #7332766,modern,modern-daily-7332766,modern-daily-7332766-2014-08-01
7,1,Eternal Witness,,Creatures,4,0,Melira Pod,HermonHero,280 tix,$ 879,241772,2014-08-01,Modern Daily #7332766,modern,modern-daily-7332766,modern-daily-7332766-2014-08-01
8,1,Kitchen Finks,,Creatures,4,0,Melira Pod,HermonHero,280 tix,$ 879,241772,2014-08-01,Modern Daily #7332766,modern,modern-daily-7332766,modern-daily-7332766-2014-08-01
9,1,Orzhov Pontiff,,Creatures,4,0,Melira Pod,HermonHero,280 tix,$ 879,241772,2014-08-01,Modern Daily #7332766,modern,modern-daily-7332766,modern-daily-7332766-2014-08-01
10,1,Sin Collector,,Creatures,4,0,Melira Pod,HermonHero,280 tix,$ 879,241772,2014-08-01,Modern Daily #7332766,modern,modern-daily-7332766,modern-daily-7332766-2014-08-01
11,1,Spike Feeder,,Creatures,4,0,Melira Pod,HermonHero,280 tix,$ 879,241772,2014-08-01,Modern Daily #7332766,modern,modern-daily-7332766,modern-daily-7332766-2014-08-01
12,1,"Linvala, Keeper of Silence",,Creatures,4,0,Melira Pod,HermonHero,280 tix,$ 879,241772,2014-08-01,Modern Daily #7332766,modern,modern-daily-7332766,modern-daily-7332766-2014-08-01
13,1,Murderous Redcap,,Creatures,4,0,Melira Pod,HermonHero,280 tix,$ 879,241772,2014-08-01,Modern Daily #7332766,modern,modern-daily-7332766,modern-daily-7332766-2014-08-01
14,1,Restoration Angel,,Creatures,4,0,Melira Pod,HermonHero,280 tix,$ 879,241772,2014-08-01,Modern Daily #7332766,modern,modern-daily-7332766,modern-daily-7332766-2014-08-01
15,1,Archangel of Thune,,Creatures,4,0,Melira Pod,HermonHero,280 tix,$ 879,241772,2014-08-01,Modern Daily #7332766,modern,modern-daily-7332766,modern-daily-7332766-2014-08-01
16,1,Reveillark,,Creatures,4,0,Melira Pod,HermonHero,280 tix,$ 879,241772,2014-08-01,Modern Daily #7332766,modern,modern-daily-7332766,modern-daily-7332766-2014-08-01
17,1,Shriekmaw,,Creatures,4,0,Melira Pod,HermonHero,280 tix,$ 879,241772,2014-08-01,Modern Daily #7332766,modern,modern-daily-7332766,modern-daily-7332766-2014-08-01
19,3,Thoughtseize,,Spells,4,0,Melira Pod,HermonHero,280 tix,$ 879,241772,2014-08-01,Modern Daily #7332766,modern,modern-daily-7332766,modern-daily-7332766-2014-08-01
20,3,Abrupt Decay,,Spells,4,0,Melira Pod,HermonHero,280 tix,$ 879,241772,2014-08-01,Modern Daily #7332766,modern,modern-daily-7332766,modern-daily-7332766-2014-08-01
21,3,Chord of Calling,,Spells,4,0,Melira Pod,HermonHero,280 tix,$ 879,241772,2014-08-01,Modern Daily #7332766,modern,modern-daily-7332766,modern-daily-7332766-2014-08-01
23,4,Birthing Pod,,Artifacts,4,0,Melira Pod,HermonHero,280 tix,$ 879,241772,2014-08-01,Modern Daily #7332766,modern,modern-daily-7332766,modern-daily-7332766-2014-08-01
25,3,Forest,,Lands,4,0,Melira Pod,HermonHero,280 tix,$ 879,241772,2014-08-01,Modern Daily #7332766,modern,modern-daily-7332766,modern-daily-7332766-2014-08-01
26,3,Gavony Township,,Lands,4,0,Melira Pod,HermonHero,280 tix,$ 879,241772,2014-08-01,Modern Daily #7332766,modern,modern-daily-7332766,modern-daily-7332766-2014-08-01
27,1,Godless Shrine,,Lands,4,0,Melira Pod,HermonHero,280 tix,$ 879,241772,2014-08-01,Modern Daily #7332766,modern,modern-daily-7332766,modern-daily-7332766-2014-08-01
28,4,Misty Rainforest,,Lands,4,0,Melira Pod,HermonHero,280 tix,$ 879,241772,2014-08-01,Modern Daily #7332766,modern,modern-daily-7332766,modern-daily-7332766-2014-08-01
29,2,Overgrown Tomb,,Lands,4,0,Melira Pod,HermonHero,280 tix,$ 879,241772,2014-08-01,Modern Daily #7332766,modern,modern-daily-7332766,modern-daily-7332766-2014-08-01
30,3,Razorverge Thicket,,Lands,4,0,Melira Pod,HermonHero,280 tix,$ 879,241772,2014-08-01,Modern Daily #7332766,modern,modern-daily-7332766,modern-daily-7332766-2014-08-01
31,1,Swamp,,Lands,4,0,Melira Pod,HermonHero,280 tix,$ 879,241772,2014-08-01,Modern Daily #7332766,modern,modern-daily-7332766,modern-daily-7332766-2014-08-01
32,1,Temple Garden,,Lands,4,0,Melira Pod,HermonHero,280 tix,$ 879,241772,2014-08-01,Modern Daily #7332766,modern,modern-daily-7332766,modern-daily-7332766-2014-08-01
33,4,Verdant Catacombs,,Lands,4,0,Melira Pod,HermonHero,280 tix,$ 879,241772,2014-08-01,Modern Daily #7332766,modern,modern-daily-7332766,modern-daily-7332766-2014-08-01
34,1,Woodland Cemetery,,Lands,4,0,Melira Pod,HermonHero,280 tix,$ 879,241772,2014-08-01,Modern Daily #7332766,modern,modern-daily-7332766,modern-daily-7332766-2014-08-01
36,2,Path to Exile,,Sideboard,4,0,Melira Pod,HermonHero,280 tix,$ 879,241772,2014-08-01,Modern Daily #7332766,modern,modern-daily-7332766,modern-daily-7332766-2014-08-01
37,1,Thoughtseize,,Sideboard,4,0,Melira Pod,HermonHero,280 tix,$ 879,241772,2014-08-01,Modern Daily #7332766,modern,modern-daily-7332766,modern-daily-7332766-2014-08-01
38,1,"Kataki, War's Wage",,Sideboard,4,0,Melira Pod,HermonHero,280 tix,$ 879,241772,2014-08-01,Modern Daily #7332766,modern,modern-daily-7332766,modern-daily-7332766-2014-08-01
39,1,Aven Mindcensor,,Sideboard,4,0,Melira Pod,HermonHero,280 tix,$ 879,241772,2014-08-01,Modern Daily #7332766,modern,modern-daily-7332766,modern-daily-7332766-2014-08-01
40,2,Dismember,,Sideboard,4,0,Melira Pod,HermonHero,280 tix,$ 879,241772,2014-08-01,Modern Daily #7332766,modern,modern-daily-7332766,modern-daily-7332766-2014-08-01
41,2,Lingering Souls,,Sideboard,4,0,Melira Pod,HermonHero,280 tix,$ 879,241772,2014-08-01,Modern Daily #7332766,modern,modern-daily-7332766,modern-daily-7332766-2014-08-01
42,1,Orzhov Pontiff,,Sideboard,4,0,Melira Pod,HermonHero,280 tix,$ 879,241772,2014-08-01,Modern Daily #7332766,modern,modern-daily-7332766,modern-daily-7332766-2014-08-01
43,1,Reclamation Sage,,Sideboard,4,0,Melira Pod,HermonHero,280 tix,$ 879,241772,2014-08-01,Modern Daily #7332766,modern,modern-daily-7332766,modern-daily-7332766-2014-08-01
44,1,Creeping Corrosion,,Sideboard,4,0,Melira Pod,HermonHero,280 tix,$ 879,241772,2014-08-01,Modern Daily #7332766,modern,modern-daily-7332766,modern-daily-7332766-2014-08-01
45,1,Entomber Exarch,,Sideboard,4,0,Melira Pod,HermonHero,280 tix,$ 879,241772,2014-08-01,Modern Daily #7332766,modern,modern-daily-7332766,modern-daily-7332766-2014-08-01
46,1,"Thrun, the Last Troll",,Sideboard,4,0,Melira Pod,HermonHero,280 tix,$ 879,241772,2014-08-01,Modern Daily #7332766,modern,modern-daily-7332766,modern-daily-7332766-2014-08-01
47,1,"Sigarda, Host of Herons",,Sideboard,4,0,Melira Pod,HermonHero,280 tix,$ 879,241772,2014-08-01,Modern Daily #7332766,modern,modern-daily-7332766,modern-daily-7332766-2014-08-01
1,4,Birds of Paradise,,Creatures,4,0,Melira Pod,C00lBoi,228 tix,$ 638,241775,2014-08-01,Modern Daily #7332766,modern,modern-daily-7332766,modern-daily-7332766-2014-08-01
2,3,Noble Hierarch,,Creatures,4,0,Melira Pod,C00lBoi,228 tix,$ 638,241775,2014-08-01,Modern Daily #7332766,modern,modern-daily-7332766,modern-daily-7332766-2014-08-01
3,1,Viscera Seer,,Creatures,4,0,Melira Pod,C00lBoi,228 tix,$ 638,241775,2014-08-01,Modern Daily #7332766,modern,modern-daily-7332766,modern-daily-7332766-2014-08-01
4,1,"Melira, Sylvok Outcast",,Creatures,4,0,Melira Pod,C00lBoi,228 tix,$ 638,241775,2014-08-01,Modern Daily #7332766,modern,modern-daily-7332766,modern-daily-7332766-2014-08-01
5,1,Qasali Pridemage,,Creatures,4,0,Melira Pod,C00lBoi,228 tix,$ 638,241775,2014-08-01,Modern Daily #7332766,modern,modern-daily-7332766,modern-daily-7332766-2014-08-01
6,1,Scavenging Ooze,,Creatures,4,0,Melira Pod,C00lBoi,228 tix,$ 638,241775,2014-08-01,Modern Daily #7332766,modern,modern-daily-7332766,modern-daily-7332766-2014-08-01
7,1,Spellskite,,Creatures,4,0,Melira Pod,C00lBoi,228 tix,$ 638,241775,2014-08-01,Modern Daily #7332766,modern,modern-daily-7332766,modern-daily-7332766-2014-08-01
8,2,Voice of Resurgence,,Creatures,4,0,Melira Pod,C00lBoi,228 tix,$ 638,241775,2014-08-01,Modern Daily #7332766,modern,modern-daily-7332766,modern-daily-7332766-2014-08-01
9,1,Wall of Roots,,Creatures,4,0,Melira Pod,C00lBoi,228 tix,$ 638,241775,2014-08-01,Modern Daily #7332766,modern,modern-daily-7332766,modern-daily-7332766-2014-08-01
10,1,Eternal Witness,,Creatures,4,0,Melira Pod,C00lBoi,228 tix,$ 638,241775,2014-08-01,Modern Daily #7332766,modern,modern-daily-7332766,modern-daily-7332766-2014-08-01
11,4,Kitchen Finks,,Creatures,4,0,Melira Pod,C00lBoi,228 tix,$ 638,241775,2014-08-01,Modern Daily #7332766,modern,modern-daily-7332766,modern-daily-7332766-2014-08-01
12,1,Spike Feeder,,Creatures,4,0,Melira Pod,C00lBoi,228 tix,$ 638,241775,2014-08-01,Modern Daily #7332766,modern,modern-daily-7332766,modern-daily-7332766-2014-08-01
13,1,"Linvala, Keeper of Silence",,Creatures,4,0,Melira Pod,C00lBoi,228 tix,$ 638,241775,2014-08-01,Modern Daily #7332766,modern,modern-daily-7332766,modern-daily-7332766-2014-08-01
14,1,Murderous Redcap,,Creatures,4,0,Melira Pod,C00lBoi,228 tix,$ 638,241775,2014-08-01,Modern Daily #7332766,modern,modern-daily-7332766,modern-daily-7332766-2014-08-01
15,1,Restoration Angel,,Creatures,4,0,Melira Pod,C00lBoi,228 tix,$ 638,241775,2014-08-01,Modern Daily #7332766,modern,modern-daily-7332766,modern-daily-7332766-2014-08-01
16,1,Archangel of Thune,,Creatures,4,0,Melira Pod,C00lBoi,228 tix,$ 638,241775,2014-08-01,Modern Daily #7332766,modern,modern-daily-7332766,modern-daily-7332766-2014-08-01
17,1,Reveillark,,Creatures,4,0,Melira Pod,C00lBoi,228 tix,$ 638,241775,2014-08-01,Modern Daily #7332766,modern,modern-daily-7332766,modern-daily-7332766-2014-08-01
18,1,Shriekmaw,,Creatures,4,0,Melira Pod,C00lBoi,228 tix,$ 638,241775,2014-08-01,Modern Daily #7332766,modern,modern-daily-7332766,modern-daily-7332766-2014-08-01
20,4,Abrupt Decay,,Spells,4,0,Melira Pod,C00lBoi,228 tix,$ 638,241775,2014-08-01,Modern Daily #7332766,modern,modern-daily-7332766,modern-daily-7332766-2014-08-01
21,2,Chord of Calling,,Spells,4,0,Melira Pod,C00lBoi,228 tix,$ 638,241775,2014-08-01,Modern Daily #7332766,modern,modern-daily-7332766,modern-daily-7332766-2014-08-01
23,4,Birthing Pod,,Artifacts,4,0,Melira Pod,C00lBoi,228 tix,$ 638,241775,2014-08-01,Modern Daily #7332766,modern,modern-daily-7332766,modern-daily-7332766-2014-08-01
25,4,Forest,,Lands,4,0,Melira Pod,C00lBoi,228 tix,$ 638,241775,2014-08-01,Modern Daily #7332766,modern,modern-daily-7332766,modern-daily-7332766-2014-08-01
26,3,Gavony Township,,Lands,4,0,Melira Pod,C00lBoi,228 tix,$ 638,241775,2014-08-01,Modern Daily #7332766,modern,modern-daily-7332766,modern-daily-7332766-2014-08-01
27,1,Godless Shrine,,Lands,4,0,Melira Pod,C00lBoi,228 tix,$ 638,241775,2014-08-01,Modern Daily #7332766,modern,modern-daily-7332766,modern-daily-7332766-2014-08-01
28,4,Misty Rainforest,,Lands,4,0,Melira Pod,C00lBoi,228 tix,$ 638,241775,2014-08-01,Modern Daily #7332766,modern,modern-daily-7332766,modern-daily-7332766-2014-08-01
29,3,Overgrown Tomb,,Lands,4,0,Melira Pod,C00lBoi,228 tix,$ 638,241775,2014-08-01,Modern Daily #7332766,modern,modern-daily-7332766,modern-daily-7332766-2014-08-01
30,1,Plains,,Lands,4,0,Melira Pod,C00lBoi,228 tix,$ 638,241775,2014-08-01,Modern Daily #7332766,modern,modern-daily-7332766,modern-daily-7332766-2014-08-01
31,3,Razorverge Thicket,,Lands,4,0,Melira Pod,C00lBoi,228 tix,$ 638,241775,2014-08-01,Modern Daily #7332766,modern,modern-daily-7332766,modern-daily-7332766-2014-08-01
32,1,Swamp,,Lands,4,0,Melira Pod,C00lBoi,228 tix,$ 638,241775,2014-08-01,Modern Daily #7332766,modern,modern-daily-7332766,modern-daily-7332766-2014-08-01
33,2,Temple Garden,,Lands,4,0,Melira Pod,C00lBoi,228 tix,$ 638,241775,2014-08-01,Modern Daily #7332766,modern,modern-daily-7332766,modern-daily-7332766-2014-08-01
34,1,Woodland Cemetery,,Lands,4,0,Melira Pod,C00lBoi,228 tix,$ 638,241775,2014-08-01,Modern Daily #7332766,modern,modern-daily-7332766,modern-daily-7332766-2014-08-01
36,2,Slaughter Pact,,Sideboard,4,0,Melira Pod,C00lBoi,228 tix,$ 638,241775,2014-08-01,Modern Daily #7332766,modern,modern-daily-7332766,modern-daily-7332766-2014-08-01
37,1,Path to Exile,,Sideboard,4,0,Melira Pod,C00lBoi,228 tix,$ 638,241775,2014-08-01,Modern Daily #7332766,modern,modern-daily-7332766,modern-daily-7332766-2014-08-01
38,4,Thoughtseize,,Sideboard,4,0,Melira Pod,C00lBoi,228 tix,$ 638,241775,2014-08-01,Modern Daily #7332766,modern,modern-daily-7332766,modern-daily-7332766-2014-08-01
39,1,"Kataki, War's Wage",,Sideboard,4,0,Melira Pod,C00lBoi,228 tix,$ 638,241775,2014-08-01,Modern Daily #7332766,modern,modern-daily-7332766,modern-daily-7332766-2014-08-01
40,1,Scavenging Ooze,,Sideboard,4,0,Melira Pod,C00lBoi,228 tix,$ 638,241775,2014-08-01,Modern Daily #7332766,modern,modern-daily-7332766,modern-daily-7332766-2014-08-01
41,1,Aven Mindcensor,,Sideboard,4,0,Melira Pod,C00lBoi,228 tix,$ 638,241775,2014-08-01,Modern Daily #7332766,modern,modern-daily-7332766,modern-daily-7332766-2014-08-01
42,1,Eidolon of Rhetoric,,Sideboard,4,0,Melira Pod,C00lBoi,228 tix,$ 638,241775,2014-08-01,Modern Daily #7332766,modern,modern-daily-7332766,modern-daily-7332766-2014-08-01
43,1,Harmonic Sliver,,Sideboard,4,0,Melira Pod,C00lBoi,228 tix,$ 638,241775,2014-08-01,Modern Daily #7332766,modern,modern-daily-7332766,modern-daily-7332766-2014-08-01
44,1,Sin Collector,,Sideboard,4,0,Melira Pod,C00lBoi,228 tix,$ 638,241775,2014-08-01,Modern Daily #7332766,modern,modern-daily-7332766,modern-daily-7332766-2014-08-01
45,1,Entomber Exarch,,Sideboard,4,0,Melira Pod,C00lBoi,228 tix,$ 638,241775,2014-08-01,Modern Daily #7332766,modern,modern-daily-7332766,modern-daily-7332766-2014-08-01
46,1,Obstinate Baloth,,Sideboard,4,0,Melira Pod,C00lBoi,228 tix,$ 638,241775,2014-08-01,Modern Daily #7332766,modern,modern-daily-7332766,modern-daily-7332766-2014-08-01
1,4,Delver of Secrets,,Creatures,4,0,UR Delver,Robin88,207 tix,$ 823,241773,2014-08-01,Modern Daily #7332766,modern,modern-daily-7332766,modern-daily-7332766-2014-08-01
2,2,Grim Lavamancer,,Creatures,4,0,UR Delver,Robin88,207 tix,$ 823,241773,2014-08-01,Modern Daily #7332766,modern,modern-daily-7332766,modern-daily-7332766-2014-08-01
3,4,Snapcaster Mage,,Creatures,4,0,UR Delver,Robin88,207 tix,$ 823,241773,2014-08-01,Modern Daily #7332766,modern,modern-daily-7332766,modern-daily-7332766-2014-08-01
4,4,Young Pyromancer,,Creatures,4,0,UR Delver,Robin88,207 tix,$ 823,241773,2014-08-01,Modern Daily #7332766,modern,modern-daily-7332766,modern-daily-7332766-2014-08-01
5,1,"Keranos, God of Storms",,Creatures,4,0,UR Delver,Robin88,207 tix,$ 823,241773,2014-08-01,Modern Daily #7332766,modern,modern-daily-7332766,modern-daily-7332766-2014-08-01
7,3,Gitaxian Probe,,Spells,4,0,UR Delver,Robin88,207 tix,$ 823,241773,2014-08-01,Modern Daily #7332766,modern,modern-daily-7332766,modern-daily-7332766-2014-08-01
8,4,Lightning Bolt,,Spells,4,0,UR Delver,Robin88,207 tix,$ 823,241773,2014-08-01,Modern Daily #7332766,modern,modern-daily-7332766,modern-daily-7332766-2014-08-01
9,1,Pillar of Flame,,Spells,4,0,UR Delver,Robin88,207 tix,$ 823,241773,2014-08-01,Modern Daily #7332766,modern,modern-daily-7332766,modern-daily-7332766-2014-08-01
10,3,Serum Visions,,Spells,4,0,UR Delver,Robin88,207 tix,$ 823,241773,2014-08-01,Modern Daily #7332766,modern,modern-daily-7332766,modern-daily-7332766-2014-08-01
11,1,Spell Pierce,,Spells,4,0,UR Delver,Robin88,207 tix,$ 823,241773,2014-08-01,Modern Daily #7332766,modern,modern-daily-7332766,modern-daily-7332766-2014-08-01
12,2,Spell Snare,,Spells,4,0,UR Delver,Robin88,207 tix,$ 823,241773,2014-08-01,Modern Daily #7332766,modern,modern-daily-7332766,modern-daily-7332766-2014-08-01
13,2,Vapor Snag,,Spells,4,0,UR Delver,Robin88,207 tix,$ 823,241773,2014-08-01,Modern Daily #7332766,modern,modern-daily-7332766,modern-daily-7332766-2014-08-01
14,3,Mana Leak,,Spells,4,0,UR Delver,Robin88,207 tix,$ 823,241773,2014-08-01,Modern Daily #7332766,modern,modern-daily-7332766,modern-daily-7332766-2014-08-01
15,3,Remand,,Spells,4,0,UR Delver,Robin88,207 tix,$ 823,241773,2014-08-01,Modern Daily #7332766,modern,modern-daily-7332766,modern-daily-7332766-2014-08-01
16,2,Electrolyze,,Spells,4,0,UR Delver,Robin88,207 tix,$ 823,241773,2014-08-01,Modern Daily #7332766,modern,modern-daily-7332766,modern-daily-7332766-2014-08-01
17,2,Cryptic Command,,Spells,4,0,UR Delver,Robin88,207 tix,$ 823,241773,2014-08-01,Modern Daily #7332766,modern,modern-daily-7332766,modern-daily-7332766-2014-08-01
19,6,Island,,Lands,4,0,UR Delver,Robin88,207 tix,$ 823,241773,2014-08-01,Modern Daily #7332766,modern,modern-daily-7332766,modern-daily-7332766-2014-08-01
20,2,Misty Rainforest,,Lands,4,0,UR Delver,Robin88,207 tix,$ 823,241773,2014-08-01,Modern Daily #7332766,modern,modern-daily-7332766,modern-daily-7332766-2014-08-01
21,2,Mountain,,Lands,4,0,UR Delver,Robin88,207 tix,$ 823,241773,2014-08-01,Modern Daily #7332766,modern,modern-daily-7332766,modern-daily-7332766-2014-08-01
22,2,Scalding Tarn,,Lands,4,0,UR Delver,Robin88,207 tix,$ 823,241773,2014-08-01,Modern Daily #7332766,modern,modern-daily-7332766,modern-daily-7332766-2014-08-01
23,3,Steam Vents,,Lands,4,0,UR Delver,Robin88,207 tix,$ 823,241773,2014-08-01,Modern Daily #7332766,modern,modern-daily-7332766,modern-daily-7332766-2014-08-01
24,4,Sulfur Falls,,Lands,4,0,UR Delver,Robin88,207 tix,$ 823,241773,2014-08-01,Modern Daily #7332766,modern,modern-daily-7332766,modern-daily-7332766-2014-08-01
26,2,Dispel,,Sideboard,4,0,UR Delver,Robin88,207 tix,$ 823,241773,2014-08-01,Modern Daily #7332766,modern,modern-daily-7332766,modern-daily-7332766-2014-08-01
27,2,Combust,,Sideboard,4,0,UR Delver,Robin88,207 tix,$ 823,241773,2014-08-01,Modern Daily #7332766,modern,modern-daily-7332766,modern-daily-7332766-2014-08-01
28,3,Smash to Smithereens,,Sideboard,4,0,UR Delver,Robin88,207 tix,$ 823,241773,2014-08-01,Modern Daily #7332766,modern,modern-daily-7332766,modern-daily-7332766-2014-08-01
29,1,Spellskite,,Sideboard,4,0,UR Delver,Robin88,207 tix,$ 823,241773,2014-08-01,Modern Daily #7332766,modern,modern-daily-7332766,modern-daily-7332766-2014-08-01
30,2,Blood Moon,,Sideboard,4,0,UR Delver,Robin88,207 tix,$ 823,241773,2014-08-01,Modern Daily #7332766,modern,modern-daily-7332766,modern-daily-7332766-2014-08-01
31,2,Counterflux,,Sideboard,4,0,UR Delver,Robin88,207 tix,$ 823,241773,2014-08-01,Modern Daily #7332766,modern,modern-daily-7332766,modern-daily-7332766-2014-08-01
32,1,Izzet Staticaster,,Sideboard,4,0,UR Delver,Robin88,207 tix,$ 823,241773,2014-08-01,Modern Daily #7332766,modern,modern-daily-7332766,modern-daily-7332766-2014-08-01
33,1,Shatterstorm,,Sideboard,4,0,UR Delver,Robin88,207 tix,$ 823,241773,2014-08-01,Modern Daily #7332766,modern,modern-daily-7332766,modern-daily-7332766-2014-08-01
34,1,Batterskull,,Sideboard,4,0,UR Delver,Robin88,207 tix,$ 823,241773,2014-08-01,Modern Daily #7332766,modern,modern-daily-7332766,modern-daily-7332766-2014-08-01
1,4,Goblin Electromancer,,Creatures,4,0,UR Storm,umbrageous,153 tix,$ 602,241776,2014-08-01,Modern Daily #7332766,modern,modern-daily-7332766,modern-daily-7332766-2014-08-01
3,3,Faithless Looting,,Spells,4,0,UR Storm,umbrageous,153 tix,$ 602,241776,2014-08-01,Modern Daily #7332766,modern,modern-daily-7332766,modern-daily-7332766-2014-08-01
4,4,Gitaxian Probe,,Spells,4,0,UR Storm,umbrageous,153 tix,$ 602,241776,2014-08-01,Modern Daily #7332766,modern,modern-daily-7332766,modern-daily-7332766-2014-08-01
5,4,Serum Visions,,Spells,4,0,UR Storm,umbrageous,153 tix,$ 602,241776,2014-08-01,Modern Daily #7332766,modern,modern-daily-7332766,modern-daily-7332766-2014-08-01
6,4,Sleight of Hand,,Spells,4,0,UR Storm,umbrageous,153 tix,$ 602,241776,2014-08-01,Modern Daily #7332766,modern,modern-daily-7332766,modern-daily-7332766-2014-08-01
7,3,Desperate Ravings,,Spells,4,0,UR Storm,umbrageous,153 tix,$ 602,241776,2014-08-01,Modern Daily #7332766,modern,modern-daily-7332766,modern-daily-7332766-2014-08-01
8,4,Desperate Ritual,,Spells,4,0,UR Storm,umbrageous,153 tix,$ 602,241776,2014-08-01,Modern Daily #7332766,modern,modern-daily-7332766,modern-daily-7332766-2014-08-01
9,3,Grapeshot,,Spells,4,0,UR Storm,umbrageous,153 tix,$ 602,241776,2014-08-01,Modern Daily #7332766,modern,modern-daily-7332766,modern-daily-7332766-2014-08-01
10,4,Manamorphose,,Spells,4,0,UR Storm,umbrageous,153 tix,$ 602,241776,2014-08-01,Modern Daily #7332766,modern,modern-daily-7332766,modern-daily-7332766-2014-08-01
11,4,Pyretic Ritual,,Spells,4,0,UR Storm,umbrageous,153 tix,$ 602,241776,2014-08-01,Modern Daily #7332766,modern,modern-daily-7332766,modern-daily-7332766-2014-08-01
12,3,Past in Flames,,Spells,4,0,UR Storm,umbrageous,153 tix,$ 602,241776,2014-08-01,Modern Daily #7332766,modern,modern-daily-7332766,modern-daily-7332766-2014-08-01
14,4,Pyromancer Ascension,,Enchantments,4,0,UR Storm,umbrageous,153 tix,$ 602,241776,2014-08-01,Modern Daily #7332766,modern,modern-daily-7332766,modern-daily-7332766-2014-08-01
16,3,Island,,Lands,4,0,UR Storm,umbrageous,153 tix,$ 602,241776,2014-08-01,Modern Daily #7332766,modern,modern-daily-7332766,modern-daily-7332766-2014-08-01
17,2,Misty Rainforest,,Lands,4,0,UR Storm,umbrageous,153 tix,$ 602,241776,2014-08-01,Modern Daily #7332766,modern,modern-daily-7332766,modern-daily-7332766-2014-08-01
18,1,Mountain,,Lands,4,0,UR Storm,umbrageous,153 tix,$ 602,241776,2014-08-01,Modern Daily #7332766,modern,modern-daily-7332766,modern-daily-7332766-2014-08-01
19,4,Scalding Tarn,,Lands,4,0,UR Storm,umbrageous,153 tix,$ 602,241776,2014-08-01,Modern Daily #7332766,modern,modern-daily-7332766,modern-daily-7332766-2014-08-01
20,3,Steam Vents,,Lands,4,0,UR Storm,umbrageous,153 tix,$ 602,241776,2014-08-01,Modern Daily #7332766,modern,modern-daily-7332766,modern-daily-7332766-2014-08-01
21,3,Sulfur Falls,,Lands,4,0,UR Storm,umbrageous,153 tix,$ 602,241776,2014-08-01,Modern Daily #7332766,modern,modern-daily-7332766,modern-daily-7332766-2014-08-01
23,4,Flame Slash,,Sideboard,4,0,UR Storm,umbrageous,153 tix,$ 602,241776,2014-08-01,Modern Daily #7332766,modern,modern-daily-7332766,modern-daily-7332766-2014-08-01
24,2,Lightning Bolt,,Sideboard,4,0,UR Storm,umbrageous,153 tix,$ 602,241776,2014-08-01,Modern Daily #7332766,modern,modern-daily-7332766,modern-daily-7332766-2014-08-01
25,3,Spell Pierce,,Sideboard,4,0,UR Storm,umbrageous,153 tix,$ 602,241776,2014-08-01,Modern Daily #7332766,modern,modern-daily-7332766,modern-daily-7332766-2014-08-01
26,2,Vandalblast,,Sideboard,4,0,UR Storm,umbrageous,153 tix,$ 602,241776,2014-08-01,Modern Daily #7332766,modern,modern-daily-7332766,modern-daily-7332766-2014-08-01
27,1,Echoing Truth,,Sideboard,4,0,UR Storm,umbrageous,153 tix,$ 602,241776,2014-08-01,Modern Daily #7332766,modern,modern-daily-7332766,modern-daily-7332766-2014-08-01
28,3,Empty the Warrens,,Sideboard,4,0,UR Storm,umbrageous,153 tix,$ 602,241776,2014-08-01,Modern Daily #7332766,modern,modern-daily-7332766,modern-daily-7332766-2014-08-01
1,3,Memnite,,Creatures,3,1,Affinity,doikun,380 tix,$ 938,241781,2014-08-01,Modern Daily #7332766,modern,modern-daily-7332766,modern-daily-7332766-2014-08-01
2,4,Ornithopter,,Creatures,3,1,Affinity,doikun,380 tix,$ 938,241781,2014-08-01,Modern Daily #7332766,modern,modern-daily-7332766,modern-daily-7332766-2014-08-01
3,4,Signal Pest,,Creatures,3,1,Affinity,doikun,380 tix,$ 938,241781,2014-08-01,Modern Daily #7332766,modern,modern-daily-7332766,modern-daily-7332766-2014-08-01
4,4,Arcbound Ravager,,Creatures,3,1,Affinity,doikun,380 tix,$ 938,241781,2014-08-01,Modern Daily #7332766,modern,modern-daily-7332766,modern-daily-7332766-2014-08-01
5,4,Steel Overseer,,Creatures,3,1,Affinity,doikun,380 tix,$ 938,241781,2014-08-01,Modern Daily #7332766,modern,modern-daily-7332766,modern-daily-7332766-2014-08-01
6,4,Vault Skirge,,Creatures,3,1,Affinity,doikun,380 tix,$ 938,241781,2014-08-01,Modern Daily #7332766,modern,modern-daily-7332766,modern-daily-7332766-2014-08-01
7,2,Etched Champion,,Creatures,3,1,Affinity,doikun,380 tix,$ 938,241781,2014-08-01,Modern Daily #7332766,modern,modern-daily-7332766,modern-daily-7332766-2014-08-01
8,2,Master of Etherium,,Creatures,3,1,Affinity,doikun,380 tix,$ 938,241781,2014-08-01,Modern Daily #7332766,modern,modern-daily-7332766,modern-daily-7332766-2014-08-01
10,2,Galvanic Blast,,Spells,3,1,Affinity,doikun,380 tix,$ 938,241781,2014-08-01,Modern Daily #7332766,modern,modern-daily-7332766,modern-daily-7332766-2014-08-01
12,4,Mox Opal,,Artifacts,3,1,Affinity,doikun,380 tix,$ 938,241781,2014-08-01,Modern Daily #7332766,modern,modern-daily-7332766,modern-daily-7332766-2014-08-01
13,4,Springleaf Drum,,Artifacts,3,1,Affinity,doikun,380 tix,$ 938,241781,2014-08-01,Modern Daily #7332766,modern,modern-daily-7332766,modern-daily-7332766-2014-08-01
14,4,Cranial Plating,,Artifacts,3,1,Affinity,doikun,380 tix,$ 938,241781,2014-08-01,Modern Daily #7332766,modern,modern-daily-7332766,modern-daily-7332766-2014-08-01
16,2,Ensoul Artifact,,Enchantments,3,1,Affinity,doikun,380 tix,$ 938,241781,2014-08-01,Modern Daily #7332766,modern,modern-daily-7332766,modern-daily-7332766-2014-08-01
18,4,Blinkmoth Nexus,,Lands,3,1,Affinity,doikun,380 tix,$ 938,241781,2014-08-01,Modern Daily #7332766,modern,modern-daily-7332766,modern-daily-7332766-2014-08-01
19,4,Darksteel Citadel,,Lands,3,1,Affinity,doikun,380 tix,$ 938,241781,2014-08-01,Modern Daily #7332766,modern,modern-daily-7332766,modern-daily-7332766-2014-08-01
20,4,Glimmervoid,,Lands,3,1,Affinity,doikun,380 tix,$ 938,241781,2014-08-01,Modern Daily #7332766,modern,modern-daily-7332766,modern-daily-7332766-2014-08-01
21,4,Inkmoth Nexus,,Lands,3,1,Affinity,doikun,380 tix,$ 938,241781,2014-08-01,Modern Daily #7332766,modern,modern-daily-7332766,modern-daily-7332766-2014-08-01
22,1,Island,,Lands,3,1,Affinity,doikun,380 tix,$ 938,241781,2014-08-01,Modern Daily #7332766,modern,modern-daily-7332766,modern-daily-7332766-2014-08-01
24,1,Grafdigger's Cage,,Sideboard,3,1,Affinity,doikun,380 tix,$ 938,241781,2014-08-01,Modern Daily #7332766,modern,modern-daily-7332766,modern-daily-7332766-2014-08-01
25,2,Thoughtseize,,Sideboard,3,1,Affinity,doikun,380 tix,$ 938,241781,2014-08-01,Modern Daily #7332766,modern,modern-daily-7332766,modern-daily-7332766-2014-08-01
26,3,Ancient Grudge,,Sideboard,3,1,Affinity,doikun,380 tix,$ 938,241781,2014-08-01,Modern Daily #7332766,modern,modern-daily-7332766,modern-daily-7332766-2014-08-01
27,2,Spellskite,,Sideboard,3,1,Affinity,doikun,380 tix,$ 938,241781,2014-08-01,Modern Daily #7332766,modern,modern-daily-7332766,modern-daily-7332766-2014-08-01
28,1,Torpor Orb,,Sideboard,3,1,Affinity,doikun,380 tix,$ 938,241781,2014-08-01,Modern Daily #7332766,modern,modern-daily-7332766,modern-daily-7332766-2014-08-01
29,1,Whipflare,,Sideboard,3,1,Affinity,doikun,380 tix,$ 938,241781,2014-08-01,Modern Daily #7332766,modern,modern-daily-7332766,modern-daily-7332766-2014-08-01
30,1,Choke,,Sideboard,3,1,Affinity,doikun,380 tix,$ 938,241781,2014-08-01,Modern Daily #7332766,modern,modern-daily-7332766,modern-daily-7332766-2014-08-01
31,1,Dismember,,Sideboard,3,1,Affinity,doikun,380 tix,$ 938,241781,2014-08-01,Modern Daily #7332766,modern,modern-daily-7332766,modern-daily-7332766-2014-08-01
32,2,Etched Champion,,Sideboard,3,1,Affinity,doikun,380 tix,$ 938,241781,2014-08-01,Modern Daily #7332766,modern,modern-daily-7332766,modern-daily-7332766-2014-08-01
33,1,Rule of Law,,Sideboard,3,1,Affinity,doikun,380 tix,$ 938,241781,2014-08-01,Modern Daily #7332766,modern,modern-daily-7332766,modern-daily-7332766-2014-08-01
1,3,"Azusa, Lost but Seeking",,Creatures,3,1,Amulet Bloom,LordCommanderSnow,210 tix,$ 571,241777,2014-08-01,Modern Daily #7332766,modern,modern-daily-7332766,modern-daily-7332766-2014-08-01
2,4,Primeval Titan,,Creatures,3,1,Amulet Bloom,LordCommanderSnow,210 tix,$ 571,241777,2014-08-01,Modern Daily #7332766,modern,modern-daily-7332766,modern-daily-7332766-2014-08-01
4,2,Pact of Negation,,Spells,3,1,Amulet Bloom,LordCommanderSnow,210 tix,$ 571,241777,2014-08-01,Modern Daily #7332766,modern,modern-daily-7332766,modern-daily-7332766-2014-08-01
5,1,Slaughter Pact,,Spells,3,1,Amulet Bloom,LordCommanderSnow,210 tix,$ 571,241777,2014-08-01,Modern Daily #7332766,modern,modern-daily-7332766,modern-daily-7332766-2014-08-01
6,4,Summoner's Pact,,Spells,3,1,Amulet Bloom,LordCommanderSnow,210 tix,$ 571,241777,2014-08-01,Modern Daily #7332766,modern,modern-daily-7332766,modern-daily-7332766-2014-08-01
7,4,Ancient Stirrings,,Spells,3,1,Amulet Bloom,LordCommanderSnow,210 tix,$ 571,241777,2014-08-01,Modern Daily #7332766,modern,modern-daily-7332766,modern-daily-7332766-2014-08-01
8,4,Serum Visions,,Spells,3,1,Amulet Bloom,LordCommanderSnow,210 tix,$ 571,241777,2014-08-01,Modern Daily #7332766,modern,modern-daily-7332766,modern-daily-7332766-2014-08-01
9,4,Summer Bloom,,Spells,3,1,Amulet Bloom,LordCommanderSnow,210 tix,$ 571,241777,2014-08-01,Modern Daily #7332766,modern,modern-daily-7332766,modern-daily-7332766-2014-08-01
11,4,Amulet of Vigor,,Artifacts,3,1,Amulet Bloom,LordCommanderSnow,210 tix,$ 571,241777,2014-08-01,Modern Daily #7332766,modern,modern-daily-7332766,modern-daily-7332766-2014-08-01
13,3,Hive Mind,,Enchantments,3,1,Amulet Bloom,LordCommanderSnow,210 tix,$ 571,241777,2014-08-01,Modern Daily #7332766,modern,modern-daily-7332766,modern-daily-7332766-2014-08-01
15,1,Boros Garrison,,Lands,3,1,Amulet Bloom,LordCommanderSnow,210 tix,$ 571,241777,2014-08-01,Modern Daily #7332766,modern,modern-daily-7332766,modern-daily-7332766-2014-08-01
16,1,Cavern of Souls,,Lands,3,1,Amulet Bloom,LordCommanderSnow,210 tix,$ 571,241777,2014-08-01,Modern Daily #7332766,modern,modern-daily-7332766,modern-daily-7332766-2014-08-01
17,1,Forest,,Lands,3,1,Amulet Bloom,LordCommanderSnow,210 tix,$ 571,241777,2014-08-01,Modern Daily #7332766,modern,modern-daily-7332766,modern-daily-7332766-2014-08-01
18,3,Gemstone Mine,,Lands,3,1,Amulet Bloom,LordCommanderSnow,210 tix,$ 571,241777,2014-08-01,Modern Daily #7332766,modern,modern-daily-7332766,modern-daily-7332766-2014-08-01
19,1,Golgari Rot Farm,,Lands,3,1,Amulet Bloom,LordCommanderSnow,210 tix,$ 571,241777,2014-08-01,Modern Daily #7332766,modern,modern-daily-7332766,modern-daily-7332766-2014-08-01
20,3,Gruul Turf,,Lands,3,1,Amulet Bloom,LordCommanderSnow,210 tix,$ 571,241777,2014-08-01,Modern Daily #7332766,modern,modern-daily-7332766,modern-daily-7332766-2014-08-01
21,1,Kabira Crossroads,,Lands,3,1,Amulet Bloom,LordCommanderSnow,210 tix,$ 571,241777,2014-08-01,Modern Daily #7332766,modern,modern-daily-7332766,modern-daily-7332766-2014-08-01
22,1,Khalni Garden,,Lands,3,1,Amulet Bloom,LordCommanderSnow,210 tix,$ 571,241777,2014-08-01,Modern Daily #7332766,modern,modern-daily-7332766,modern-daily-7332766-2014-08-01
23,1,Selesnya Sanctuary,,Lands,3,1,Amulet Bloom,LordCommanderSnow,210 tix,$ 571,241777,2014-08-01,Modern Daily #7332766,modern,modern-daily-7332766,modern-daily-7332766-2014-08-01
24,4,Simic Growth Chamber,,Lands,3,1,Amulet Bloom,LordCommanderSnow,210 tix,$ 571,241777,2014-08-01,Modern Daily #7332766,modern,modern-daily-7332766,modern-daily-7332766-2014-08-01
25,1,Slayers' Stronghold,,Lands,3,1,Amulet Bloom,LordCommanderSnow,210 tix,$ 571,241777,2014-08-01,Modern Daily #7332766,modern,modern-daily-7332766,modern-daily-7332766-2014-08-01
26,1,"Sunhome, Fortress of the Legion",,Lands,3,1,Amulet Bloom,LordCommanderSnow,210 tix,$ 571,241777,2014-08-01,Modern Daily #7332766,modern,modern-daily-7332766,modern-daily-7332766-2014-08-01
27,1,Temple of Mystery,,Lands,3,1,Amulet Bloom,LordCommanderSnow,210 tix,$ 571,241777,2014-08-01,Modern Daily #7332766,modern,modern-daily-7332766,modern-daily-7332766-2014-08-01
28,3,Tendo Ice Bridge,,Lands,3,1,Amulet Bloom,LordCommanderSnow,210 tix,$ 571,241777,2014-08-01,Modern Daily #7332766,modern,modern-daily-7332766,modern-daily-7332766-2014-08-01
29,3,Tolaria West,,Lands,3,1,Amulet Bloom,LordCommanderSnow,210 tix,$ 571,241777,2014-08-01,Modern Daily #7332766,modern,modern-daily-7332766,modern-daily-7332766-2014-08-01
30,1,Vesuva,,Lands,3,1,Amulet Bloom,LordCommanderSnow,210 tix,$ 571,241777,2014-08-01,Modern Daily #7332766,modern,modern-daily-7332766,modern-daily-7332766-2014-08-01
32,1,Bojuka Bog,,Sideboard,3,1,Amulet Bloom,LordCommanderSnow,210 tix,$ 571,241777,2014-08-01,Modern Daily #7332766,modern,modern-daily-7332766,modern-daily-7332766-2014-08-01
33,1,Chalice of the Void,,Sideboard,3,1,Amulet Bloom,LordCommanderSnow,210 tix,$ 571,241777,2014-08-01,Modern Daily #7332766,modern,modern-daily-7332766,modern-daily-7332766-2014-08-01
34,1,Engineered Explosives,,Sideboard,3,1,Amulet Bloom,LordCommanderSnow,210 tix,$ 571,241777,2014-08-01,Modern Daily #7332766,modern,modern-daily-7332766,modern-daily-7332766-2014-08-01
35,1,Ghost Quarter,,Sideboard,3,1,Amulet Bloom,LordCommanderSnow,210 tix,$ 571,241777,2014-08-01,Modern Daily #7332766,modern,modern-daily-7332766,modern-daily-7332766-2014-08-01
36,1,Slaughter Pact,,Sideboard,3,1,Amulet Bloom,LordCommanderSnow,210 tix,$ 571,241777,2014-08-01,Modern Daily #7332766,modern,modern-daily-7332766,modern-daily-7332766-2014-08-01
37,1,Pithing Needle,,Sideboard,3,1,Amulet Bloom,LordCommanderSnow,210 tix,$ 571,241777,2014-08-01,Modern Daily #7332766,modern,modern-daily-7332766,modern-daily-7332766-2014-08-01
38,1,Pyroclasm,,Sideboard,3,1,Amulet Bloom,LordCommanderSnow,210 tix,$ 571,241777,2014-08-01,Modern Daily #7332766,modern,modern-daily-7332766,modern-daily-7332766-2014-08-01
39,3,Seal of Primordium,,Sideboard,3,1,Amulet Bloom,LordCommanderSnow,210 tix,$ 571,241777,2014-08-01,Modern Daily #7332766,modern,modern-daily-7332766,modern-daily-7332766-2014-08-01
40,2,Firespout,,Sideboard,3,1,Amulet Bloom,LordCommanderSnow,210 tix,$ 571,241777,2014-08-01,Modern Daily #7332766,modern,modern-daily-7332766,modern-daily-7332766-2014-08-01
41,3,Creeping Corrosion,,Sideboard,3,1,Amulet Bloom,LordCommanderSnow,210 tix,$ 571,241777,2014-08-01,Modern Daily #7332766,modern,modern-daily-7332766,modern-daily-7332766-2014-08-01
1,1,Sakura-Tribe Scout,,Creatures,3,1,Amulet Bloom,shinolikesbugs,212 tix,$ 521,241786,2014-08-01,Modern Daily #7332766,modern,modern-daily-7332766,modern-daily-7332766-2014-08-01
2,2,"Azusa, Lost but Seeking",,Creatures,3,1,Amulet Bloom,shinolikesbugs,212 tix,$ 521,241786,2014-08-01,Modern Daily #7332766,modern,modern-daily-7332766,modern-daily-7332766-2014-08-01
3,4,Primeval Titan,,Creatures,3,1,Amulet Bloom,shinolikesbugs,212 tix,$ 521,241786,2014-08-01,Modern Daily #7332766,modern,modern-daily-7332766,modern-daily-7332766-2014-08-01
5,2,Pact of Negation,,Spells,3,1,Amulet Bloom,shinolikesbugs,212 tix,$ 521,241786,2014-08-01,Modern Daily #7332766,modern,modern-daily-7332766,modern-daily-7332766-2014-08-01
6,1,Slaughter Pact,,Spells,3,1,Amulet Bloom,shinolikesbugs,212 tix,$ 521,241786,2014-08-01,Modern Daily #7332766,modern,modern-daily-7332766,modern-daily-7332766-2014-08-01
7,4,Summoner's Pact,,Spells,3,1,Amulet Bloom,shinolikesbugs,212 tix,$ 521,241786,2014-08-01,Modern Daily #7332766,modern,modern-daily-7332766,modern-daily-7332766-2014-08-01
8,4,Ancient Stirrings,,Spells,3,1,Amulet Bloom,shinolikesbugs,212 tix,$ 521,241786,2014-08-01,Modern Daily #7332766,modern,modern-daily-7332766,modern-daily-7332766-2014-08-01
9,4,Serum Visions,,Spells,3,1,Amulet Bloom,shinolikesbugs,212 tix,$ 521,241786,2014-08-01,Modern Daily #7332766,modern,modern-daily-7332766,modern-daily-7332766-2014-08-01
10,4,Summer Bloom,,Spells,3,1,Amulet Bloom,shinolikesbugs,212 tix,$ 521,241786,2014-08-01,Modern Daily #7332766,modern,modern-daily-7332766,modern-daily-7332766-2014-08-01
12,4,Amulet of Vigor,,Artifacts,3,1,Amulet Bloom,shinolikesbugs,212 tix,$ 521,241786,2014-08-01,Modern Daily #7332766,modern,modern-daily-7332766,modern-daily-7332766-2014-08-01
14,3,Hive Mind,,Enchantments,3,1,Amulet Bloom,shinolikesbugs,212 tix,$ 521,241786,2014-08-01,Modern Daily #7332766,modern,modern-daily-7332766,modern-daily-7332766-2014-08-01
16,1,Boros Garrison,,Lands,3,1,Amulet Bloom,shinolikesbugs,212 tix,$ 521,241786,2014-08-01,Modern Daily #7332766,modern,modern-daily-7332766,modern-daily-7332766-2014-08-01
17,1,Cavern of Souls,,Lands,3,1,Amulet Bloom,shinolikesbugs,212 tix,$ 521,241786,2014-08-01,Modern Daily #7332766,modern,modern-daily-7332766,modern-daily-7332766-2014-08-01
18,1,Forest,,Lands,3,1,Amulet Bloom,shinolikesbugs,212 tix,$ 521,241786,2014-08-01,Modern Daily #7332766,modern,modern-daily-7332766,modern-daily-7332766-2014-08-01
19,3,Gemstone Mine,,Lands,3,1,Amulet Bloom,shinolikesbugs,212 tix,$ 521,241786,2014-08-01,Modern Daily #7332766,modern,modern-daily-7332766,modern-daily-7332766-2014-08-01
20,1,Golgari Rot Farm,,Lands,3,1,Amulet Bloom,shinolikesbugs,212 tix,$ 521,241786,2014-08-01,Modern Daily #7332766,modern,modern-daily-7332766,modern-daily-7332766-2014-08-01
21,3,Gruul Turf,,Lands,3,1,Amulet Bloom,shinolikesbugs,212 tix,$ 521,241786,2014-08-01,Modern Daily #7332766,modern,modern-daily-7332766,modern-daily-7332766-2014-08-01
22,1,Kabira Crossroads,,Lands,3,1,Amulet Bloom,shinolikesbugs,212 tix,$ 521,241786,2014-08-01,Modern Daily #7332766,modern,modern-daily-7332766,modern-daily-7332766-2014-08-01
23,1,Khalni Garden,,Lands,3,1,Amulet Bloom,shinolikesbugs,212 tix,$ 521,241786,2014-08-01,Modern Daily #7332766,modern,modern-daily-7332766,modern-daily-7332766-2014-08-01
24,1,Selesnya Sanctuary,,Lands,3,1,Amulet Bloom,shinolikesbugs,212 tix,$ 521,241786,2014-08-01,Modern Daily #7332766,modern,modern-daily-7332766,modern-daily-7332766-2014-08-01
25,4,Simic Growth Chamber,,Lands,3,1,Amulet Bloom,shinolikesbugs,212 tix,$ 521,241786,2014-08-01,Modern Daily #7332766,modern,modern-daily-7332766,modern-daily-7332766-2014-08-01
26,1,Slayers' Stronghold,,Lands,3,1,Amulet Bloom,shinolikesbugs,212 tix,$ 521,241786,2014-08-01,Modern Daily #7332766,modern,modern-daily-7332766,modern-daily-7332766-2014-08-01
27,1,"Sunhome, Fortress of the Legion",,Lands,3,1,Amulet Bloom,shinolikesbugs,212 tix,$ 521,241786,2014-08-01,Modern Daily #7332766,modern,modern-daily-7332766,modern-daily-7332766-2014-08-01
28,1,Temple of Mystery,,Lands,3,1,Amulet Bloom,shinolikesbugs,212 tix,$ 521,241786,2014-08-01,Modern Daily #7332766,modern,modern-daily-7332766,modern-daily-7332766-2014-08-01
29,3,Tendo Ice Bridge,,Lands,3,1,Amulet Bloom,shinolikesbugs,212 tix,$ 521,241786,2014-08-01,Modern Daily #7332766,modern,modern-daily-7332766,modern-daily-7332766-2014-08-01
30,3,Tolaria West,,Lands,3,1,Amulet Bloom,shinolikesbugs,212 tix,$ 521,241786,2014-08-01,Modern Daily #7332766,modern,modern-daily-7332766,modern-daily-7332766-2014-08-01
31,1,Vesuva,,Lands,3,1,Amulet Bloom,shinolikesbugs,212 tix,$ 521,241786,2014-08-01,Modern Daily #7332766,modern,modern-daily-7332766,modern-daily-7332766-2014-08-01
33,1,Engineered Explosives,,Sideboard,3,1,Amulet Bloom,shinolikesbugs,212 tix,$ 521,241786,2014-08-01,Modern Daily #7332766,modern,modern-daily-7332766,modern-daily-7332766-2014-08-01
34,1,Ghost Quarter,,Sideboard,3,1,Amulet Bloom,shinolikesbugs,212 tix,$ 521,241786,2014-08-01,Modern Daily #7332766,modern,modern-daily-7332766,modern-daily-7332766-2014-08-01
35,1,Grafdigger's Cage,,Sideboard,3,1,Amulet Bloom,shinolikesbugs,212 tix,$ 521,241786,2014-08-01,Modern Daily #7332766,modern,modern-daily-7332766,modern-daily-7332766-2014-08-01
36,1,Pithing Needle,,Sideboard,3,1,Amulet Bloom,shinolikesbugs,212 tix,$ 521,241786,2014-08-01,Modern Daily #7332766,modern,modern-daily-7332766,modern-daily-7332766-2014-08-01
37,2,Pyroclasm,,Sideboard,3,1,Amulet Bloom,shinolikesbugs,212 tix,$ 521,241786,2014-08-01,Modern Daily #7332766,modern,modern-daily-7332766,modern-daily-7332766-2014-08-01
38,3,Seal of Primordium,,Sideboard,3,1,Amulet Bloom,shinolikesbugs,212 tix,$ 521,241786,2014-08-01,Modern Daily #7332766,modern,modern-daily-7332766,modern-daily-7332766-2014-08-01
39,2,Stony Silence,,Sideboard,3,1,Amulet Bloom,shinolikesbugs,212 tix,$ 521,241786,2014-08-01,Modern Daily #7332766,modern,modern-daily-7332766,modern-daily-7332766-2014-08-01
40,2,Dismember,,Sideboard,3,1,Amulet Bloom,shinolikesbugs,212 tix,$ 521,241786,2014-08-01,Modern Daily #7332766,modern,modern-daily-7332766,modern-daily-7332766-2014-08-01
41,2,Eternal Witness,,Sideboard,3,1,Amulet Bloom,shinolikesbugs,212 tix,$ 521,241786,2014-08-01,Modern Daily #7332766,modern,modern-daily-7332766,modern-daily-7332766-2014-08-01
1,4,Goblin Guide,,Creatures,3,1,Burn,_SickDraw,87 tix,$ 206,241788,2014-08-01,Modern Daily #7332766,modern,modern-daily-7332766,modern-daily-7332766-2014-08-01
2,2,Vexing Devil,,Creatures,3,1,Burn,_SickDraw,87 tix,$ 206,241788,2014-08-01,Modern Daily #7332766,modern,modern-daily-7332766,modern-daily-7332766-2014-08-01
3,4,Eidolon of the Great Revel,,Creatures,3,1,Burn,_SickDraw,87 tix,$ 206,241788,2014-08-01,Modern Daily #7332766,modern,modern-daily-7332766,modern-daily-7332766-2014-08-01
4,2,Hellspark Elemental,,Creatures,3,1,Burn,_SickDraw,87 tix,$ 206,241788,2014-08-01,Modern Daily #7332766,modern,modern-daily-7332766,modern-daily-7332766-2014-08-01
6,4,Lava Spike,,Spells,3,1,Burn,_SickDraw,87 tix,$ 206,241788,2014-08-01,Modern Daily #7332766,modern,modern-daily-7332766,modern-daily-7332766-2014-08-01
7,4,Lightning Bolt,,Spells,3,1,Burn,_SickDraw,87 tix,$ 206,241788,2014-08-01,Modern Daily #7332766,modern,modern-daily-7332766,modern-daily-7332766-2014-08-01
8,2,Shard Volley,,Spells,3,1,Burn,_SickDraw,87 tix,$ 206,241788,2014-08-01,Modern Daily #7332766,modern,modern-daily-7332766,modern-daily-7332766-2014-08-01
9,2,Magma Jet,,Spells,3,1,Burn,_SickDraw,87 tix,$ 206,241788,2014-08-01,Modern Daily #7332766,modern,modern-daily-7332766,modern-daily-7332766-2014-08-01
10,3,Searing Blood,,Spells,3,1,Burn,_SickDraw,87 tix,$ 206,241788,2014-08-01,Modern Daily #7332766,modern,modern-daily-7332766,modern-daily-7332766-2014-08-01
11,4,Skullcrack,,Spells,3,1,Burn,_SickDraw,87 tix,$ 206,241788,2014-08-01,Modern Daily #7332766,modern,modern-daily-7332766,modern-daily-7332766-2014-08-01
12,4,Rift Bolt,,Spells,3,1,Burn,_SickDraw,87 tix,$ 206,241788,2014-08-01,Modern Daily #7332766,modern,modern-daily-7332766,modern-daily-7332766-2014-08-01
13,2,Staggershock,,Spells,3,1,Burn,_SickDraw,87 tix,$ 206,241788,2014-08-01,Modern Daily #7332766,modern,modern-daily-7332766,modern-daily-7332766-2014-08-01
15,3,Shrine of Burning Rage,,Artifacts,3,1,Burn,_SickDraw,87 tix,$ 206,241788,2014-08-01,Modern Daily #7332766,modern,modern-daily-7332766,modern-daily-7332766-2014-08-01
17,20,Mountain,,Lands,3,1,Burn,_SickDraw,87 tix,$ 206,241788,2014-08-01,Modern Daily #7332766,modern,modern-daily-7332766,modern-daily-7332766-2014-08-01
19,2,Relic of Progenitus,,Sideboard,3,1,Burn,_SickDraw,87 tix,$ 206,241788,2014-08-01,Modern Daily #7332766,modern,modern-daily-7332766,modern-daily-7332766-2014-08-01
20,2,Combust,,Sideboard,3,1,Burn,_SickDraw,87 tix,$ 206,241788,2014-08-01,Modern Daily #7332766,modern,modern-daily-7332766,modern-daily-7332766-2014-08-01
21,1,Searing Blood,,Sideboard,3,1,Burn,_SickDraw,87 tix,$ 206,241788,2014-08-01,Modern Daily #7332766,modern,modern-daily-7332766,modern-daily-7332766-2014-08-01
22,3,Smash to Smithereens,,Sideboard,3,1,Burn,_SickDraw,87 tix,$ 206,241788,2014-08-01,Modern Daily #7332766,modern,modern-daily-7332766,modern-daily-7332766-2014-08-01
23,1,Dismember,,Sideboard,3,1,Burn,_SickDraw,87 tix,$ 206,241788,2014-08-01,Modern Daily #7332766,modern,modern-daily-7332766,modern-daily-7332766-2014-08-01
24,3,Molten Rain,,Sideboard,3,1,Burn,_SickDraw,87 tix,$ 206,241788,2014-08-01,Modern Daily #7332766,modern,modern-daily-7332766,modern-daily-7332766-2014-08-01
25,3,Vulshok Refugee,,Sideboard,3,1,Burn,_SickDraw,87 tix,$ 206,241788,2014-08-01,Modern Daily #7332766,modern,modern-daily-7332766,modern-daily-7332766-2014-08-01
1,4,Goblin Guide,,Creatures,3,1,Burn,SpacejAm,83 tix,$ 198,241794,2014-08-01,Modern Daily #7332766,modern,modern-daily-7332766,modern-daily-7332766-2014-08-01
2,2,Spark Elemental,,Creatures,3,1,Burn,SpacejAm,83 tix,$ 198,241794,2014-08-01,Modern Daily #7332766,modern,modern-daily-7332766,modern-daily-7332766-2014-08-01
3,4,Eidolon of the Great Revel,,Creatures,3,1,Burn,SpacejAm,83 tix,$ 198,241794,2014-08-01,Modern Daily #7332766,modern,modern-daily-7332766,modern-daily-7332766-2014-08-01
4,4,Hellspark Elemental,,Creatures,3,1,Burn,SpacejAm,83 tix,$ 198,241794,2014-08-01,Modern Daily #7332766,modern,modern-daily-7332766,modern-daily-7332766-2014-08-01
6,4,Lava Spike,,Spells,3,1,Burn,SpacejAm,83 tix,$ 198,241794,2014-08-01,Modern Daily #7332766,modern,modern-daily-7332766,modern-daily-7332766-2014-08-01
7,4,Lightning Bolt,,Spells,3,1,Burn,SpacejAm,83 tix,$ 198,241794,2014-08-01,Modern Daily #7332766,modern,modern-daily-7332766,modern-daily-7332766-2014-08-01
8,3,Shard Volley,,Spells,3,1,Burn,SpacejAm,83 tix,$ 198,241794,2014-08-01,Modern Daily #7332766,modern,modern-daily-7332766,modern-daily-7332766-2014-08-01
9,4,Searing Blaze,,Spells,3,1,Burn,SpacejAm,83 tix,$ 198,241794,2014-08-01,Modern Daily #7332766,modern,modern-daily-7332766,modern-daily-7332766-2014-08-01
10,4,Skullcrack,,Spells,3,1,Burn,SpacejAm,83 tix,$ 198,241794,2014-08-01,Modern Daily #7332766,modern,modern-daily-7332766,modern-daily-7332766-2014-08-01
11,4,Flames of the Blood Hand,,Spells,3,1,Burn,SpacejAm,83 tix,$ 198,241794,2014-08-01,Modern Daily #7332766,modern,modern-daily-7332766,modern-daily-7332766-2014-08-01
12,4,Rift Bolt,,Spells,3,1,Burn,SpacejAm,83 tix,$ 198,241794,2014-08-01,Modern Daily #7332766,modern,modern-daily-7332766,modern-daily-7332766-2014-08-01
14,19,Mountain,,Lands,3,1,Burn,SpacejAm,83 tix,$ 198,241794,2014-08-01,Modern Daily #7332766,modern,modern-daily-7332766,modern-daily-7332766-2014-08-01
16,2,Relic of Progenitus,,Sideboard,3,1,Burn,SpacejAm,83 tix,$ 198,241794,2014-08-01,Modern Daily #7332766,modern,modern-daily-7332766,modern-daily-7332766-2014-08-01
17,3,Combust,,Sideboard,3,1,Burn,SpacejAm,83 tix,$ 198,241794,2014-08-01,Modern Daily #7332766,modern,modern-daily-7332766,modern-daily-7332766-2014-08-01
18,2,Searing Blood,,Sideboard,3,1,Burn,SpacejAm,83 tix,$ 198,241794,2014-08-01,Modern Daily #7332766,modern,modern-daily-7332766,modern-daily-7332766-2014-08-01
19,3,Smash to Smithereens,,Sideboard,3,1,Burn,SpacejAm,83 tix,$ 198,241794,2014-08-01,Modern Daily #7332766,modern,modern-daily-7332766,modern-daily-7332766-2014-08-01
20,3,Molten Rain,,Sideboard,3,1,Burn,SpacejAm,83 tix,$ 198,241794,2014-08-01,Modern Daily #7332766,modern,modern-daily-7332766,modern-daily-7332766-2014-08-01
21,2,Volcanic Fallout,,Sideboard,3,1,Burn,SpacejAm,83 tix,$ 198,241794,2014-08-01,Modern Daily #7332766,modern,modern-daily-7332766,modern-daily-7332766-2014-08-01
1,4,Dark Confidant,,Creatures,3,1,Junk,JoostdB,632 tix,"$ 2,041",241792,2014-08-01,Modern Daily #7332766,modern,modern-daily-7332766,modern-daily-7332766-2014-08-01
2,3,Scavenging Ooze,,Creatures,3,1,Junk,JoostdB,632 tix,"$ 2,041",241792,2014-08-01,Modern Daily #7332766,modern,modern-daily-7332766,modern-daily-7332766-2014-08-01
3,4,Tarmogoyf,,Creatures,3,1,Junk,JoostdB,632 tix,"$ 2,041",241792,2014-08-01,Modern Daily #7332766,modern,modern-daily-7332766,modern-daily-7332766-2014-08-01
5,4,Liliana of the Veil,,Planeswalkers,3,1,Junk,JoostdB,632 tix,"$ 2,041",241792,2014-08-01,Modern Daily #7332766,modern,modern-daily-7332766,modern-daily-7332766-2014-08-01
7,1,Slaughter Pact,,Spells,3,1,Junk,JoostdB,632 tix,"$ 2,041",241792,2014-08-01,Modern Daily #7332766,modern,modern-daily-7332766,modern-daily-7332766-2014-08-01
8,3,Inquisition of Kozilek,,Spells,3,1,Junk,JoostdB,632 tix,"$ 2,041",241792,2014-08-01,Modern Daily #7332766,modern,modern-daily-7332766,modern-daily-7332766-2014-08-01
9,4,Thoughtseize,,Spells,3,1,Junk,JoostdB,632 tix,"$ 2,041",241792,2014-08-01,Modern Daily #7332766,modern,modern-daily-7332766,modern-daily-7332766-2014-08-01
10,4,Abrupt Decay,,Spells,3,1,Junk,JoostdB,632 tix,"$ 2,041",241792,2014-08-01,Modern Daily #7332766,modern,modern-daily-7332766,modern-daily-7332766-2014-08-01
11,2,Dismember,,Spells,3,1,Junk,JoostdB,632 tix,"$ 2,041",241792,2014-08-01,Modern Daily #7332766,modern,modern-daily-7332766,modern-daily-7332766-2014-08-01
12,3,Lingering Souls,,Spells,3,1,Junk,JoostdB,632 tix,"$ 2,041",241792,2014-08-01,Modern Daily #7332766,modern,modern-daily-7332766,modern-daily-7332766-2014-08-01
13,2,Maelstrom Pulse,,Spells,3,1,Junk,JoostdB,632 tix,"$ 2,041",241792,2014-08-01,Modern Daily #7332766,modern,modern-daily-7332766,modern-daily-7332766-2014-08-01
15,1,Batterskull,,Artifacts,3,1,Junk,JoostdB,632 tix,"$ 2,041",241792,2014-08-01,Modern Daily #7332766,modern,modern-daily-7332766,modern-daily-7332766-2014-08-01
17,1,Forest,,Lands,3,1,Junk,JoostdB,632 tix,"$ 2,041",241792,2014-08-01,Modern Daily #7332766,modern,modern-daily-7332766,modern-daily-7332766-2014-08-01
18,1,Godless Shrine,,Lands,3,1,Junk,JoostdB,632 tix,"$ 2,041",241792,2014-08-01,Modern Daily #7332766,modern,modern-daily-7332766,modern-daily-7332766-2014-08-01
19,4,Marsh Flats,,Lands,3,1,Junk,JoostdB,632 tix,"$ 2,041",241792,2014-08-01,Modern Daily #7332766,modern,modern-daily-7332766,modern-daily-7332766-2014-08-01
20,2,Overgrown Tomb,,Lands,3,1,Junk,JoostdB,632 tix,"$ 2,041",241792,2014-08-01,Modern Daily #7332766,modern,modern-daily-7332766,modern-daily-7332766-2014-08-01
21,1,Stirring Wildwood,,Lands,3,1,Junk,JoostdB,632 tix,"$ 2,041",241792,2014-08-01,Modern Daily #7332766,modern,modern-daily-7332766,modern-daily-7332766-2014-08-01
22,2,Swamp,,Lands,3,1,Junk,JoostdB,632 tix,"$ 2,041",241792,2014-08-01,Modern Daily #7332766,modern,modern-daily-7332766,modern-daily-7332766-2014-08-01
23,4,Tectonic Edge,,Lands,3,1,Junk,JoostdB,632 tix,"$ 2,041",241792,2014-08-01,Modern Daily #7332766,modern,modern-daily-7332766,modern-daily-7332766-2014-08-01
24,1,Temple Garden,,Lands,3,1,Junk,JoostdB,632 tix,"$ 2,041",241792,2014-08-01,Modern Daily #7332766,modern,modern-daily-7332766,modern-daily-7332766-2014-08-01
25,3,Treetop Village,,Lands,3,1,Junk,JoostdB,632 tix,"$ 2,041",241792,2014-08-01,Modern Daily #7332766,modern,modern-daily-7332766,modern-daily-7332766-2014-08-01
26,1,Twilight Mire,,Lands,3,1,Junk,JoostdB,632 tix,"$ 2,041",241792,2014-08-01,Modern Daily #7332766,modern,modern-daily-7332766,modern-daily-7332766-2014-08-01
27,1,"Urborg, Tomb of Yawgmoth",,Lands,3,1,Junk,JoostdB,632 tix,"$ 2,041",241792,2014-08-01,Modern Daily #7332766,modern,modern-daily-7332766,modern-daily-7332766-2014-08-01
28,4,Verdant Catacombs,,Lands,3,1,Junk,JoostdB,632 tix,"$ 2,041",241792,2014-08-01,Modern Daily #7332766,modern,modern-daily-7332766,modern-daily-7332766-2014-08-01
30,1,Engineered Explosives,,Sideboard,3,1,Junk,JoostdB,632 tix,"$ 2,041",241792,2014-08-01,Modern Daily #7332766,modern,modern-daily-7332766,modern-daily-7332766-2014-08-01
31,1,Darkblast,,Sideboard,3,1,Junk,JoostdB,632 tix,"$ 2,041",241792,2014-08-01,Modern Daily #7332766,modern,modern-daily-7332766,modern-daily-7332766-2014-08-01
32,2,Grafdigger's Cage,,Sideboard,3,1,Junk,JoostdB,632 tix,"$ 2,041",241792,2014-08-01,Modern Daily #7332766,modern,modern-daily-7332766,modern-daily-7332766-2014-08-01
33,1,Golgari Charm,,Sideboard,3,1,Junk,JoostdB,632 tix,"$ 2,041",241792,2014-08-01,Modern Daily #7332766,modern,modern-daily-7332766,modern-daily-7332766-2014-08-01
34,2,Stony Silence,,Sideboard,3,1,Junk,JoostdB,632 tix,"$ 2,041",241792,2014-08-01,Modern Daily #7332766,modern,modern-daily-7332766,modern-daily-7332766-2014-08-01
35,2,Drown in Sorrow,,Sideboard,3,1,Junk,JoostdB,632 tix,"$ 2,041",241792,2014-08-01,Modern Daily #7332766,modern,modern-daily-7332766,modern-daily-7332766-2014-08-01
36,3,Fulminator Mage,,Sideboard,3,1,Junk,JoostdB,632 tix,"$ 2,041",241792,2014-08-01,Modern Daily #7332766,modern,modern-daily-7332766,modern-daily-7332766-2014-08-01
37,1,Sword of Light and Shadow,,Sideboard,3,1,Junk,JoostdB,632 tix,"$ 2,041",241792,2014-08-01,Modern Daily #7332766,modern,modern-daily-7332766,modern-daily-7332766-2014-08-01
38,1,Creeping Corrosion,,Sideboard,3,1,Junk,JoostdB,632 tix,"$ 2,041",241792,2014-08-01,Modern Daily #7332766,modern,modern-daily-7332766,modern-daily-7332766-2014-08-01
39,1,"Thrun, the Last Troll",,Sideboard,3,1,Junk,JoostdB,632 tix,"$ 2,041",241792,2014-08-01,Modern Daily #7332766,modern,modern-daily-7332766,modern-daily-7332766-2014-08-01
1,1,Birds of Paradise,,Creatures,3,1,Kibler Naya,Khaiden,503 tix,"$ 1,265",241789,2014-08-01,Modern Daily #7332766,modern,modern-daily-7332766,modern-daily-7332766-2014-08-01
2,4,Noble Hierarch,,Creatures,3,1,Kibler Naya,Khaiden,503 tix,"$ 1,265",241789,2014-08-01,Modern Daily #7332766,modern,modern-daily-7332766,modern-daily-7332766-2014-08-01
3,4,Wild Nacatl,,Creatures,3,1,Kibler Naya,Khaiden,503 tix,"$ 1,265",241789,2014-08-01,Modern Daily #7332766,modern,modern-daily-7332766,modern-daily-7332766-2014-08-01
4,3,Qasali Pridemage,,Creatures,3,1,Kibler Naya,Khaiden,503 tix,"$ 1,265",241789,2014-08-01,Modern Daily #7332766,modern,modern-daily-7332766,modern-daily-7332766-2014-08-01
5,3,Scavenging Ooze,,Creatures,3,1,Kibler Naya,Khaiden,503 tix,"$ 1,265",241789,2014-08-01,Modern Daily #7332766,modern,modern-daily-7332766,modern-daily-7332766-2014-08-01
6,4,Tarmogoyf,,Creatures,3,1,Kibler Naya,Khaiden,503 tix,"$ 1,265",241789,2014-08-01,Modern Daily #7332766,modern,modern-daily-7332766,modern-daily-7332766-2014-08-01
7,3,Knight of the Reliquary,,Creatures,3,1,Kibler Naya,Khaiden,503 tix,"$ 1,265",241789,2014-08-01,Modern Daily #7332766,modern,modern-daily-7332766,modern-daily-7332766-2014-08-01
8,2,Loxodon Smiter,,Creatures,3,1,Kibler Naya,Khaiden,503 tix,"$ 1,265",241789,2014-08-01,Modern Daily #7332766,modern,modern-daily-7332766,modern-daily-7332766-2014-08-01
9,1,Thundermaw Hellkite,,Creatures,3,1,Kibler Naya,Khaiden,503 tix,"$ 1,265",241789,2014-08-01,Modern Daily #7332766,modern,modern-daily-7332766,modern-daily-7332766-2014-08-01
11,1,Ajani Vengeant,,Planeswalkers,3,1,Kibler Naya,Khaiden,503 tix,"$ 1,265",241789,2014-08-01,Modern Daily #7332766,modern,modern-daily-7332766,modern-daily-7332766-2014-08-01
12,2,"Chandra, Pyromaster",,Planeswalkers,3,1,Kibler Naya,Khaiden,503 tix,"$ 1,265",241789,2014-08-01,Modern Daily #7332766,modern,modern-daily-7332766,modern-daily-7332766-2014-08-01
14,4,Lightning Bolt,,Spells,3,1,Kibler Naya,Khaiden,503 tix,"$ 1,265",241789,2014-08-01,Modern Daily #7332766,modern,modern-daily-7332766,modern-daily-7332766-2014-08-01
15,4,Path to Exile,,Spells,3,1,Kibler Naya,Khaiden,503 tix,"$ 1,265",241789,2014-08-01,Modern Daily #7332766,modern,modern-daily-7332766,modern-daily-7332766-2014-08-01
16,2,Lightning Helix,,Spells,3,1,Kibler Naya,Khaiden,503 tix,"$ 1,265",241789,2014-08-01,Modern Daily #7332766,modern,modern-daily-7332766,modern-daily-7332766-2014-08-01
18,4,Arid Mesa,,Lands,3,1,Kibler Naya,Khaiden,503 tix,"$ 1,265",241789,2014-08-01,Modern Daily #7332766,modern,modern-daily-7332766,modern-daily-7332766-2014-08-01
19,2,Forest,,Lands,3,1,Kibler Naya,Khaiden,503 tix,"$ 1,265",241789,2014-08-01,Modern Daily #7332766,modern,modern-daily-7332766,modern-daily-7332766-2014-08-01
20,1,Horizon Canopy,,Lands,3,1,Kibler Naya,Khaiden,503 tix,"$ 1,265",241789,2014-08-01,Modern Daily #7332766,modern,modern-daily-7332766,modern-daily-7332766-2014-08-01
21,1,Kessig Wolf Run,,Lands,3,1,Kibler Naya,Khaiden,503 tix,"$ 1,265",241789,2014-08-01,Modern Daily #7332766,modern,modern-daily-7332766,modern-daily-7332766-2014-08-01
22,2,Marsh Flats,,Lands,3,1,Kibler Naya,Khaiden,503 tix,"$ 1,265",241789,2014-08-01,Modern Daily #7332766,modern,modern-daily-7332766,modern-daily-7332766-2014-08-01
23,1,Misty Rainforest,,Lands,3,1,Kibler Naya,Khaiden,503 tix,"$ 1,265",241789,2014-08-01,Modern Daily #7332766,modern,modern-daily-7332766,modern-daily-7332766-2014-08-01
24,2,Plains,,Lands,3,1,Kibler Naya,Khaiden,503 tix,"$ 1,265",241789,2014-08-01,Modern Daily #7332766,modern,modern-daily-7332766,modern-daily-7332766-2014-08-01
25,1,Sacred Foundry,,Lands,3,1,Kibler Naya,Khaiden,503 tix,"$ 1,265",241789,2014-08-01,Modern Daily #7332766,modern,modern-daily-7332766,modern-daily-7332766-2014-08-01
26,2,Stomping Ground,,Lands,3,1,Kibler Naya,Khaiden,503 tix,"$ 1,265",241789,2014-08-01,Modern Daily #7332766,modern,modern-daily-7332766,modern-daily-7332766-2014-08-01
27,2,Temple Garden,,Lands,3,1,Kibler Naya,Khaiden,503 tix,"$ 1,265",241789,2014-08-01,Modern Daily #7332766,modern,modern-daily-7332766,modern-daily-7332766-2014-08-01
28,4,Verdant Catacombs,,Lands,3,1,Kibler Naya,Khaiden,503 tix,"$ 1,265",241789,2014-08-01,Modern Daily #7332766,modern,modern-daily-7332766,modern-daily-7332766-2014-08-01
30,1,Engineered Explosives,,Sideboard,3,1,Kibler Naya,Khaiden,503 tix,"$ 1,265",241789,2014-08-01,Modern Daily #7332766,modern,modern-daily-7332766,modern-daily-7332766-2014-08-01
31,1,Bonfire of the Damned,,Sideboard,3,1,Kibler Naya,Khaiden,503 tix,"$ 1,265",241789,2014-08-01,Modern Daily #7332766,modern,modern-daily-7332766,modern-daily-7332766-2014-08-01
32,1,Grafdigger's Cage,,Sideboard,3,1,Kibler Naya,Khaiden,503 tix,"$ 1,265",241789,2014-08-01,Modern Daily #7332766,modern,modern-daily-7332766,modern-daily-7332766-2014-08-01
33,2,Kor Firewalker,,Sideboard,3,1,Kibler Naya,Khaiden,503 tix,"$ 1,265",241789,2014-08-01,Modern Daily #7332766,modern,modern-daily-7332766,modern-daily-7332766-2014-08-01
34,1,Spellskite,,Sideboard,3,1,Kibler Naya,Khaiden,503 tix,"$ 1,265",241789,2014-08-01,Modern Daily #7332766,modern,modern-daily-7332766,modern-daily-7332766-2014-08-01
35,2,Stony Silence,,Sideboard,3,1,Kibler Naya,Khaiden,503 tix,"$ 1,265",241789,2014-08-01,Modern Daily #7332766,modern,modern-daily-7332766,modern-daily-7332766-2014-08-01
36,2,Aven Mindcensor,,Sideboard,3,1,Kibler Naya,Khaiden,503 tix,"$ 1,265",241789,2014-08-01,Modern Daily #7332766,modern,modern-daily-7332766,modern-daily-7332766-2014-08-01
37,3,Blood Moon,,Sideboard,3,1,Kibler Naya,Khaiden,503 tix,"$ 1,265",241789,2014-08-01,Modern Daily #7332766,modern,modern-daily-7332766,modern-daily-7332766-2014-08-01
38,1,Eidolon of Rhetoric,,Sideboard,3,1,Kibler Naya,Khaiden,503 tix,"$ 1,265",241789,2014-08-01,Modern Daily #7332766,modern,modern-daily-7332766,modern-daily-7332766-2014-08-01
39,1,"Thrun, the Last Troll",,Sideboard,3,1,Kibler Naya,Khaiden,503 tix,"$ 1,265",241789,2014-08-01,Modern Daily #7332766,modern,modern-daily-7332766,modern-daily-7332766-2014-08-01
1,4,Birds of Paradise,,Creatures,3,1,Melira Pod,Lyserg,270 tix,$ 875,241784,2014-08-01,Modern Daily #7332766,modern,modern-daily-7332766,modern-daily-7332766-2014-08-01
2,3,Noble Hierarch,,Creatures,3,1,Melira Pod,Lyserg,270 tix,$ 875,241784,2014-08-01,Modern Daily #7332766,modern,modern-daily-7332766,modern-daily-7332766-2014-08-01
3,1,Scavenging Ooze,,Creatures,3,1,Melira Pod,Lyserg,270 tix,$ 875,241784,2014-08-01,Modern Daily #7332766,modern,modern-daily-7332766,modern-daily-7332766-2014-08-01
4,1,Spellskite,,Creatures,3,1,Melira Pod,Lyserg,270 tix,$ 875,241784,2014-08-01,Modern Daily #7332766,modern,modern-daily-7332766,modern-daily-7332766-2014-08-01
5,3,Voice of Resurgence,,Creatures,3,1,Melira Pod,Lyserg,270 tix,$ 875,241784,2014-08-01,Modern Daily #7332766,modern,modern-daily-7332766,modern-daily-7332766-2014-08-01
6,1,Wall of Roots,,Creatures,3,1,Melira Pod,Lyserg,270 tix,$ 875,241784,2014-08-01,Modern Daily #7332766,modern,modern-daily-7332766,modern-daily-7332766-2014-08-01
7,1,Eternal Witness,,Creatures,3,1,Melira Pod,Lyserg,270 tix,$ 875,241784,2014-08-01,Modern Daily #7332766,modern,modern-daily-7332766,modern-daily-7332766-2014-08-01
8,2,Kitchen Finks,,Creatures,3,1,Melira Pod,Lyserg,270 tix,$ 875,241784,2014-08-01,Modern Daily #7332766,modern,modern-daily-7332766,modern-daily-7332766-2014-08-01
9,1,Orzhov Pontiff,,Creatures,3,1,Melira Pod,Lyserg,270 tix,$ 875,241784,2014-08-01,Modern Daily #7332766,modern,modern-daily-7332766,modern-daily-7332766-2014-08-01
10,1,Reclamation Sage,,Creatures,3,1,Melira Pod,Lyserg,270 tix,$ 875,241784,2014-08-01,Modern Daily #7332766,modern,modern-daily-7332766,modern-daily-7332766-2014-08-01
11,1,Sin Collector,,Creatures,3,1,Melira Pod,Lyserg,270 tix,$ 875,241784,2014-08-01,Modern Daily #7332766,modern,modern-daily-7332766,modern-daily-7332766-2014-08-01
12,1,Spike Feeder,,Creatures,3,1,Melira Pod,Lyserg,270 tix,$ 875,241784,2014-08-01,Modern Daily #7332766,modern,modern-daily-7332766,modern-daily-7332766-2014-08-01
13,1,"Linvala, Keeper of Silence",,Creatures,3,1,Melira Pod,Lyserg,270 tix,$ 875,241784,2014-08-01,Modern Daily #7332766,modern,modern-daily-7332766,modern-daily-7332766-2014-08-01
14,1,Murderous Redcap,,Creatures,3,1,Melira Pod,Lyserg,270 tix,$ 875,241784,2014-08-01,Modern Daily #7332766,modern,modern-daily-7332766,modern-daily-7332766-2014-08-01
15,2,Restoration Angel,,Creatures,3,1,Melira Pod,Lyserg,270 tix,$ 875,241784,2014-08-01,Modern Daily #7332766,modern,modern-daily-7332766,modern-daily-7332766-2014-08-01
16,1,Archangel of Thune,,Creatures,3,1,Melira Pod,Lyserg,270 tix,$ 875,241784,2014-08-01,Modern Daily #7332766,modern,modern-daily-7332766,modern-daily-7332766-2014-08-01
17,1,Reveillark,,Creatures,3,1,Melira Pod,Lyserg,270 tix,$ 875,241784,2014-08-01,Modern Daily #7332766,modern,modern-daily-7332766,modern-daily-7332766-2014-08-01
18,1,Shriekmaw,,Creatures,3,1,Melira Pod,Lyserg,270 tix,$ 875,241784,2014-08-01,Modern Daily #7332766,modern,modern-daily-7332766,modern-daily-7332766-2014-08-01
20,2,Thoughtseize,,Spells,3,1,Melira Pod,Lyserg,270 tix,$ 875,241784,2014-08-01,Modern Daily #7332766,modern,modern-daily-7332766,modern-daily-7332766-2014-08-01
21,2,Abrupt Decay,,Spells,3,1,Melira Pod,Lyserg,270 tix,$ 875,241784,2014-08-01,Modern Daily #7332766,modern,modern-daily-7332766,modern-daily-7332766-2014-08-01
22,2,Chord of Calling,,Spells,3,1,Melira Pod,Lyserg,270 tix,$ 875,241784,2014-08-01,Modern Daily #7332766,modern,modern-daily-7332766,modern-daily-7332766-2014-08-01
24,4,Birthing Pod,,Artifacts,3,1,Melira Pod,Lyserg,270 tix,$ 875,241784,2014-08-01,Modern Daily #7332766,modern,modern-daily-7332766,modern-daily-7332766-2014-08-01
26,3,Forest,,Lands,3,1,Melira Pod,Lyserg,270 tix,$ 875,241784,2014-08-01,Modern Daily #7332766,modern,modern-daily-7332766,modern-daily-7332766-2014-08-01
27,3,Gavony Township,,Lands,3,1,Melira Pod,Lyserg,270 tix,$ 875,241784,2014-08-01,Modern Daily #7332766,modern,modern-daily-7332766,modern-daily-7332766-2014-08-01
28,1,Godless Shrine,,Lands,3,1,Melira Pod,Lyserg,270 tix,$ 875,241784,2014-08-01,Modern Daily #7332766,modern,modern-daily-7332766,modern-daily-7332766-2014-08-01
29,2,Marsh Flats,,Lands,3,1,Melira Pod,Lyserg,270 tix,$ 875,241784,2014-08-01,Modern Daily #7332766,modern,modern-daily-7332766,modern-daily-7332766-2014-08-01
30,2,Misty Rainforest,,Lands,3,1,Melira Pod,Lyserg,270 tix,$ 875,241784,2014-08-01,Modern Daily #7332766,modern,modern-daily-7332766,modern-daily-7332766-2014-08-01
31,2,Overgrown Tomb,,Lands,3,1,Melira Pod,Lyserg,270 tix,$ 875,241784,2014-08-01,Modern Daily #7332766,modern,modern-daily-7332766,modern-daily-7332766-2014-08-01
32,4,Razorverge Thicket,,Lands,3,1,Melira Pod,Lyserg,270 tix,$ 875,241784,2014-08-01,Modern Daily #7332766,modern,modern-daily-7332766,modern-daily-7332766-2014-08-01
33,1,Swamp,,Lands,3,1,Melira Pod,Lyserg,270 tix,$ 875,241784,2014-08-01,Modern Daily #7332766,modern,modern-daily-7332766,modern-daily-7332766-2014-08-01
34,1,Temple Garden,,Lands,3,1,Melira Pod,Lyserg,270 tix,$ 875,241784,2014-08-01,Modern Daily #7332766,modern,modern-daily-7332766,modern-daily-7332766-2014-08-01
35,4,Verdant Catacombs,,Lands,3,1,Melira Pod,Lyserg,270 tix,$ 875,241784,2014-08-01,Modern Daily #7332766,modern,modern-daily-7332766,modern-daily-7332766-2014-08-01
37,1,Path to Exile,,Sideboard,3,1,Melira Pod,Lyserg,270 tix,$ 875,241784,2014-08-01,Modern Daily #7332766,modern,modern-daily-7332766,modern-daily-7332766-2014-08-01
38,2,Thoughtseize,,Sideboard,3,1,Melira Pod,Lyserg,270 tix,$ 875,241784,2014-08-01,Modern Daily #7332766,modern,modern-daily-7332766,modern-daily-7332766-2014-08-01
39,1,"Kataki, War's Wage",,Sideboard,3,1,Melira Pod,Lyserg,270 tix,$ 875,241784,2014-08-01,Modern Daily #7332766,modern,modern-daily-7332766,modern-daily-7332766-2014-08-01
40,1,Phyrexian Revoker,,Sideboard,3,1,Melira Pod,Lyserg,270 tix,$ 875,241784,2014-08-01,Modern Daily #7332766,modern,modern-daily-7332766,modern-daily-7332766-2014-08-01
41,1,Qasali Pridemage,,Sideboard,3,1,Melira Pod,Lyserg,270 tix,$ 875,241784,2014-08-01,Modern Daily #7332766,modern,modern-daily-7332766,modern-daily-7332766-2014-08-01
42,1,Dismember,,Sideboard,3,1,Melira Pod,Lyserg,270 tix,$ 875,241784,2014-08-01,Modern Daily #7332766,modern,modern-daily-7332766,modern-daily-7332766-2014-08-01
43,1,Eidolon of Rhetoric,,Sideboard,3,1,Melira Pod,Lyserg,270 tix,$ 875,241784,2014-08-01,Modern Daily #7332766,modern,modern-daily-7332766,modern-daily-7332766-2014-08-01
44,1,Maelstrom Pulse,,Sideboard,3,1,Melira Pod,Lyserg,270 tix,$ 875,241784,2014-08-01,Modern Daily #7332766,modern,modern-daily-7332766,modern-daily-7332766-2014-08-01
45,1,Orzhov Pontiff,,Sideboard,3,1,Melira Pod,Lyserg,270 tix,$ 875,241784,2014-08-01,Modern Daily #7332766,modern,modern-daily-7332766,modern-daily-7332766-2014-08-01
46,1,Sin Collector,,Sideboard,3,1,Melira Pod,Lyserg,270 tix,$ 875,241784,2014-08-01,Modern Daily #7332766,modern,modern-daily-7332766,modern-daily-7332766-2014-08-01
47,1,Entomber Exarch,,Sideboard,3,1,Melira Pod,Lyserg,270 tix,$ 875,241784,2014-08-01,Modern Daily #7332766,modern,modern-daily-7332766,modern-daily-7332766-2014-08-01
48,1,"Linvala, Keeper of Silence",,Sideboard,3,1,Melira Pod,Lyserg,270 tix,$ 875,241784,2014-08-01,Modern Daily #7332766,modern,modern-daily-7332766,modern-daily-7332766-2014-08-01
49,1,Nekrataal,,Sideboard,3,1,Melira Pod,Lyserg,270 tix,$ 875,241784,2014-08-01,Modern Daily #7332766,modern,modern-daily-7332766,modern-daily-7332766-2014-08-01
50,1,"Sigarda, Host of Herons",,Sideboard,3,1,Melira Pod,Lyserg,270 tix,$ 875,241784,2014-08-01,Modern Daily #7332766,modern,modern-daily-7332766,modern-daily-7332766-2014-08-01
1,4,Birds of Paradise,,Creatures,3,1,Melira Pod,Godfather,283 tix,$ 857,241791,2014-08-01,Modern Daily #7332766,modern,modern-daily-7332766,modern-daily-7332766-2014-08-01
2,3,Noble Hierarch,,Creatures,3,1,Melira Pod,Godfather,283 tix,$ 857,241791,2014-08-01,Modern Daily #7332766,modern,modern-daily-7332766,modern-daily-7332766-2014-08-01
3,1,Qasali Pridemage,,Creatures,3,1,Melira Pod,Godfather,283 tix,$ 857,241791,2014-08-01,Modern Daily #7332766,modern,modern-daily-7332766,modern-daily-7332766-2014-08-01
4,1,Scavenging Ooze,,Creatures,3,1,Melira Pod,Godfather,283 tix,$ 857,241791,2014-08-01,Modern Daily #7332766,modern,modern-daily-7332766,modern-daily-7332766-2014-08-01
5,1,Spellskite,,Creatures,3,1,Melira Pod,Godfather,283 tix,$ 857,241791,2014-08-01,Modern Daily #7332766,modern,modern-daily-7332766,modern-daily-7332766-2014-08-01
6,3,Voice of Resurgence,,Creatures,3,1,Melira Pod,Godfather,283 tix,$ 857,241791,2014-08-01,Modern Daily #7332766,modern,modern-daily-7332766,modern-daily-7332766-2014-08-01
7,1,Wall of Roots,,Creatures,3,1,Melira Pod,Godfather,283 tix,$ 857,241791,2014-08-01,Modern Daily #7332766,modern,modern-daily-7332766,modern-daily-7332766-2014-08-01
8,1,Eternal Witness,,Creatures,3,1,Melira Pod,Godfather,283 tix,$ 857,241791,2014-08-01,Modern Daily #7332766,modern,modern-daily-7332766,modern-daily-7332766-2014-08-01
9,2,Kitchen Finks,,Creatures,3,1,Melira Pod,Godfather,283 tix,$ 857,241791,2014-08-01,Modern Daily #7332766,modern,modern-daily-7332766,modern-daily-7332766-2014-08-01
10,1,Orzhov Pontiff,,Creatures,3,1,Melira Pod,Godfather,283 tix,$ 857,241791,2014-08-01,Modern Daily #7332766,modern,modern-daily-7332766,modern-daily-7332766-2014-08-01
11,1,Sin Collector,,Creatures,3,1,Melira Pod,Godfather,283 tix,$ 857,241791,2014-08-01,Modern Daily #7332766,modern,modern-daily-7332766,modern-daily-7332766-2014-08-01
12,1,Spike Feeder,,Creatures,3,1,Melira Pod,Godfather,283 tix,$ 857,241791,2014-08-01,Modern Daily #7332766,modern,modern-daily-7332766,modern-daily-7332766-2014-08-01
13,1,"Linvala, Keeper of Silence",,Creatures,3,1,Melira Pod,Godfather,283 tix,$ 857,241791,2014-08-01,Modern Daily #7332766,modern,modern-daily-7332766,modern-daily-7332766-2014-08-01
14,1,Murderous Redcap,,Creatures,3,1,Melira Pod,Godfather,283 tix,$ 857,241791,2014-08-01,Modern Daily #7332766,modern,modern-daily-7332766,modern-daily-7332766-2014-08-01
15,1,Restoration Angel,,Creatures,3,1,Melira Pod,Godfather,283 tix,$ 857,241791,2014-08-01,Modern Daily #7332766,modern,modern-daily-7332766,modern-daily-7332766-2014-08-01
16,1,Archangel of Thune,,Creatures,3,1,Melira Pod,Godfather,283 tix,$ 857,241791,2014-08-01,Modern Daily #7332766,modern,modern-daily-7332766,modern-daily-7332766-2014-08-01
17,1,Reveillark,,Creatures,3,1,Melira Pod,Godfather,283 tix,$ 857,241791,2014-08-01,Modern Daily #7332766,modern,modern-daily-7332766,modern-daily-7332766-2014-08-01
18,1,Shriekmaw,,Creatures,3,1,Melira Pod,Godfather,283 tix,$ 857,241791,2014-08-01,Modern Daily #7332766,modern,modern-daily-7332766,modern-daily-7332766-2014-08-01
20,2,Thoughtseize,,Spells,3,1,Melira Pod,Godfather,283 tix,$ 857,241791,2014-08-01,Modern Daily #7332766,modern,modern-daily-7332766,modern-daily-7332766-2014-08-01
21,3,Abrupt Decay,,Spells,3,1,Melira Pod,Godfather,283 tix,$ 857,241791,2014-08-01,Modern Daily #7332766,modern,modern-daily-7332766,modern-daily-7332766-2014-08-01
22,2,Chord of Calling,,Spells,3,1,Melira Pod,Godfather,283 tix,$ 857,241791,2014-08-01,Modern Daily #7332766,modern,modern-daily-7332766,modern-daily-7332766-2014-08-01
24,4,Birthing Pod,,Artifacts,3,1,Melira Pod,Godfather,283 tix,$ 857,241791,2014-08-01,Modern Daily #7332766,modern,modern-daily-7332766,modern-daily-7332766-2014-08-01
26,3,Forest,,Lands,3,1,Melira Pod,Godfather,283 tix,$ 857,241791,2014-08-01,Modern Daily #7332766,modern,modern-daily-7332766,modern-daily-7332766-2014-08-01
27,3,Gavony Township,,Lands,3,1,Melira Pod,Godfather,283 tix,$ 857,241791,2014-08-01,Modern Daily #7332766,modern,modern-daily-7332766,modern-daily-7332766-2014-08-01
28,1,Godless Shrine,,Lands,3,1,Melira Pod,Godfather,283 tix,$ 857,241791,2014-08-01,Modern Daily #7332766,modern,modern-daily-7332766,modern-daily-7332766-2014-08-01
29,1,Marsh Flats,,Lands,3,1,Melira Pod,Godfather,283 tix,$ 857,241791,2014-08-01,Modern Daily #7332766,modern,modern-daily-7332766,modern-daily-7332766-2014-08-01
30,3,Misty Rainforest,,Lands,3,1,Melira Pod,Godfather,283 tix,$ 857,241791,2014-08-01,Modern Daily #7332766,modern,modern-daily-7332766,modern-daily-7332766-2014-08-01
31,2,Overgrown Tomb,,Lands,3,1,Melira Pod,Godfather,283 tix,$ 857,241791,2014-08-01,Modern Daily #7332766,modern,modern-daily-7332766,modern-daily-7332766-2014-08-01
32,3,Razorverge Thicket,,Lands,3,1,Melira Pod,Godfather,283 tix,$ 857,241791,2014-08-01,Modern Daily #7332766,modern,modern-daily-7332766,modern-daily-7332766-2014-08-01
33,1,Swamp,,Lands,3,1,Melira Pod,Godfather,283 tix,$ 857,241791,2014-08-01,Modern Daily #7332766,modern,modern-daily-7332766,modern-daily-7332766-2014-08-01
34,1,Temple Garden,,Lands,3,1,Melira Pod,Godfather,283 tix,$ 857,241791,2014-08-01,Modern Daily #7332766,modern,modern-daily-7332766,modern-daily-7332766-2014-08-01
35,4,Verdant Catacombs,,Lands,3,1,Melira Pod,Godfather,283 tix,$ 857,241791,2014-08-01,Modern Daily #7332766,modern,modern-daily-7332766,modern-daily-7332766-2014-08-01
36,1,Woodland Cemetery,,Lands,3,1,Melira Pod,Godfather,283 tix,$ 857,241791,2014-08-01,Modern Daily #7332766,modern,modern-daily-7332766,modern-daily-7332766-2014-08-01
38,2,Path to Exile,,Sideboard,3,1,Melira Pod,Godfather,283 tix,$ 857,241791,2014-08-01,Modern Daily #7332766,modern,modern-daily-7332766,modern-daily-7332766-2014-08-01
39,2,Thoughtseize,,Sideboard,3,1,Melira Pod,Godfather,283 tix,$ 857,241791,2014-08-01,Modern Daily #7332766,modern,modern-daily-7332766,modern-daily-7332766-2014-08-01
40,1,"Kataki, War's Wage",,Sideboard,3,1,Melira Pod,Godfather,283 tix,$ 857,241791,2014-08-01,Modern Daily #7332766,modern,modern-daily-7332766,modern-daily-7332766-2014-08-01
41,1,Scavenging Ooze,,Sideboard,3,1,Melira Pod,Godfather,283 tix,$ 857,241791,2014-08-01,Modern Daily #7332766,modern,modern-daily-7332766,modern-daily-7332766-2014-08-01
42,2,Dismember,,Sideboard,3,1,Melira Pod,Godfather,283 tix,$ 857,241791,2014-08-01,Modern Daily #7332766,modern,modern-daily-7332766,modern-daily-7332766-2014-08-01
43,2,Lingering Souls,,Sideboard,3,1,Melira Pod,Godfather,283 tix,$ 857,241791,2014-08-01,Modern Daily #7332766,modern,modern-daily-7332766,modern-daily-7332766-2014-08-01
44,1,Orzhov Pontiff,,Sideboard,3,1,Melira Pod,Godfather,283 tix,$ 857,241791,2014-08-01,Modern Daily #7332766,modern,modern-daily-7332766,modern-daily-7332766-2014-08-01
45,1,Reclamation Sage,,Sideboard,3,1,Melira Pod,Godfather,283 tix,$ 857,241791,2014-08-01,Modern Daily #7332766,modern,modern-daily-7332766,modern-daily-7332766-2014-08-01
46,1,Entomber Exarch,,Sideboard,3,1,Melira Pod,Godfather,283 tix,$ 857,241791,2014-08-01,Modern Daily #7332766,modern,modern-daily-7332766,modern-daily-7332766-2014-08-01
47,1,Obstinate Baloth,,Sideboard,3,1,Melira Pod,Godfather,283 tix,$ 857,241791,2014-08-01,Modern Daily #7332766,modern,modern-daily-7332766,modern-daily-7332766-2014-08-01
48,1,"Thrun, the Last Troll",,Sideboard,3,1,Melira Pod,Godfather,283 tix,$ 857,241791,2014-08-01,Modern Daily #7332766,modern,modern-daily-7332766,modern-daily-7332766-2014-08-01
1,2,Grim Lavamancer,,Creatures,3,1,RDW,ross97theboss,18 tix,$ 90,241778,2014-08-01,Modern Daily #7332766,modern,modern-daily-7332766,modern-daily-7332766-2014-08-01
2,4,Hellspark Elemental,,Creatures,3,1,RDW,ross97theboss,18 tix,$ 90,241778,2014-08-01,Modern Daily #7332766,modern,modern-daily-7332766,modern-daily-7332766-2014-08-01
4,4,Lava Spike,,Spells,3,1,RDW,ross97theboss,18 tix,$ 90,241778,2014-08-01,Modern Daily #7332766,modern,modern-daily-7332766,modern-daily-7332766-2014-08-01
5,4,Lightning Bolt,,Spells,3,1,RDW,ross97theboss,18 tix,$ 90,241778,2014-08-01,Modern Daily #7332766,modern,modern-daily-7332766,modern-daily-7332766-2014-08-01
6,3,Shard Volley,,Spells,3,1,RDW,ross97theboss,18 tix,$ 90,241778,2014-08-01,Modern Daily #7332766,modern,modern-daily-7332766,modern-daily-7332766-2014-08-01
7,4,Lightning Strike,,Spells,3,1,RDW,ross97theboss,18 tix,$ 90,241778,2014-08-01,Modern Daily #7332766,modern,modern-daily-7332766,modern-daily-7332766-2014-08-01
8,2,Magma Jet,,Spells,3,1,RDW,ross97theboss,18 tix,$ 90,241778,2014-08-01,Modern Daily #7332766,modern,modern-daily-7332766,modern-daily-7332766-2014-08-01
9,4,Searing Blaze,,Spells,3,1,RDW,ross97theboss,18 tix,$ 90,241778,2014-08-01,Modern Daily #7332766,modern,modern-daily-7332766,modern-daily-7332766-2014-08-01
10,4,Searing Blood,,Spells,3,1,RDW,ross97theboss,18 tix,$ 90,241778,2014-08-01,Modern Daily #7332766,modern,modern-daily-7332766,modern-daily-7332766-2014-08-01
11,4,Flames of the Blood Hand,,Spells,3,1,RDW,ross97theboss,18 tix,$ 90,241778,2014-08-01,Modern Daily #7332766,modern,modern-daily-7332766,modern-daily-7332766-2014-08-01
12,1,Molten Rain,,Spells,3,1,RDW,ross97theboss,18 tix,$ 90,241778,2014-08-01,Modern Daily #7332766,modern,modern-daily-7332766,modern-daily-7332766-2014-08-01
13,4,Rift Bolt,,Spells,3,1,RDW,ross97theboss,18 tix,$ 90,241778,2014-08-01,Modern Daily #7332766,modern,modern-daily-7332766,modern-daily-7332766-2014-08-01
15,20,Mountain,,Lands,3,1,RDW,ross97theboss,18 tix,$ 90,241778,2014-08-01,Modern Daily #7332766,modern,modern-daily-7332766,modern-daily-7332766-2014-08-01
17,2,Relic of Progenitus,,Sideboard,3,1,RDW,ross97theboss,18 tix,$ 90,241778,2014-08-01,Modern Daily #7332766,modern,modern-daily-7332766,modern-daily-7332766-2014-08-01
18,3,Combust,,Sideboard,3,1,RDW,ross97theboss,18 tix,$ 90,241778,2014-08-01,Modern Daily #7332766,modern,modern-daily-7332766,modern-daily-7332766-2014-08-01
19,3,Dragon's Claw,,Sideboard,3,1,RDW,ross97theboss,18 tix,$ 90,241778,2014-08-01,Modern Daily #7332766,modern,modern-daily-7332766,modern-daily-7332766-2014-08-01
20,4,Smash to Smithereens,,Sideboard,3,1,RDW,ross97theboss,18 tix,$ 90,241778,2014-08-01,Modern Daily #7332766,modern,modern-daily-7332766,modern-daily-7332766-2014-08-01
21,3,Molten Rain,,Sideboard,3,1,RDW,ross97theboss,18 tix,$ 90,241778,2014-08-01,Modern Daily #7332766,modern,modern-daily-7332766,modern-daily-7332766-2014-08-01
1,4,Goblin Guide,,Creatures,3,1,RDW,pacoelflaco,254 tix,$ 896,241783,2014-08-01,Modern Daily #7332766,modern,modern-daily-7332766,modern-daily-7332766-2014-08-01
2,4,Grim Lavamancer,,Creatures,3,1,RDW,pacoelflaco,254 tix,$ 896,241783,2014-08-01,Modern Daily #7332766,modern,modern-daily-7332766,modern-daily-7332766-2014-08-01
3,2,Mogg Fanatic,,Creatures,3,1,RDW,pacoelflaco,254 tix,$ 896,241783,2014-08-01,Modern Daily #7332766,modern,modern-daily-7332766,modern-daily-7332766-2014-08-01
4,4,Eidolon of the Great Revel,,Creatures,3,1,RDW,pacoelflaco,254 tix,$ 896,241783,2014-08-01,Modern Daily #7332766,modern,modern-daily-7332766,modern-daily-7332766-2014-08-01
6,4,Bump in the Night,,Spells,3,1,RDW,pacoelflaco,254 tix,$ 896,241783,2014-08-01,Modern Daily #7332766,modern,modern-daily-7332766,modern-daily-7332766-2014-08-01
7,4,Lava Spike,,Spells,3,1,RDW,pacoelflaco,254 tix,$ 896,241783,2014-08-01,Modern Daily #7332766,modern,modern-daily-7332766,modern-daily-7332766-2014-08-01
8,4,Lightning Bolt,,Spells,3,1,RDW,pacoelflaco,254 tix,$ 896,241783,2014-08-01,Modern Daily #7332766,modern,modern-daily-7332766,modern-daily-7332766-2014-08-01
9,4,Shard Volley,,Spells,3,1,RDW,pacoelflaco,254 tix,$ 896,241783,2014-08-01,Modern Daily #7332766,modern,modern-daily-7332766,modern-daily-7332766-2014-08-01
10,4,Searing Blaze,,Spells,3,1,RDW,pacoelflaco,254 tix,$ 896,241783,2014-08-01,Modern Daily #7332766,modern,modern-daily-7332766,modern-daily-7332766-2014-08-01
11,3,Skullcrack,,Spells,3,1,RDW,pacoelflaco,254 tix,$ 896,241783,2014-08-01,Modern Daily #7332766,modern,modern-daily-7332766,modern-daily-7332766-2014-08-01
12,4,Rift Bolt,,Spells,3,1,RDW,pacoelflaco,254 tix,$ 896,241783,2014-08-01,Modern Daily #7332766,modern,modern-daily-7332766,modern-daily-7332766-2014-08-01
14,4,Arid Mesa,,Lands,3,1,RDW,pacoelflaco,254 tix,$ 896,241783,2014-08-01,Modern Daily #7332766,modern,modern-daily-7332766,modern-daily-7332766-2014-08-01
15,4,Blackcleave Cliffs,,Lands,3,1,RDW,pacoelflaco,254 tix,$ 896,241783,2014-08-01,Modern Daily #7332766,modern,modern-daily-7332766,modern-daily-7332766-2014-08-01
16,2,Blood Crypt,,Lands,3,1,RDW,pacoelflaco,254 tix,$ 896,241783,2014-08-01,Modern Daily #7332766,modern,modern-daily-7332766,modern-daily-7332766-2014-08-01
17,5,Mountain,,Lands,3,1,RDW,pacoelflaco,254 tix,$ 896,241783,2014-08-01,Modern Daily #7332766,modern,modern-daily-7332766,modern-daily-7332766-2014-08-01
18,4,Scalding Tarn,,Lands,3,1,RDW,pacoelflaco,254 tix,$ 896,241783,2014-08-01,Modern Daily #7332766,modern,modern-daily-7332766,modern-daily-7332766-2014-08-01
20,2,Forked Bolt,,Sideboard,3,1,RDW,pacoelflaco,254 tix,$ 896,241783,2014-08-01,Modern Daily #7332766,modern,modern-daily-7332766,modern-daily-7332766-2014-08-01
21,2,Relic of Progenitus,,Sideboard,3,1,RDW,pacoelflaco,254 tix,$ 896,241783,2014-08-01,Modern Daily #7332766,modern,modern-daily-7332766,modern-daily-7332766-2014-08-01
22,2,Dragon's Claw,,Sideboard,3,1,RDW,pacoelflaco,254 tix,$ 896,241783,2014-08-01,Modern Daily #7332766,modern,modern-daily-7332766,modern-daily-7332766-2014-08-01
23,2,Searing Blood,,Sideboard,3,1,RDW,pacoelflaco,254 tix,$ 896,241783,2014-08-01,Modern Daily #7332766,modern,modern-daily-7332766,modern-daily-7332766-2014-08-01
24,1,Skullcrack,,Sideboard,3,1,RDW,pacoelflaco,254 tix,$ 896,241783,2014-08-01,Modern Daily #7332766,modern,modern-daily-7332766,modern-daily-7332766-2014-08-01
25,2,Smash to Smithereens,,Sideboard,3,1,RDW,pacoelflaco,254 tix,$ 896,241783,2014-08-01,Modern Daily #7332766,modern,modern-daily-7332766,modern-daily-7332766-2014-08-01
26,3,Dismember,,Sideboard,3,1,RDW,pacoelflaco,254 tix,$ 896,241783,2014-08-01,Modern Daily #7332766,modern,modern-daily-7332766,modern-daily-7332766-2014-08-01
27,1,Flames of the Blood Hand,,Sideboard,3,1,RDW,pacoelflaco,254 tix,$ 896,241783,2014-08-01,Modern Daily #7332766,modern,modern-daily-7332766,modern-daily-7332766-2014-08-01
1,1,Spellskite,,Creatures,3,1,RG Tron,HesturkG,251 tix,$ 792,241782,2014-08-01,Modern Daily #7332766,modern,modern-daily-7332766,modern-daily-7332766-2014-08-01
2,3,Wurmcoil Engine,,Creatures,3,1,RG Tron,HesturkG,251 tix,$ 792,241782,2014-08-01,Modern Daily #7332766,modern,modern-daily-7332766,modern-daily-7332766-2014-08-01
3,2,Sundering Titan,,Creatures,3,1,RG Tron,HesturkG,251 tix,$ 792,241782,2014-08-01,Modern Daily #7332766,modern,modern-daily-7332766,modern-daily-7332766-2014-08-01
4,1,"Ulamog, the Infinite Gyre",,Creatures,3,1,RG Tron,HesturkG,251 tix,$ 792,241782,2014-08-01,Modern Daily #7332766,modern,modern-daily-7332766,modern-daily-7332766-2014-08-01
6,4,Karn Liberated,,Planeswalkers,3,1,RG Tron,HesturkG,251 tix,$ 792,241782,2014-08-01,Modern Daily #7332766,modern,modern-daily-7332766,modern-daily-7332766-2014-08-01
8,4,Ancient Stirrings,,Spells,3,1,RG Tron,HesturkG,251 tix,$ 792,241782,2014-08-01,Modern Daily #7332766,modern,modern-daily-7332766,modern-daily-7332766-2014-08-01
9,4,Sylvan Scrying,,Spells,3,1,RG Tron,HesturkG,251 tix,$ 792,241782,2014-08-01,Modern Daily #7332766,modern,modern-daily-7332766,modern-daily-7332766-2014-08-01
10,1,Firespout,,Spells,3,1,RG Tron,HesturkG,251 tix,$ 792,241782,2014-08-01,Modern Daily #7332766,modern,modern-daily-7332766,modern-daily-7332766-2014-08-01
11,1,All Is Dust,,Spells,3,1,RG Tron,HesturkG,251 tix,$ 792,241782,2014-08-01,Modern Daily #7332766,modern,modern-daily-7332766,modern-daily-7332766-2014-08-01
13,4,Chromatic Sphere,,Artifacts,3,1,RG Tron,HesturkG,251 tix,$ 792,241782,2014-08-01,Modern Daily #7332766,modern,modern-daily-7332766,modern-daily-7332766-2014-08-01
14,4,Chromatic Star,,Artifacts,3,1,RG Tron,HesturkG,251 tix,$ 792,241782,2014-08-01,Modern Daily #7332766,modern,modern-daily-7332766,modern-daily-7332766-2014-08-01
15,4,Expedition Map,,Artifacts,3,1,RG Tron,HesturkG,251 tix,$ 792,241782,2014-08-01,Modern Daily #7332766,modern,modern-daily-7332766,modern-daily-7332766-2014-08-01
16,3,Relic of Progenitus,,Artifacts,3,1,RG Tron,HesturkG,251 tix,$ 792,241782,2014-08-01,Modern Daily #7332766,modern,modern-daily-7332766,modern-daily-7332766-2014-08-01
17,4,Oblivion Stone,,Artifacts,3,1,RG Tron,HesturkG,251 tix,$ 792,241782,2014-08-01,Modern Daily #7332766,modern,modern-daily-7332766,modern-daily-7332766-2014-08-01
19,1,Cavern of Souls,,Lands,3,1,RG Tron,HesturkG,251 tix,$ 792,241782,2014-08-01,Modern Daily #7332766,modern,modern-daily-7332766,modern-daily-7332766-2014-08-01
20,1,Eye of Ugin,,Lands,3,1,RG Tron,HesturkG,251 tix,$ 792,241782,2014-08-01,Modern Daily #7332766,modern,modern-daily-7332766,modern-daily-7332766-2014-08-01
21,2,Forest,,Lands,3,1,RG Tron,HesturkG,251 tix,$ 792,241782,2014-08-01,Modern Daily #7332766,modern,modern-daily-7332766,modern-daily-7332766-2014-08-01
22,2,Ghost Quarter,,Lands,3,1,RG Tron,HesturkG,251 tix,$ 792,241782,2014-08-01,Modern Daily #7332766,modern,modern-daily-7332766,modern-daily-7332766-2014-08-01
23,2,Grove of the Burnwillows,,Lands,3,1,RG Tron,HesturkG,251 tix,$ 792,241782,2014-08-01,Modern Daily #7332766,modern,modern-daily-7332766,modern-daily-7332766-2014-08-01
24,4,Urza's Mine,,Lands,3,1,RG Tron,HesturkG,251 tix,$ 792,241782,2014-08-01,Modern Daily #7332766,modern,modern-daily-7332766,modern-daily-7332766-2014-08-01
25,4,Urza's Power Plant,,Lands,3,1,RG Tron,HesturkG,251 tix,$ 792,241782,2014-08-01,Modern Daily #7332766,modern,modern-daily-7332766,modern-daily-7332766-2014-08-01
26,4,Urza's Tower,,Lands,3,1,RG Tron,HesturkG,251 tix,$ 792,241782,2014-08-01,Modern Daily #7332766,modern,modern-daily-7332766,modern-daily-7332766-2014-08-01
28,4,Nature's Claim,,Sideboard,3,1,RG Tron,HesturkG,251 tix,$ 792,241782,2014-08-01,Modern Daily #7332766,modern,modern-daily-7332766,modern-daily-7332766-2014-08-01
29,1,Vandalblast,,Sideboard,3,1,RG Tron,HesturkG,251 tix,$ 792,241782,2014-08-01,Modern Daily #7332766,modern,modern-daily-7332766,modern-daily-7332766-2014-08-01
30,2,Combust,,Sideboard,3,1,RG Tron,HesturkG,251 tix,$ 792,241782,2014-08-01,Modern Daily #7332766,modern,modern-daily-7332766,modern-daily-7332766-2014-08-01
31,3,Defense Grid,,Sideboard,3,1,RG Tron,HesturkG,251 tix,$ 792,241782,2014-08-01,Modern Daily #7332766,modern,modern-daily-7332766,modern-daily-7332766-2014-08-01
32,2,Pyroclasm,,Sideboard,3,1,RG Tron,HesturkG,251 tix,$ 792,241782,2014-08-01,Modern Daily #7332766,modern,modern-daily-7332766,modern-daily-7332766-2014-08-01
33,1,Spellskite,,Sideboard,3,1,RG Tron,HesturkG,251 tix,$ 792,241782,2014-08-01,Modern Daily #7332766,modern,modern-daily-7332766,modern-daily-7332766-2014-08-01
34,1,Mindslaver,,Sideboard,3,1,RG Tron,HesturkG,251 tix,$ 792,241782,2014-08-01,Modern Daily #7332766,modern,modern-daily-7332766,modern-daily-7332766-2014-08-01
35,1,Wurmcoil Engine,,Sideboard,3,1,RG Tron,HesturkG,251 tix,$ 792,241782,2014-08-01,Modern Daily #7332766,modern,modern-daily-7332766,modern-daily-7332766-2014-08-01
1,4,Sakura-Tribe Elder,,Creatures,3,1,Scapeshift,mommon,246 tix,"$ 1,019",241779,2014-08-01,Modern Daily #7332766,modern,modern-daily-7332766,modern-daily-7332766-2014-08-01
2,2,Snapcaster Mage,,Creatures,3,1,Scapeshift,mommon,246 tix,"$ 1,019",241779,2014-08-01,Modern Daily #7332766,modern,modern-daily-7332766,modern-daily-7332766-2014-08-01
4,2,Repeal,,Spells,3,1,Scapeshift,mommon,246 tix,"$ 1,019",241779,2014-08-01,Modern Daily #7332766,modern,modern-daily-7332766,modern-daily-7332766-2014-08-01
5,3,Serum Visions,,Spells,3,1,Scapeshift,mommon,246 tix,"$ 1,019",241779,2014-08-01,Modern Daily #7332766,modern,modern-daily-7332766,modern-daily-7332766-2014-08-01
6,1,Farseek,,Spells,3,1,Scapeshift,mommon,246 tix,"$ 1,019",241779,2014-08-01,Modern Daily #7332766,modern,modern-daily-7332766,modern-daily-7332766-2014-08-01
7,2,Izzet Charm,,Spells,3,1,Scapeshift,mommon,246 tix,"$ 1,019",241779,2014-08-01,Modern Daily #7332766,modern,modern-daily-7332766,modern-daily-7332766-2014-08-01
8,2,Peer Through Depths,,Spells,3,1,Scapeshift,mommon,246 tix,"$ 1,019",241779,2014-08-01,Modern Daily #7332766,modern,modern-daily-7332766,modern-daily-7332766-2014-08-01
9,4,Remand,,Spells,3,1,Scapeshift,mommon,246 tix,"$ 1,019",241779,2014-08-01,Modern Daily #7332766,modern,modern-daily-7332766,modern-daily-7332766-2014-08-01
10,2,Worldly Counsel,,Spells,3,1,Scapeshift,mommon,246 tix,"$ 1,019",241779,2014-08-01,Modern Daily #7332766,modern,modern-daily-7332766,modern-daily-7332766-2014-08-01
11,2,Electrolyze,,Spells,3,1,Scapeshift,mommon,246 tix,"$ 1,019",241779,2014-08-01,Modern Daily #7332766,modern,modern-daily-7332766,modern-daily-7332766-2014-08-01
12,4,Search for Tomorrow,,Spells,3,1,Scapeshift,mommon,246 tix,"$ 1,019",241779,2014-08-01,Modern Daily #7332766,modern,modern-daily-7332766,modern-daily-7332766-2014-08-01
13,4,Cryptic Command,,Spells,3,1,Scapeshift,mommon,246 tix,"$ 1,019",241779,2014-08-01,Modern Daily #7332766,modern,modern-daily-7332766,modern-daily-7332766-2014-08-01
14,4,Scapeshift,,Spells,3,1,Scapeshift,mommon,246 tix,"$ 1,019",241779,2014-08-01,Modern Daily #7332766,modern,modern-daily-7332766,modern-daily-7332766-2014-08-01
16,2,Breeding Pool,,Lands,3,1,Scapeshift,mommon,246 tix,"$ 1,019",241779,2014-08-01,Modern Daily #7332766,modern,modern-daily-7332766,modern-daily-7332766-2014-08-01
17,1,Flooded Grove,,Lands,3,1,Scapeshift,mommon,246 tix,"$ 1,019",241779,2014-08-01,Modern Daily #7332766,modern,modern-daily-7332766,modern-daily-7332766-2014-08-01
18,2,Forest,,Lands,3,1,Scapeshift,mommon,246 tix,"$ 1,019",241779,2014-08-01,Modern Daily #7332766,modern,modern-daily-7332766,modern-daily-7332766-2014-08-01
19,3,Island,,Lands,3,1,Scapeshift,mommon,246 tix,"$ 1,019",241779,2014-08-01,Modern Daily #7332766,modern,modern-daily-7332766,modern-daily-7332766-2014-08-01
20,4,Misty Rainforest,,Lands,3,1,Scapeshift,mommon,246 tix,"$ 1,019",241779,2014-08-01,Modern Daily #7332766,modern,modern-daily-7332766,modern-daily-7332766-2014-08-01
21,2,Mountain,,Lands,3,1,Scapeshift,mommon,246 tix,"$ 1,019",241779,2014-08-01,Modern Daily #7332766,modern,modern-daily-7332766,modern-daily-7332766-2014-08-01
22,4,Steam Vents,,Lands,3,1,Scapeshift,mommon,246 tix,"$ 1,019",241779,2014-08-01,Modern Daily #7332766,modern,modern-daily-7332766,modern-daily-7332766-2014-08-01
23,4,Stomping Ground,,Lands,3,1,Scapeshift,mommon,246 tix,"$ 1,019",241779,2014-08-01,Modern Daily #7332766,modern,modern-daily-7332766,modern-daily-7332766-2014-08-01
24,2,"Valakut, the Molten Pinnacle",,Lands,3,1,Scapeshift,mommon,246 tix,"$ 1,019",241779,2014-08-01,Modern Daily #7332766,modern,modern-daily-7332766,modern-daily-7332766-2014-08-01
26,1,Nature's Claim,,Sideboard,3,1,Scapeshift,mommon,246 tix,"$ 1,019",241779,2014-08-01,Modern Daily #7332766,modern,modern-daily-7332766,modern-daily-7332766-2014-08-01
27,1,Ancient Grudge,,Sideboard,3,1,Scapeshift,mommon,246 tix,"$ 1,019",241779,2014-08-01,Modern Daily #7332766,modern,modern-daily-7332766,modern-daily-7332766-2014-08-01
28,1,Combust,,Sideboard,3,1,Scapeshift,mommon,246 tix,"$ 1,019",241779,2014-08-01,Modern Daily #7332766,modern,modern-daily-7332766,modern-daily-7332766-2014-08-01
29,1,Negate,,Sideboard,3,1,Scapeshift,mommon,246 tix,"$ 1,019",241779,2014-08-01,Modern Daily #7332766,modern,modern-daily-7332766,modern-daily-7332766-2014-08-01
30,1,Snapcaster Mage,,Sideboard,3,1,Scapeshift,mommon,246 tix,"$ 1,019",241779,2014-08-01,Modern Daily #7332766,modern,modern-daily-7332766,modern-daily-7332766-2014-08-01
31,2,Anger of the Gods,,Sideboard,3,1,Scapeshift,mommon,246 tix,"$ 1,019",241779,2014-08-01,Modern Daily #7332766,modern,modern-daily-7332766,modern-daily-7332766-2014-08-01
32,1,Counterflux,,Sideboard,3,1,Scapeshift,mommon,246 tix,"$ 1,019",241779,2014-08-01,Modern Daily #7332766,modern,modern-daily-7332766,modern-daily-7332766-2014-08-01
33,2,Obstinate Baloth,,Sideboard,3,1,Scapeshift,mommon,246 tix,"$ 1,019",241779,2014-08-01,Modern Daily #7332766,modern,modern-daily-7332766,modern-daily-7332766-2014-08-01
34,1,Shatterstorm,,Sideboard,3,1,Scapeshift,mommon,246 tix,"$ 1,019",241779,2014-08-01,Modern Daily #7332766,modern,modern-daily-7332766,modern-daily-7332766-2014-08-01
35,1,Batterskull,,Sideboard,3,1,Scapeshift,mommon,246 tix,"$ 1,019",241779,2014-08-01,Modern Daily #7332766,modern,modern-daily-7332766,modern-daily-7332766-2014-08-01
36,1,"Teferi, Mage of Zhalfir",,Sideboard,3,1,Scapeshift,mommon,246 tix,"$ 1,019",241779,2014-08-01,Modern Daily #7332766,modern,modern-daily-7332766,modern-daily-7332766-2014-08-01
37,2,Inferno Titan,,Sideboard,3,1,Scapeshift,mommon,246 tix,"$ 1,019",241779,2014-08-01,Modern Daily #7332766,modern,modern-daily-7332766,modern-daily-7332766-2014-08-01
1,4,Snapcaster Mage,,Creatures,3,1,Splinter Twin,inosta,353 tix,"$ 1,245",241793,2014-08-01,Modern Daily #7332766,modern,modern-daily-7332766,modern-daily-7332766-2014-08-01
2,4,Deceiver Exarch,,Creatures,3,1,Splinter Twin,inosta,353 tix,"$ 1,245",241793,2014-08-01,Modern Daily #7332766,modern,modern-daily-7332766,modern-daily-7332766-2014-08-01
3,2,Pestermite,,Creatures,3,1,Splinter Twin,inosta,353 tix,"$ 1,245",241793,2014-08-01,Modern Daily #7332766,modern,modern-daily-7332766,modern-daily-7332766-2014-08-01
4,2,Vendilion Clique,,Creatures,3,1,Splinter Twin,inosta,353 tix,"$ 1,245",241793,2014-08-01,Modern Daily #7332766,modern,modern-daily-7332766,modern-daily-7332766-2014-08-01
5,1,"Kiki-Jiki, Mirror Breaker",,Creatures,3,1,Splinter Twin,inosta,353 tix,"$ 1,245",241793,2014-08-01,Modern Daily #7332766,modern,modern-daily-7332766,modern-daily-7332766-2014-08-01
7,1,Flame Slash,,Spells,3,1,Splinter Twin,inosta,353 tix,"$ 1,245",241793,2014-08-01,Modern Daily #7332766,modern,modern-daily-7332766,modern-daily-7332766-2014-08-01
8,4,Lightning Bolt,,Spells,3,1,Splinter Twin,inosta,353 tix,"$ 1,245",241793,2014-08-01,Modern Daily #7332766,modern,modern-daily-7332766,modern-daily-7332766-2014-08-01
9,4,Serum Visions,,Spells,3,1,Splinter Twin,inosta,353 tix,"$ 1,245",241793,2014-08-01,Modern Daily #7332766,modern,modern-daily-7332766,modern-daily-7332766-2014-08-01
10,3,Spell Snare,,Spells,3,1,Splinter Twin,inosta,353 tix,"$ 1,245",241793,2014-08-01,Modern Daily #7332766,modern,modern-daily-7332766,modern-daily-7332766-2014-08-01
11,4,Remand,,Spells,3,1,Splinter Twin,inosta,353 tix,"$ 1,245",241793,2014-08-01,Modern Daily #7332766,modern,modern-daily-7332766,modern-daily-7332766-2014-08-01
12,2,Electrolyze,,Spells,3,1,Splinter Twin,inosta,353 tix,"$ 1,245",241793,2014-08-01,Modern Daily #7332766,modern,modern-daily-7332766,modern-daily-7332766-2014-08-01
13,2,Cryptic Command,,Spells,3,1,Splinter Twin,inosta,353 tix,"$ 1,245",241793,2014-08-01,Modern Daily #7332766,modern,modern-daily-7332766,modern-daily-7332766-2014-08-01
15,4,Splinter Twin,,Enchantments,3,1,Splinter Twin,inosta,353 tix,"$ 1,245",241793,2014-08-01,Modern Daily #7332766,modern,modern-daily-7332766,modern-daily-7332766-2014-08-01
17,2,Desolate Lighthouse,,Lands,3,1,Splinter Twin,inosta,353 tix,"$ 1,245",241793,2014-08-01,Modern Daily #7332766,modern,modern-daily-7332766,modern-daily-7332766-2014-08-01
18,5,Island,,Lands,3,1,Splinter Twin,inosta,353 tix,"$ 1,245",241793,2014-08-01,Modern Daily #7332766,modern,modern-daily-7332766,modern-daily-7332766-2014-08-01
19,4,Misty Rainforest,,Lands,3,1,Splinter Twin,inosta,353 tix,"$ 1,245",241793,2014-08-01,Modern Daily #7332766,modern,modern-daily-7332766,modern-daily-7332766-2014-08-01
20,1,Mountain,,Lands,3,1,Splinter Twin,inosta,353 tix,"$ 1,245",241793,2014-08-01,Modern Daily #7332766,modern,modern-daily-7332766,modern-daily-7332766-2014-08-01
21,4,Scalding Tarn,,Lands,3,1,Splinter Twin,inosta,353 tix,"$ 1,245",241793,2014-08-01,Modern Daily #7332766,modern,modern-daily-7332766,modern-daily-7332766-2014-08-01
22,3,Steam Vents,,Lands,3,1,Splinter Twin,inosta,353 tix,"$ 1,245",241793,2014-08-01,Modern Daily #7332766,modern,modern-daily-7332766,modern-daily-7332766-2014-08-01
23,1,Stomping Ground,,Lands,3,1,Splinter Twin,inosta,353 tix,"$ 1,245",241793,2014-08-01,Modern Daily #7332766,modern,modern-daily-7332766,modern-daily-7332766-2014-08-01
24,3,Sulfur Falls,,Lands,3,1,Splinter Twin,inosta,353 tix,"$ 1,245",241793,2014-08-01,Modern Daily #7332766,modern,modern-daily-7332766,modern-daily-7332766-2014-08-01
26,1,Engineered Explosives,,Sideboard,3,1,Splinter Twin,inosta,353 tix,"$ 1,245",241793,2014-08-01,Modern Daily #7332766,modern,modern-daily-7332766,modern-daily-7332766-2014-08-01
27,2,Dispel,,Sideboard,3,1,Splinter Twin,inosta,353 tix,"$ 1,245",241793,2014-08-01,Modern Daily #7332766,modern,modern-daily-7332766,modern-daily-7332766-2014-08-01
28,2,Magma Spray,,Sideboard,3,1,Splinter Twin,inosta,353 tix,"$ 1,245",241793,2014-08-01,Modern Daily #7332766,modern,modern-daily-7332766,modern-daily-7332766-2014-08-01
29,2,Ancient Grudge,,Sideboard,3,1,Splinter Twin,inosta,353 tix,"$ 1,245",241793,2014-08-01,Modern Daily #7332766,modern,modern-daily-7332766,modern-daily-7332766-2014-08-01
30,1,Combust,,Sideboard,3,1,Splinter Twin,inosta,353 tix,"$ 1,245",241793,2014-08-01,Modern Daily #7332766,modern,modern-daily-7332766,modern-daily-7332766-2014-08-01
31,1,Negate,,Sideboard,3,1,Splinter Twin,inosta,353 tix,"$ 1,245",241793,2014-08-01,Modern Daily #7332766,modern,modern-daily-7332766,modern-daily-7332766-2014-08-01
32,3,Blood Moon,,Sideboard,3,1,Splinter Twin,inosta,353 tix,"$ 1,245",241793,2014-08-01,Modern Daily #7332766,modern,modern-daily-7332766,modern-daily-7332766-2014-08-01
33,2,Sower of Temptation,,Sideboard,3,1,Splinter Twin,inosta,353 tix,"$ 1,245",241793,2014-08-01,Modern Daily #7332766,modern,modern-daily-7332766,modern-daily-7332766-2014-08-01
34,1,Batterskull,,Sideboard,3,1,Splinter Twin,inosta,353 tix,"$ 1,245",241793,2014-08-01,Modern Daily #7332766,modern,modern-daily-7332766,modern-daily-7332766-2014-08-01
1,4,Delver of Secrets,,Creatures,3,1,UR Delver,Lirek154,215 tix,$ 921,241780,2014-08-01,Modern Daily #7332766,modern,modern-daily-7332766,modern-daily-7332766-2014-08-01
2,2,Grim Lavamancer,,Creatures,3,1,UR Delver,Lirek154,215 tix,$ 921,241780,2014-08-01,Modern Daily #7332766,modern,modern-daily-7332766,modern-daily-7332766-2014-08-01
3,4,Snapcaster Mage,,Creatures,3,1,UR Delver,Lirek154,215 tix,$ 921,241780,2014-08-01,Modern Daily #7332766,modern,modern-daily-7332766,modern-daily-7332766-2014-08-01
4,4,Young Pyromancer,,Creatures,3,1,UR Delver,Lirek154,215 tix,$ 921,241780,2014-08-01,Modern Daily #7332766,modern,modern-daily-7332766,modern-daily-7332766-2014-08-01
6,4,Gitaxian Probe,,Spells,3,1,UR Delver,Lirek154,215 tix,$ 921,241780,2014-08-01,Modern Daily #7332766,modern,modern-daily-7332766,modern-daily-7332766-2014-08-01
7,4,Lightning Bolt,,Spells,3,1,UR Delver,Lirek154,215 tix,$ 921,241780,2014-08-01,Modern Daily #7332766,modern,modern-daily-7332766,modern-daily-7332766-2014-08-01
8,2,Pillar of Flame,,Spells,3,1,UR Delver,Lirek154,215 tix,$ 921,241780,2014-08-01,Modern Daily #7332766,modern,modern-daily-7332766,modern-daily-7332766-2014-08-01
9,4,Serum Visions,,Spells,3,1,UR Delver,Lirek154,215 tix,$ 921,241780,2014-08-01,Modern Daily #7332766,modern,modern-daily-7332766,modern-daily-7332766-2014-08-01
10,1,Spell Pierce,,Spells,3,1,UR Delver,Lirek154,215 tix,$ 921,241780,2014-08-01,Modern Daily #7332766,modern,modern-daily-7332766,modern-daily-7332766-2014-08-01
11,2,Spell Snare,,Spells,3,1,UR Delver,Lirek154,215 tix,$ 921,241780,2014-08-01,Modern Daily #7332766,modern,modern-daily-7332766,modern-daily-7332766-2014-08-01
12,2,Vapor Snag,,Spells,3,1,UR Delver,Lirek154,215 tix,$ 921,241780,2014-08-01,Modern Daily #7332766,modern,modern-daily-7332766,modern-daily-7332766-2014-08-01
13,3,Mana Leak,,Spells,3,1,UR Delver,Lirek154,215 tix,$ 921,241780,2014-08-01,Modern Daily #7332766,modern,modern-daily-7332766,modern-daily-7332766-2014-08-01
14,3,Remand,,Spells,3,1,UR Delver,Lirek154,215 tix,$ 921,241780,2014-08-01,Modern Daily #7332766,modern,modern-daily-7332766,modern-daily-7332766-2014-08-01
15,1,Electrolyze,,Spells,3,1,UR Delver,Lirek154,215 tix,$ 921,241780,2014-08-01,Modern Daily #7332766,modern,modern-daily-7332766,modern-daily-7332766-2014-08-01
17,1,Sword of Fire and Ice,,Artifacts,3,1,UR Delver,Lirek154,215 tix,$ 921,241780,2014-08-01,Modern Daily #7332766,modern,modern-daily-7332766,modern-daily-7332766-2014-08-01
19,6,Island,,Lands,3,1,UR Delver,Lirek154,215 tix,$ 921,241780,2014-08-01,Modern Daily #7332766,modern,modern-daily-7332766,modern-daily-7332766-2014-08-01
20,2,Mountain,,Lands,3,1,UR Delver,Lirek154,215 tix,$ 921,241780,2014-08-01,Modern Daily #7332766,modern,modern-daily-7332766,modern-daily-7332766-2014-08-01
21,4,Scalding Tarn,,Lands,3,1,UR Delver,Lirek154,215 tix,$ 921,241780,2014-08-01,Modern Daily #7332766,modern,modern-daily-7332766,modern-daily-7332766-2014-08-01
22,4,Steam Vents,,Lands,3,1,UR Delver,Lirek154,215 tix,$ 921,241780,2014-08-01,Modern Daily #7332766,modern,modern-daily-7332766,modern-daily-7332766-2014-08-01
23,3,Sulfur Falls,,Lands,3,1,UR Delver,Lirek154,215 tix,$ 921,241780,2014-08-01,Modern Daily #7332766,modern,modern-daily-7332766,modern-daily-7332766-2014-08-01
25,2,Relic of Progenitus,,Sideboard,3,1,UR Delver,Lirek154,215 tix,$ 921,241780,2014-08-01,Modern Daily #7332766,modern,modern-daily-7332766,modern-daily-7332766-2014-08-01
26,2,Shattering Spree,,Sideboard,3,1,UR Delver,Lirek154,215 tix,$ 921,241780,2014-08-01,Modern Daily #7332766,modern,modern-daily-7332766,modern-daily-7332766-2014-08-01
27,2,Combust,,Sideboard,3,1,UR Delver,Lirek154,215 tix,$ 921,241780,2014-08-01,Modern Daily #7332766,modern,modern-daily-7332766,modern-daily-7332766-2014-08-01
28,1,Negate,,Sideboard,3,1,UR Delver,Lirek154,215 tix,$ 921,241780,2014-08-01,Modern Daily #7332766,modern,modern-daily-7332766,modern-daily-7332766-2014-08-01
29,2,Spellskite,,Sideboard,3,1,UR Delver,Lirek154,215 tix,$ 921,241780,2014-08-01,Modern Daily #7332766,modern,modern-daily-7332766,modern-daily-7332766-2014-08-01
30,2,Blood Moon,,Sideboard,3,1,UR Delver,Lirek154,215 tix,$ 921,241780,2014-08-01,Modern Daily #7332766,modern,modern-daily-7332766,modern-daily-7332766-2014-08-01
31,2,Counterflux,,Sideboard,3,1,UR Delver,Lirek154,215 tix,$ 921,241780,2014-08-01,Modern Daily #7332766,modern,modern-daily-7332766,modern-daily-7332766-2014-08-01
32,1,Dismember,,Sideboard,3,1,UR Delver,Lirek154,215 tix,$ 921,241780,2014-08-01,Modern Daily #7332766,modern,modern-daily-7332766,modern-daily-7332766-2014-08-01
33,1,Izzet Staticaster,,Sideboard,3,1,UR Delver,Lirek154,215 tix,$ 921,241780,2014-08-01,Modern Daily #7332766,modern,modern-daily-7332766,modern-daily-7332766-2014-08-01
1,4,Delver of Secrets,,Creatures,3,1,UR Delver,saul22,247 tix,"$ 1,069",241785,2014-08-01,Modern Daily #7332766,modern,modern-daily-7332766,modern-daily-7332766-2014-08-01
2,2,Grim Lavamancer,,Creatures,3,1,UR Delver,saul22,247 tix,"$ 1,069",241785,2014-08-01,Modern Daily #7332766,modern,modern-daily-7332766,modern-daily-7332766-2014-08-01
3,4,Snapcaster Mage,,Creatures,3,1,UR Delver,saul22,247 tix,"$ 1,069",241785,2014-08-01,Modern Daily #7332766,modern,modern-daily-7332766,modern-daily-7332766-2014-08-01
4,4,Young Pyromancer,,Creatures,3,1,UR Delver,saul22,247 tix,"$ 1,069",241785,2014-08-01,Modern Daily #7332766,modern,modern-daily-7332766,modern-daily-7332766-2014-08-01
6,4,Gitaxian Probe,,Spells,3,1,UR Delver,saul22,247 tix,"$ 1,069",241785,2014-08-01,Modern Daily #7332766,modern,modern-daily-7332766,modern-daily-7332766-2014-08-01
7,4,Lightning Bolt,,Spells,3,1,UR Delver,saul22,247 tix,"$ 1,069",241785,2014-08-01,Modern Daily #7332766,modern,modern-daily-7332766,modern-daily-7332766-2014-08-01
8,2,Pillar of Flame,,Spells,3,1,UR Delver,saul22,247 tix,"$ 1,069",241785,2014-08-01,Modern Daily #7332766,modern,modern-daily-7332766,modern-daily-7332766-2014-08-01
9,4,Serum Visions,,Spells,3,1,UR Delver,saul22,247 tix,"$ 1,069",241785,2014-08-01,Modern Daily #7332766,modern,modern-daily-7332766,modern-daily-7332766-2014-08-01
10,2,Spell Pierce,,Spells,3,1,UR Delver,saul22,247 tix,"$ 1,069",241785,2014-08-01,Modern Daily #7332766,modern,modern-daily-7332766,modern-daily-7332766-2014-08-01
11,2,Spell Snare,,Spells,3,1,UR Delver,saul22,247 tix,"$ 1,069",241785,2014-08-01,Modern Daily #7332766,modern,modern-daily-7332766,modern-daily-7332766-2014-08-01
12,2,Vapor Snag,,Spells,3,1,UR Delver,saul22,247 tix,"$ 1,069",241785,2014-08-01,Modern Daily #7332766,modern,modern-daily-7332766,modern-daily-7332766-2014-08-01
13,1,Deprive,,Spells,3,1,UR Delver,saul22,247 tix,"$ 1,069",241785,2014-08-01,Modern Daily #7332766,modern,modern-daily-7332766,modern-daily-7332766-2014-08-01
14,2,Mana Leak,,Spells,3,1,UR Delver,saul22,247 tix,"$ 1,069",241785,2014-08-01,Modern Daily #7332766,modern,modern-daily-7332766,modern-daily-7332766-2014-08-01
15,2,Remand,,Spells,3,1,UR Delver,saul22,247 tix,"$ 1,069",241785,2014-08-01,Modern Daily #7332766,modern,modern-daily-7332766,modern-daily-7332766-2014-08-01
16,1,Electrolyze,,Spells,3,1,UR Delver,saul22,247 tix,"$ 1,069",241785,2014-08-01,Modern Daily #7332766,modern,modern-daily-7332766,modern-daily-7332766-2014-08-01
18,1,Sword of Fire and Ice,,Artifacts,3,1,UR Delver,saul22,247 tix,"$ 1,069",241785,2014-08-01,Modern Daily #7332766,modern,modern-daily-7332766,modern-daily-7332766-2014-08-01
20,6,Island,,Lands,3,1,UR Delver,saul22,247 tix,"$ 1,069",241785,2014-08-01,Modern Daily #7332766,modern,modern-daily-7332766,modern-daily-7332766-2014-08-01
21,3,Misty Rainforest,,Lands,3,1,UR Delver,saul22,247 tix,"$ 1,069",241785,2014-08-01,Modern Daily #7332766,modern,modern-daily-7332766,modern-daily-7332766-2014-08-01
22,1,Mountain,,Lands,3,1,UR Delver,saul22,247 tix,"$ 1,069",241785,2014-08-01,Modern Daily #7332766,modern,modern-daily-7332766,modern-daily-7332766-2014-08-01
23,4,Scalding Tarn,,Lands,3,1,UR Delver,saul22,247 tix,"$ 1,069",241785,2014-08-01,Modern Daily #7332766,modern,modern-daily-7332766,modern-daily-7332766-2014-08-01
24,3,Steam Vents,,Lands,3,1,UR Delver,saul22,247 tix,"$ 1,069",241785,2014-08-01,Modern Daily #7332766,modern,modern-daily-7332766,modern-daily-7332766-2014-08-01
25,2,Sulfur Falls,,Lands,3,1,UR Delver,saul22,247 tix,"$ 1,069",241785,2014-08-01,Modern Daily #7332766,modern,modern-daily-7332766,modern-daily-7332766-2014-08-01
27,1,Engineered Explosives,,Sideboard,3,1,UR Delver,saul22,247 tix,"$ 1,069",241785,2014-08-01,Modern Daily #7332766,modern,modern-daily-7332766,modern-daily-7332766-2014-08-01
28,1,Dispel,,Sideboard,3,1,UR Delver,saul22,247 tix,"$ 1,069",241785,2014-08-01,Modern Daily #7332766,modern,modern-daily-7332766,modern-daily-7332766-2014-08-01
29,2,Relic of Progenitus,,Sideboard,3,1,UR Delver,saul22,247 tix,"$ 1,069",241785,2014-08-01,Modern Daily #7332766,modern,modern-daily-7332766,modern-daily-7332766-2014-08-01
30,2,Shattering Spree,,Sideboard,3,1,UR Delver,saul22,247 tix,"$ 1,069",241785,2014-08-01,Modern Daily #7332766,modern,modern-daily-7332766,modern-daily-7332766-2014-08-01
31,2,Combust,,Sideboard,3,1,UR Delver,saul22,247 tix,"$ 1,069",241785,2014-08-01,Modern Daily #7332766,modern,modern-daily-7332766,modern-daily-7332766-2014-08-01
32,1,Deprive,,Sideboard,3,1,UR Delver,saul22,247 tix,"$ 1,069",241785,2014-08-01,Modern Daily #7332766,modern,modern-daily-7332766,modern-daily-7332766-2014-08-01
33,2,Spellskite,,Sideboard,3,1,UR Delver,saul22,247 tix,"$ 1,069",241785,2014-08-01,Modern Daily #7332766,modern,modern-daily-7332766,modern-daily-7332766-2014-08-01
34,1,Counterflux,,Sideboard,3,1,UR Delver,saul22,247 tix,"$ 1,069",241785,2014-08-01,Modern Daily #7332766,modern,modern-daily-7332766,modern-daily-7332766-2014-08-01
35,2,Hibernation,,Sideboard,3,1,UR Delver,saul22,247 tix,"$ 1,069",241785,2014-08-01,Modern Daily #7332766,modern,modern-daily-7332766,modern-daily-7332766-2014-08-01
1,4,Goblin Electromancer,,Creatures,3,1,UR Storm,MrPajitnv,206 tix,$ 654,241790,2014-08-01,Modern Daily #7332766,modern,modern-daily-7332766,modern-daily-7332766-2014-08-01
3,4,Gitaxian Probe,,Spells,3,1,UR Storm,MrPajitnv,206 tix,$ 654,241790,2014-08-01,Modern Daily #7332766,modern,modern-daily-7332766,modern-daily-7332766-2014-08-01
4,4,Serum Visions,,Spells,3,1,UR Storm,MrPajitnv,206 tix,$ 654,241790,2014-08-01,Modern Daily #7332766,modern,modern-daily-7332766,modern-daily-7332766-2014-08-01
5,4,Sleight of Hand,,Spells,3,1,UR Storm,MrPajitnv,206 tix,$ 654,241790,2014-08-01,Modern Daily #7332766,modern,modern-daily-7332766,modern-daily-7332766-2014-08-01
6,4,Thought Scour,,Spells,3,1,UR Storm,MrPajitnv,206 tix,$ 654,241790,2014-08-01,Modern Daily #7332766,modern,modern-daily-7332766,modern-daily-7332766-2014-08-01
7,3,Desperate Ravings,,Spells,3,1,UR Storm,MrPajitnv,206 tix,$ 654,241790,2014-08-01,Modern Daily #7332766,modern,modern-daily-7332766,modern-daily-7332766-2014-08-01
8,4,Desperate Ritual,,Spells,3,1,UR Storm,MrPajitnv,206 tix,$ 654,241790,2014-08-01,Modern Daily #7332766,modern,modern-daily-7332766,modern-daily-7332766-2014-08-01
9,2,Grapeshot,,Spells,3,1,UR Storm,MrPajitnv,206 tix,$ 654,241790,2014-08-01,Modern Daily #7332766,modern,modern-daily-7332766,modern-daily-7332766-2014-08-01
10,4,Manamorphose,,Spells,3,1,UR Storm,MrPajitnv,206 tix,$ 654,241790,2014-08-01,Modern Daily #7332766,modern,modern-daily-7332766,modern-daily-7332766-2014-08-01
11,4,Pyretic Ritual,,Spells,3,1,UR Storm,MrPajitnv,206 tix,$ 654,241790,2014-08-01,Modern Daily #7332766,modern,modern-daily-7332766,modern-daily-7332766-2014-08-01
12,3,Past in Flames,,Spells,3,1,UR Storm,MrPajitnv,206 tix,$ 654,241790,2014-08-01,Modern Daily #7332766,modern,modern-daily-7332766,modern-daily-7332766-2014-08-01
14,4,Pyromancer Ascension,,Enchantments,3,1,UR Storm,MrPajitnv,206 tix,$ 654,241790,2014-08-01,Modern Daily #7332766,modern,modern-daily-7332766,modern-daily-7332766-2014-08-01
16,3,Island,,Lands,3,1,UR Storm,MrPajitnv,206 tix,$ 654,241790,2014-08-01,Modern Daily #7332766,modern,modern-daily-7332766,modern-daily-7332766-2014-08-01
17,2,Misty Rainforest,,Lands,3,1,UR Storm,MrPajitnv,206 tix,$ 654,241790,2014-08-01,Modern Daily #7332766,modern,modern-daily-7332766,modern-daily-7332766-2014-08-01
18,1,Mountain,,Lands,3,1,UR Storm,MrPajitnv,206 tix,$ 654,241790,2014-08-01,Modern Daily #7332766,modern,modern-daily-7332766,modern-daily-7332766-2014-08-01
19,4,Scalding Tarn,,Lands,3,1,UR Storm,MrPajitnv,206 tix,$ 654,241790,2014-08-01,Modern Daily #7332766,modern,modern-daily-7332766,modern-daily-7332766-2014-08-01
20,3,Shivan Reef,,Lands,3,1,UR Storm,MrPajitnv,206 tix,$ 654,241790,2014-08-01,Modern Daily #7332766,modern,modern-daily-7332766,modern-daily-7332766-2014-08-01
21,3,Steam Vents,,Lands,3,1,UR Storm,MrPajitnv,206 tix,$ 654,241790,2014-08-01,Modern Daily #7332766,modern,modern-daily-7332766,modern-daily-7332766-2014-08-01
23,4,Lightning Bolt,,Sideboard,3,1,UR Storm,MrPajitnv,206 tix,$ 654,241790,2014-08-01,Modern Daily #7332766,modern,modern-daily-7332766,modern-daily-7332766-2014-08-01
24,2,Echoing Truth,,Sideboard,3,1,UR Storm,MrPajitnv,206 tix,$ 654,241790,2014-08-01,Modern Daily #7332766,modern,modern-daily-7332766,modern-daily-7332766-2014-08-01
25,1,Torpor Orb,,Sideboard,3,1,UR Storm,MrPajitnv,206 tix,$ 654,241790,2014-08-01,Modern Daily #7332766,modern,modern-daily-7332766,modern-daily-7332766-2014-08-01
26,2,Anger of the Gods,,Sideboard,3,1,UR Storm,MrPajitnv,206 tix,$ 654,241790,2014-08-01,Modern Daily #7332766,modern,modern-daily-7332766,modern-daily-7332766-2014-08-01
27,3,Blood Moon,,Sideboard,3,1,UR Storm,MrPajitnv,206 tix,$ 654,241790,2014-08-01,Modern Daily #7332766,modern,modern-daily-7332766,modern-daily-7332766-2014-08-01
28,3,Empty the Warrens,,Sideboard,3,1,UR Storm,MrPajitnv,206 tix,$ 654,241790,2014-08-01,Modern Daily #7332766,modern,modern-daily-7332766,modern-daily-7332766-2014-08-01
1,3,Wall of Omens,,Creatures,3,1,WBR,_VFS_,418 tix,"$ 1,274",241787,2014-08-01,Modern Daily #7332766,modern,modern-daily-7332766,modern-daily-7332766-2014-08-01
3,4,Liliana of the Veil,,Planeswalkers,3,1,WBR,_VFS_,418 tix,"$ 1,274",241787,2014-08-01,Modern Daily #7332766,modern,modern-daily-7332766,modern-daily-7332766-2014-08-01
4,2,Ajani Vengeant,,Planeswalkers,3,1,WBR,_VFS_,418 tix,"$ 1,274",241787,2014-08-01,Modern Daily #7332766,modern,modern-daily-7332766,modern-daily-7332766-2014-08-01
5,2,"Chandra, Pyromaster",,Planeswalkers,3,1,WBR,_VFS_,418 tix,"$ 1,274",241787,2014-08-01,Modern Daily #7332766,modern,modern-daily-7332766,modern-daily-7332766-2014-08-01
6,2,Gideon Jura,,Planeswalkers,3,1,WBR,_VFS_,418 tix,"$ 1,274",241787,2014-08-01,Modern Daily #7332766,modern,modern-daily-7332766,modern-daily-7332766-2014-08-01
8,4,Inquisition of Kozilek,,Spells,3,1,WBR,_VFS_,418 tix,"$ 1,274",241787,2014-08-01,Modern Daily #7332766,modern,modern-daily-7332766,modern-daily-7332766-2014-08-01
9,3,Lightning Bolt,,Spells,3,1,WBR,_VFS_,418 tix,"$ 1,274",241787,2014-08-01,Modern Daily #7332766,modern,modern-daily-7332766,modern-daily-7332766-2014-08-01
10,3,Thoughtseize,,Spells,3,1,WBR,_VFS_,418 tix,"$ 1,274",241787,2014-08-01,Modern Daily #7332766,modern,modern-daily-7332766,modern-daily-7332766-2014-08-01
11,3,Lightning Helix,,Spells,3,1,WBR,_VFS_,418 tix,"$ 1,274",241787,2014-08-01,Modern Daily #7332766,modern,modern-daily-7332766,modern-daily-7332766-2014-08-01
12,3,Night's Whisper,,Spells,3,1,WBR,_VFS_,418 tix,"$ 1,274",241787,2014-08-01,Modern Daily #7332766,modern,modern-daily-7332766,modern-daily-7332766-2014-08-01
13,3,Terminate,,Spells,3,1,WBR,_VFS_,418 tix,"$ 1,274",241787,2014-08-01,Modern Daily #7332766,modern,modern-daily-7332766,modern-daily-7332766-2014-08-01
14,2,Lingering Souls,,Spells,3,1,WBR,_VFS_,418 tix,"$ 1,274",241787,2014-08-01,Modern Daily #7332766,modern,modern-daily-7332766,modern-daily-7332766-2014-08-01
15,2,Damnation,,Spells,3,1,WBR,_VFS_,418 tix,"$ 1,274",241787,2014-08-01,Modern Daily #7332766,modern,modern-daily-7332766,modern-daily-7332766-2014-08-01
17,4,Arid Mesa,,Lands,3,1,WBR,_VFS_,418 tix,"$ 1,274",241787,2014-08-01,Modern Daily #7332766,modern,modern-daily-7332766,modern-daily-7332766-2014-08-01
18,2,Blackcleave Cliffs,,Lands,3,1,WBR,_VFS_,418 tix,"$ 1,274",241787,2014-08-01,Modern Daily #7332766,modern,modern-daily-7332766,modern-daily-7332766-2014-08-01
19,1,Blood Crypt,,Lands,3,1,WBR,_VFS_,418 tix,"$ 1,274",241787,2014-08-01,Modern Daily #7332766,modern,modern-daily-7332766,modern-daily-7332766-2014-08-01
20,2,Godless Shrine,,Lands,3,1,WBR,_VFS_,418 tix,"$ 1,274",241787,2014-08-01,Modern Daily #7332766,modern,modern-daily-7332766,modern-daily-7332766-2014-08-01
21,2,Lavaclaw Reaches,,Lands,3,1,WBR,_VFS_,418 tix,"$ 1,274",241787,2014-08-01,Modern Daily #7332766,modern,modern-daily-7332766,modern-daily-7332766-2014-08-01
22,4,Marsh Flats,,Lands,3,1,WBR,_VFS_,418 tix,"$ 1,274",241787,2014-08-01,Modern Daily #7332766,modern,modern-daily-7332766,modern-daily-7332766-2014-08-01
23,1,Mountain,,Lands,3,1,WBR,_VFS_,418 tix,"$ 1,274",241787,2014-08-01,Modern Daily #7332766,modern,modern-daily-7332766,modern-daily-7332766-2014-08-01
24,2,Plains,,Lands,3,1,WBR,_VFS_,418 tix,"$ 1,274",241787,2014-08-01,Modern Daily #7332766,modern,modern-daily-7332766,modern-daily-7332766-2014-08-01
25,2,Sacred Foundry,,Lands,3,1,WBR,_VFS_,418 tix,"$ 1,274",241787,2014-08-01,Modern Daily #7332766,modern,modern-daily-7332766,modern-daily-7332766-2014-08-01
26,2,Swamp,,Lands,3,1,WBR,_VFS_,418 tix,"$ 1,274",241787,2014-08-01,Modern Daily #7332766,modern,modern-daily-7332766,modern-daily-7332766-2014-08-01
27,2,Tectonic Edge,,Lands,3,1,WBR,_VFS_,418 tix,"$ 1,274",241787,2014-08-01,Modern Daily #7332766,modern,modern-daily-7332766,modern-daily-7332766-2014-08-01
29,2,Wear & Tear,,Sideboard,3,1,WBR,_VFS_,418 tix,"$ 1,274",241787,2014-08-01,Modern Daily #7332766,modern,modern-daily-7332766,modern-daily-7332766-2014-08-01
30,1,Duress,,Sideboard,3,1,WBR,_VFS_,418 tix,"$ 1,274",241787,2014-08-01,Modern Daily #7332766,modern,modern-daily-7332766,modern-daily-7332766-2014-08-01
31,2,Stony Silence,,Sideboard,3,1,WBR,_VFS_,418 tix,"$ 1,274",241787,2014-08-01,Modern Daily #7332766,modern,modern-daily-7332766,modern-daily-7332766-2014-08-01
32,2,Anger of the Gods,,Sideboard,3,1,WBR,_VFS_,418 tix,"$ 1,274",241787,2014-08-01,Modern Daily #7332766,modern,modern-daily-7332766,modern-daily-7332766-2014-08-01
33,4,Fulminator Mage,,Sideboard,3,1,WBR,_VFS_,418 tix,"$ 1,274",241787,2014-08-01,Modern Daily #7332766,modern,modern-daily-7332766,modern-daily-7332766-2014-08-01
34,1,Lingering Souls,,Sideboard,3,1,WBR,_VFS_,418 tix,"$ 1,274",241787,2014-08-01,Modern Daily #7332766,modern,modern-daily-7332766,modern-daily-7332766-2014-08-01
35,1,"Sorin, Lord of Innistrad",,Sideboard,3,1,WBR,_VFS_,418 tix,"$ 1,274",241787,2014-08-01,Modern Daily #7332766,modern,modern-daily-7332766,modern-daily-7332766-2014-08-01
36,2,Baneslayer Angel,,Sideboard,3,1,WBR,_VFS_,418 tix,"$ 1,274",241787,2014-08-01,Modern Daily #7332766,modern,modern-daily-7332766,modern-daily-7332766-2014-08-01
1,4,Simian Spirit Guide,,Creatures,4,0,Ad Nauseam,Potara,239 tix,$ 759,241707,2014-07-31,Modern Daily #7332716,modern,modern-daily-7332716,modern-daily-7332716-2014-07-31
3,3,Pact of Negation,,Spells,4,0,Ad Nauseam,Potara,239 tix,$ 759,241707,2014-07-31,Modern Daily #7332716,modern,modern-daily-7332716,modern-daily-7332716-2014-07-31
4,1,Slaughter Pact,,Spells,4,0,Ad Nauseam,Potara,239 tix,$ 759,241707,2014-07-31,Modern Daily #7332716,modern,modern-daily-7332716,modern-daily-7332716-2014-07-31
5,4,Angel's Grace,,Spells,4,0,Ad Nauseam,Potara,239 tix,$ 759,241707,2014-07-31,Modern Daily #7332716,modern,modern-daily-7332716,modern-daily-7332716-2014-07-31
6,4,Serum Visions,,Spells,4,0,Ad Nauseam,Potara,239 tix,$ 759,241707,2014-07-31,Modern Daily #7332716,modern,modern-daily-7332716,modern-daily-7332716-2014-07-31
7,4,Sleight of Hand,,Spells,4,0,Ad Nauseam,Potara,239 tix,$ 759,241707,2014-07-31,Modern Daily #7332716,modern,modern-daily-7332716,modern-daily-7332716-2014-07-31
8,2,Peer Through Depths,,Spells,4,0,Ad Nauseam,Potara,239 tix,$ 759,241707,2014-07-31,Modern Daily #7332716,modern,modern-daily-7332716,modern-daily-7332716-2014-07-31
9,1,Lightning Storm,,Spells,4,0,Ad Nauseam,Potara,239 tix,$ 759,241707,2014-07-31,Modern Daily #7332716,modern,modern-daily-7332716,modern-daily-7332716-2014-07-31
10,1,Mystical Teachings,,Spells,4,0,Ad Nauseam,Potara,239 tix,$ 759,241707,2014-07-31,Modern Daily #7332716,modern,modern-daily-7332716,modern-daily-7332716-2014-07-31
11,4,Ad Nauseam,,Spells,4,0,Ad Nauseam,Potara,239 tix,$ 759,241707,2014-07-31,Modern Daily #7332716,modern,modern-daily-7332716,modern-daily-7332716-2014-07-31
13,4,Lotus Bloom,,Artifacts,4,0,Ad Nauseam,Potara,239 tix,$ 759,241707,2014-07-31,Modern Daily #7332716,modern,modern-daily-7332716,modern-daily-7332716-2014-07-31
14,1,Conjurer's Bauble,,Artifacts,4,0,Ad Nauseam,Potara,239 tix,$ 759,241707,2014-07-31,Modern Daily #7332716,modern,modern-daily-7332716,modern-daily-7332716-2014-07-31
15,4,Pentad Prism,,Artifacts,4,0,Ad Nauseam,Potara,239 tix,$ 759,241707,2014-07-31,Modern Daily #7332716,modern,modern-daily-7332716,modern-daily-7332716-2014-07-31
17,3,Phyrexian Unlife,,Enchantments,4,0,Ad Nauseam,Potara,239 tix,$ 759,241707,2014-07-31,Modern Daily #7332716,modern,modern-daily-7332716,modern-daily-7332716-2014-07-31
19,1,"Boseiju, Who Shelters All",,Lands,4,0,Ad Nauseam,Potara,239 tix,$ 759,241707,2014-07-31,Modern Daily #7332716,modern,modern-daily-7332716,modern-daily-7332716-2014-07-31
20,1,Gemstone Caverns,,Lands,4,0,Ad Nauseam,Potara,239 tix,$ 759,241707,2014-07-31,Modern Daily #7332716,modern,modern-daily-7332716,modern-daily-7332716-2014-07-31
21,4,Gemstone Mine,,Lands,4,0,Ad Nauseam,Potara,239 tix,$ 759,241707,2014-07-31,Modern Daily #7332716,modern,modern-daily-7332716,modern-daily-7332716-2014-07-31
22,1,Hallowed Fountain,,Lands,4,0,Ad Nauseam,Potara,239 tix,$ 759,241707,2014-07-31,Modern Daily #7332716,modern,modern-daily-7332716,modern-daily-7332716-2014-07-31
23,1,Island,,Lands,4,0,Ad Nauseam,Potara,239 tix,$ 759,241707,2014-07-31,Modern Daily #7332716,modern,modern-daily-7332716,modern-daily-7332716-2014-07-31
24,2,Marsh Flats,,Lands,4,0,Ad Nauseam,Potara,239 tix,$ 759,241707,2014-07-31,Modern Daily #7332716,modern,modern-daily-7332716,modern-daily-7332716-2014-07-31
25,2,Misty Rainforest,,Lands,4,0,Ad Nauseam,Potara,239 tix,$ 759,241707,2014-07-31,Modern Daily #7332716,modern,modern-daily-7332716,modern-daily-7332716-2014-07-31
26,1,Plains,,Lands,4,0,Ad Nauseam,Potara,239 tix,$ 759,241707,2014-07-31,Modern Daily #7332716,modern,modern-daily-7332716,modern-daily-7332716-2014-07-31
27,1,Seachrome Coast,,Lands,4,0,Ad Nauseam,Potara,239 tix,$ 759,241707,2014-07-31,Modern Daily #7332716,modern,modern-daily-7332716,modern-daily-7332716-2014-07-31
28,1,Swamp,,Lands,4,0,Ad Nauseam,Potara,239 tix,$ 759,241707,2014-07-31,Modern Daily #7332716,modern,modern-daily-7332716,modern-daily-7332716-2014-07-31
29,2,Temple of Deceit,,Lands,4,0,Ad Nauseam,Potara,239 tix,$ 759,241707,2014-07-31,Modern Daily #7332716,modern,modern-daily-7332716,modern-daily-7332716-2014-07-31
30,2,Temple of Enlightenment,,Lands,4,0,Ad Nauseam,Potara,239 tix,$ 759,241707,2014-07-31,Modern Daily #7332716,modern,modern-daily-7332716,modern-daily-7332716-2014-07-31
31,1,Watery Grave,,Lands,4,0,Ad Nauseam,Potara,239 tix,$ 759,241707,2014-07-31,Modern Daily #7332716,modern,modern-daily-7332716,modern-daily-7332716-2014-07-31
33,1,Engineered Explosives,,Sideboard,4,0,Ad Nauseam,Potara,239 tix,$ 759,241707,2014-07-31,Modern Daily #7332716,modern,modern-daily-7332716,modern-daily-7332716-2014-07-31
34,1,Slaughter Pact,,Sideboard,4,0,Ad Nauseam,Potara,239 tix,$ 759,241707,2014-07-31,Modern Daily #7332716,modern,modern-daily-7332716,modern-daily-7332716-2014-07-31
35,1,Tolaria West,,Sideboard,4,0,Ad Nauseam,Potara,239 tix,$ 759,241707,2014-07-31,Modern Daily #7332716,modern,modern-daily-7332716,modern-daily-7332716-2014-07-31
36,1,Grafdigger's Cage,,Sideboard,4,0,Ad Nauseam,Potara,239 tix,$ 759,241707,2014-07-31,Modern Daily #7332716,modern,modern-daily-7332716,modern-daily-7332716-2014-07-31
37,2,Silence,,Sideboard,4,0,Ad Nauseam,Potara,239 tix,$ 759,241707,2014-07-31,Modern Daily #7332716,modern,modern-daily-7332716,modern-daily-7332716-2014-07-31
38,1,Echoing Truth,,Sideboard,4,0,Ad Nauseam,Potara,239 tix,$ 759,241707,2014-07-31,Modern Daily #7332716,modern,modern-daily-7332716,modern-daily-7332716-2014-07-31
39,3,Hurkyl's Recall,,Sideboard,4,0,Ad Nauseam,Potara,239 tix,$ 759,241707,2014-07-31,Modern Daily #7332716,modern,modern-daily-7332716,modern-daily-7332716-2014-07-31
40,4,Leyline of Sanctity,,Sideboard,4,0,Ad Nauseam,Potara,239 tix,$ 759,241707,2014-07-31,Modern Daily #7332716,modern,modern-daily-7332716,modern-daily-7332716-2014-07-31
41,1,Patrician's Scorn,,Sideboard,4,0,Ad Nauseam,Potara,239 tix,$ 759,241707,2014-07-31,Modern Daily #7332716,modern,modern-daily-7332716,modern-daily-7332716-2014-07-31
1,4,Dark Confidant,,Creatures,4,0,Junk,pie,623 tix,"$ 1,986",241706,2014-07-31,Modern Daily #7332716,modern,modern-daily-7332716,modern-daily-7332716-2014-07-31
2,3,Scavenging Ooze,,Creatures,4,0,Junk,pie,623 tix,"$ 1,986",241706,2014-07-31,Modern Daily #7332716,modern,modern-daily-7332716,modern-daily-7332716-2014-07-31
3,4,Tarmogoyf,,Creatures,4,0,Junk,pie,623 tix,"$ 1,986",241706,2014-07-31,Modern Daily #7332716,modern,modern-daily-7332716,modern-daily-7332716-2014-07-31
5,4,Liliana of the Veil,,Planeswalkers,4,0,Junk,pie,623 tix,"$ 1,986",241706,2014-07-31,Modern Daily #7332716,modern,modern-daily-7332716,modern-daily-7332716-2014-07-31
7,2,Slaughter Pact,,Spells,4,0,Junk,pie,623 tix,"$ 1,986",241706,2014-07-31,Modern Daily #7332716,modern,modern-daily-7332716,modern-daily-7332716-2014-07-31
8,3,Inquisition of Kozilek,,Spells,4,0,Junk,pie,623 tix,"$ 1,986",241706,2014-07-31,Modern Daily #7332716,modern,modern-daily-7332716,modern-daily-7332716-2014-07-31
9,4,Thoughtseize,,Spells,4,0,Junk,pie,623 tix,"$ 1,986",241706,2014-07-31,Modern Daily #7332716,modern,modern-daily-7332716,modern-daily-7332716-2014-07-31
10,4,Abrupt Decay,,Spells,4,0,Junk,pie,623 tix,"$ 1,986",241706,2014-07-31,Modern Daily #7332716,modern,modern-daily-7332716,modern-daily-7332716-2014-07-31
11,2,Dismember,,Spells,4,0,Junk,pie,623 tix,"$ 1,986",241706,2014-07-31,Modern Daily #7332716,modern,modern-daily-7332716,modern-daily-7332716-2014-07-31
12,3,Lingering Souls,,Spells,4,0,Junk,pie,623 tix,"$ 1,986",241706,2014-07-31,Modern Daily #7332716,modern,modern-daily-7332716,modern-daily-7332716-2014-07-31
13,2,Maelstrom Pulse,,Spells,4,0,Junk,pie,623 tix,"$ 1,986",241706,2014-07-31,Modern Daily #7332716,modern,modern-daily-7332716,modern-daily-7332716-2014-07-31
15,1,Forest,,Lands,4,0,Junk,pie,623 tix,"$ 1,986",241706,2014-07-31,Modern Daily #7332716,modern,modern-daily-7332716,modern-daily-7332716-2014-07-31
16,1,Godless Shrine,,Lands,4,0,Junk,pie,623 tix,"$ 1,986",241706,2014-07-31,Modern Daily #7332716,modern,modern-daily-7332716,modern-daily-7332716-2014-07-31
17,4,Marsh Flats,,Lands,4,0,Junk,pie,623 tix,"$ 1,986",241706,2014-07-31,Modern Daily #7332716,modern,modern-daily-7332716,modern-daily-7332716-2014-07-31
18,2,Overgrown Tomb,,Lands,4,0,Junk,pie,623 tix,"$ 1,986",241706,2014-07-31,Modern Daily #7332716,modern,modern-daily-7332716,modern-daily-7332716-2014-07-31
19,1,Stirring Wildwood,,Lands,4,0,Junk,pie,623 tix,"$ 1,986",241706,2014-07-31,Modern Daily #7332716,modern,modern-daily-7332716,modern-daily-7332716-2014-07-31
20,2,Swamp,,Lands,4,0,Junk,pie,623 tix,"$ 1,986",241706,2014-07-31,Modern Daily #7332716,modern,modern-daily-7332716,modern-daily-7332716-2014-07-31
21,4,Tectonic Edge,,Lands,4,0,Junk,pie,623 tix,"$ 1,986",241706,2014-07-31,Modern Daily #7332716,modern,modern-daily-7332716,modern-daily-7332716-2014-07-31
22,1,Temple Garden,,Lands,4,0,Junk,pie,623 tix,"$ 1,986",241706,2014-07-31,Modern Daily #7332716,modern,modern-daily-7332716,modern-daily-7332716-2014-07-31
23,3,Treetop Village,,Lands,4,0,Junk,pie,623 tix,"$ 1,986",241706,2014-07-31,Modern Daily #7332716,modern,modern-daily-7332716,modern-daily-7332716-2014-07-31
24,1,Twilight Mire,,Lands,4,0,Junk,pie,623 tix,"$ 1,986",241706,2014-07-31,Modern Daily #7332716,modern,modern-daily-7332716,modern-daily-7332716-2014-07-31
25,1,"Urborg, Tomb of Yawgmoth",,Lands,4,0,Junk,pie,623 tix,"$ 1,986",241706,2014-07-31,Modern Daily #7332716,modern,modern-daily-7332716,modern-daily-7332716-2014-07-31
26,4,Verdant Catacombs,,Lands,4,0,Junk,pie,623 tix,"$ 1,986",241706,2014-07-31,Modern Daily #7332716,modern,modern-daily-7332716,modern-daily-7332716-2014-07-31
28,1,Engineered Explosives,,Sideboard,4,0,Junk,pie,623 tix,"$ 1,986",241706,2014-07-31,Modern Daily #7332716,modern,modern-daily-7332716,modern-daily-7332716-2014-07-31
29,2,Grafdigger's Cage,,Sideboard,4,0,Junk,pie,623 tix,"$ 1,986",241706,2014-07-31,Modern Daily #7332716,modern,modern-daily-7332716,modern-daily-7332716-2014-07-31
30,2,Pack Rat,,Sideboard,4,0,Junk,pie,623 tix,"$ 1,986",241706,2014-07-31,Modern Daily #7332716,modern,modern-daily-7332716,modern-daily-7332716-2014-07-31
31,2,Stony Silence,,Sideboard,4,0,Junk,pie,623 tix,"$ 1,986",241706,2014-07-31,Modern Daily #7332716,modern,modern-daily-7332716,modern-daily-7332716-2014-07-31
32,3,Fulminator Mage,,Sideboard,4,0,Junk,pie,623 tix,"$ 1,986",241706,2014-07-31,Modern Daily #7332716,modern,modern-daily-7332716,modern-daily-7332716-2014-07-31
33,1,Lingering Souls,,Sideboard,4,0,Junk,pie,623 tix,"$ 1,986",241706,2014-07-31,Modern Daily #7332716,modern,modern-daily-7332716,modern-daily-7332716-2014-07-31
34,2,Creeping Corrosion,,Sideboard,4,0,Junk,pie,623 tix,"$ 1,986",241706,2014-07-31,Modern Daily #7332716,modern,modern-daily-7332716,modern-daily-7332716-2014-07-31
35,2,Obstinate Baloth,,Sideboard,4,0,Junk,pie,623 tix,"$ 1,986",241706,2014-07-31,Modern Daily #7332716,modern,modern-daily-7332716,modern-daily-7332716-2014-07-31
1,2,Spellskite,,Creatures,4,0,RG Tron,Fitzy,283 tix,$ 814,241705,2014-07-31,Modern Daily #7332716,modern,modern-daily-7332716,modern-daily-7332716-2014-07-31
2,3,Wurmcoil Engine,,Creatures,4,0,RG Tron,Fitzy,283 tix,$ 814,241705,2014-07-31,Modern Daily #7332716,modern,modern-daily-7332716,modern-daily-7332716-2014-07-31
3,1,Sundering Titan,,Creatures,4,0,RG Tron,Fitzy,283 tix,$ 814,241705,2014-07-31,Modern Daily #7332716,modern,modern-daily-7332716,modern-daily-7332716-2014-07-31
4,1,"Emrakul, the Aeons Torn",,Creatures,4,0,RG Tron,Fitzy,283 tix,$ 814,241705,2014-07-31,Modern Daily #7332716,modern,modern-daily-7332716,modern-daily-7332716-2014-07-31
6,4,Karn Liberated,,Planeswalkers,4,0,RG Tron,Fitzy,283 tix,$ 814,241705,2014-07-31,Modern Daily #7332716,modern,modern-daily-7332716,modern-daily-7332716-2014-07-31
8,4,Ancient Stirrings,,Spells,4,0,RG Tron,Fitzy,283 tix,$ 814,241705,2014-07-31,Modern Daily #7332716,modern,modern-daily-7332716,modern-daily-7332716-2014-07-31
9,4,Sylvan Scrying,,Spells,4,0,RG Tron,Fitzy,283 tix,$ 814,241705,2014-07-31,Modern Daily #7332716,modern,modern-daily-7332716,modern-daily-7332716-2014-07-31
10,2,Beast Within,,Spells,4,0,RG Tron,Fitzy,283 tix,$ 814,241705,2014-07-31,Modern Daily #7332716,modern,modern-daily-7332716,modern-daily-7332716-2014-07-31
11,1,All Is Dust,,Spells,4,0,RG Tron,Fitzy,283 tix,$ 814,241705,2014-07-31,Modern Daily #7332716,modern,modern-daily-7332716,modern-daily-7332716-2014-07-31
13,4,Chromatic Sphere,,Artifacts,4,0,RG Tron,Fitzy,283 tix,$ 814,241705,2014-07-31,Modern Daily #7332716,modern,modern-daily-7332716,modern-daily-7332716-2014-07-31
14,4,Chromatic Star,,Artifacts,4,0,RG Tron,Fitzy,283 tix,$ 814,241705,2014-07-31,Modern Daily #7332716,modern,modern-daily-7332716,modern-daily-7332716-2014-07-31
15,4,Expedition Map,,Artifacts,4,0,RG Tron,Fitzy,283 tix,$ 814,241705,2014-07-31,Modern Daily #7332716,modern,modern-daily-7332716,modern-daily-7332716-2014-07-31
16,3,Relic of Progenitus,,Artifacts,4,0,RG Tron,Fitzy,283 tix,$ 814,241705,2014-07-31,Modern Daily #7332716,modern,modern-daily-7332716,modern-daily-7332716-2014-07-31
17,3,Oblivion Stone,,Artifacts,4,0,RG Tron,Fitzy,283 tix,$ 814,241705,2014-07-31,Modern Daily #7332716,modern,modern-daily-7332716,modern-daily-7332716-2014-07-31
19,1,Cavern of Souls,,Lands,4,0,RG Tron,Fitzy,283 tix,$ 814,241705,2014-07-31,Modern Daily #7332716,modern,modern-daily-7332716,modern-daily-7332716-2014-07-31
20,1,Eye of Ugin,,Lands,4,0,RG Tron,Fitzy,283 tix,$ 814,241705,2014-07-31,Modern Daily #7332716,modern,modern-daily-7332716,modern-daily-7332716-2014-07-31
21,1,Forest,,Lands,4,0,RG Tron,Fitzy,283 tix,$ 814,241705,2014-07-31,Modern Daily #7332716,modern,modern-daily-7332716,modern-daily-7332716-2014-07-31
22,1,Ghost Quarter,,Lands,4,0,RG Tron,Fitzy,283 tix,$ 814,241705,2014-07-31,Modern Daily #7332716,modern,modern-daily-7332716,modern-daily-7332716-2014-07-31
23,4,Grove of the Burnwillows,,Lands,4,0,RG Tron,Fitzy,283 tix,$ 814,241705,2014-07-31,Modern Daily #7332716,modern,modern-daily-7332716,modern-daily-7332716-2014-07-31
24,4,Urza's Mine,,Lands,4,0,RG Tron,Fitzy,283 tix,$ 814,241705,2014-07-31,Modern Daily #7332716,modern,modern-daily-7332716,modern-daily-7332716-2014-07-31
25,4,Urza's Power Plant,,Lands,4,0,RG Tron,Fitzy,283 tix,$ 814,241705,2014-07-31,Modern Daily #7332716,modern,modern-daily-7332716,modern-daily-7332716-2014-07-31
26,4,Urza's Tower,,Lands,4,0,RG Tron,Fitzy,283 tix,$ 814,241705,2014-07-31,Modern Daily #7332716,modern,modern-daily-7332716,modern-daily-7332716-2014-07-31
28,3,Nature's Claim,,Sideboard,4,0,RG Tron,Fitzy,283 tix,$ 814,241705,2014-07-31,Modern Daily #7332716,modern,modern-daily-7332716,modern-daily-7332716-2014-07-31
29,1,Ancient Grudge,,Sideboard,4,0,RG Tron,Fitzy,283 tix,$ 814,241705,2014-07-31,Modern Daily #7332716,modern,modern-daily-7332716,modern-daily-7332716-2014-07-31
30,2,Combust,,Sideboard,4,0,RG Tron,Fitzy,283 tix,$ 814,241705,2014-07-31,Modern Daily #7332716,modern,modern-daily-7332716,modern-daily-7332716-2014-07-31
31,2,Defense Grid,,Sideboard,4,0,RG Tron,Fitzy,283 tix,$ 814,241705,2014-07-31,Modern Daily #7332716,modern,modern-daily-7332716,modern-daily-7332716-2014-07-31
32,2,Pyroclasm,,Sideboard,4,0,RG Tron,Fitzy,283 tix,$ 814,241705,2014-07-31,Modern Daily #7332716,modern,modern-daily-7332716,modern-daily-7332716-2014-07-31
33,2,Torpor Orb,,Sideboard,4,0,RG Tron,Fitzy,283 tix,$ 814,241705,2014-07-31,Modern Daily #7332716,modern,modern-daily-7332716,modern-daily-7332716-2014-07-31
34,1,Boil,,Sideboard,4,0,RG Tron,Fitzy,283 tix,$ 814,241705,2014-07-31,Modern Daily #7332716,modern,modern-daily-7332716,modern-daily-7332716-2014-07-31
35,2,Thragtusk,,Sideboard,4,0,RG Tron,Fitzy,283 tix,$ 814,241705,2014-07-31,Modern Daily #7332716,modern,modern-daily-7332716,modern-daily-7332716-2014-07-31
1,4,Sakura-Tribe Elder,,Creatures,4,0,Scapeshift,mommon,248 tix,"$ 1,022",241709,2014-07-31,Modern Daily #7332716,modern,modern-daily-7332716,modern-daily-7332716-2014-07-31
2,2,Snapcaster Mage,,Creatures,4,0,Scapeshift,mommon,248 tix,"$ 1,022",241709,2014-07-31,Modern Daily #7332716,modern,modern-daily-7332716,modern-daily-7332716-2014-07-31
4,2,Repeal,,Spells,4,0,Scapeshift,mommon,248 tix,"$ 1,022",241709,2014-07-31,Modern Daily #7332716,modern,modern-daily-7332716,modern-daily-7332716-2014-07-31
5,4,Serum Visions,,Spells,4,0,Scapeshift,mommon,248 tix,"$ 1,022",241709,2014-07-31,Modern Daily #7332716,modern,modern-daily-7332716,modern-daily-7332716-2014-07-31
6,2,Izzet Charm,,Spells,4,0,Scapeshift,mommon,248 tix,"$ 1,022",241709,2014-07-31,Modern Daily #7332716,modern,modern-daily-7332716,modern-daily-7332716-2014-07-31
7,4,Remand,,Spells,4,0,Scapeshift,mommon,248 tix,"$ 1,022",241709,2014-07-31,Modern Daily #7332716,modern,modern-daily-7332716,modern-daily-7332716-2014-07-31
8,4,Worldly Counsel,,Spells,4,0,Scapeshift,mommon,248 tix,"$ 1,022",241709,2014-07-31,Modern Daily #7332716,modern,modern-daily-7332716,modern-daily-7332716-2014-07-31
9,2,Electrolyze,,Spells,4,0,Scapeshift,mommon,248 tix,"$ 1,022",241709,2014-07-31,Modern Daily #7332716,modern,modern-daily-7332716,modern-daily-7332716-2014-07-31
10,4,Search for Tomorrow,,Spells,4,0,Scapeshift,mommon,248 tix,"$ 1,022",241709,2014-07-31,Modern Daily #7332716,modern,modern-daily-7332716,modern-daily-7332716-2014-07-31
11,4,Cryptic Command,,Spells,4,0,Scapeshift,mommon,248 tix,"$ 1,022",241709,2014-07-31,Modern Daily #7332716,modern,modern-daily-7332716,modern-daily-7332716-2014-07-31
12,4,Scapeshift,,Spells,4,0,Scapeshift,mommon,248 tix,"$ 1,022",241709,2014-07-31,Modern Daily #7332716,modern,modern-daily-7332716,modern-daily-7332716-2014-07-31
14,2,Breeding Pool,,Lands,4,0,Scapeshift,mommon,248 tix,"$ 1,022",241709,2014-07-31,Modern Daily #7332716,modern,modern-daily-7332716,modern-daily-7332716-2014-07-31
15,1,Flooded Grove,,Lands,4,0,Scapeshift,mommon,248 tix,"$ 1,022",241709,2014-07-31,Modern Daily #7332716,modern,modern-daily-7332716,modern-daily-7332716-2014-07-31
16,2,Forest,,Lands,4,0,Scapeshift,mommon,248 tix,"$ 1,022",241709,2014-07-31,Modern Daily #7332716,modern,modern-daily-7332716,modern-daily-7332716-2014-07-31
17,3,Island,,Lands,4,0,Scapeshift,mommon,248 tix,"$ 1,022",241709,2014-07-31,Modern Daily #7332716,modern,modern-daily-7332716,modern-daily-7332716-2014-07-31
18,4,Misty Rainforest,,Lands,4,0,Scapeshift,mommon,248 tix,"$ 1,022",241709,2014-07-31,Modern Daily #7332716,modern,modern-daily-7332716,modern-daily-7332716-2014-07-31
19,2,Mountain,,Lands,4,0,Scapeshift,mommon,248 tix,"$ 1,022",241709,2014-07-31,Modern Daily #7332716,modern,modern-daily-7332716,modern-daily-7332716-2014-07-31
20,4,Steam Vents,,Lands,4,0,Scapeshift,mommon,248 tix,"$ 1,022",241709,2014-07-31,Modern Daily #7332716,modern,modern-daily-7332716,modern-daily-7332716-2014-07-31
21,4,Stomping Ground,,Lands,4,0,Scapeshift,mommon,248 tix,"$ 1,022",241709,2014-07-31,Modern Daily #7332716,modern,modern-daily-7332716,modern-daily-7332716-2014-07-31
22,2,"Valakut, the Molten Pinnacle",,Lands,4,0,Scapeshift,mommon,248 tix,"$ 1,022",241709,2014-07-31,Modern Daily #7332716,modern,modern-daily-7332716,modern-daily-7332716-2014-07-31
24,1,Nature's Claim,,Sideboard,4,0,Scapeshift,mommon,248 tix,"$ 1,022",241709,2014-07-31,Modern Daily #7332716,modern,modern-daily-7332716,modern-daily-7332716-2014-07-31
25,1,Ancient Grudge,,Sideboard,4,0,Scapeshift,mommon,248 tix,"$ 1,022",241709,2014-07-31,Modern Daily #7332716,modern,modern-daily-7332716,modern-daily-7332716-2014-07-31
26,1,Combust,,Sideboard,4,0,Scapeshift,mommon,248 tix,"$ 1,022",241709,2014-07-31,Modern Daily #7332716,modern,modern-daily-7332716,modern-daily-7332716-2014-07-31
27,1,Negate,,Sideboard,4,0,Scapeshift,mommon,248 tix,"$ 1,022",241709,2014-07-31,Modern Daily #7332716,modern,modern-daily-7332716,modern-daily-7332716-2014-07-31
28,1,Snapcaster Mage,,Sideboard,4,0,Scapeshift,mommon,248 tix,"$ 1,022",241709,2014-07-31,Modern Daily #7332716,modern,modern-daily-7332716,modern-daily-7332716-2014-07-31
29,2,Anger of the Gods,,Sideboard,4,0,Scapeshift,mommon,248 tix,"$ 1,022",241709,2014-07-31,Modern Daily #7332716,modern,modern-daily-7332716,modern-daily-7332716-2014-07-31
30,1,Counterflux,,Sideboard,4,0,Scapeshift,mommon,248 tix,"$ 1,022",241709,2014-07-31,Modern Daily #7332716,modern,modern-daily-7332716,modern-daily-7332716-2014-07-31
31,2,Obstinate Baloth,,Sideboard,4,0,Scapeshift,mommon,248 tix,"$ 1,022",241709,2014-07-31,Modern Daily #7332716,modern,modern-daily-7332716,modern-daily-7332716-2014-07-31
32,1,Shatterstorm,,Sideboard,4,0,Scapeshift,mommon,248 tix,"$ 1,022",241709,2014-07-31,Modern Daily #7332716,modern,modern-daily-7332716,modern-daily-7332716-2014-07-31
33,1,Batterskull,,Sideboard,4,0,Scapeshift,mommon,248 tix,"$ 1,022",241709,2014-07-31,Modern Daily #7332716,modern,modern-daily-7332716,modern-daily-7332716-2014-07-31
34,1,"Teferi, Mage of Zhalfir",,Sideboard,4,0,Scapeshift,mommon,248 tix,"$ 1,022",241709,2014-07-31,Modern Daily #7332716,modern,modern-daily-7332716,modern-daily-7332716-2014-07-31
35,2,Inferno Titan,,Sideboard,4,0,Scapeshift,mommon,248 tix,"$ 1,022",241709,2014-07-31,Modern Daily #7332716,modern,modern-daily-7332716,modern-daily-7332716-2014-07-31
1,4,Pack Rat,,Creatures,4,0,Tokens,mikev1919,124 tix,$ 455,241710,2014-07-31,Modern Daily #7332716,modern,modern-daily-7332716,modern-daily-7332716-2014-07-31
2,2,Hero of Bladehold,,Creatures,4,0,Tokens,mikev1919,124 tix,$ 455,241710,2014-07-31,Modern Daily #7332716,modern,modern-daily-7332716,modern-daily-7332716-2014-07-31
4,4,Inquisition of Kozilek,,Spells,4,0,Tokens,mikev1919,124 tix,$ 455,241710,2014-07-31,Modern Daily #7332716,modern,modern-daily-7332716,modern-daily-7332716-2014-07-31
5,4,Path to Exile,,Spells,4,0,Tokens,mikev1919,124 tix,$ 455,241710,2014-07-31,Modern Daily #7332716,modern,modern-daily-7332716,modern-daily-7332716-2014-07-31
6,4,Thoughtseize,,Spells,4,0,Tokens,mikev1919,124 tix,$ 455,241710,2014-07-31,Modern Daily #7332716,modern,modern-daily-7332716,modern-daily-7332716-2014-07-31
7,4,Raise the Alarm,,Spells,4,0,Tokens,mikev1919,124 tix,$ 455,241710,2014-07-31,Modern Daily #7332716,modern,modern-daily-7332716,modern-daily-7332716-2014-07-31
8,3,Zealous Persecution,,Spells,4,0,Tokens,mikev1919,124 tix,$ 455,241710,2014-07-31,Modern Daily #7332716,modern,modern-daily-7332716,modern-daily-7332716-2014-07-31
9,4,Lingering Souls,,Spells,4,0,Tokens,mikev1919,124 tix,$ 455,241710,2014-07-31,Modern Daily #7332716,modern,modern-daily-7332716,modern-daily-7332716-2014-07-31
10,4,Spectral Procession,,Spells,4,0,Tokens,mikev1919,124 tix,$ 455,241710,2014-07-31,Modern Daily #7332716,modern,modern-daily-7332716,modern-daily-7332716-2014-07-31
12,4,Intangible Virtue,,Enchantments,4,0,Tokens,mikev1919,124 tix,$ 455,241710,2014-07-31,Modern Daily #7332716,modern,modern-daily-7332716,modern-daily-7332716-2014-07-31
14,1,Arid Mesa,,Lands,4,0,Tokens,mikev1919,124 tix,$ 455,241710,2014-07-31,Modern Daily #7332716,modern,modern-daily-7332716,modern-daily-7332716-2014-07-31
15,4,Godless Shrine,,Lands,4,0,Tokens,mikev1919,124 tix,$ 455,241710,2014-07-31,Modern Daily #7332716,modern,modern-daily-7332716,modern-daily-7332716-2014-07-31
16,4,Isolated Chapel,,Lands,4,0,Tokens,mikev1919,124 tix,$ 455,241710,2014-07-31,Modern Daily #7332716,modern,modern-daily-7332716,modern-daily-7332716-2014-07-31
17,4,Marsh Flats,,Lands,4,0,Tokens,mikev1919,124 tix,$ 455,241710,2014-07-31,Modern Daily #7332716,modern,modern-daily-7332716,modern-daily-7332716-2014-07-31
18,7,Plains,,Lands,4,0,Tokens,mikev1919,124 tix,$ 455,241710,2014-07-31,Modern Daily #7332716,modern,modern-daily-7332716,modern-daily-7332716-2014-07-31
19,1,Vault of the Archangel,,Lands,4,0,Tokens,mikev1919,124 tix,$ 455,241710,2014-07-31,Modern Daily #7332716,modern,modern-daily-7332716,modern-daily-7332716-2014-07-31
20,2,Windbrisk Heights,,Lands,4,0,Tokens,mikev1919,124 tix,$ 455,241710,2014-07-31,Modern Daily #7332716,modern,modern-daily-7332716,modern-daily-7332716-2014-07-31
22,2,Burrenton Forge-Tender,,Sideboard,4,0,Tokens,mikev1919,124 tix,$ 455,241710,2014-07-31,Modern Daily #7332716,modern,modern-daily-7332716,modern-daily-7332716-2014-07-31
23,2,Rest in Peace,,Sideboard,4,0,Tokens,mikev1919,124 tix,$ 455,241710,2014-07-31,Modern Daily #7332716,modern,modern-daily-7332716,modern-daily-7332716-2014-07-31
24,1,Spellskite,,Sideboard,4,0,Tokens,mikev1919,124 tix,$ 455,241710,2014-07-31,Modern Daily #7332716,modern,modern-daily-7332716,modern-daily-7332716-2014-07-31
25,3,Stony Silence,,Sideboard,4,0,Tokens,mikev1919,124 tix,$ 455,241710,2014-07-31,Modern Daily #7332716,modern,modern-daily-7332716,modern-daily-7332716-2014-07-31
26,2,Torpor Orb,,Sideboard,4,0,Tokens,mikev1919,124 tix,$ 455,241710,2014-07-31,Modern Daily #7332716,modern,modern-daily-7332716,modern-daily-7332716-2014-07-31
27,1,Zealous Persecution,,Sideboard,4,0,Tokens,mikev1919,124 tix,$ 455,241710,2014-07-31,Modern Daily #7332716,modern,modern-daily-7332716,modern-daily-7332716-2014-07-31
28,1,Dismember,,Sideboard,4,0,Tokens,mikev1919,124 tix,$ 455,241710,2014-07-31,Modern Daily #7332716,modern,modern-daily-7332716,modern-daily-7332716-2014-07-31
29,2,Mirran Crusader,,Sideboard,4,0,Tokens,mikev1919,124 tix,$ 455,241710,2014-07-31,Modern Daily #7332716,modern,modern-daily-7332716,modern-daily-7332716-2014-07-31
30,1,Memoricide,,Sideboard,4,0,Tokens,mikev1919,124 tix,$ 455,241710,2014-07-31,Modern Daily #7332716,modern,modern-daily-7332716,modern-daily-7332716-2014-07-31
1,4,Delver of Secrets,,Creatures,4,0,UR Delver,KitchenFinkel,87 tix,$ 514,241708,2014-07-31,Modern Daily #7332716,modern,modern-daily-7332716,modern-daily-7332716-2014-07-31
2,1,Grim Lavamancer,,Creatures,4,0,UR Delver,KitchenFinkel,87 tix,$ 514,241708,2014-07-31,Modern Daily #7332716,modern,modern-daily-7332716,modern-daily-7332716-2014-07-31
3,4,Snapcaster Mage,,Creatures,4,0,UR Delver,KitchenFinkel,87 tix,$ 514,241708,2014-07-31,Modern Daily #7332716,modern,modern-daily-7332716,modern-daily-7332716-2014-07-31
4,4,Young Pyromancer,,Creatures,4,0,UR Delver,KitchenFinkel,87 tix,$ 514,241708,2014-07-31,Modern Daily #7332716,modern,modern-daily-7332716,modern-daily-7332716-2014-07-31
6,1,Flame Slash,,Spells,4,0,UR Delver,KitchenFinkel,87 tix,$ 514,241708,2014-07-31,Modern Daily #7332716,modern,modern-daily-7332716,modern-daily-7332716-2014-07-31
7,4,Gitaxian Probe,,Spells,4,0,UR Delver,KitchenFinkel,87 tix,$ 514,241708,2014-07-31,Modern Daily #7332716,modern,modern-daily-7332716,modern-daily-7332716-2014-07-31
8,4,Lightning Bolt,,Spells,4,0,UR Delver,KitchenFinkel,87 tix,$ 514,241708,2014-07-31,Modern Daily #7332716,modern,modern-daily-7332716,modern-daily-7332716-2014-07-31
9,4,Serum Visions,,Spells,4,0,UR Delver,KitchenFinkel,87 tix,$ 514,241708,2014-07-31,Modern Daily #7332716,modern,modern-daily-7332716,modern-daily-7332716-2014-07-31
10,1,Spell Pierce,,Spells,4,0,UR Delver,KitchenFinkel,87 tix,$ 514,241708,2014-07-31,Modern Daily #7332716,modern,modern-daily-7332716,modern-daily-7332716-2014-07-31
11,2,Spell Snare,,Spells,4,0,UR Delver,KitchenFinkel,87 tix,$ 514,241708,2014-07-31,Modern Daily #7332716,modern,modern-daily-7332716,modern-daily-7332716-2014-07-31
12,3,Vapor Snag,,Spells,4,0,UR Delver,KitchenFinkel,87 tix,$ 514,241708,2014-07-31,Modern Daily #7332716,modern,modern-daily-7332716,modern-daily-7332716-2014-07-31
13,3,Mana Leak,,Spells,4,0,UR Delver,KitchenFinkel,87 tix,$ 514,241708,2014-07-31,Modern Daily #7332716,modern,modern-daily-7332716,modern-daily-7332716-2014-07-31
14,4,Remand,,Spells,4,0,UR Delver,KitchenFinkel,87 tix,$ 514,241708,2014-07-31,Modern Daily #7332716,modern,modern-daily-7332716,modern-daily-7332716-2014-07-31
15,1,Electrolyze,,Spells,4,0,UR Delver,KitchenFinkel,87 tix,$ 514,241708,2014-07-31,Modern Daily #7332716,modern,modern-daily-7332716,modern-daily-7332716-2014-07-31
17,1,Sword of Light and Shadow,,Artifacts,4,0,UR Delver,KitchenFinkel,87 tix,$ 514,241708,2014-07-31,Modern Daily #7332716,modern,modern-daily-7332716,modern-daily-7332716-2014-07-31
19,1,Desolate Lighthouse,,Lands,4,0,UR Delver,KitchenFinkel,87 tix,$ 514,241708,2014-07-31,Modern Daily #7332716,modern,modern-daily-7332716,modern-daily-7332716-2014-07-31
20,6,Island,,Lands,4,0,UR Delver,KitchenFinkel,87 tix,$ 514,241708,2014-07-31,Modern Daily #7332716,modern,modern-daily-7332716,modern-daily-7332716-2014-07-31
21,3,Mountain,,Lands,4,0,UR Delver,KitchenFinkel,87 tix,$ 514,241708,2014-07-31,Modern Daily #7332716,modern,modern-daily-7332716,modern-daily-7332716-2014-07-31
22,4,Steam Vents,,Lands,4,0,UR Delver,KitchenFinkel,87 tix,$ 514,241708,2014-07-31,Modern Daily #7332716,modern,modern-daily-7332716,modern-daily-7332716-2014-07-31
23,4,Sulfur Falls,,Lands,4,0,UR Delver,KitchenFinkel,87 tix,$ 514,241708,2014-07-31,Modern Daily #7332716,modern,modern-daily-7332716,modern-daily-7332716-2014-07-31
24,1,Tectonic Edge,,Lands,4,0,UR Delver,KitchenFinkel,87 tix,$ 514,241708,2014-07-31,Modern Daily #7332716,modern,modern-daily-7332716,modern-daily-7332716-2014-07-31
26,1,Dispel,,Sideboard,4,0,UR Delver,KitchenFinkel,87 tix,$ 514,241708,2014-07-31,Modern Daily #7332716,modern,modern-daily-7332716,modern-daily-7332716-2014-07-31
27,1,Pillar of Flame,,Sideboard,4,0,UR Delver,KitchenFinkel,87 tix,$ 514,241708,2014-07-31,Modern Daily #7332716,modern,modern-daily-7332716,modern-daily-7332716-2014-07-31
28,2,Relic of Progenitus,,Sideboard,4,0,UR Delver,KitchenFinkel,87 tix,$ 514,241708,2014-07-31,Modern Daily #7332716,modern,modern-daily-7332716,modern-daily-7332716-2014-07-31
29,1,Spell Pierce,,Sideboard,4,0,UR Delver,KitchenFinkel,87 tix,$ 514,241708,2014-07-31,Modern Daily #7332716,modern,modern-daily-7332716,modern-daily-7332716-2014-07-31
30,1,Vandalblast,,Sideboard,4,0,UR Delver,KitchenFinkel,87 tix,$ 514,241708,2014-07-31,Modern Daily #7332716,modern,modern-daily-7332716,modern-daily-7332716-2014-07-31
31,1,Combust,,Sideboard,4,0,UR Delver,KitchenFinkel,87 tix,$ 514,241708,2014-07-31,Modern Daily #7332716,modern,modern-daily-7332716,modern-daily-7332716-2014-07-31
32,2,Negate,,Sideboard,4,0,UR Delver,KitchenFinkel,87 tix,$ 514,241708,2014-07-31,Modern Daily #7332716,modern,modern-daily-7332716,modern-daily-7332716-2014-07-31
33,1,Counterflux,,Sideboard,4,0,UR Delver,KitchenFinkel,87 tix,$ 514,241708,2014-07-31,Modern Daily #7332716,modern,modern-daily-7332716,modern-daily-7332716-2014-07-31
34,2,Molten Rain,,Sideboard,4,0,UR Delver,KitchenFinkel,87 tix,$ 514,241708,2014-07-31,Modern Daily #7332716,modern,modern-daily-7332716,modern-daily-7332716-2014-07-31
35,1,Sulfur Elemental,,Sideboard,4,0,UR Delver,KitchenFinkel,87 tix,$ 514,241708,2014-07-31,Modern Daily #7332716,modern,modern-daily-7332716,modern-daily-7332716-2014-07-31
36,2,Shatterstorm,,Sideboard,4,0,UR Delver,KitchenFinkel,87 tix,$ 514,241708,2014-07-31,Modern Daily #7332716,modern,modern-daily-7332716,modern-daily-7332716-2014-07-31
1,3,Snapcaster Mage,,Creatures,3,1,5 C Teachings,RaptureReady,163 tix,$ 740,241715,2014-07-31,Modern Daily #7332716,modern,modern-daily-7332716,modern-daily-7332716-2014-07-31
2,1,"Teferi, Mage of Zhalfir",,Creatures,3,1,5 C Teachings,RaptureReady,163 tix,$ 740,241715,2014-07-31,Modern Daily #7332716,modern,modern-daily-7332716,modern-daily-7332716-2014-07-31
3,1,Wurmcoil Engine,,Creatures,3,1,5 C Teachings,RaptureReady,163 tix,$ 740,241715,2014-07-31,Modern Daily #7332716,modern,modern-daily-7332716,modern-daily-7332716-2014-07-31
5,3,Path to Exile,,Spells,3,1,5 C Teachings,RaptureReady,163 tix,$ 740,241715,2014-07-31,Modern Daily #7332716,modern,modern-daily-7332716,modern-daily-7332716-2014-07-31
6,1,Lightning Helix,,Spells,3,1,5 C Teachings,RaptureReady,163 tix,$ 740,241715,2014-07-31,Modern Daily #7332716,modern,modern-daily-7332716,modern-daily-7332716-2014-07-31
7,3,Mana Leak,,Spells,3,1,5 C Teachings,RaptureReady,163 tix,$ 740,241715,2014-07-31,Modern Daily #7332716,modern,modern-daily-7332716,modern-daily-7332716-2014-07-31
8,1,Shadow of Doubt,,Spells,3,1,5 C Teachings,RaptureReady,163 tix,$ 740,241715,2014-07-31,Modern Daily #7332716,modern,modern-daily-7332716,modern-daily-7332716-2014-07-31
9,1,Think Twice,,Spells,3,1,5 C Teachings,RaptureReady,163 tix,$ 740,241715,2014-07-31,Modern Daily #7332716,modern,modern-daily-7332716,modern-daily-7332716-2014-07-31
10,1,Electrolyze,,Spells,3,1,5 C Teachings,RaptureReady,163 tix,$ 740,241715,2014-07-31,Modern Daily #7332716,modern,modern-daily-7332716,modern-daily-7332716-2014-07-31
11,3,Esper Charm,,Spells,3,1,5 C Teachings,RaptureReady,163 tix,$ 740,241715,2014-07-31,Modern Daily #7332716,modern,modern-daily-7332716,modern-daily-7332716-2014-07-31
12,1,Hero's Downfall,,Spells,3,1,5 C Teachings,RaptureReady,163 tix,$ 740,241715,2014-07-31,Modern Daily #7332716,modern,modern-daily-7332716,modern-daily-7332716-2014-07-31
13,1,Putrefy,,Spells,3,1,5 C Teachings,RaptureReady,163 tix,$ 740,241715,2014-07-31,Modern Daily #7332716,modern,modern-daily-7332716,modern-daily-7332716-2014-07-31
14,1,Sudden Death,,Spells,3,1,5 C Teachings,RaptureReady,163 tix,$ 740,241715,2014-07-31,Modern Daily #7332716,modern,modern-daily-7332716,modern-daily-7332716-2014-07-31
15,4,Cryptic Command,,Spells,3,1,5 C Teachings,RaptureReady,163 tix,$ 740,241715,2014-07-31,Modern Daily #7332716,modern,modern-daily-7332716,modern-daily-7332716-2014-07-31
16,3,Mystical Teachings,,Spells,3,1,5 C Teachings,RaptureReady,163 tix,$ 740,241715,2014-07-31,Modern Daily #7332716,modern,modern-daily-7332716,modern-daily-7332716-2014-07-31
17,2,Supreme Verdict,,Spells,3,1,5 C Teachings,RaptureReady,163 tix,$ 740,241715,2014-07-31,Modern Daily #7332716,modern,modern-daily-7332716,modern-daily-7332716-2014-07-31
18,1,Consume the Meek,,Spells,3,1,5 C Teachings,RaptureReady,163 tix,$ 740,241715,2014-07-31,Modern Daily #7332716,modern,modern-daily-7332716,modern-daily-7332716-2014-07-31
19,2,Cruel Ultimatum,,Spells,3,1,5 C Teachings,RaptureReady,163 tix,$ 740,241715,2014-07-31,Modern Daily #7332716,modern,modern-daily-7332716,modern-daily-7332716-2014-07-31
21,2,Celestial Colonnade,,Lands,3,1,5 C Teachings,RaptureReady,163 tix,$ 740,241715,2014-07-31,Modern Daily #7332716,modern,modern-daily-7332716,modern-daily-7332716-2014-07-31
22,1,Creeping Tar Pit,,Lands,3,1,5 C Teachings,RaptureReady,163 tix,$ 740,241715,2014-07-31,Modern Daily #7332716,modern,modern-daily-7332716,modern-daily-7332716-2014-07-31
23,1,Dreadship Reef,,Lands,3,1,5 C Teachings,RaptureReady,163 tix,$ 740,241715,2014-07-31,Modern Daily #7332716,modern,modern-daily-7332716,modern-daily-7332716-2014-07-31
24,2,Mystic Gate,,Lands,3,1,5 C Teachings,RaptureReady,163 tix,$ 740,241715,2014-07-31,Modern Daily #7332716,modern,modern-daily-7332716,modern-daily-7332716-2014-07-31
25,1,Plains,,Lands,3,1,5 C Teachings,RaptureReady,163 tix,$ 740,241715,2014-07-31,Modern Daily #7332716,modern,modern-daily-7332716,modern-daily-7332716-2014-07-31
26,4,Reflecting Pool,,Lands,3,1,5 C Teachings,RaptureReady,163 tix,$ 740,241715,2014-07-31,Modern Daily #7332716,modern,modern-daily-7332716,modern-daily-7332716-2014-07-31
27,3,Snow-Covered Island,,Lands,3,1,5 C Teachings,RaptureReady,163 tix,$ 740,241715,2014-07-31,Modern Daily #7332716,modern,modern-daily-7332716,modern-daily-7332716-2014-07-31
28,1,Snow-Covered Swamp,,Lands,3,1,5 C Teachings,RaptureReady,163 tix,$ 740,241715,2014-07-31,Modern Daily #7332716,modern,modern-daily-7332716,modern-daily-7332716-2014-07-31
29,2,Sunken Ruins,,Lands,3,1,5 C Teachings,RaptureReady,163 tix,$ 740,241715,2014-07-31,Modern Daily #7332716,modern,modern-daily-7332716,modern-daily-7332716-2014-07-31
30,4,Vivid Creek,,Lands,3,1,5 C Teachings,RaptureReady,163 tix,$ 740,241715,2014-07-31,Modern Daily #7332716,modern,modern-daily-7332716,modern-daily-7332716-2014-07-31
31,3,Vivid Marsh,,Lands,3,1,5 C Teachings,RaptureReady,163 tix,$ 740,241715,2014-07-31,Modern Daily #7332716,modern,modern-daily-7332716,modern-daily-7332716-2014-07-31
32,3,Vivid Meadow,,Lands,3,1,5 C Teachings,RaptureReady,163 tix,$ 740,241715,2014-07-31,Modern Daily #7332716,modern,modern-daily-7332716,modern-daily-7332716-2014-07-31
34,1,Wear & Tear,,Sideboard,3,1,5 C Teachings,RaptureReady,163 tix,$ 740,241715,2014-07-31,Modern Daily #7332716,modern,modern-daily-7332716,modern-daily-7332716-2014-07-31
35,2,Relic of Progenitus,,Sideboard,3,1,5 C Teachings,RaptureReady,163 tix,$ 740,241715,2014-07-31,Modern Daily #7332716,modern,modern-daily-7332716,modern-daily-7332716-2014-07-31
36,1,Celestial Purge,,Sideboard,3,1,5 C Teachings,RaptureReady,163 tix,$ 740,241715,2014-07-31,Modern Daily #7332716,modern,modern-daily-7332716,modern-daily-7332716-2014-07-31
37,1,Rest for the Weary,,Sideboard,3,1,5 C Teachings,RaptureReady,163 tix,$ 740,241715,2014-07-31,Modern Daily #7332716,modern,modern-daily-7332716,modern-daily-7332716-2014-07-31
38,1,Counterflux,,Sideboard,3,1,5 C Teachings,RaptureReady,163 tix,$ 740,241715,2014-07-31,Modern Daily #7332716,modern,modern-daily-7332716,modern-daily-7332716-2014-07-31
39,1,Electrolyze,,Sideboard,3,1,5 C Teachings,RaptureReady,163 tix,$ 740,241715,2014-07-31,Modern Daily #7332716,modern,modern-daily-7332716,modern-daily-7332716-2014-07-31
40,1,Timely Reinforcements,,Sideboard,3,1,5 C Teachings,RaptureReady,163 tix,$ 740,241715,2014-07-31,Modern Daily #7332716,modern,modern-daily-7332716,modern-daily-7332716-2014-07-31
41,1,Slaughter Games,,Sideboard,3,1,5 C Teachings,RaptureReady,163 tix,$ 740,241715,2014-07-31,Modern Daily #7332716,modern,modern-daily-7332716,modern-daily-7332716-2014-07-31
42,1,Voidmage Husher,,Sideboard,3,1,5 C Teachings,RaptureReady,163 tix,$ 740,241715,2014-07-31,Modern Daily #7332716,modern,modern-daily-7332716,modern-daily-7332716-2014-07-31
43,1,Wrath of God,,Sideboard,3,1,5 C Teachings,RaptureReady,163 tix,$ 740,241715,2014-07-31,Modern Daily #7332716,modern,modern-daily-7332716,modern-daily-7332716-2014-07-31
44,1,Batterskull,,Sideboard,3,1,5 C Teachings,RaptureReady,163 tix,$ 740,241715,2014-07-31,Modern Daily #7332716,modern,modern-daily-7332716,modern-daily-7332716-2014-07-31
45,1,Fracturing Gust,,Sideboard,3,1,5 C Teachings,RaptureReady,163 tix,$ 740,241715,2014-07-31,Modern Daily #7332716,modern,modern-daily-7332716,modern-daily-7332716-2014-07-31
46,1,Gideon Jura,,Sideboard,3,1,5 C Teachings,RaptureReady,163 tix,$ 740,241715,2014-07-31,Modern Daily #7332716,modern,modern-daily-7332716,modern-daily-7332716-2014-07-31
47,1,"Keranos, God of Storms",,Sideboard,3,1,5 C Teachings,RaptureReady,163 tix,$ 740,241715,2014-07-31,Modern Daily #7332716,modern,modern-daily-7332716,modern-daily-7332716-2014-07-31
1,4,Gladecover Scout,,Creatures,3,1,Bogles,zinedrei,298 tix,$ 665,241730,2014-07-31,Modern Daily #7332716,modern,modern-daily-7332716,modern-daily-7332716-2014-07-31
2,4,Slippery Bogle,,Creatures,3,1,Bogles,zinedrei,298 tix,$ 665,241730,2014-07-31,Modern Daily #7332716,modern,modern-daily-7332716,modern-daily-7332716-2014-07-31
3,4,Kor Spiritdancer,,Creatures,3,1,Bogles,zinedrei,298 tix,$ 665,241730,2014-07-31,Modern Daily #7332716,modern,modern-daily-7332716,modern-daily-7332716-2014-07-31
5,2,Path to Exile,,Spells,3,1,Bogles,zinedrei,298 tix,$ 665,241730,2014-07-31,Modern Daily #7332716,modern,modern-daily-7332716,modern-daily-7332716-2014-07-31
7,4,Ethereal Armor,,Enchantments,3,1,Bogles,zinedrei,298 tix,$ 665,241730,2014-07-31,Modern Daily #7332716,modern,modern-daily-7332716,modern-daily-7332716-2014-07-31
8,4,Hyena Umbra,,Enchantments,3,1,Bogles,zinedrei,298 tix,$ 665,241730,2014-07-31,Modern Daily #7332716,modern,modern-daily-7332716,modern-daily-7332716-2014-07-31
9,4,Rancor,,Enchantments,3,1,Bogles,zinedrei,298 tix,$ 665,241730,2014-07-31,Modern Daily #7332716,modern,modern-daily-7332716,modern-daily-7332716-2014-07-31
10,3,Spider Umbra,,Enchantments,3,1,Bogles,zinedrei,298 tix,$ 665,241730,2014-07-31,Modern Daily #7332716,modern,modern-daily-7332716,modern-daily-7332716-2014-07-31
11,1,Spirit Link,,Enchantments,3,1,Bogles,zinedrei,298 tix,$ 665,241730,2014-07-31,Modern Daily #7332716,modern,modern-daily-7332716,modern-daily-7332716-2014-07-31
12,4,Daybreak Coronet,,Enchantments,3,1,Bogles,zinedrei,298 tix,$ 665,241730,2014-07-31,Modern Daily #7332716,modern,modern-daily-7332716,modern-daily-7332716-2014-07-31
13,2,Spirit Mantle,,Enchantments,3,1,Bogles,zinedrei,298 tix,$ 665,241730,2014-07-31,Modern Daily #7332716,modern,modern-daily-7332716,modern-daily-7332716-2014-07-31
14,4,Suppression Field,,Enchantments,3,1,Bogles,zinedrei,298 tix,$ 665,241730,2014-07-31,Modern Daily #7332716,modern,modern-daily-7332716,modern-daily-7332716-2014-07-31
16,4,Brushland,,Lands,3,1,Bogles,zinedrei,298 tix,$ 665,241730,2014-07-31,Modern Daily #7332716,modern,modern-daily-7332716,modern-daily-7332716-2014-07-31
17,2,Forest,,Lands,3,1,Bogles,zinedrei,298 tix,$ 665,241730,2014-07-31,Modern Daily #7332716,modern,modern-daily-7332716,modern-daily-7332716-2014-07-31
18,4,Horizon Canopy,,Lands,3,1,Bogles,zinedrei,298 tix,$ 665,241730,2014-07-31,Modern Daily #7332716,modern,modern-daily-7332716,modern-daily-7332716-2014-07-31
19,2,Plains,,Lands,3,1,Bogles,zinedrei,298 tix,$ 665,241730,2014-07-31,Modern Daily #7332716,modern,modern-daily-7332716,modern-daily-7332716-2014-07-31
20,4,Razorverge Thicket,,Lands,3,1,Bogles,zinedrei,298 tix,$ 665,241730,2014-07-31,Modern Daily #7332716,modern,modern-daily-7332716,modern-daily-7332716-2014-07-31
21,4,Temple Garden,,Lands,3,1,Bogles,zinedrei,298 tix,$ 665,241730,2014-07-31,Modern Daily #7332716,modern,modern-daily-7332716,modern-daily-7332716-2014-07-31
23,1,Grafdigger's Cage,,Sideboard,3,1,Bogles,zinedrei,298 tix,$ 665,241730,2014-07-31,Modern Daily #7332716,modern,modern-daily-7332716,modern-daily-7332716-2014-07-31
24,2,Guttural Response,,Sideboard,3,1,Bogles,zinedrei,298 tix,$ 665,241730,2014-07-31,Modern Daily #7332716,modern,modern-daily-7332716,modern-daily-7332716-2014-07-31
25,2,Nature's Claim,,Sideboard,3,1,Bogles,zinedrei,298 tix,$ 665,241730,2014-07-31,Modern Daily #7332716,modern,modern-daily-7332716,modern-daily-7332716-2014-07-31
26,2,Rest in Peace,,Sideboard,3,1,Bogles,zinedrei,298 tix,$ 665,241730,2014-07-31,Modern Daily #7332716,modern,modern-daily-7332716,modern-daily-7332716-2014-07-31
27,4,Stony Silence,,Sideboard,3,1,Bogles,zinedrei,298 tix,$ 665,241730,2014-07-31,Modern Daily #7332716,modern,modern-daily-7332716,modern-daily-7332716-2014-07-31
28,4,Leyline of Sanctity,,Sideboard,3,1,Bogles,zinedrei,298 tix,$ 665,241730,2014-07-31,Modern Daily #7332716,modern,modern-daily-7332716,modern-daily-7332716-2014-07-31
1,4,Goblin Guide,,Creatures,3,1,Burn,shardless,87 tix,$ 236,241717,2014-07-31,Modern Daily #7332716,modern,modern-daily-7332716,modern-daily-7332716-2014-07-31
2,2,Grim Lavamancer,,Creatures,3,1,Burn,shardless,87 tix,$ 236,241717,2014-07-31,Modern Daily #7332716,modern,modern-daily-7332716,modern-daily-7332716-2014-07-31
3,4,Vexing Devil,,Creatures,3,1,Burn,shardless,87 tix,$ 236,241717,2014-07-31,Modern Daily #7332716,modern,modern-daily-7332716,modern-daily-7332716-2014-07-31
4,4,Eidolon of the Great Revel,,Creatures,3,1,Burn,shardless,87 tix,$ 236,241717,2014-07-31,Modern Daily #7332716,modern,modern-daily-7332716,modern-daily-7332716-2014-07-31
6,4,Lava Spike,,Spells,3,1,Burn,shardless,87 tix,$ 236,241717,2014-07-31,Modern Daily #7332716,modern,modern-daily-7332716,modern-daily-7332716-2014-07-31
7,4,Lightning Bolt,,Spells,3,1,Burn,shardless,87 tix,$ 236,241717,2014-07-31,Modern Daily #7332716,modern,modern-daily-7332716,modern-daily-7332716-2014-07-31
8,2,Searing Blaze,,Spells,3,1,Burn,shardless,87 tix,$ 236,241717,2014-07-31,Modern Daily #7332716,modern,modern-daily-7332716,modern-daily-7332716-2014-07-31
9,4,Skullcrack,,Spells,3,1,Burn,shardless,87 tix,$ 236,241717,2014-07-31,Modern Daily #7332716,modern,modern-daily-7332716,modern-daily-7332716-2014-07-31
10,4,Flames of the Blood Hand,,Spells,3,1,Burn,shardless,87 tix,$ 236,241717,2014-07-31,Modern Daily #7332716,modern,modern-daily-7332716,modern-daily-7332716-2014-07-31
11,4,Rift Bolt,,Spells,3,1,Burn,shardless,87 tix,$ 236,241717,2014-07-31,Modern Daily #7332716,modern,modern-daily-7332716,modern-daily-7332716-2014-07-31
13,4,Shrine of Burning Rage,,Artifacts,3,1,Burn,shardless,87 tix,$ 236,241717,2014-07-31,Modern Daily #7332716,modern,modern-daily-7332716,modern-daily-7332716-2014-07-31
15,20,Mountain,,Lands,3,1,Burn,shardless,87 tix,$ 236,241717,2014-07-31,Modern Daily #7332716,modern,modern-daily-7332716,modern-daily-7332716-2014-07-31
17,3,Combust,,Sideboard,3,1,Burn,shardless,87 tix,$ 236,241717,2014-07-31,Modern Daily #7332716,modern,modern-daily-7332716,modern-daily-7332716-2014-07-31
18,2,Searing Blaze,,Sideboard,3,1,Burn,shardless,87 tix,$ 236,241717,2014-07-31,Modern Daily #7332716,modern,modern-daily-7332716,modern-daily-7332716-2014-07-31
19,3,Smash to Smithereens,,Sideboard,3,1,Burn,shardless,87 tix,$ 236,241717,2014-07-31,Modern Daily #7332716,modern,modern-daily-7332716,modern-daily-7332716-2014-07-31
20,2,Anger of the Gods,,Sideboard,3,1,Burn,shardless,87 tix,$ 236,241717,2014-07-31,Modern Daily #7332716,modern,modern-daily-7332716,modern-daily-7332716-2014-07-31
21,2,Molten Rain,,Sideboard,3,1,Burn,shardless,87 tix,$ 236,241717,2014-07-31,Modern Daily #7332716,modern,modern-daily-7332716,modern-daily-7332716-2014-07-31
22,3,Ricochet Trap,,Sideboard,3,1,Burn,shardless,87 tix,$ 236,241717,2014-07-31,Modern Daily #7332716,modern,modern-daily-7332716,modern-daily-7332716-2014-07-31
1,4,Goblin Guide,,Creatures,3,1,Burn,Vyr1s,81 tix,$ 174,241720,2014-07-31,Modern Daily #7332716,modern,modern-daily-7332716,modern-daily-7332716-2014-07-31
2,4,Spark Elemental,,Creatures,3,1,Burn,Vyr1s,81 tix,$ 174,241720,2014-07-31,Modern Daily #7332716,modern,modern-daily-7332716,modern-daily-7332716-2014-07-31
3,4,Eidolon of the Great Revel,,Creatures,3,1,Burn,Vyr1s,81 tix,$ 174,241720,2014-07-31,Modern Daily #7332716,modern,modern-daily-7332716,modern-daily-7332716-2014-07-31
4,4,Hellspark Elemental,,Creatures,3,1,Burn,Vyr1s,81 tix,$ 174,241720,2014-07-31,Modern Daily #7332716,modern,modern-daily-7332716,modern-daily-7332716-2014-07-31
6,4,Lightning Bolt,,Spells,3,1,Burn,Vyr1s,81 tix,$ 174,241720,2014-07-31,Modern Daily #7332716,modern,modern-daily-7332716,modern-daily-7332716-2014-07-31
7,3,Shard Volley,,Spells,3,1,Burn,Vyr1s,81 tix,$ 174,241720,2014-07-31,Modern Daily #7332716,modern,modern-daily-7332716,modern-daily-7332716-2014-07-31
8,2,Magma Jet,,Spells,3,1,Burn,Vyr1s,81 tix,$ 174,241720,2014-07-31,Modern Daily #7332716,modern,modern-daily-7332716,modern-daily-7332716-2014-07-31
9,2,Searing Blaze,,Spells,3,1,Burn,Vyr1s,81 tix,$ 174,241720,2014-07-31,Modern Daily #7332716,modern,modern-daily-7332716,modern-daily-7332716-2014-07-31
10,2,Searing Blood,,Spells,3,1,Burn,Vyr1s,81 tix,$ 174,241720,2014-07-31,Modern Daily #7332716,modern,modern-daily-7332716,modern-daily-7332716-2014-07-31
11,3,Skullcrack,,Spells,3,1,Burn,Vyr1s,81 tix,$ 174,241720,2014-07-31,Modern Daily #7332716,modern,modern-daily-7332716,modern-daily-7332716-2014-07-31
12,4,Flames of the Blood Hand,,Spells,3,1,Burn,Vyr1s,81 tix,$ 174,241720,2014-07-31,Modern Daily #7332716,modern,modern-daily-7332716,modern-daily-7332716-2014-07-31
13,4,Rift Bolt,,Spells,3,1,Burn,Vyr1s,81 tix,$ 174,241720,2014-07-31,Modern Daily #7332716,modern,modern-daily-7332716,modern-daily-7332716-2014-07-31
15,20,Mountain,,Lands,3,1,Burn,Vyr1s,81 tix,$ 174,241720,2014-07-31,Modern Daily #7332716,modern,modern-daily-7332716,modern-daily-7332716-2014-07-31
17,2,Relic of Progenitus,,Sideboard,3,1,Burn,Vyr1s,81 tix,$ 174,241720,2014-07-31,Modern Daily #7332716,modern,modern-daily-7332716,modern-daily-7332716-2014-07-31
18,3,Combust,,Sideboard,3,1,Burn,Vyr1s,81 tix,$ 174,241720,2014-07-31,Modern Daily #7332716,modern,modern-daily-7332716,modern-daily-7332716-2014-07-31
19,2,Dragon's Claw,,Sideboard,3,1,Burn,Vyr1s,81 tix,$ 174,241720,2014-07-31,Modern Daily #7332716,modern,modern-daily-7332716,modern-daily-7332716-2014-07-31
20,1,Searing Blood,,Sideboard,3,1,Burn,Vyr1s,81 tix,$ 174,241720,2014-07-31,Modern Daily #7332716,modern,modern-daily-7332716,modern-daily-7332716-2014-07-31
21,3,Smash to Smithereens,,Sideboard,3,1,Burn,Vyr1s,81 tix,$ 174,241720,2014-07-31,Modern Daily #7332716,modern,modern-daily-7332716,modern-daily-7332716-2014-07-31
22,1,Anger of the Gods,,Sideboard,3,1,Burn,Vyr1s,81 tix,$ 174,241720,2014-07-31,Modern Daily #7332716,modern,modern-daily-7332716,modern-daily-7332716-2014-07-31
23,3,Molten Rain,,Sideboard,3,1,Burn,Vyr1s,81 tix,$ 174,241720,2014-07-31,Modern Daily #7332716,modern,modern-daily-7332716,modern-daily-7332716-2014-07-31
1,4,Goblin Guide,,Creatures,3,1,Burn,Vidiot222,84 tix,$ 197,241726,2014-07-31,Modern Daily #7332716,modern,modern-daily-7332716,modern-daily-7332716-2014-07-31
2,4,Eidolon of the Great Revel,,Creatures,3,1,Burn,Vidiot222,84 tix,$ 197,241726,2014-07-31,Modern Daily #7332716,modern,modern-daily-7332716,modern-daily-7332716-2014-07-31
3,4,Hellspark Elemental,,Creatures,3,1,Burn,Vidiot222,84 tix,$ 197,241726,2014-07-31,Modern Daily #7332716,modern,modern-daily-7332716,modern-daily-7332716-2014-07-31
5,4,Lava Spike,,Spells,3,1,Burn,Vidiot222,84 tix,$ 197,241726,2014-07-31,Modern Daily #7332716,modern,modern-daily-7332716,modern-daily-7332716-2014-07-31
6,4,Lightning Bolt,,Spells,3,1,Burn,Vidiot222,84 tix,$ 197,241726,2014-07-31,Modern Daily #7332716,modern,modern-daily-7332716,modern-daily-7332716-2014-07-31
7,2,Shard Volley,,Spells,3,1,Burn,Vidiot222,84 tix,$ 197,241726,2014-07-31,Modern Daily #7332716,modern,modern-daily-7332716,modern-daily-7332716-2014-07-31
8,2,Magma Jet,,Spells,3,1,Burn,Vidiot222,84 tix,$ 197,241726,2014-07-31,Modern Daily #7332716,modern,modern-daily-7332716,modern-daily-7332716-2014-07-31
9,4,Searing Blood,,Spells,3,1,Burn,Vidiot222,84 tix,$ 197,241726,2014-07-31,Modern Daily #7332716,modern,modern-daily-7332716,modern-daily-7332716-2014-07-31
10,4,Skullcrack,,Spells,3,1,Burn,Vidiot222,84 tix,$ 197,241726,2014-07-31,Modern Daily #7332716,modern,modern-daily-7332716,modern-daily-7332716-2014-07-31
11,4,Flames of the Blood Hand,,Spells,3,1,Burn,Vidiot222,84 tix,$ 197,241726,2014-07-31,Modern Daily #7332716,modern,modern-daily-7332716,modern-daily-7332716-2014-07-31
12,4,Rift Bolt,,Spells,3,1,Burn,Vidiot222,84 tix,$ 197,241726,2014-07-31,Modern Daily #7332716,modern,modern-daily-7332716,modern-daily-7332716-2014-07-31
14,20,Mountain,,Lands,3,1,Burn,Vidiot222,84 tix,$ 197,241726,2014-07-31,Modern Daily #7332716,modern,modern-daily-7332716,modern-daily-7332716-2014-07-31
16,2,Relic of Progenitus,,Sideboard,3,1,Burn,Vidiot222,84 tix,$ 197,241726,2014-07-31,Modern Daily #7332716,modern,modern-daily-7332716,modern-daily-7332716-2014-07-31
17,3,Combust,,Sideboard,3,1,Burn,Vidiot222,84 tix,$ 197,241726,2014-07-31,Modern Daily #7332716,modern,modern-daily-7332716,modern-daily-7332716-2014-07-31
18,3,Searing Blaze,,Sideboard,3,1,Burn,Vidiot222,84 tix,$ 197,241726,2014-07-31,Modern Daily #7332716,modern,modern-daily-7332716,modern-daily-7332716-2014-07-31
19,3,Smash to Smithereens,,Sideboard,3,1,Burn,Vidiot222,84 tix,$ 197,241726,2014-07-31,Modern Daily #7332716,modern,modern-daily-7332716,modern-daily-7332716-2014-07-31
20,4,Molten Rain,,Sideboard,3,1,Burn,Vidiot222,84 tix,$ 197,241726,2014-07-31,Modern Daily #7332716,modern,modern-daily-7332716,modern-daily-7332716-2014-07-31
1,2,Judge's Familiar,,Creatures,3,1,Death and Taxes,fengshai,119 tix,$ 393,241731,2014-07-31,Modern Daily #7332716,modern,modern-daily-7332716,modern-daily-7332716-2014-07-31
2,4,Leonin Arbiter,,Creatures,3,1,Death and Taxes,fengshai,119 tix,$ 393,241731,2014-07-31,Modern Daily #7332716,modern,modern-daily-7332716,modern-daily-7332716-2014-07-31
3,3,Serra Avenger,,Creatures,3,1,Death and Taxes,fengshai,119 tix,$ 393,241731,2014-07-31,Modern Daily #7332716,modern,modern-daily-7332716,modern-daily-7332716-2014-07-31
4,4,"Thalia, Guardian of Thraben",,Creatures,3,1,Death and Taxes,fengshai,119 tix,$ 393,241731,2014-07-31,Modern Daily #7332716,modern,modern-daily-7332716,modern-daily-7332716-2014-07-31
5,2,Aven Mindcensor,,Creatures,3,1,Death and Taxes,fengshai,119 tix,$ 393,241731,2014-07-31,Modern Daily #7332716,modern,modern-daily-7332716,modern-daily-7332716-2014-07-31
6,3,Blade Splicer,,Creatures,3,1,Death and Taxes,fengshai,119 tix,$ 393,241731,2014-07-31,Modern Daily #7332716,modern,modern-daily-7332716,modern-daily-7332716-2014-07-31
7,1,"Brimaz, King of Oreskos",,Creatures,3,1,Death and Taxes,fengshai,119 tix,$ 393,241731,2014-07-31,Modern Daily #7332716,modern,modern-daily-7332716,modern-daily-7332716-2014-07-31
8,4,Flickerwisp,,Creatures,3,1,Death and Taxes,fengshai,119 tix,$ 393,241731,2014-07-31,Modern Daily #7332716,modern,modern-daily-7332716,modern-daily-7332716-2014-07-31
9,3,Mirran Crusader,,Creatures,3,1,Death and Taxes,fengshai,119 tix,$ 393,241731,2014-07-31,Modern Daily #7332716,modern,modern-daily-7332716,modern-daily-7332716-2014-07-31
10,1,Stonecloaker,,Creatures,3,1,Death and Taxes,fengshai,119 tix,$ 393,241731,2014-07-31,Modern Daily #7332716,modern,modern-daily-7332716,modern-daily-7332716-2014-07-31
12,4,Path to Exile,,Spells,3,1,Death and Taxes,fengshai,119 tix,$ 393,241731,2014-07-31,Modern Daily #7332716,modern,modern-daily-7332716,modern-daily-7332716-2014-07-31
13,1,Dismember,,Spells,3,1,Death and Taxes,fengshai,119 tix,$ 393,241731,2014-07-31,Modern Daily #7332716,modern,modern-daily-7332716,modern-daily-7332716-2014-07-31
15,4,Aether Vial,,Artifacts,3,1,Death and Taxes,fengshai,119 tix,$ 393,241731,2014-07-31,Modern Daily #7332716,modern,modern-daily-7332716,modern-daily-7332716-2014-07-31
16,1,Sword of Fire and Ice,,Artifacts,3,1,Death and Taxes,fengshai,119 tix,$ 393,241731,2014-07-31,Modern Daily #7332716,modern,modern-daily-7332716,modern-daily-7332716-2014-07-31
17,1,Sword of War and Peace,,Artifacts,3,1,Death and Taxes,fengshai,119 tix,$ 393,241731,2014-07-31,Modern Daily #7332716,modern,modern-daily-7332716,modern-daily-7332716-2014-07-31
19,1,Eiganjo Castle,,Lands,3,1,Death and Taxes,fengshai,119 tix,$ 393,241731,2014-07-31,Modern Daily #7332716,modern,modern-daily-7332716,modern-daily-7332716-2014-07-31
20,4,Ghost Quarter,,Lands,3,1,Death and Taxes,fengshai,119 tix,$ 393,241731,2014-07-31,Modern Daily #7332716,modern,modern-daily-7332716,modern-daily-7332716-2014-07-31
21,15,Plains,,Lands,3,1,Death and Taxes,fengshai,119 tix,$ 393,241731,2014-07-31,Modern Daily #7332716,modern,modern-daily-7332716,modern-daily-7332716-2014-07-31
22,2,Tectonic Edge,,Lands,3,1,Death and Taxes,fengshai,119 tix,$ 393,241731,2014-07-31,Modern Daily #7332716,modern,modern-daily-7332716,modern-daily-7332716-2014-07-31
24,1,Pithing Needle,,Sideboard,3,1,Death and Taxes,fengshai,119 tix,$ 393,241731,2014-07-31,Modern Daily #7332716,modern,modern-daily-7332716,modern-daily-7332716-2014-07-31
25,1,Ethersworn Canonist,,Sideboard,3,1,Death and Taxes,fengshai,119 tix,$ 393,241731,2014-07-31,Modern Daily #7332716,modern,modern-daily-7332716,modern-daily-7332716-2014-07-31
26,3,"Kataki, War's Wage",,Sideboard,3,1,Death and Taxes,fengshai,119 tix,$ 393,241731,2014-07-31,Modern Daily #7332716,modern,modern-daily-7332716,modern-daily-7332716-2014-07-31
27,3,Kor Firewalker,,Sideboard,3,1,Death and Taxes,fengshai,119 tix,$ 393,241731,2014-07-31,Modern Daily #7332716,modern,modern-daily-7332716,modern-daily-7332716-2014-07-31
28,2,Mark of Asylum,,Sideboard,3,1,Death and Taxes,fengshai,119 tix,$ 393,241731,2014-07-31,Modern Daily #7332716,modern,modern-daily-7332716,modern-daily-7332716-2014-07-31
29,2,Rest in Peace,,Sideboard,3,1,Death and Taxes,fengshai,119 tix,$ 393,241731,2014-07-31,Modern Daily #7332716,modern,modern-daily-7332716,modern-daily-7332716-2014-07-31
30,2,Stony Silence,,Sideboard,3,1,Death and Taxes,fengshai,119 tix,$ 393,241731,2014-07-31,Modern Daily #7332716,modern,modern-daily-7332716,modern-daily-7332716-2014-07-31
31,1,Sundering Growth,,Sideboard,3,1,Death and Taxes,fengshai,119 tix,$ 393,241731,2014-07-31,Modern Daily #7332716,modern,modern-daily-7332716,modern-daily-7332716-2014-07-31
1,2,Spellskite,,Creatures,3,1,Faeries,ManuGodineau,372 tix,"$ 1,201",241727,2014-07-31,Modern Daily #7332716,modern,modern-daily-7332716,modern-daily-7332716-2014-07-31
2,4,Vendilion Clique,,Creatures,3,1,Faeries,ManuGodineau,372 tix,"$ 1,201",241727,2014-07-31,Modern Daily #7332716,modern,modern-daily-7332716,modern-daily-7332716-2014-07-31
3,4,Mistbind Clique,,Creatures,3,1,Faeries,ManuGodineau,372 tix,"$ 1,201",241727,2014-07-31,Modern Daily #7332716,modern,modern-daily-7332716,modern-daily-7332716-2014-07-31
4,2,Sower of Temptation,,Creatures,3,1,Faeries,ManuGodineau,372 tix,"$ 1,201",241727,2014-07-31,Modern Daily #7332716,modern,modern-daily-7332716,modern-daily-7332716-2014-07-31
6,4,Inquisition of Kozilek,,Spells,3,1,Faeries,ManuGodineau,372 tix,"$ 1,201",241727,2014-07-31,Modern Daily #7332716,modern,modern-daily-7332716,modern-daily-7332716-2014-07-31
7,4,Serum Visions,,Spells,3,1,Faeries,ManuGodineau,372 tix,"$ 1,201",241727,2014-07-31,Modern Daily #7332716,modern,modern-daily-7332716,modern-daily-7332716-2014-07-31
8,2,Thoughtseize,,Spells,3,1,Faeries,ManuGodineau,372 tix,"$ 1,201",241727,2014-07-31,Modern Daily #7332716,modern,modern-daily-7332716,modern-daily-7332716-2014-07-31
9,2,Smother,,Spells,3,1,Faeries,ManuGodineau,372 tix,"$ 1,201",241727,2014-07-31,Modern Daily #7332716,modern,modern-daily-7332716,modern-daily-7332716-2014-07-31
10,4,Cryptic Command,,Spells,3,1,Faeries,ManuGodineau,372 tix,"$ 1,201",241727,2014-07-31,Modern Daily #7332716,modern,modern-daily-7332716,modern-daily-7332716-2014-07-31
12,2,Sword of Feast and Famine,,Artifacts,3,1,Faeries,ManuGodineau,372 tix,"$ 1,201",241727,2014-07-31,Modern Daily #7332716,modern,modern-daily-7332716,modern-daily-7332716-2014-07-31
14,4,Bitterblossom,,Enchantments,3,1,Faeries,ManuGodineau,372 tix,"$ 1,201",241727,2014-07-31,Modern Daily #7332716,modern,modern-daily-7332716,modern-daily-7332716-2014-07-31
16,4,Creeping Tar Pit,,Lands,3,1,Faeries,ManuGodineau,372 tix,"$ 1,201",241727,2014-07-31,Modern Daily #7332716,modern,modern-daily-7332716,modern-daily-7332716-2014-07-31
17,4,Darkslick Shores,,Lands,3,1,Faeries,ManuGodineau,372 tix,"$ 1,201",241727,2014-07-31,Modern Daily #7332716,modern,modern-daily-7332716,modern-daily-7332716-2014-07-31
18,4,Island,,Lands,3,1,Faeries,ManuGodineau,372 tix,"$ 1,201",241727,2014-07-31,Modern Daily #7332716,modern,modern-daily-7332716,modern-daily-7332716-2014-07-31
19,4,Mutavault,,Lands,3,1,Faeries,ManuGodineau,372 tix,"$ 1,201",241727,2014-07-31,Modern Daily #7332716,modern,modern-daily-7332716,modern-daily-7332716-2014-07-31
20,4,River of Tears,,Lands,3,1,Faeries,ManuGodineau,372 tix,"$ 1,201",241727,2014-07-31,Modern Daily #7332716,modern,modern-daily-7332716,modern-daily-7332716-2014-07-31
21,4,Secluded Glen,,Lands,3,1,Faeries,ManuGodineau,372 tix,"$ 1,201",241727,2014-07-31,Modern Daily #7332716,modern,modern-daily-7332716,modern-daily-7332716-2014-07-31
22,2,Tectonic Edge,,Lands,3,1,Faeries,ManuGodineau,372 tix,"$ 1,201",241727,2014-07-31,Modern Daily #7332716,modern,modern-daily-7332716,modern-daily-7332716-2014-07-31
24,4,Engineered Explosives,,Sideboard,3,1,Faeries,ManuGodineau,372 tix,"$ 1,201",241727,2014-07-31,Modern Daily #7332716,modern,modern-daily-7332716,modern-daily-7332716-2014-07-31
25,2,Peppersmoke,,Sideboard,3,1,Faeries,ManuGodineau,372 tix,"$ 1,201",241727,2014-07-31,Modern Daily #7332716,modern,modern-daily-7332716,modern-daily-7332716-2014-07-31
26,2,Thoughtseize,,Sideboard,3,1,Faeries,ManuGodineau,372 tix,"$ 1,201",241727,2014-07-31,Modern Daily #7332716,modern,modern-daily-7332716,modern-daily-7332716-2014-07-31
27,2,Negate,,Sideboard,3,1,Faeries,ManuGodineau,372 tix,"$ 1,201",241727,2014-07-31,Modern Daily #7332716,modern,modern-daily-7332716,modern-daily-7332716-2014-07-31
28,3,Vampire Nighthawk,,Sideboard,3,1,Faeries,ManuGodineau,372 tix,"$ 1,201",241727,2014-07-31,Modern Daily #7332716,modern,modern-daily-7332716,modern-daily-7332716-2014-07-31
29,2,Sower of Temptation,,Sideboard,3,1,Faeries,ManuGodineau,372 tix,"$ 1,201",241727,2014-07-31,Modern Daily #7332716,modern,modern-daily-7332716,modern-daily-7332716-2014-07-31
1,4,Birds of Paradise,,Creatures,3,1,Kiki Pod,Narwil,312 tix,$ 775,241713,2014-07-31,Modern Daily #7332716,modern,modern-daily-7332716,modern-daily-7332716-2014-07-31
2,4,Noble Hierarch,,Creatures,3,1,Kiki Pod,Narwil,312 tix,$ 775,241713,2014-07-31,Modern Daily #7332716,modern,modern-daily-7332716,modern-daily-7332716-2014-07-31
3,1,Phantasmal Image,,Creatures,3,1,Kiki Pod,Narwil,312 tix,$ 775,241713,2014-07-31,Modern Daily #7332716,modern,modern-daily-7332716,modern-daily-7332716-2014-07-31
4,1,Qasali Pridemage,,Creatures,3,1,Kiki Pod,Narwil,312 tix,$ 775,241713,2014-07-31,Modern Daily #7332716,modern,modern-daily-7332716,modern-daily-7332716-2014-07-31
5,2,Scavenging Ooze,,Creatures,3,1,Kiki Pod,Narwil,312 tix,$ 775,241713,2014-07-31,Modern Daily #7332716,modern,modern-daily-7332716,modern-daily-7332716-2014-07-31
6,1,Spellskite,,Creatures,3,1,Kiki Pod,Narwil,312 tix,$ 775,241713,2014-07-31,Modern Daily #7332716,modern,modern-daily-7332716,modern-daily-7332716-2014-07-31
7,2,Voice of Resurgence,,Creatures,3,1,Kiki Pod,Narwil,312 tix,$ 775,241713,2014-07-31,Modern Daily #7332716,modern,modern-daily-7332716,modern-daily-7332716-2014-07-31
8,1,Wall of Roots,,Creatures,3,1,Kiki Pod,Narwil,312 tix,$ 775,241713,2014-07-31,Modern Daily #7332716,modern,modern-daily-7332716,modern-daily-7332716-2014-07-31
9,2,Deceiver Exarch,,Creatures,3,1,Kiki Pod,Narwil,312 tix,$ 775,241713,2014-07-31,Modern Daily #7332716,modern,modern-daily-7332716,modern-daily-7332716-2014-07-31
10,1,Eternal Witness,,Creatures,3,1,Kiki Pod,Narwil,312 tix,$ 775,241713,2014-07-31,Modern Daily #7332716,modern,modern-daily-7332716,modern-daily-7332716-2014-07-31
11,2,Kitchen Finks,,Creatures,3,1,Kiki Pod,Narwil,312 tix,$ 775,241713,2014-07-31,Modern Daily #7332716,modern,modern-daily-7332716,modern-daily-7332716-2014-07-31
12,1,Glen Elendra Archmage,,Creatures,3,1,Kiki Pod,Narwil,312 tix,$ 775,241713,2014-07-31,Modern Daily #7332716,modern,modern-daily-7332716,modern-daily-7332716-2014-07-31
13,1,"Linvala, Keeper of Silence",,Creatures,3,1,Kiki Pod,Narwil,312 tix,$ 775,241713,2014-07-31,Modern Daily #7332716,modern,modern-daily-7332716,modern-daily-7332716-2014-07-31
14,1,Murderous Redcap,,Creatures,3,1,Kiki Pod,Narwil,312 tix,$ 775,241713,2014-07-31,Modern Daily #7332716,modern,modern-daily-7332716,modern-daily-7332716-2014-07-31
15,3,Restoration Angel,,Creatures,3,1,Kiki Pod,Narwil,312 tix,$ 775,241713,2014-07-31,Modern Daily #7332716,modern,modern-daily-7332716,modern-daily-7332716-2014-07-31
16,2,"Kiki-Jiki, Mirror Breaker",,Creatures,3,1,Kiki Pod,Narwil,312 tix,$ 775,241713,2014-07-31,Modern Daily #7332716,modern,modern-daily-7332716,modern-daily-7332716-2014-07-31
17,1,Zealous Conscripts,,Creatures,3,1,Kiki Pod,Narwil,312 tix,$ 775,241713,2014-07-31,Modern Daily #7332716,modern,modern-daily-7332716,modern-daily-7332716-2014-07-31
19,3,Path to Exile,,Spells,3,1,Kiki Pod,Narwil,312 tix,$ 775,241713,2014-07-31,Modern Daily #7332716,modern,modern-daily-7332716,modern-daily-7332716-2014-07-31
21,4,Birthing Pod,,Artifacts,3,1,Kiki Pod,Narwil,312 tix,$ 775,241713,2014-07-31,Modern Daily #7332716,modern,modern-daily-7332716,modern-daily-7332716-2014-07-31
23,3,Arid Mesa,,Lands,3,1,Kiki Pod,Narwil,312 tix,$ 775,241713,2014-07-31,Modern Daily #7332716,modern,modern-daily-7332716,modern-daily-7332716-2014-07-31
24,1,Breeding Pool,,Lands,3,1,Kiki Pod,Narwil,312 tix,$ 775,241713,2014-07-31,Modern Daily #7332716,modern,modern-daily-7332716,modern-daily-7332716-2014-07-31
25,1,Fire-Lit Thicket,,Lands,3,1,Kiki Pod,Narwil,312 tix,$ 775,241713,2014-07-31,Modern Daily #7332716,modern,modern-daily-7332716,modern-daily-7332716-2014-07-31
26,1,Forest,,Lands,3,1,Kiki Pod,Narwil,312 tix,$ 775,241713,2014-07-31,Modern Daily #7332716,modern,modern-daily-7332716,modern-daily-7332716-2014-07-31
27,2,Gavony Township,,Lands,3,1,Kiki Pod,Narwil,312 tix,$ 775,241713,2014-07-31,Modern Daily #7332716,modern,modern-daily-7332716,modern-daily-7332716-2014-07-31
28,4,Grove of the Burnwillows,,Lands,3,1,Kiki Pod,Narwil,312 tix,$ 775,241713,2014-07-31,Modern Daily #7332716,modern,modern-daily-7332716,modern-daily-7332716-2014-07-31
29,1,Hallowed Fountain,,Lands,3,1,Kiki Pod,Narwil,312 tix,$ 775,241713,2014-07-31,Modern Daily #7332716,modern,modern-daily-7332716,modern-daily-7332716-2014-07-31
30,4,Misty Rainforest,,Lands,3,1,Kiki Pod,Narwil,312 tix,$ 775,241713,2014-07-31,Modern Daily #7332716,modern,modern-daily-7332716,modern-daily-7332716-2014-07-31
31,1,Plains,,Lands,3,1,Kiki Pod,Narwil,312 tix,$ 775,241713,2014-07-31,Modern Daily #7332716,modern,modern-daily-7332716,modern-daily-7332716-2014-07-31
32,1,Razorverge Thicket,,Lands,3,1,Kiki Pod,Narwil,312 tix,$ 775,241713,2014-07-31,Modern Daily #7332716,modern,modern-daily-7332716,modern-daily-7332716-2014-07-31
33,1,Sacred Foundry,,Lands,3,1,Kiki Pod,Narwil,312 tix,$ 775,241713,2014-07-31,Modern Daily #7332716,modern,modern-daily-7332716,modern-daily-7332716-2014-07-31
34,1,Steam Vents,,Lands,3,1,Kiki Pod,Narwil,312 tix,$ 775,241713,2014-07-31,Modern Daily #7332716,modern,modern-daily-7332716,modern-daily-7332716-2014-07-31
35,1,Stomping Ground,,Lands,3,1,Kiki Pod,Narwil,312 tix,$ 775,241713,2014-07-31,Modern Daily #7332716,modern,modern-daily-7332716,modern-daily-7332716-2014-07-31
36,1,Temple Garden,,Lands,3,1,Kiki Pod,Narwil,312 tix,$ 775,241713,2014-07-31,Modern Daily #7332716,modern,modern-daily-7332716,modern-daily-7332716-2014-07-31
38,1,Ancient Grudge,,Sideboard,3,1,Kiki Pod,Narwil,312 tix,$ 775,241713,2014-07-31,Modern Daily #7332716,modern,modern-daily-7332716,modern-daily-7332716-2014-07-31
39,2,Negate,,Sideboard,3,1,Kiki Pod,Narwil,312 tix,$ 775,241713,2014-07-31,Modern Daily #7332716,modern,modern-daily-7332716,modern-daily-7332716-2014-07-31
40,1,Eidolon of Rhetoric,,Sideboard,3,1,Kiki Pod,Narwil,312 tix,$ 775,241713,2014-07-31,Modern Daily #7332716,modern,modern-daily-7332716,modern-daily-7332716-2014-07-31
41,1,Fiery Justice,,Sideboard,3,1,Kiki Pod,Narwil,312 tix,$ 775,241713,2014-07-31,Modern Daily #7332716,modern,modern-daily-7332716,modern-daily-7332716-2014-07-31
42,1,Harmonic Sliver,,Sideboard,3,1,Kiki Pod,Narwil,312 tix,$ 775,241713,2014-07-31,Modern Daily #7332716,modern,modern-daily-7332716,modern-daily-7332716-2014-07-31
43,1,Izzet Staticaster,,Sideboard,3,1,Kiki Pod,Narwil,312 tix,$ 775,241713,2014-07-31,Modern Daily #7332716,modern,modern-daily-7332716,modern-daily-7332716-2014-07-31
44,1,Avalanche Riders,,Sideboard,3,1,Kiki Pod,Narwil,312 tix,$ 775,241713,2014-07-31,Modern Daily #7332716,modern,modern-daily-7332716,modern-daily-7332716-2014-07-31
45,1,Obstinate Baloth,,Sideboard,3,1,Kiki Pod,Narwil,312 tix,$ 775,241713,2014-07-31,Modern Daily #7332716,modern,modern-daily-7332716,modern-daily-7332716-2014-07-31
46,1,Sowing Salt,,Sideboard,3,1,Kiki Pod,Narwil,312 tix,$ 775,241713,2014-07-31,Modern Daily #7332716,modern,modern-daily-7332716,modern-daily-7332716-2014-07-31
47,1,"Thrun, the Last Troll",,Sideboard,3,1,Kiki Pod,Narwil,312 tix,$ 775,241713,2014-07-31,Modern Daily #7332716,modern,modern-daily-7332716,modern-daily-7332716-2014-07-31
48,1,"Sigarda, Host of Herons",,Sideboard,3,1,Kiki Pod,Narwil,312 tix,$ 775,241713,2014-07-31,Modern Daily #7332716,modern,modern-daily-7332716,modern-daily-7332716-2014-07-31
1,4,Birds of Paradise,,Creatures,3,1,Kiki Pod,dk640,309 tix,$ 792,241732,2014-07-31,Modern Daily #7332716,modern,modern-daily-7332716,modern-daily-7332716-2014-07-31
2,4,Noble Hierarch,,Creatures,3,1,Kiki Pod,dk640,309 tix,$ 792,241732,2014-07-31,Modern Daily #7332716,modern,modern-daily-7332716,modern-daily-7332716-2014-07-31
3,1,Phantasmal Image,,Creatures,3,1,Kiki Pod,dk640,309 tix,$ 792,241732,2014-07-31,Modern Daily #7332716,modern,modern-daily-7332716,modern-daily-7332716-2014-07-31
4,1,Qasali Pridemage,,Creatures,3,1,Kiki Pod,dk640,309 tix,$ 792,241732,2014-07-31,Modern Daily #7332716,modern,modern-daily-7332716,modern-daily-7332716-2014-07-31
5,1,Scavenging Ooze,,Creatures,3,1,Kiki Pod,dk640,309 tix,$ 792,241732,2014-07-31,Modern Daily #7332716,modern,modern-daily-7332716,modern-daily-7332716-2014-07-31
6,1,Spellskite,,Creatures,3,1,Kiki Pod,dk640,309 tix,$ 792,241732,2014-07-31,Modern Daily #7332716,modern,modern-daily-7332716,modern-daily-7332716-2014-07-31
7,2,Voice of Resurgence,,Creatures,3,1,Kiki Pod,dk640,309 tix,$ 792,241732,2014-07-31,Modern Daily #7332716,modern,modern-daily-7332716,modern-daily-7332716-2014-07-31
8,1,Wall of Roots,,Creatures,3,1,Kiki Pod,dk640,309 tix,$ 792,241732,2014-07-31,Modern Daily #7332716,modern,modern-daily-7332716,modern-daily-7332716-2014-07-31
9,1,Deceiver Exarch,,Creatures,3,1,Kiki Pod,dk640,309 tix,$ 792,241732,2014-07-31,Modern Daily #7332716,modern,modern-daily-7332716,modern-daily-7332716-2014-07-31
10,1,Eternal Witness,,Creatures,3,1,Kiki Pod,dk640,309 tix,$ 792,241732,2014-07-31,Modern Daily #7332716,modern,modern-daily-7332716,modern-daily-7332716-2014-07-31
11,3,Kitchen Finks,,Creatures,3,1,Kiki Pod,dk640,309 tix,$ 792,241732,2014-07-31,Modern Daily #7332716,modern,modern-daily-7332716,modern-daily-7332716-2014-07-31
12,1,Glen Elendra Archmage,,Creatures,3,1,Kiki Pod,dk640,309 tix,$ 792,241732,2014-07-31,Modern Daily #7332716,modern,modern-daily-7332716,modern-daily-7332716-2014-07-31
13,1,"Linvala, Keeper of Silence",,Creatures,3,1,Kiki Pod,dk640,309 tix,$ 792,241732,2014-07-31,Modern Daily #7332716,modern,modern-daily-7332716,modern-daily-7332716-2014-07-31
14,1,Murderous Redcap,,Creatures,3,1,Kiki Pod,dk640,309 tix,$ 792,241732,2014-07-31,Modern Daily #7332716,modern,modern-daily-7332716,modern-daily-7332716-2014-07-31
15,3,Restoration Angel,,Creatures,3,1,Kiki Pod,dk640,309 tix,$ 792,241732,2014-07-31,Modern Daily #7332716,modern,modern-daily-7332716,modern-daily-7332716-2014-07-31
16,2,"Kiki-Jiki, Mirror Breaker",,Creatures,3,1,Kiki Pod,dk640,309 tix,$ 792,241732,2014-07-31,Modern Daily #7332716,modern,modern-daily-7332716,modern-daily-7332716-2014-07-31
17,1,Zealous Conscripts,,Creatures,3,1,Kiki Pod,dk640,309 tix,$ 792,241732,2014-07-31,Modern Daily #7332716,modern,modern-daily-7332716,modern-daily-7332716-2014-07-31
19,2,Path to Exile,,Spells,3,1,Kiki Pod,dk640,309 tix,$ 792,241732,2014-07-31,Modern Daily #7332716,modern,modern-daily-7332716,modern-daily-7332716-2014-07-31
20,2,Chord of Calling,,Spells,3,1,Kiki Pod,dk640,309 tix,$ 792,241732,2014-07-31,Modern Daily #7332716,modern,modern-daily-7332716,modern-daily-7332716-2014-07-31
22,4,Birthing Pod,,Artifacts,3,1,Kiki Pod,dk640,309 tix,$ 792,241732,2014-07-31,Modern Daily #7332716,modern,modern-daily-7332716,modern-daily-7332716-2014-07-31
24,4,Arid Mesa,,Lands,3,1,Kiki Pod,dk640,309 tix,$ 792,241732,2014-07-31,Modern Daily #7332716,modern,modern-daily-7332716,modern-daily-7332716-2014-07-31
25,1,Breeding Pool,,Lands,3,1,Kiki Pod,dk640,309 tix,$ 792,241732,2014-07-31,Modern Daily #7332716,modern,modern-daily-7332716,modern-daily-7332716-2014-07-31
26,1,Fire-Lit Thicket,,Lands,3,1,Kiki Pod,dk640,309 tix,$ 792,241732,2014-07-31,Modern Daily #7332716,modern,modern-daily-7332716,modern-daily-7332716-2014-07-31
27,2,Forest,,Lands,3,1,Kiki Pod,dk640,309 tix,$ 792,241732,2014-07-31,Modern Daily #7332716,modern,modern-daily-7332716,modern-daily-7332716-2014-07-31
28,2,Gavony Township,,Lands,3,1,Kiki Pod,dk640,309 tix,$ 792,241732,2014-07-31,Modern Daily #7332716,modern,modern-daily-7332716,modern-daily-7332716-2014-07-31
29,4,Grove of the Burnwillows,,Lands,3,1,Kiki Pod,dk640,309 tix,$ 792,241732,2014-07-31,Modern Daily #7332716,modern,modern-daily-7332716,modern-daily-7332716-2014-07-31
30,1,Hallowed Fountain,,Lands,3,1,Kiki Pod,dk640,309 tix,$ 792,241732,2014-07-31,Modern Daily #7332716,modern,modern-daily-7332716,modern-daily-7332716-2014-07-31
31,3,Misty Rainforest,,Lands,3,1,Kiki Pod,dk640,309 tix,$ 792,241732,2014-07-31,Modern Daily #7332716,modern,modern-daily-7332716,modern-daily-7332716-2014-07-31
32,1,Plains,,Lands,3,1,Kiki Pod,dk640,309 tix,$ 792,241732,2014-07-31,Modern Daily #7332716,modern,modern-daily-7332716,modern-daily-7332716-2014-07-31
33,1,Sacred Foundry,,Lands,3,1,Kiki Pod,dk640,309 tix,$ 792,241732,2014-07-31,Modern Daily #7332716,modern,modern-daily-7332716,modern-daily-7332716-2014-07-31
34,1,Steam Vents,,Lands,3,1,Kiki Pod,dk640,309 tix,$ 792,241732,2014-07-31,Modern Daily #7332716,modern,modern-daily-7332716,modern-daily-7332716-2014-07-31
35,1,Stomping Ground,,Lands,3,1,Kiki Pod,dk640,309 tix,$ 792,241732,2014-07-31,Modern Daily #7332716,modern,modern-daily-7332716,modern-daily-7332716-2014-07-31
36,1,Temple Garden,,Lands,3,1,Kiki Pod,dk640,309 tix,$ 792,241732,2014-07-31,Modern Daily #7332716,modern,modern-daily-7332716,modern-daily-7332716-2014-07-31
38,1,Combust,,Sideboard,3,1,Kiki Pod,dk640,309 tix,$ 792,241732,2014-07-31,Modern Daily #7332716,modern,modern-daily-7332716,modern-daily-7332716-2014-07-31
39,1,"Kataki, War's Wage",,Sideboard,3,1,Kiki Pod,dk640,309 tix,$ 792,241732,2014-07-31,Modern Daily #7332716,modern,modern-daily-7332716,modern-daily-7332716-2014-07-31
40,2,Negate,,Sideboard,3,1,Kiki Pod,dk640,309 tix,$ 792,241732,2014-07-31,Modern Daily #7332716,modern,modern-daily-7332716,modern-daily-7332716-2014-07-31
41,1,"Thalia, Guardian of Thraben",,Sideboard,3,1,Kiki Pod,dk640,309 tix,$ 792,241732,2014-07-31,Modern Daily #7332716,modern,modern-daily-7332716,modern-daily-7332716-2014-07-31
42,1,Aven Mindcensor,,Sideboard,3,1,Kiki Pod,dk640,309 tix,$ 792,241732,2014-07-31,Modern Daily #7332716,modern,modern-daily-7332716,modern-daily-7332716-2014-07-31
43,1,Eidolon of Rhetoric,,Sideboard,3,1,Kiki Pod,dk640,309 tix,$ 792,241732,2014-07-31,Modern Daily #7332716,modern,modern-daily-7332716,modern-daily-7332716-2014-07-31
44,1,Harmonic Sliver,,Sideboard,3,1,Kiki Pod,dk640,309 tix,$ 792,241732,2014-07-31,Modern Daily #7332716,modern,modern-daily-7332716,modern-daily-7332716-2014-07-31
45,1,Izzet Staticaster,,Sideboard,3,1,Kiki Pod,dk640,309 tix,$ 792,241732,2014-07-31,Modern Daily #7332716,modern,modern-daily-7332716,modern-daily-7332716-2014-07-31
46,1,Avalanche Riders,,Sideboard,3,1,Kiki Pod,dk640,309 tix,$ 792,241732,2014-07-31,Modern Daily #7332716,modern,modern-daily-7332716,modern-daily-7332716-2014-07-31
47,1,Loxodon Hierarch,,Sideboard,3,1,Kiki Pod,dk640,309 tix,$ 792,241732,2014-07-31,Modern Daily #7332716,modern,modern-daily-7332716,modern-daily-7332716-2014-07-31
48,1,Shatterstorm,,Sideboard,3,1,Kiki Pod,dk640,309 tix,$ 792,241732,2014-07-31,Modern Daily #7332716,modern,modern-daily-7332716,modern-daily-7332716-2014-07-31
49,1,Sowing Salt,,Sideboard,3,1,Kiki Pod,dk640,309 tix,$ 792,241732,2014-07-31,Modern Daily #7332716,modern,modern-daily-7332716,modern-daily-7332716-2014-07-31
50,1,"Thrun, the Last Troll",,Sideboard,3,1,Kiki Pod,dk640,309 tix,$ 792,241732,2014-07-31,Modern Daily #7332716,modern,modern-daily-7332716,modern-daily-7332716-2014-07-31
51,1,"Sigarda, Host of Herons",,Sideboard,3,1,Kiki Pod,dk640,309 tix,$ 792,241732,2014-07-31,Modern Daily #7332716,modern,modern-daily-7332716,modern-daily-7332716-2014-07-31
1,1,Dryad Arbor,,Creatures,3,1,Living End,_LSN_,276 tix,$ 973,241711,2014-07-31,Modern Daily #7332716,modern,modern-daily-7332716,modern-daily-7332716-2014-07-31
2,4,Fulminator Mage,,Creatures,3,1,Living End,_LSN_,276 tix,$ 973,241711,2014-07-31,Modern Daily #7332716,modern,modern-daily-7332716,modern-daily-7332716-2014-07-31
3,2,Simian Spirit Guide,,Creatures,3,1,Living End,_LSN_,276 tix,$ 973,241711,2014-07-31,Modern Daily #7332716,modern,modern-daily-7332716,modern-daily-7332716-2014-07-31
4,2,Avalanche Riders,,Creatures,3,1,Living End,_LSN_,276 tix,$ 973,241711,2014-07-31,Modern Daily #7332716,modern,modern-daily-7332716,modern-daily-7332716-2014-07-31
5,4,Deadshot Minotaur,,Creatures,3,1,Living End,_LSN_,276 tix,$ 973,241711,2014-07-31,Modern Daily #7332716,modern,modern-daily-7332716,modern-daily-7332716-2014-07-31
6,4,Monstrous Carabid,,Creatures,3,1,Living End,_LSN_,276 tix,$ 973,241711,2014-07-31,Modern Daily #7332716,modern,modern-daily-7332716,modern-daily-7332716-2014-07-31
7,2,Shriekmaw,,Creatures,3,1,Living End,_LSN_,276 tix,$ 973,241711,2014-07-31,Modern Daily #7332716,modern,modern-daily-7332716,modern-daily-7332716-2014-07-31
8,4,Street Wraith,,Creatures,3,1,Living End,_LSN_,276 tix,$ 973,241711,2014-07-31,Modern Daily #7332716,modern,modern-daily-7332716,modern-daily-7332716-2014-07-31
9,4,Pale Recluse,,Creatures,3,1,Living End,_LSN_,276 tix,$ 973,241711,2014-07-31,Modern Daily #7332716,modern,modern-daily-7332716,modern-daily-7332716-2014-07-31
10,1,Jungle Weaver,,Creatures,3,1,Living End,_LSN_,276 tix,$ 973,241711,2014-07-31,Modern Daily #7332716,modern,modern-daily-7332716,modern-daily-7332716-2014-07-31
12,4,Living End,,Spells,3,1,Living End,_LSN_,276 tix,$ 973,241711,2014-07-31,Modern Daily #7332716,modern,modern-daily-7332716,modern-daily-7332716-2014-07-31
13,2,Beast Within,,Spells,3,1,Living End,_LSN_,276 tix,$ 973,241711,2014-07-31,Modern Daily #7332716,modern,modern-daily-7332716,modern-daily-7332716-2014-07-31
14,4,Demonic Dread,,Spells,3,1,Living End,_LSN_,276 tix,$ 973,241711,2014-07-31,Modern Daily #7332716,modern,modern-daily-7332716,modern-daily-7332716-2014-07-31
15,4,Violent Outburst,,Spells,3,1,Living End,_LSN_,276 tix,$ 973,241711,2014-07-31,Modern Daily #7332716,modern,modern-daily-7332716,modern-daily-7332716-2014-07-31
17,4,Blackcleave Cliffs,,Lands,3,1,Living End,_LSN_,276 tix,$ 973,241711,2014-07-31,Modern Daily #7332716,modern,modern-daily-7332716,modern-daily-7332716-2014-07-31
18,1,Blood Crypt,,Lands,3,1,Living End,_LSN_,276 tix,$ 973,241711,2014-07-31,Modern Daily #7332716,modern,modern-daily-7332716,modern-daily-7332716-2014-07-31
19,1,Forest,,Lands,3,1,Living End,_LSN_,276 tix,$ 973,241711,2014-07-31,Modern Daily #7332716,modern,modern-daily-7332716,modern-daily-7332716-2014-07-31
20,1,Godless Shrine,,Lands,3,1,Living End,_LSN_,276 tix,$ 973,241711,2014-07-31,Modern Daily #7332716,modern,modern-daily-7332716,modern-daily-7332716-2014-07-31
21,4,Grove of the Burnwillows,,Lands,3,1,Living End,_LSN_,276 tix,$ 973,241711,2014-07-31,Modern Daily #7332716,modern,modern-daily-7332716,modern-daily-7332716-2014-07-31
22,1,Overgrown Tomb,,Lands,3,1,Living End,_LSN_,276 tix,$ 973,241711,2014-07-31,Modern Daily #7332716,modern,modern-daily-7332716,modern-daily-7332716-2014-07-31
23,1,Stomping Ground,,Lands,3,1,Living End,_LSN_,276 tix,$ 973,241711,2014-07-31,Modern Daily #7332716,modern,modern-daily-7332716,modern-daily-7332716-2014-07-31
24,1,Swamp,,Lands,3,1,Living End,_LSN_,276 tix,$ 973,241711,2014-07-31,Modern Daily #7332716,modern,modern-daily-7332716,modern-daily-7332716-2014-07-31
25,4,Verdant Catacombs,,Lands,3,1,Living End,_LSN_,276 tix,$ 973,241711,2014-07-31,Modern Daily #7332716,modern,modern-daily-7332716,modern-daily-7332716-2014-07-31
27,1,Beast Within,,Sideboard,3,1,Living End,_LSN_,276 tix,$ 973,241711,2014-07-31,Modern Daily #7332716,modern,modern-daily-7332716,modern-daily-7332716-2014-07-31
28,2,Dismember,,Sideboard,3,1,Living End,_LSN_,276 tix,$ 973,241711,2014-07-31,Modern Daily #7332716,modern,modern-daily-7332716,modern-daily-7332716-2014-07-31
29,2,Gnaw to the Bone,,Sideboard,3,1,Living End,_LSN_,276 tix,$ 973,241711,2014-07-31,Modern Daily #7332716,modern,modern-daily-7332716,modern-daily-7332716-2014-07-31
30,4,Leyline of the Void,,Sideboard,3,1,Living End,_LSN_,276 tix,$ 973,241711,2014-07-31,Modern Daily #7332716,modern,modern-daily-7332716,modern-daily-7332716-2014-07-31
31,3,Ricochet Trap,,Sideboard,3,1,Living End,_LSN_,276 tix,$ 973,241711,2014-07-31,Modern Daily #7332716,modern,modern-daily-7332716,modern-daily-7332716-2014-07-31
32,3,Ingot Chewer,,Sideboard,3,1,Living End,_LSN_,276 tix,$ 973,241711,2014-07-31,Modern Daily #7332716,modern,modern-daily-7332716,modern-daily-7332716-2014-07-31
1,4,Birds of Paradise,,Creatures,3,1,Melira Pod,MagicInMe,285 tix,$ 878,241718,2014-07-31,Modern Daily #7332716,modern,modern-daily-7332716,modern-daily-7332716-2014-07-31
2,3,Noble Hierarch,,Creatures,3,1,Melira Pod,MagicInMe,285 tix,$ 878,241718,2014-07-31,Modern Daily #7332716,modern,modern-daily-7332716,modern-daily-7332716-2014-07-31
3,1,Viscera Seer,,Creatures,3,1,Melira Pod,MagicInMe,285 tix,$ 878,241718,2014-07-31,Modern Daily #7332716,modern,modern-daily-7332716,modern-daily-7332716-2014-07-31
4,1,"Melira, Sylvok Outcast",,Creatures,3,1,Melira Pod,MagicInMe,285 tix,$ 878,241718,2014-07-31,Modern Daily #7332716,modern,modern-daily-7332716,modern-daily-7332716-2014-07-31
5,1,Qasali Pridemage,,Creatures,3,1,Melira Pod,MagicInMe,285 tix,$ 878,241718,2014-07-31,Modern Daily #7332716,modern,modern-daily-7332716,modern-daily-7332716-2014-07-31
6,1,Scavenging Ooze,,Creatures,3,1,Melira Pod,MagicInMe,285 tix,$ 878,241718,2014-07-31,Modern Daily #7332716,modern,modern-daily-7332716,modern-daily-7332716-2014-07-31
7,1,Spellskite,,Creatures,3,1,Melira Pod,MagicInMe,285 tix,$ 878,241718,2014-07-31,Modern Daily #7332716,modern,modern-daily-7332716,modern-daily-7332716-2014-07-31
8,2,Voice of Resurgence,,Creatures,3,1,Melira Pod,MagicInMe,285 tix,$ 878,241718,2014-07-31,Modern Daily #7332716,modern,modern-daily-7332716,modern-daily-7332716-2014-07-31
9,1,Wall of Roots,,Creatures,3,1,Melira Pod,MagicInMe,285 tix,$ 878,241718,2014-07-31,Modern Daily #7332716,modern,modern-daily-7332716,modern-daily-7332716-2014-07-31
10,1,Eternal Witness,,Creatures,3,1,Melira Pod,MagicInMe,285 tix,$ 878,241718,2014-07-31,Modern Daily #7332716,modern,modern-daily-7332716,modern-daily-7332716-2014-07-31
11,3,Kitchen Finks,,Creatures,3,1,Melira Pod,MagicInMe,285 tix,$ 878,241718,2014-07-31,Modern Daily #7332716,modern,modern-daily-7332716,modern-daily-7332716-2014-07-31
12,1,Orzhov Pontiff,,Creatures,3,1,Melira Pod,MagicInMe,285 tix,$ 878,241718,2014-07-31,Modern Daily #7332716,modern,modern-daily-7332716,modern-daily-7332716-2014-07-31
13,1,Spike Feeder,,Creatures,3,1,Melira Pod,MagicInMe,285 tix,$ 878,241718,2014-07-31,Modern Daily #7332716,modern,modern-daily-7332716,modern-daily-7332716-2014-07-31
14,1,"Linvala, Keeper of Silence",,Creatures,3,1,Melira Pod,MagicInMe,285 tix,$ 878,241718,2014-07-31,Modern Daily #7332716,modern,modern-daily-7332716,modern-daily-7332716-2014-07-31
15,1,Murderous Redcap,,Creatures,3,1,Melira Pod,MagicInMe,285 tix,$ 878,241718,2014-07-31,Modern Daily #7332716,modern,modern-daily-7332716,modern-daily-7332716-2014-07-31
16,1,Ranger of Eos,,Creatures,3,1,Melira Pod,MagicInMe,285 tix,$ 878,241718,2014-07-31,Modern Daily #7332716,modern,modern-daily-7332716,modern-daily-7332716-2014-07-31
17,1,Restoration Angel,,Creatures,3,1,Melira Pod,MagicInMe,285 tix,$ 878,241718,2014-07-31,Modern Daily #7332716,modern,modern-daily-7332716,modern-daily-7332716-2014-07-31
18,1,Archangel of Thune,,Creatures,3,1,Melira Pod,MagicInMe,285 tix,$ 878,241718,2014-07-31,Modern Daily #7332716,modern,modern-daily-7332716,modern-daily-7332716-2014-07-31
19,1,Reveillark,,Creatures,3,1,Melira Pod,MagicInMe,285 tix,$ 878,241718,2014-07-31,Modern Daily #7332716,modern,modern-daily-7332716,modern-daily-7332716-2014-07-31
20,1,Shriekmaw,,Creatures,3,1,Melira Pod,MagicInMe,285 tix,$ 878,241718,2014-07-31,Modern Daily #7332716,modern,modern-daily-7332716,modern-daily-7332716-2014-07-31
22,2,Abrupt Decay,,Spells,3,1,Melira Pod,MagicInMe,285 tix,$ 878,241718,2014-07-31,Modern Daily #7332716,modern,modern-daily-7332716,modern-daily-7332716-2014-07-31
23,3,Chord of Calling,,Spells,3,1,Melira Pod,MagicInMe,285 tix,$ 878,241718,2014-07-31,Modern Daily #7332716,modern,modern-daily-7332716,modern-daily-7332716-2014-07-31
25,4,Birthing Pod,,Artifacts,3,1,Melira Pod,MagicInMe,285 tix,$ 878,241718,2014-07-31,Modern Daily #7332716,modern,modern-daily-7332716,modern-daily-7332716-2014-07-31
27,3,Forest,,Lands,3,1,Melira Pod,MagicInMe,285 tix,$ 878,241718,2014-07-31,Modern Daily #7332716,modern,modern-daily-7332716,modern-daily-7332716-2014-07-31
28,3,Gavony Township,,Lands,3,1,Melira Pod,MagicInMe,285 tix,$ 878,241718,2014-07-31,Modern Daily #7332716,modern,modern-daily-7332716,modern-daily-7332716-2014-07-31
29,1,Godless Shrine,,Lands,3,1,Melira Pod,MagicInMe,285 tix,$ 878,241718,2014-07-31,Modern Daily #7332716,modern,modern-daily-7332716,modern-daily-7332716-2014-07-31
30,4,Misty Rainforest,,Lands,3,1,Melira Pod,MagicInMe,285 tix,$ 878,241718,2014-07-31,Modern Daily #7332716,modern,modern-daily-7332716,modern-daily-7332716-2014-07-31
31,2,Overgrown Tomb,,Lands,3,1,Melira Pod,MagicInMe,285 tix,$ 878,241718,2014-07-31,Modern Daily #7332716,modern,modern-daily-7332716,modern-daily-7332716-2014-07-31
32,3,Razorverge Thicket,,Lands,3,1,Melira Pod,MagicInMe,285 tix,$ 878,241718,2014-07-31,Modern Daily #7332716,modern,modern-daily-7332716,modern-daily-7332716-2014-07-31
33,1,Swamp,,Lands,3,1,Melira Pod,MagicInMe,285 tix,$ 878,241718,2014-07-31,Modern Daily #7332716,modern,modern-daily-7332716,modern-daily-7332716-2014-07-31
34,2,Temple Garden,,Lands,3,1,Melira Pod,MagicInMe,285 tix,$ 878,241718,2014-07-31,Modern Daily #7332716,modern,modern-daily-7332716,modern-daily-7332716-2014-07-31
35,4,Verdant Catacombs,,Lands,3,1,Melira Pod,MagicInMe,285 tix,$ 878,241718,2014-07-31,Modern Daily #7332716,modern,modern-daily-7332716,modern-daily-7332716-2014-07-31
37,1,Slaughter Pact,,Sideboard,3,1,Melira Pod,MagicInMe,285 tix,$ 878,241718,2014-07-31,Modern Daily #7332716,modern,modern-daily-7332716,modern-daily-7332716-2014-07-31
38,1,Burrenton Forge-Tender,,Sideboard,3,1,Melira Pod,MagicInMe,285 tix,$ 878,241718,2014-07-31,Modern Daily #7332716,modern,modern-daily-7332716,modern-daily-7332716-2014-07-31
39,4,Thoughtseize,,Sideboard,3,1,Melira Pod,MagicInMe,285 tix,$ 878,241718,2014-07-31,Modern Daily #7332716,modern,modern-daily-7332716,modern-daily-7332716-2014-07-31
40,1,"Kataki, War's Wage",,Sideboard,3,1,Melira Pod,MagicInMe,285 tix,$ 878,241718,2014-07-31,Modern Daily #7332716,modern,modern-daily-7332716,modern-daily-7332716-2014-07-31
41,1,Scavenging Ooze,,Sideboard,3,1,Melira Pod,MagicInMe,285 tix,$ 878,241718,2014-07-31,Modern Daily #7332716,modern,modern-daily-7332716,modern-daily-7332716-2014-07-31
42,1,Voice of Resurgence,,Sideboard,3,1,Melira Pod,MagicInMe,285 tix,$ 878,241718,2014-07-31,Modern Daily #7332716,modern,modern-daily-7332716,modern-daily-7332716-2014-07-31
43,2,Dismember,,Sideboard,3,1,Melira Pod,MagicInMe,285 tix,$ 878,241718,2014-07-31,Modern Daily #7332716,modern,modern-daily-7332716,modern-daily-7332716-2014-07-31
44,1,Harmonic Sliver,,Sideboard,3,1,Melira Pod,MagicInMe,285 tix,$ 878,241718,2014-07-31,Modern Daily #7332716,modern,modern-daily-7332716,modern-daily-7332716-2014-07-31
45,1,Sin Collector,,Sideboard,3,1,Melira Pod,MagicInMe,285 tix,$ 878,241718,2014-07-31,Modern Daily #7332716,modern,modern-daily-7332716,modern-daily-7332716-2014-07-31
46,1,Entomber Exarch,,Sideboard,3,1,Melira Pod,MagicInMe,285 tix,$ 878,241718,2014-07-31,Modern Daily #7332716,modern,modern-daily-7332716,modern-daily-7332716-2014-07-31
47,1,"Thrun, the Last Troll",,Sideboard,3,1,Melira Pod,MagicInMe,285 tix,$ 878,241718,2014-07-31,Modern Daily #7332716,modern,modern-daily-7332716,modern-daily-7332716-2014-07-31
1,4,Birds of Paradise,,Creatures,3,1,Melira Pod,Eprios,267 tix,$ 855,241725,2014-07-31,Modern Daily #7332716,modern,modern-daily-7332716,modern-daily-7332716-2014-07-31
2,3,Noble Hierarch,,Creatures,3,1,Melira Pod,Eprios,267 tix,$ 855,241725,2014-07-31,Modern Daily #7332716,modern,modern-daily-7332716,modern-daily-7332716-2014-07-31
3,1,Viscera Seer,,Creatures,3,1,Melira Pod,Eprios,267 tix,$ 855,241725,2014-07-31,Modern Daily #7332716,modern,modern-daily-7332716,modern-daily-7332716-2014-07-31
4,1,"Melira, Sylvok Outcast",,Creatures,3,1,Melira Pod,Eprios,267 tix,$ 855,241725,2014-07-31,Modern Daily #7332716,modern,modern-daily-7332716,modern-daily-7332716-2014-07-31
5,1,Qasali Pridemage,,Creatures,3,1,Melira Pod,Eprios,267 tix,$ 855,241725,2014-07-31,Modern Daily #7332716,modern,modern-daily-7332716,modern-daily-7332716-2014-07-31
6,1,Scavenging Ooze,,Creatures,3,1,Melira Pod,Eprios,267 tix,$ 855,241725,2014-07-31,Modern Daily #7332716,modern,modern-daily-7332716,modern-daily-7332716-2014-07-31
7,1,Spellskite,,Creatures,3,1,Melira Pod,Eprios,267 tix,$ 855,241725,2014-07-31,Modern Daily #7332716,modern,modern-daily-7332716,modern-daily-7332716-2014-07-31
8,3,Voice of Resurgence,,Creatures,3,1,Melira Pod,Eprios,267 tix,$ 855,241725,2014-07-31,Modern Daily #7332716,modern,modern-daily-7332716,modern-daily-7332716-2014-07-31
9,1,Wall of Roots,,Creatures,3,1,Melira Pod,Eprios,267 tix,$ 855,241725,2014-07-31,Modern Daily #7332716,modern,modern-daily-7332716,modern-daily-7332716-2014-07-31
10,1,Eternal Witness,,Creatures,3,1,Melira Pod,Eprios,267 tix,$ 855,241725,2014-07-31,Modern Daily #7332716,modern,modern-daily-7332716,modern-daily-7332716-2014-07-31
11,4,Kitchen Finks,,Creatures,3,1,Melira Pod,Eprios,267 tix,$ 855,241725,2014-07-31,Modern Daily #7332716,modern,modern-daily-7332716,modern-daily-7332716-2014-07-31
12,1,Orzhov Pontiff,,Creatures,3,1,Melira Pod,Eprios,267 tix,$ 855,241725,2014-07-31,Modern Daily #7332716,modern,modern-daily-7332716,modern-daily-7332716-2014-07-31
13,1,"Linvala, Keeper of Silence",,Creatures,3,1,Melira Pod,Eprios,267 tix,$ 855,241725,2014-07-31,Modern Daily #7332716,modern,modern-daily-7332716,modern-daily-7332716-2014-07-31
14,1,Murderous Redcap,,Creatures,3,1,Melira Pod,Eprios,267 tix,$ 855,241725,2014-07-31,Modern Daily #7332716,modern,modern-daily-7332716,modern-daily-7332716-2014-07-31
15,1,Ranger of Eos,,Creatures,3,1,Melira Pod,Eprios,267 tix,$ 855,241725,2014-07-31,Modern Daily #7332716,modern,modern-daily-7332716,modern-daily-7332716-2014-07-31
16,1,"Thrun, the Last Troll",,Creatures,3,1,Melira Pod,Eprios,267 tix,$ 855,241725,2014-07-31,Modern Daily #7332716,modern,modern-daily-7332716,modern-daily-7332716-2014-07-31
17,1,Reveillark,,Creatures,3,1,Melira Pod,Eprios,267 tix,$ 855,241725,2014-07-31,Modern Daily #7332716,modern,modern-daily-7332716,modern-daily-7332716-2014-07-31
18,1,Shriekmaw,,Creatures,3,1,Melira Pod,Eprios,267 tix,$ 855,241725,2014-07-31,Modern Daily #7332716,modern,modern-daily-7332716,modern-daily-7332716-2014-07-31
20,2,Abrupt Decay,,Spells,3,1,Melira Pod,Eprios,267 tix,$ 855,241725,2014-07-31,Modern Daily #7332716,modern,modern-daily-7332716,modern-daily-7332716-2014-07-31
21,3,Chord of Calling,,Spells,3,1,Melira Pod,Eprios,267 tix,$ 855,241725,2014-07-31,Modern Daily #7332716,modern,modern-daily-7332716,modern-daily-7332716-2014-07-31
23,4,Birthing Pod,,Artifacts,3,1,Melira Pod,Eprios,267 tix,$ 855,241725,2014-07-31,Modern Daily #7332716,modern,modern-daily-7332716,modern-daily-7332716-2014-07-31
25,3,Forest,,Lands,3,1,Melira Pod,Eprios,267 tix,$ 855,241725,2014-07-31,Modern Daily #7332716,modern,modern-daily-7332716,modern-daily-7332716-2014-07-31
26,3,Gavony Township,,Lands,3,1,Melira Pod,Eprios,267 tix,$ 855,241725,2014-07-31,Modern Daily #7332716,modern,modern-daily-7332716,modern-daily-7332716-2014-07-31
27,1,Godless Shrine,,Lands,3,1,Melira Pod,Eprios,267 tix,$ 855,241725,2014-07-31,Modern Daily #7332716,modern,modern-daily-7332716,modern-daily-7332716-2014-07-31
28,2,Marsh Flats,,Lands,3,1,Melira Pod,Eprios,267 tix,$ 855,241725,2014-07-31,Modern Daily #7332716,modern,modern-daily-7332716,modern-daily-7332716-2014-07-31
29,2,Misty Rainforest,,Lands,3,1,Melira Pod,Eprios,267 tix,$ 855,241725,2014-07-31,Modern Daily #7332716,modern,modern-daily-7332716,modern-daily-7332716-2014-07-31
30,2,Overgrown Tomb,,Lands,3,1,Melira Pod,Eprios,267 tix,$ 855,241725,2014-07-31,Modern Daily #7332716,modern,modern-daily-7332716,modern-daily-7332716-2014-07-31
31,3,Razorverge Thicket,,Lands,3,1,Melira Pod,Eprios,267 tix,$ 855,241725,2014-07-31,Modern Daily #7332716,modern,modern-daily-7332716,modern-daily-7332716-2014-07-31
32,1,Swamp,,Lands,3,1,Melira Pod,Eprios,267 tix,$ 855,241725,2014-07-31,Modern Daily #7332716,modern,modern-daily-7332716,modern-daily-7332716-2014-07-31
33,2,Temple Garden,,Lands,3,1,Melira Pod,Eprios,267 tix,$ 855,241725,2014-07-31,Modern Daily #7332716,modern,modern-daily-7332716,modern-daily-7332716-2014-07-31
34,4,Verdant Catacombs,,Lands,3,1,Melira Pod,Eprios,267 tix,$ 855,241725,2014-07-31,Modern Daily #7332716,modern,modern-daily-7332716,modern-daily-7332716-2014-07-31
36,4,Thoughtseize,,Sideboard,3,1,Melira Pod,Eprios,267 tix,$ 855,241725,2014-07-31,Modern Daily #7332716,modern,modern-daily-7332716,modern-daily-7332716-2014-07-31
37,1,Scavenging Ooze,,Sideboard,3,1,Melira Pod,Eprios,267 tix,$ 855,241725,2014-07-31,Modern Daily #7332716,modern,modern-daily-7332716,modern-daily-7332716-2014-07-31
38,1,Aven Mindcensor,,Sideboard,3,1,Melira Pod,Eprios,267 tix,$ 855,241725,2014-07-31,Modern Daily #7332716,modern,modern-daily-7332716,modern-daily-7332716-2014-07-31
39,2,Dismember,,Sideboard,3,1,Melira Pod,Eprios,267 tix,$ 855,241725,2014-07-31,Modern Daily #7332716,modern,modern-daily-7332716,modern-daily-7332716-2014-07-31
40,2,Lingering Souls,,Sideboard,3,1,Melira Pod,Eprios,267 tix,$ 855,241725,2014-07-31,Modern Daily #7332716,modern,modern-daily-7332716,modern-daily-7332716-2014-07-31
41,1,Orzhov Pontiff,,Sideboard,3,1,Melira Pod,Eprios,267 tix,$ 855,241725,2014-07-31,Modern Daily #7332716,modern,modern-daily-7332716,modern-daily-7332716-2014-07-31
42,1,Reclamation Sage,,Sideboard,3,1,Melira Pod,Eprios,267 tix,$ 855,241725,2014-07-31,Modern Daily #7332716,modern,modern-daily-7332716,modern-daily-7332716-2014-07-31
43,2,Sin Collector,,Sideboard,3,1,Melira Pod,Eprios,267 tix,$ 855,241725,2014-07-31,Modern Daily #7332716,modern,modern-daily-7332716,modern-daily-7332716-2014-07-31
44,1,Entomber Exarch,,Sideboard,3,1,Melira Pod,Eprios,267 tix,$ 855,241725,2014-07-31,Modern Daily #7332716,modern,modern-daily-7332716,modern-daily-7332716-2014-07-31
1,4,Birds of Paradise,,Creatures,3,1,Melira Pod,Trite,281 tix,$ 880,241728,2014-07-31,Modern Daily #7332716,modern,modern-daily-7332716,modern-daily-7332716-2014-07-31
2,3,Noble Hierarch,,Creatures,3,1,Melira Pod,Trite,281 tix,$ 880,241728,2014-07-31,Modern Daily #7332716,modern,modern-daily-7332716,modern-daily-7332716-2014-07-31
3,1,Viscera Seer,,Creatures,3,1,Melira Pod,Trite,281 tix,$ 880,241728,2014-07-31,Modern Daily #7332716,modern,modern-daily-7332716,modern-daily-7332716-2014-07-31
4,1,"Melira, Sylvok Outcast",,Creatures,3,1,Melira Pod,Trite,281 tix,$ 880,241728,2014-07-31,Modern Daily #7332716,modern,modern-daily-7332716,modern-daily-7332716-2014-07-31
5,1,Qasali Pridemage,,Creatures,3,1,Melira Pod,Trite,281 tix,$ 880,241728,2014-07-31,Modern Daily #7332716,modern,modern-daily-7332716,modern-daily-7332716-2014-07-31
6,1,Scavenging Ooze,,Creatures,3,1,Melira Pod,Trite,281 tix,$ 880,241728,2014-07-31,Modern Daily #7332716,modern,modern-daily-7332716,modern-daily-7332716-2014-07-31
7,1,Spellskite,,Creatures,3,1,Melira Pod,Trite,281 tix,$ 880,241728,2014-07-31,Modern Daily #7332716,modern,modern-daily-7332716,modern-daily-7332716-2014-07-31
8,2,Voice of Resurgence,,Creatures,3,1,Melira Pod,Trite,281 tix,$ 880,241728,2014-07-31,Modern Daily #7332716,modern,modern-daily-7332716,modern-daily-7332716-2014-07-31
9,1,Wall of Roots,,Creatures,3,1,Melira Pod,Trite,281 tix,$ 880,241728,2014-07-31,Modern Daily #7332716,modern,modern-daily-7332716,modern-daily-7332716-2014-07-31
10,1,Eternal Witness,,Creatures,3,1,Melira Pod,Trite,281 tix,$ 880,241728,2014-07-31,Modern Daily #7332716,modern,modern-daily-7332716,modern-daily-7332716-2014-07-31
11,3,Kitchen Finks,,Creatures,3,1,Melira Pod,Trite,281 tix,$ 880,241728,2014-07-31,Modern Daily #7332716,modern,modern-daily-7332716,modern-daily-7332716-2014-07-31
12,1,Orzhov Pontiff,,Creatures,3,1,Melira Pod,Trite,281 tix,$ 880,241728,2014-07-31,Modern Daily #7332716,modern,modern-daily-7332716,modern-daily-7332716-2014-07-31
13,1,Sin Collector,,Creatures,3,1,Melira Pod,Trite,281 tix,$ 880,241728,2014-07-31,Modern Daily #7332716,modern,modern-daily-7332716,modern-daily-7332716-2014-07-31
14,1,Spike Feeder,,Creatures,3,1,Melira Pod,Trite,281 tix,$ 880,241728,2014-07-31,Modern Daily #7332716,modern,modern-daily-7332716,modern-daily-7332716-2014-07-31
15,1,"Linvala, Keeper of Silence",,Creatures,3,1,Melira Pod,Trite,281 tix,$ 880,241728,2014-07-31,Modern Daily #7332716,modern,modern-daily-7332716,modern-daily-7332716-2014-07-31
16,1,Murderous Redcap,,Creatures,3,1,Melira Pod,Trite,281 tix,$ 880,241728,2014-07-31,Modern Daily #7332716,modern,modern-daily-7332716,modern-daily-7332716-2014-07-31
17,1,Ranger of Eos,,Creatures,3,1,Melira Pod,Trite,281 tix,$ 880,241728,2014-07-31,Modern Daily #7332716,modern,modern-daily-7332716,modern-daily-7332716-2014-07-31
18,1,Archangel of Thune,,Creatures,3,1,Melira Pod,Trite,281 tix,$ 880,241728,2014-07-31,Modern Daily #7332716,modern,modern-daily-7332716,modern-daily-7332716-2014-07-31
19,1,Reveillark,,Creatures,3,1,Melira Pod,Trite,281 tix,$ 880,241728,2014-07-31,Modern Daily #7332716,modern,modern-daily-7332716,modern-daily-7332716-2014-07-31
20,1,Shriekmaw,,Creatures,3,1,Melira Pod,Trite,281 tix,$ 880,241728,2014-07-31,Modern Daily #7332716,modern,modern-daily-7332716,modern-daily-7332716-2014-07-31
22,2,Abrupt Decay,,Spells,3,1,Melira Pod,Trite,281 tix,$ 880,241728,2014-07-31,Modern Daily #7332716,modern,modern-daily-7332716,modern-daily-7332716-2014-07-31
23,3,Chord of Calling,,Spells,3,1,Melira Pod,Trite,281 tix,$ 880,241728,2014-07-31,Modern Daily #7332716,modern,modern-daily-7332716,modern-daily-7332716-2014-07-31
25,4,Birthing Pod,,Artifacts,3,1,Melira Pod,Trite,281 tix,$ 880,241728,2014-07-31,Modern Daily #7332716,modern,modern-daily-7332716,modern-daily-7332716-2014-07-31
27,3,Forest,,Lands,3,1,Melira Pod,Trite,281 tix,$ 880,241728,2014-07-31,Modern Daily #7332716,modern,modern-daily-7332716,modern-daily-7332716-2014-07-31
28,3,Gavony Township,,Lands,3,1,Melira Pod,Trite,281 tix,$ 880,241728,2014-07-31,Modern Daily #7332716,modern,modern-daily-7332716,modern-daily-7332716-2014-07-31
29,1,Godless Shrine,,Lands,3,1,Melira Pod,Trite,281 tix,$ 880,241728,2014-07-31,Modern Daily #7332716,modern,modern-daily-7332716,modern-daily-7332716-2014-07-31
30,4,Misty Rainforest,,Lands,3,1,Melira Pod,Trite,281 tix,$ 880,241728,2014-07-31,Modern Daily #7332716,modern,modern-daily-7332716,modern-daily-7332716-2014-07-31
31,2,Overgrown Tomb,,Lands,3,1,Melira Pod,Trite,281 tix,$ 880,241728,2014-07-31,Modern Daily #7332716,modern,modern-daily-7332716,modern-daily-7332716-2014-07-31
32,3,Razorverge Thicket,,Lands,3,1,Melira Pod,Trite,281 tix,$ 880,241728,2014-07-31,Modern Daily #7332716,modern,modern-daily-7332716,modern-daily-7332716-2014-07-31
33,1,Swamp,,Lands,3,1,Melira Pod,Trite,281 tix,$ 880,241728,2014-07-31,Modern Daily #7332716,modern,modern-daily-7332716,modern-daily-7332716-2014-07-31
34,2,Temple Garden,,Lands,3,1,Melira Pod,Trite,281 tix,$ 880,241728,2014-07-31,Modern Daily #7332716,modern,modern-daily-7332716,modern-daily-7332716-2014-07-31
35,4,Verdant Catacombs,,Lands,3,1,Melira Pod,Trite,281 tix,$ 880,241728,2014-07-31,Modern Daily #7332716,modern,modern-daily-7332716,modern-daily-7332716-2014-07-31
37,4,Thoughtseize,,Sideboard,3,1,Melira Pod,Trite,281 tix,$ 880,241728,2014-07-31,Modern Daily #7332716,modern,modern-daily-7332716,modern-daily-7332716-2014-07-31
38,1,Abrupt Decay,,Sideboard,3,1,Melira Pod,Trite,281 tix,$ 880,241728,2014-07-31,Modern Daily #7332716,modern,modern-daily-7332716,modern-daily-7332716-2014-07-31
39,1,"Kataki, War's Wage",,Sideboard,3,1,Melira Pod,Trite,281 tix,$ 880,241728,2014-07-31,Modern Daily #7332716,modern,modern-daily-7332716,modern-daily-7332716-2014-07-31
40,1,Scavenging Ooze,,Sideboard,3,1,Melira Pod,Trite,281 tix,$ 880,241728,2014-07-31,Modern Daily #7332716,modern,modern-daily-7332716,modern-daily-7332716-2014-07-31
41,1,Aven Mindcensor,,Sideboard,3,1,Melira Pod,Trite,281 tix,$ 880,241728,2014-07-31,Modern Daily #7332716,modern,modern-daily-7332716,modern-daily-7332716-2014-07-31
42,2,Dismember,,Sideboard,3,1,Melira Pod,Trite,281 tix,$ 880,241728,2014-07-31,Modern Daily #7332716,modern,modern-daily-7332716,modern-daily-7332716-2014-07-31
43,1,Lingering Souls,,Sideboard,3,1,Melira Pod,Trite,281 tix,$ 880,241728,2014-07-31,Modern Daily #7332716,modern,modern-daily-7332716,modern-daily-7332716-2014-07-31
44,1,Reclamation Sage,,Sideboard,3,1,Melira Pod,Trite,281 tix,$ 880,241728,2014-07-31,Modern Daily #7332716,modern,modern-daily-7332716,modern-daily-7332716-2014-07-31
45,1,Entomber Exarch,,Sideboard,3,1,Melira Pod,Trite,281 tix,$ 880,241728,2014-07-31,Modern Daily #7332716,modern,modern-daily-7332716,modern-daily-7332716-2014-07-31
46,1,"Thrun, the Last Troll",,Sideboard,3,1,Melira Pod,Trite,281 tix,$ 880,241728,2014-07-31,Modern Daily #7332716,modern,modern-daily-7332716,modern-daily-7332716-2014-07-31
47,1,"Sigarda, Host of Herons",,Sideboard,3,1,Melira Pod,Trite,281 tix,$ 880,241728,2014-07-31,Modern Daily #7332716,modern,modern-daily-7332716,modern-daily-7332716-2014-07-31
1,4,Goblin Guide,,Creatures,3,1,Mono R Burn,senrabselim,162 tix,$ 489,241723,2014-07-31,Modern Daily #7332716,modern,modern-daily-7332716,modern-daily-7332716-2014-07-31
2,3,Grim Lavamancer,,Creatures,3,1,Mono R Burn,senrabselim,162 tix,$ 489,241723,2014-07-31,Modern Daily #7332716,modern,modern-daily-7332716,modern-daily-7332716-2014-07-31
3,4,Eidolon of the Great Revel,,Creatures,3,1,Mono R Burn,senrabselim,162 tix,$ 489,241723,2014-07-31,Modern Daily #7332716,modern,modern-daily-7332716,modern-daily-7332716-2014-07-31
4,4,Hellspark Elemental,,Creatures,3,1,Mono R Burn,senrabselim,162 tix,$ 489,241723,2014-07-31,Modern Daily #7332716,modern,modern-daily-7332716,modern-daily-7332716-2014-07-31
6,4,Lava Spike,,Spells,3,1,Mono R Burn,senrabselim,162 tix,$ 489,241723,2014-07-31,Modern Daily #7332716,modern,modern-daily-7332716,modern-daily-7332716-2014-07-31
7,4,Lightning Bolt,,Spells,3,1,Mono R Burn,senrabselim,162 tix,$ 489,241723,2014-07-31,Modern Daily #7332716,modern,modern-daily-7332716,modern-daily-7332716-2014-07-31
8,3,Shard Volley,,Spells,3,1,Mono R Burn,senrabselim,162 tix,$ 489,241723,2014-07-31,Modern Daily #7332716,modern,modern-daily-7332716,modern-daily-7332716-2014-07-31
9,1,Searing Blaze,,Spells,3,1,Mono R Burn,senrabselim,162 tix,$ 489,241723,2014-07-31,Modern Daily #7332716,modern,modern-daily-7332716,modern-daily-7332716-2014-07-31
10,2,Searing Blood,,Spells,3,1,Mono R Burn,senrabselim,162 tix,$ 489,241723,2014-07-31,Modern Daily #7332716,modern,modern-daily-7332716,modern-daily-7332716-2014-07-31
11,4,Skullcrack,,Spells,3,1,Mono R Burn,senrabselim,162 tix,$ 489,241723,2014-07-31,Modern Daily #7332716,modern,modern-daily-7332716,modern-daily-7332716-2014-07-31
12,3,Flames of the Blood Hand,,Spells,3,1,Mono R Burn,senrabselim,162 tix,$ 489,241723,2014-07-31,Modern Daily #7332716,modern,modern-daily-7332716,modern-daily-7332716-2014-07-31
13,4,Rift Bolt,,Spells,3,1,Mono R Burn,senrabselim,162 tix,$ 489,241723,2014-07-31,Modern Daily #7332716,modern,modern-daily-7332716,modern-daily-7332716-2014-07-31
15,3,Arid Mesa,,Lands,3,1,Mono R Burn,senrabselim,162 tix,$ 489,241723,2014-07-31,Modern Daily #7332716,modern,modern-daily-7332716,modern-daily-7332716-2014-07-31
16,15,Mountain,,Lands,3,1,Mono R Burn,senrabselim,162 tix,$ 489,241723,2014-07-31,Modern Daily #7332716,modern,modern-daily-7332716,modern-daily-7332716-2014-07-31
17,2,Scalding Tarn,,Lands,3,1,Mono R Burn,senrabselim,162 tix,$ 489,241723,2014-07-31,Modern Daily #7332716,modern,modern-daily-7332716,modern-daily-7332716-2014-07-31
19,1,Shattering Spree,,Sideboard,3,1,Mono R Burn,senrabselim,162 tix,$ 489,241723,2014-07-31,Modern Daily #7332716,modern,modern-daily-7332716,modern-daily-7332716-2014-07-31
20,4,Dragon's Claw,,Sideboard,3,1,Mono R Burn,senrabselim,162 tix,$ 489,241723,2014-07-31,Modern Daily #7332716,modern,modern-daily-7332716,modern-daily-7332716-2014-07-31
21,1,Searing Blaze,,Sideboard,3,1,Mono R Burn,senrabselim,162 tix,$ 489,241723,2014-07-31,Modern Daily #7332716,modern,modern-daily-7332716,modern-daily-7332716-2014-07-31
22,2,Searing Blood,,Sideboard,3,1,Mono R Burn,senrabselim,162 tix,$ 489,241723,2014-07-31,Modern Daily #7332716,modern,modern-daily-7332716,modern-daily-7332716-2014-07-31
23,2,Smash to Smithereens,,Sideboard,3,1,Mono R Burn,senrabselim,162 tix,$ 489,241723,2014-07-31,Modern Daily #7332716,modern,modern-daily-7332716,modern-daily-7332716-2014-07-31
24,2,Dismember,,Sideboard,3,1,Mono R Burn,senrabselim,162 tix,$ 489,241723,2014-07-31,Modern Daily #7332716,modern,modern-daily-7332716,modern-daily-7332716-2014-07-31
25,3,Molten Rain,,Sideboard,3,1,Mono R Burn,senrabselim,162 tix,$ 489,241723,2014-07-31,Modern Daily #7332716,modern,modern-daily-7332716,modern-daily-7332716-2014-07-31
1,4,Goblin Guide,,Creatures,3,1,Mono R Burn,AlfredoTorres,121 tix,$ 355,241729,2014-07-31,Modern Daily #7332716,modern,modern-daily-7332716,modern-daily-7332716-2014-07-31
2,4,Spark Elemental,,Creatures,3,1,Mono R Burn,AlfredoTorres,121 tix,$ 355,241729,2014-07-31,Modern Daily #7332716,modern,modern-daily-7332716,modern-daily-7332716-2014-07-31
3,4,Eidolon of the Great Revel,,Creatures,3,1,Mono R Burn,AlfredoTorres,121 tix,$ 355,241729,2014-07-31,Modern Daily #7332716,modern,modern-daily-7332716,modern-daily-7332716-2014-07-31
5,4,Lava Spike,,Spells,3,1,Mono R Burn,AlfredoTorres,121 tix,$ 355,241729,2014-07-31,Modern Daily #7332716,modern,modern-daily-7332716,modern-daily-7332716-2014-07-31
6,4,Lightning Bolt,,Spells,3,1,Mono R Burn,AlfredoTorres,121 tix,$ 355,241729,2014-07-31,Modern Daily #7332716,modern,modern-daily-7332716,modern-daily-7332716-2014-07-31
7,4,Shard Volley,,Spells,3,1,Mono R Burn,AlfredoTorres,121 tix,$ 355,241729,2014-07-31,Modern Daily #7332716,modern,modern-daily-7332716,modern-daily-7332716-2014-07-31
8,3,Searing Blaze,,Spells,3,1,Mono R Burn,AlfredoTorres,121 tix,$ 355,241729,2014-07-31,Modern Daily #7332716,modern,modern-daily-7332716,modern-daily-7332716-2014-07-31
9,1,Searing Blood,,Spells,3,1,Mono R Burn,AlfredoTorres,121 tix,$ 355,241729,2014-07-31,Modern Daily #7332716,modern,modern-daily-7332716,modern-daily-7332716-2014-07-31
10,4,Skullcrack,,Spells,3,1,Mono R Burn,AlfredoTorres,121 tix,$ 355,241729,2014-07-31,Modern Daily #7332716,modern,modern-daily-7332716,modern-daily-7332716-2014-07-31
11,4,Flames of the Blood Hand,,Spells,3,1,Mono R Burn,AlfredoTorres,121 tix,$ 355,241729,2014-07-31,Modern Daily #7332716,modern,modern-daily-7332716,modern-daily-7332716-2014-07-31
12,4,Rift Bolt,,Spells,3,1,Mono R Burn,AlfredoTorres,121 tix,$ 355,241729,2014-07-31,Modern Daily #7332716,modern,modern-daily-7332716,modern-daily-7332716-2014-07-31
14,4,Arid Mesa,,Lands,3,1,Mono R Burn,AlfredoTorres,121 tix,$ 355,241729,2014-07-31,Modern Daily #7332716,modern,modern-daily-7332716,modern-daily-7332716-2014-07-31
15,16,Mountain,,Lands,3,1,Mono R Burn,AlfredoTorres,121 tix,$ 355,241729,2014-07-31,Modern Daily #7332716,modern,modern-daily-7332716,modern-daily-7332716-2014-07-31
17,2,Relic of Progenitus,,Sideboard,3,1,Mono R Burn,AlfredoTorres,121 tix,$ 355,241729,2014-07-31,Modern Daily #7332716,modern,modern-daily-7332716,modern-daily-7332716-2014-07-31
18,2,Combust,,Sideboard,3,1,Mono R Burn,AlfredoTorres,121 tix,$ 355,241729,2014-07-31,Modern Daily #7332716,modern,modern-daily-7332716,modern-daily-7332716-2014-07-31
19,2,Searing Blood,,Sideboard,3,1,Mono R Burn,AlfredoTorres,121 tix,$ 355,241729,2014-07-31,Modern Daily #7332716,modern,modern-daily-7332716,modern-daily-7332716-2014-07-31
20,4,Smash to Smithereens,,Sideboard,3,1,Mono R Burn,AlfredoTorres,121 tix,$ 355,241729,2014-07-31,Modern Daily #7332716,modern,modern-daily-7332716,modern-daily-7332716-2014-07-31
21,1,Spellskite,,Sideboard,3,1,Mono R Burn,AlfredoTorres,121 tix,$ 355,241729,2014-07-31,Modern Daily #7332716,modern,modern-daily-7332716,modern-daily-7332716-2014-07-31
22,1,Anger of the Gods,,Sideboard,3,1,Mono R Burn,AlfredoTorres,121 tix,$ 355,241729,2014-07-31,Modern Daily #7332716,modern,modern-daily-7332716,modern-daily-7332716-2014-07-31
23,3,Molten Rain,,Sideboard,3,1,Mono R Burn,AlfredoTorres,121 tix,$ 355,241729,2014-07-31,Modern Daily #7332716,modern,modern-daily-7332716,modern-daily-7332716-2014-07-31
1,1,Spellskite,,Creatures,3,1,RG Tron,HesturkG,251 tix,$ 792,241719,2014-07-31,Modern Daily #7332716,modern,modern-daily-7332716,modern-daily-7332716-2014-07-31
2,3,Wurmcoil Engine,,Creatures,3,1,RG Tron,HesturkG,251 tix,$ 792,241719,2014-07-31,Modern Daily #7332716,modern,modern-daily-7332716,modern-daily-7332716-2014-07-31
3,2,Sundering Titan,,Creatures,3,1,RG Tron,HesturkG,251 tix,$ 792,241719,2014-07-31,Modern Daily #7332716,modern,modern-daily-7332716,modern-daily-7332716-2014-07-31
4,1,"Ulamog, the Infinite Gyre",,Creatures,3,1,RG Tron,HesturkG,251 tix,$ 792,241719,2014-07-31,Modern Daily #7332716,modern,modern-daily-7332716,modern-daily-7332716-2014-07-31
6,4,Karn Liberated,,Planeswalkers,3,1,RG Tron,HesturkG,251 tix,$ 792,241719,2014-07-31,Modern Daily #7332716,modern,modern-daily-7332716,modern-daily-7332716-2014-07-31
8,4,Ancient Stirrings,,Spells,3,1,RG Tron,HesturkG,251 tix,$ 792,241719,2014-07-31,Modern Daily #7332716,modern,modern-daily-7332716,modern-daily-7332716-2014-07-31
9,4,Sylvan Scrying,,Spells,3,1,RG Tron,HesturkG,251 tix,$ 792,241719,2014-07-31,Modern Daily #7332716,modern,modern-daily-7332716,modern-daily-7332716-2014-07-31
10,1,Firespout,,Spells,3,1,RG Tron,HesturkG,251 tix,$ 792,241719,2014-07-31,Modern Daily #7332716,modern,modern-daily-7332716,modern-daily-7332716-2014-07-31
11,1,All Is Dust,,Spells,3,1,RG Tron,HesturkG,251 tix,$ 792,241719,2014-07-31,Modern Daily #7332716,modern,modern-daily-7332716,modern-daily-7332716-2014-07-31
13,4,Chromatic Sphere,,Artifacts,3,1,RG Tron,HesturkG,251 tix,$ 792,241719,2014-07-31,Modern Daily #7332716,modern,modern-daily-7332716,modern-daily-7332716-2014-07-31
14,4,Chromatic Star,,Artifacts,3,1,RG Tron,HesturkG,251 tix,$ 792,241719,2014-07-31,Modern Daily #7332716,modern,modern-daily-7332716,modern-daily-7332716-2014-07-31
15,4,Expedition Map,,Artifacts,3,1,RG Tron,HesturkG,251 tix,$ 792,241719,2014-07-31,Modern Daily #7332716,modern,modern-daily-7332716,modern-daily-7332716-2014-07-31
16,3,Relic of Progenitus,,Artifacts,3,1,RG Tron,HesturkG,251 tix,$ 792,241719,2014-07-31,Modern Daily #7332716,modern,modern-daily-7332716,modern-daily-7332716-2014-07-31
17,4,Oblivion Stone,,Artifacts,3,1,RG Tron,HesturkG,251 tix,$ 792,241719,2014-07-31,Modern Daily #7332716,modern,modern-daily-7332716,modern-daily-7332716-2014-07-31
19,1,Cavern of Souls,,Lands,3,1,RG Tron,HesturkG,251 tix,$ 792,241719,2014-07-31,Modern Daily #7332716,modern,modern-daily-7332716,modern-daily-7332716-2014-07-31
20,1,Eye of Ugin,,Lands,3,1,RG Tron,HesturkG,251 tix,$ 792,241719,2014-07-31,Modern Daily #7332716,modern,modern-daily-7332716,modern-daily-7332716-2014-07-31
21,2,Forest,,Lands,3,1,RG Tron,HesturkG,251 tix,$ 792,241719,2014-07-31,Modern Daily #7332716,modern,modern-daily-7332716,modern-daily-7332716-2014-07-31
22,2,Ghost Quarter,,Lands,3,1,RG Tron,HesturkG,251 tix,$ 792,241719,2014-07-31,Modern Daily #7332716,modern,modern-daily-7332716,modern-daily-7332716-2014-07-31
23,2,Grove of the Burnwillows,,Lands,3,1,RG Tron,HesturkG,251 tix,$ 792,241719,2014-07-31,Modern Daily #7332716,modern,modern-daily-7332716,modern-daily-7332716-2014-07-31
24,4,Urza's Mine,,Lands,3,1,RG Tron,HesturkG,251 tix,$ 792,241719,2014-07-31,Modern Daily #7332716,modern,modern-daily-7332716,modern-daily-7332716-2014-07-31
25,4,Urza's Power Plant,,Lands,3,1,RG Tron,HesturkG,251 tix,$ 792,241719,2014-07-31,Modern Daily #7332716,modern,modern-daily-7332716,modern-daily-7332716-2014-07-31
26,4,Urza's Tower,,Lands,3,1,RG Tron,HesturkG,251 tix,$ 792,241719,2014-07-31,Modern Daily #7332716,modern,modern-daily-7332716,modern-daily-7332716-2014-07-31
28,4,Nature's Claim,,Sideboard,3,1,RG Tron,HesturkG,251 tix,$ 792,241719,2014-07-31,Modern Daily #7332716,modern,modern-daily-7332716,modern-daily-7332716-2014-07-31
29,1,Vandalblast,,Sideboard,3,1,RG Tron,HesturkG,251 tix,$ 792,241719,2014-07-31,Modern Daily #7332716,modern,modern-daily-7332716,modern-daily-7332716-2014-07-31
30,2,Combust,,Sideboard,3,1,RG Tron,HesturkG,251 tix,$ 792,241719,2014-07-31,Modern Daily #7332716,modern,modern-daily-7332716,modern-daily-7332716-2014-07-31
31,3,Defense Grid,,Sideboard,3,1,RG Tron,HesturkG,251 tix,$ 792,241719,2014-07-31,Modern Daily #7332716,modern,modern-daily-7332716,modern-daily-7332716-2014-07-31
32,2,Pyroclasm,,Sideboard,3,1,RG Tron,HesturkG,251 tix,$ 792,241719,2014-07-31,Modern Daily #7332716,modern,modern-daily-7332716,modern-daily-7332716-2014-07-31
33,1,Spellskite,,Sideboard,3,1,RG Tron,HesturkG,251 tix,$ 792,241719,2014-07-31,Modern Daily #7332716,modern,modern-daily-7332716,modern-daily-7332716-2014-07-31
34,1,Mindslaver,,Sideboard,3,1,RG Tron,HesturkG,251 tix,$ 792,241719,2014-07-31,Modern Daily #7332716,modern,modern-daily-7332716,modern-daily-7332716-2014-07-31
35,1,Wurmcoil Engine,,Sideboard,3,1,RG Tron,HesturkG,251 tix,$ 792,241719,2014-07-31,Modern Daily #7332716,modern,modern-daily-7332716,modern-daily-7332716-2014-07-31
1,3,Wurmcoil Engine,,Creatures,3,1,RG Tron,MidKnightGames,232 tix,$ 726,241721,2014-07-31,Modern Daily #7332716,modern,modern-daily-7332716,modern-daily-7332716-2014-07-31
2,1,Sundering Titan,,Creatures,3,1,RG Tron,MidKnightGames,232 tix,$ 726,241721,2014-07-31,Modern Daily #7332716,modern,modern-daily-7332716,modern-daily-7332716-2014-07-31
3,1,"Emrakul, the Aeons Torn",,Creatures,3,1,RG Tron,MidKnightGames,232 tix,$ 726,241721,2014-07-31,Modern Daily #7332716,modern,modern-daily-7332716,modern-daily-7332716-2014-07-31
5,4,Karn Liberated,,Planeswalkers,3,1,RG Tron,MidKnightGames,232 tix,$ 726,241721,2014-07-31,Modern Daily #7332716,modern,modern-daily-7332716,modern-daily-7332716-2014-07-31
7,4,Ancient Stirrings,,Spells,3,1,RG Tron,MidKnightGames,232 tix,$ 726,241721,2014-07-31,Modern Daily #7332716,modern,modern-daily-7332716,modern-daily-7332716-2014-07-31
8,3,Pyroclasm,,Spells,3,1,RG Tron,MidKnightGames,232 tix,$ 726,241721,2014-07-31,Modern Daily #7332716,modern,modern-daily-7332716,modern-daily-7332716-2014-07-31
9,4,Sylvan Scrying,,Spells,3,1,RG Tron,MidKnightGames,232 tix,$ 726,241721,2014-07-31,Modern Daily #7332716,modern,modern-daily-7332716,modern-daily-7332716-2014-07-31
10,2,All Is Dust,,Spells,3,1,RG Tron,MidKnightGames,232 tix,$ 726,241721,2014-07-31,Modern Daily #7332716,modern,modern-daily-7332716,modern-daily-7332716-2014-07-31
12,4,Chromatic Sphere,,Artifacts,3,1,RG Tron,MidKnightGames,232 tix,$ 726,241721,2014-07-31,Modern Daily #7332716,modern,modern-daily-7332716,modern-daily-7332716-2014-07-31
13,4,Chromatic Star,,Artifacts,3,1,RG Tron,MidKnightGames,232 tix,$ 726,241721,2014-07-31,Modern Daily #7332716,modern,modern-daily-7332716,modern-daily-7332716-2014-07-31
14,4,Expedition Map,,Artifacts,3,1,RG Tron,MidKnightGames,232 tix,$ 726,241721,2014-07-31,Modern Daily #7332716,modern,modern-daily-7332716,modern-daily-7332716-2014-07-31
15,3,Relic of Progenitus,,Artifacts,3,1,RG Tron,MidKnightGames,232 tix,$ 726,241721,2014-07-31,Modern Daily #7332716,modern,modern-daily-7332716,modern-daily-7332716-2014-07-31
16,3,Oblivion Stone,,Artifacts,3,1,RG Tron,MidKnightGames,232 tix,$ 726,241721,2014-07-31,Modern Daily #7332716,modern,modern-daily-7332716,modern-daily-7332716-2014-07-31
18,1,Eye of Ugin,,Lands,3,1,RG Tron,MidKnightGames,232 tix,$ 726,241721,2014-07-31,Modern Daily #7332716,modern,modern-daily-7332716,modern-daily-7332716-2014-07-31
19,2,Forest,,Lands,3,1,RG Tron,MidKnightGames,232 tix,$ 726,241721,2014-07-31,Modern Daily #7332716,modern,modern-daily-7332716,modern-daily-7332716-2014-07-31
20,1,Ghost Quarter,,Lands,3,1,RG Tron,MidKnightGames,232 tix,$ 726,241721,2014-07-31,Modern Daily #7332716,modern,modern-daily-7332716,modern-daily-7332716-2014-07-31
21,3,Grove of the Burnwillows,,Lands,3,1,RG Tron,MidKnightGames,232 tix,$ 726,241721,2014-07-31,Modern Daily #7332716,modern,modern-daily-7332716,modern-daily-7332716-2014-07-31
22,1,Llanowar Wastes,,Lands,3,1,RG Tron,MidKnightGames,232 tix,$ 726,241721,2014-07-31,Modern Daily #7332716,modern,modern-daily-7332716,modern-daily-7332716-2014-07-31
23,4,Urza's Mine,,Lands,3,1,RG Tron,MidKnightGames,232 tix,$ 726,241721,2014-07-31,Modern Daily #7332716,modern,modern-daily-7332716,modern-daily-7332716-2014-07-31
24,4,Urza's Power Plant,,Lands,3,1,RG Tron,MidKnightGames,232 tix,$ 726,241721,2014-07-31,Modern Daily #7332716,modern,modern-daily-7332716,modern-daily-7332716-2014-07-31
25,4,Urza's Tower,,Lands,3,1,RG Tron,MidKnightGames,232 tix,$ 726,241721,2014-07-31,Modern Daily #7332716,modern,modern-daily-7332716,modern-daily-7332716-2014-07-31
27,4,Nature's Claim,,Sideboard,3,1,RG Tron,MidKnightGames,232 tix,$ 726,241721,2014-07-31,Modern Daily #7332716,modern,modern-daily-7332716,modern-daily-7332716-2014-07-31
28,3,Combust,,Sideboard,3,1,RG Tron,MidKnightGames,232 tix,$ 726,241721,2014-07-31,Modern Daily #7332716,modern,modern-daily-7332716,modern-daily-7332716-2014-07-31
29,3,Defense Grid,,Sideboard,3,1,RG Tron,MidKnightGames,232 tix,$ 726,241721,2014-07-31,Modern Daily #7332716,modern,modern-daily-7332716,modern-daily-7332716-2014-07-31
30,2,Spellskite,,Sideboard,3,1,RG Tron,MidKnightGames,232 tix,$ 726,241721,2014-07-31,Modern Daily #7332716,modern,modern-daily-7332716,modern-daily-7332716-2014-07-31
31,2,Slaughter Games,,Sideboard,3,1,RG Tron,MidKnightGames,232 tix,$ 726,241721,2014-07-31,Modern Daily #7332716,modern,modern-daily-7332716,modern-daily-7332716-2014-07-31
32,1,Sundering Titan,,Sideboard,3,1,RG Tron,MidKnightGames,232 tix,$ 726,241721,2014-07-31,Modern Daily #7332716,modern,modern-daily-7332716,modern-daily-7332716-2014-07-31
1,4,Sakura-Tribe Elder,,Creatures,3,1,Scapeshift Beat Down,LalauWBA,321 tix,"$ 1,097",241716,2014-07-31,Modern Daily #7332716,modern,modern-daily-7332716,modern-daily-7332716-2014-07-31
2,2,Scavenging Ooze,,Creatures,3,1,Scapeshift Beat Down,LalauWBA,321 tix,"$ 1,097",241716,2014-07-31,Modern Daily #7332716,modern,modern-daily-7332716,modern-daily-7332716-2014-07-31
3,4,Tarmogoyf,,Creatures,3,1,Scapeshift Beat Down,LalauWBA,321 tix,"$ 1,097",241716,2014-07-31,Modern Daily #7332716,modern,modern-daily-7332716,modern-daily-7332716-2014-07-31
4,2,Courser of Kruphix,,Creatures,3,1,Scapeshift Beat Down,LalauWBA,321 tix,"$ 1,097",241716,2014-07-31,Modern Daily #7332716,modern,modern-daily-7332716,modern-daily-7332716-2014-07-31
5,3,Huntmaster of the Fells,,Creatures,3,1,Scapeshift Beat Down,LalauWBA,321 tix,"$ 1,097",241716,2014-07-31,Modern Daily #7332716,modern,modern-daily-7332716,modern-daily-7332716-2014-07-31
7,1,Flame Slash,,Spells,3,1,Scapeshift Beat Down,LalauWBA,321 tix,"$ 1,097",241716,2014-07-31,Modern Daily #7332716,modern,modern-daily-7332716,modern-daily-7332716-2014-07-31
8,4,Lightning Bolt,,Spells,3,1,Scapeshift Beat Down,LalauWBA,321 tix,"$ 1,097",241716,2014-07-31,Modern Daily #7332716,modern,modern-daily-7332716,modern-daily-7332716-2014-07-31
9,1,Izzet Charm,,Spells,3,1,Scapeshift Beat Down,LalauWBA,321 tix,"$ 1,097",241716,2014-07-31,Modern Daily #7332716,modern,modern-daily-7332716,modern-daily-7332716-2014-07-31
10,4,Remand,,Spells,3,1,Scapeshift Beat Down,LalauWBA,321 tix,"$ 1,097",241716,2014-07-31,Modern Daily #7332716,modern,modern-daily-7332716,modern-daily-7332716-2014-07-31
11,2,Anger of the Gods,,Spells,3,1,Scapeshift Beat Down,LalauWBA,321 tix,"$ 1,097",241716,2014-07-31,Modern Daily #7332716,modern,modern-daily-7332716,modern-daily-7332716-2014-07-31
12,4,Search for Tomorrow,,Spells,3,1,Scapeshift Beat Down,LalauWBA,321 tix,"$ 1,097",241716,2014-07-31,Modern Daily #7332716,modern,modern-daily-7332716,modern-daily-7332716-2014-07-31
13,4,Scapeshift,,Spells,3,1,Scapeshift Beat Down,LalauWBA,321 tix,"$ 1,097",241716,2014-07-31,Modern Daily #7332716,modern,modern-daily-7332716,modern-daily-7332716-2014-07-31
15,1,Breeding Pool,,Lands,3,1,Scapeshift Beat Down,LalauWBA,321 tix,"$ 1,097",241716,2014-07-31,Modern Daily #7332716,modern,modern-daily-7332716,modern-daily-7332716-2014-07-31
16,3,Forest,,Lands,3,1,Scapeshift Beat Down,LalauWBA,321 tix,"$ 1,097",241716,2014-07-31,Modern Daily #7332716,modern,modern-daily-7332716,modern-daily-7332716-2014-07-31
17,1,Island,,Lands,3,1,Scapeshift Beat Down,LalauWBA,321 tix,"$ 1,097",241716,2014-07-31,Modern Daily #7332716,modern,modern-daily-7332716,modern-daily-7332716-2014-07-31
18,4,Misty Rainforest,,Lands,3,1,Scapeshift Beat Down,LalauWBA,321 tix,"$ 1,097",241716,2014-07-31,Modern Daily #7332716,modern,modern-daily-7332716,modern-daily-7332716-2014-07-31
19,2,Mountain,,Lands,3,1,Scapeshift Beat Down,LalauWBA,321 tix,"$ 1,097",241716,2014-07-31,Modern Daily #7332716,modern,modern-daily-7332716,modern-daily-7332716-2014-07-31
20,2,Raging Ravine,,Lands,3,1,Scapeshift Beat Down,LalauWBA,321 tix,"$ 1,097",241716,2014-07-31,Modern Daily #7332716,modern,modern-daily-7332716,modern-daily-7332716-2014-07-31
21,4,Steam Vents,,Lands,3,1,Scapeshift Beat Down,LalauWBA,321 tix,"$ 1,097",241716,2014-07-31,Modern Daily #7332716,modern,modern-daily-7332716,modern-daily-7332716-2014-07-31
22,4,Stomping Ground,,Lands,3,1,Scapeshift Beat Down,LalauWBA,321 tix,"$ 1,097",241716,2014-07-31,Modern Daily #7332716,modern,modern-daily-7332716,modern-daily-7332716-2014-07-31
23,2,Treetop Village,,Lands,3,1,Scapeshift Beat Down,LalauWBA,321 tix,"$ 1,097",241716,2014-07-31,Modern Daily #7332716,modern,modern-daily-7332716,modern-daily-7332716-2014-07-31
24,2,"Valakut, the Molten Pinnacle",,Lands,3,1,Scapeshift Beat Down,LalauWBA,321 tix,"$ 1,097",241716,2014-07-31,Modern Daily #7332716,modern,modern-daily-7332716,modern-daily-7332716-2014-07-31
26,1,Dispel,,Sideboard,3,1,Scapeshift Beat Down,LalauWBA,321 tix,"$ 1,097",241716,2014-07-31,Modern Daily #7332716,modern,modern-daily-7332716,modern-daily-7332716-2014-07-31
27,1,Flame Slash,,Sideboard,3,1,Scapeshift Beat Down,LalauWBA,321 tix,"$ 1,097",241716,2014-07-31,Modern Daily #7332716,modern,modern-daily-7332716,modern-daily-7332716-2014-07-31
28,2,Ancient Grudge,,Sideboard,3,1,Scapeshift Beat Down,LalauWBA,321 tix,"$ 1,097",241716,2014-07-31,Modern Daily #7332716,modern,modern-daily-7332716,modern-daily-7332716-2014-07-31
29,2,Negate,,Sideboard,3,1,Scapeshift Beat Down,LalauWBA,321 tix,"$ 1,097",241716,2014-07-31,Modern Daily #7332716,modern,modern-daily-7332716,modern-daily-7332716-2014-07-31
30,1,Anger of the Gods,,Sideboard,3,1,Scapeshift Beat Down,LalauWBA,321 tix,"$ 1,097",241716,2014-07-31,Modern Daily #7332716,modern,modern-daily-7332716,modern-daily-7332716-2014-07-31
31,1,Threads of Disloyalty,,Sideboard,3,1,Scapeshift Beat Down,LalauWBA,321 tix,"$ 1,097",241716,2014-07-31,Modern Daily #7332716,modern,modern-daily-7332716,modern-daily-7332716-2014-07-31
32,1,Creeping Corrosion,,Sideboard,3,1,Scapeshift Beat Down,LalauWBA,321 tix,"$ 1,097",241716,2014-07-31,Modern Daily #7332716,modern,modern-daily-7332716,modern-daily-7332716-2014-07-31
33,2,Obstinate Baloth,,Sideboard,3,1,Scapeshift Beat Down,LalauWBA,321 tix,"$ 1,097",241716,2014-07-31,Modern Daily #7332716,modern,modern-daily-7332716,modern-daily-7332716-2014-07-31
34,1,Batterskull,,Sideboard,3,1,Scapeshift Beat Down,LalauWBA,321 tix,"$ 1,097",241716,2014-07-31,Modern Daily #7332716,modern,modern-daily-7332716,modern-daily-7332716-2014-07-31
35,3,Inferno Titan,,Sideboard,3,1,Scapeshift Beat Down,LalauWBA,321 tix,"$ 1,097",241716,2014-07-31,Modern Daily #7332716,modern,modern-daily-7332716,modern-daily-7332716-2014-07-31
1,4,Champion of the Parish,,Creatures,3,1,Soul Sisters,bchaos567,211 tix,$ 897,241722,2014-07-31,Modern Daily #7332716,modern,modern-daily-7332716,modern-daily-7332716-2014-07-31
2,4,Serra Ascendant,,Creatures,3,1,Soul Sisters,bchaos567,211 tix,$ 897,241722,2014-07-31,Modern Daily #7332716,modern,modern-daily-7332716,modern-daily-7332716-2014-07-31
3,4,Soul Warden,,Creatures,3,1,Soul Sisters,bchaos567,211 tix,$ 897,241722,2014-07-31,Modern Daily #7332716,modern,modern-daily-7332716,modern-daily-7332716-2014-07-31
4,3,Soul's Attendant,,Creatures,3,1,Soul Sisters,bchaos567,211 tix,$ 897,241722,2014-07-31,Modern Daily #7332716,modern,modern-daily-7332716,modern-daily-7332716-2014-07-31
5,4,Ajani's Pridemate,,Creatures,3,1,Soul Sisters,bchaos567,211 tix,$ 897,241722,2014-07-31,Modern Daily #7332716,modern,modern-daily-7332716,modern-daily-7332716-2014-07-31
6,4,Dark Confidant,,Creatures,3,1,Soul Sisters,bchaos567,211 tix,$ 897,241722,2014-07-31,Modern Daily #7332716,modern,modern-daily-7332716,modern-daily-7332716-2014-07-31
7,3,Ranger of Eos,,Creatures,3,1,Soul Sisters,bchaos567,211 tix,$ 897,241722,2014-07-31,Modern Daily #7332716,modern,modern-daily-7332716,modern-daily-7332716-2014-07-31
8,3,Archangel of Thune,,Creatures,3,1,Soul Sisters,bchaos567,211 tix,$ 897,241722,2014-07-31,Modern Daily #7332716,modern,modern-daily-7332716,modern-daily-7332716-2014-07-31
10,3,Path to Exile,,Spells,3,1,Soul Sisters,bchaos567,211 tix,$ 897,241722,2014-07-31,Modern Daily #7332716,modern,modern-daily-7332716,modern-daily-7332716-2014-07-31
11,2,Orzhov Charm,,Spells,3,1,Soul Sisters,bchaos567,211 tix,$ 897,241722,2014-07-31,Modern Daily #7332716,modern,modern-daily-7332716,modern-daily-7332716-2014-07-31
12,4,Lingering Souls,,Spells,3,1,Soul Sisters,bchaos567,211 tix,$ 897,241722,2014-07-31,Modern Daily #7332716,modern,modern-daily-7332716,modern-daily-7332716-2014-07-31
14,3,Cavern of Souls,,Lands,3,1,Soul Sisters,bchaos567,211 tix,$ 897,241722,2014-07-31,Modern Daily #7332716,modern,modern-daily-7332716,modern-daily-7332716-2014-07-31
15,4,Godless Shrine,,Lands,3,1,Soul Sisters,bchaos567,211 tix,$ 897,241722,2014-07-31,Modern Daily #7332716,modern,modern-daily-7332716,modern-daily-7332716-2014-07-31
16,4,Isolated Chapel,,Lands,3,1,Soul Sisters,bchaos567,211 tix,$ 897,241722,2014-07-31,Modern Daily #7332716,modern,modern-daily-7332716,modern-daily-7332716-2014-07-31
17,5,Plains,,Lands,3,1,Soul Sisters,bchaos567,211 tix,$ 897,241722,2014-07-31,Modern Daily #7332716,modern,modern-daily-7332716,modern-daily-7332716-2014-07-31
18,4,Swamp,,Lands,3,1,Soul Sisters,bchaos567,211 tix,$ 897,241722,2014-07-31,Modern Daily #7332716,modern,modern-daily-7332716,modern-daily-7332716-2014-07-31
19,1,"Urborg, Tomb of Yawgmoth",,Lands,3,1,Soul Sisters,bchaos567,211 tix,$ 897,241722,2014-07-31,Modern Daily #7332716,modern,modern-daily-7332716,modern-daily-7332716-2014-07-31
20,1,Vault of the Archangel,,Lands,3,1,Soul Sisters,bchaos567,211 tix,$ 897,241722,2014-07-31,Modern Daily #7332716,modern,modern-daily-7332716,modern-daily-7332716-2014-07-31
22,2,Relic of Progenitus,,Sideboard,3,1,Soul Sisters,bchaos567,211 tix,$ 897,241722,2014-07-31,Modern Daily #7332716,modern,modern-daily-7332716,modern-daily-7332716-2014-07-31
23,3,Thoughtseize,,Sideboard,3,1,Soul Sisters,bchaos567,211 tix,$ 897,241722,2014-07-31,Modern Daily #7332716,modern,modern-daily-7332716,modern-daily-7332716-2014-07-31
24,3,Ephemeral Shields,,Sideboard,3,1,Soul Sisters,bchaos567,211 tix,$ 897,241722,2014-07-31,Modern Daily #7332716,modern,modern-daily-7332716,modern-daily-7332716-2014-07-31
25,2,"Kataki, War's Wage",,Sideboard,3,1,Soul Sisters,bchaos567,211 tix,$ 897,241722,2014-07-31,Modern Daily #7332716,modern,modern-daily-7332716,modern-daily-7332716-2014-07-31
26,2,Sundering Growth,,Sideboard,3,1,Soul Sisters,bchaos567,211 tix,$ 897,241722,2014-07-31,Modern Daily #7332716,modern,modern-daily-7332716,modern-daily-7332716-2014-07-31
27,3,Suppression Field,,Sideboard,3,1,Soul Sisters,bchaos567,211 tix,$ 897,241722,2014-07-31,Modern Daily #7332716,modern,modern-daily-7332716,modern-daily-7332716-2014-07-31
1,4,Delver of Secrets,,Creatures,3,1,UR Delver,Lirek154,215 tix,$ 921,241724,2014-07-31,Modern Daily #7332716,modern,modern-daily-7332716,modern-daily-7332716-2014-07-31
2,2,Grim Lavamancer,,Creatures,3,1,UR Delver,Lirek154,215 tix,$ 921,241724,2014-07-31,Modern Daily #7332716,modern,modern-daily-7332716,modern-daily-7332716-2014-07-31
3,4,Snapcaster Mage,,Creatures,3,1,UR Delver,Lirek154,215 tix,$ 921,241724,2014-07-31,Modern Daily #7332716,modern,modern-daily-7332716,modern-daily-7332716-2014-07-31
4,4,Young Pyromancer,,Creatures,3,1,UR Delver,Lirek154,215 tix,$ 921,241724,2014-07-31,Modern Daily #7332716,modern,modern-daily-7332716,modern-daily-7332716-2014-07-31
6,4,Gitaxian Probe,,Spells,3,1,UR Delver,Lirek154,215 tix,$ 921,241724,2014-07-31,Modern Daily #7332716,modern,modern-daily-7332716,modern-daily-7332716-2014-07-31
7,4,Lightning Bolt,,Spells,3,1,UR Delver,Lirek154,215 tix,$ 921,241724,2014-07-31,Modern Daily #7332716,modern,modern-daily-7332716,modern-daily-7332716-2014-07-31
8,2,Pillar of Flame,,Spells,3,1,UR Delver,Lirek154,215 tix,$ 921,241724,2014-07-31,Modern Daily #7332716,modern,modern-daily-7332716,modern-daily-7332716-2014-07-31
9,4,Serum Visions,,Spells,3,1,UR Delver,Lirek154,215 tix,$ 921,241724,2014-07-31,Modern Daily #7332716,modern,modern-daily-7332716,modern-daily-7332716-2014-07-31
10,1,Spell Pierce,,Spells,3,1,UR Delver,Lirek154,215 tix,$ 921,241724,2014-07-31,Modern Daily #7332716,modern,modern-daily-7332716,modern-daily-7332716-2014-07-31
11,2,Spell Snare,,Spells,3,1,UR Delver,Lirek154,215 tix,$ 921,241724,2014-07-31,Modern Daily #7332716,modern,modern-daily-7332716,modern-daily-7332716-2014-07-31
12,2,Vapor Snag,,Spells,3,1,UR Delver,Lirek154,215 tix,$ 921,241724,2014-07-31,Modern Daily #7332716,modern,modern-daily-7332716,modern-daily-7332716-2014-07-31
13,3,Mana Leak,,Spells,3,1,UR Delver,Lirek154,215 tix,$ 921,241724,2014-07-31,Modern Daily #7332716,modern,modern-daily-7332716,modern-daily-7332716-2014-07-31
14,3,Remand,,Spells,3,1,UR Delver,Lirek154,215 tix,$ 921,241724,2014-07-31,Modern Daily #7332716,modern,modern-daily-7332716,modern-daily-7332716-2014-07-31
15,1,Electrolyze,,Spells,3,1,UR Delver,Lirek154,215 tix,$ 921,241724,2014-07-31,Modern Daily #7332716,modern,modern-daily-7332716,modern-daily-7332716-2014-07-31
17,1,Sword of Fire and Ice,,Artifacts,3,1,UR Delver,Lirek154,215 tix,$ 921,241724,2014-07-31,Modern Daily #7332716,modern,modern-daily-7332716,modern-daily-7332716-2014-07-31
19,6,Island,,Lands,3,1,UR Delver,Lirek154,215 tix,$ 921,241724,2014-07-31,Modern Daily #7332716,modern,modern-daily-7332716,modern-daily-7332716-2014-07-31
20,2,Mountain,,Lands,3,1,UR Delver,Lirek154,215 tix,$ 921,241724,2014-07-31,Modern Daily #7332716,modern,modern-daily-7332716,modern-daily-7332716-2014-07-31
21,4,Scalding Tarn,,Lands,3,1,UR Delver,Lirek154,215 tix,$ 921,241724,2014-07-31,Modern Daily #7332716,modern,modern-daily-7332716,modern-daily-7332716-2014-07-31
22,4,Steam Vents,,Lands,3,1,UR Delver,Lirek154,215 tix,$ 921,241724,2014-07-31,Modern Daily #7332716,modern,modern-daily-7332716,modern-daily-7332716-2014-07-31
23,3,Sulfur Falls,,Lands,3,1,UR Delver,Lirek154,215 tix,$ 921,241724,2014-07-31,Modern Daily #7332716,modern,modern-daily-7332716,modern-daily-7332716-2014-07-31
25,2,Relic of Progenitus,,Sideboard,3,1,UR Delver,Lirek154,215 tix,$ 921,241724,2014-07-31,Modern Daily #7332716,modern,modern-daily-7332716,modern-daily-7332716-2014-07-31
26,2,Shattering Spree,,Sideboard,3,1,UR Delver,Lirek154,215 tix,$ 921,241724,2014-07-31,Modern Daily #7332716,modern,modern-daily-7332716,modern-daily-7332716-2014-07-31
27,2,Combust,,Sideboard,3,1,UR Delver,Lirek154,215 tix,$ 921,241724,2014-07-31,Modern Daily #7332716,modern,modern-daily-7332716,modern-daily-7332716-2014-07-31
28,1,Negate,,Sideboard,3,1,UR Delver,Lirek154,215 tix,$ 921,241724,2014-07-31,Modern Daily #7332716,modern,modern-daily-7332716,modern-daily-7332716-2014-07-31
29,2,Spellskite,,Sideboard,3,1,UR Delver,Lirek154,215 tix,$ 921,241724,2014-07-31,Modern Daily #7332716,modern,modern-daily-7332716,modern-daily-7332716-2014-07-31
30,2,Blood Moon,,Sideboard,3,1,UR Delver,Lirek154,215 tix,$ 921,241724,2014-07-31,Modern Daily #7332716,modern,modern-daily-7332716,modern-daily-7332716-2014-07-31
31,2,Counterflux,,Sideboard,3,1,UR Delver,Lirek154,215 tix,$ 921,241724,2014-07-31,Modern Daily #7332716,modern,modern-daily-7332716,modern-daily-7332716-2014-07-31
32,1,Dismember,,Sideboard,3,1,UR Delver,Lirek154,215 tix,$ 921,241724,2014-07-31,Modern Daily #7332716,modern,modern-daily-7332716,modern-daily-7332716-2014-07-31
33,1,Izzet Staticaster,,Sideboard,3,1,UR Delver,Lirek154,215 tix,$ 921,241724,2014-07-31,Modern Daily #7332716,modern,modern-daily-7332716,modern-daily-7332716-2014-07-31
1,4,Goblin Electromancer,,Creatures,3,1,UR Storm,umbrageous,153 tix,$ 604,241733,2014-07-31,Modern Daily #7332716,modern,modern-daily-7332716,modern-daily-7332716-2014-07-31
3,3,Faithless Looting,,Spells,3,1,UR Storm,umbrageous,153 tix,$ 604,241733,2014-07-31,Modern Daily #7332716,modern,modern-daily-7332716,modern-daily-7332716-2014-07-31
4,4,Gitaxian Probe,,Spells,3,1,UR Storm,umbrageous,153 tix,$ 604,241733,2014-07-31,Modern Daily #7332716,modern,modern-daily-7332716,modern-daily-7332716-2014-07-31
5,4,Serum Visions,,Spells,3,1,UR Storm,umbrageous,153 tix,$ 604,241733,2014-07-31,Modern Daily #7332716,modern,modern-daily-7332716,modern-daily-7332716-2014-07-31
6,4,Sleight of Hand,,Spells,3,1,UR Storm,umbrageous,153 tix,$ 604,241733,2014-07-31,Modern Daily #7332716,modern,modern-daily-7332716,modern-daily-7332716-2014-07-31
7,3,Desperate Ravings,,Spells,3,1,UR Storm,umbrageous,153 tix,$ 604,241733,2014-07-31,Modern Daily #7332716,modern,modern-daily-7332716,modern-daily-7332716-2014-07-31
8,4,Desperate Ritual,,Spells,3,1,UR Storm,umbrageous,153 tix,$ 604,241733,2014-07-31,Modern Daily #7332716,modern,modern-daily-7332716,modern-daily-7332716-2014-07-31
9,3,Grapeshot,,Spells,3,1,UR Storm,umbrageous,153 tix,$ 604,241733,2014-07-31,Modern Daily #7332716,modern,modern-daily-7332716,modern-daily-7332716-2014-07-31
10,4,Manamorphose,,Spells,3,1,UR Storm,umbrageous,153 tix,$ 604,241733,2014-07-31,Modern Daily #7332716,modern,modern-daily-7332716,modern-daily-7332716-2014-07-31
11,4,Pyretic Ritual,,Spells,3,1,UR Storm,umbrageous,153 tix,$ 604,241733,2014-07-31,Modern Daily #7332716,modern,modern-daily-7332716,modern-daily-7332716-2014-07-31
12,3,Past in Flames,,Spells,3,1,UR Storm,umbrageous,153 tix,$ 604,241733,2014-07-31,Modern Daily #7332716,modern,modern-daily-7332716,modern-daily-7332716-2014-07-31
14,4,Pyromancer Ascension,,Enchantments,3,1,UR Storm,umbrageous,153 tix,$ 604,241733,2014-07-31,Modern Daily #7332716,modern,modern-daily-7332716,modern-daily-7332716-2014-07-31
16,3,Island,,Lands,3,1,UR Storm,umbrageous,153 tix,$ 604,241733,2014-07-31,Modern Daily #7332716,modern,modern-daily-7332716,modern-daily-7332716-2014-07-31
17,2,Misty Rainforest,,Lands,3,1,UR Storm,umbrageous,153 tix,$ 604,241733,2014-07-31,Modern Daily #7332716,modern,modern-daily-7332716,modern-daily-7332716-2014-07-31
18,1,Mountain,,Lands,3,1,UR Storm,umbrageous,153 tix,$ 604,241733,2014-07-31,Modern Daily #7332716,modern,modern-daily-7332716,modern-daily-7332716-2014-07-31
19,4,Scalding Tarn,,Lands,3,1,UR Storm,umbrageous,153 tix,$ 604,241733,2014-07-31,Modern Daily #7332716,modern,modern-daily-7332716,modern-daily-7332716-2014-07-31
20,3,Steam Vents,,Lands,3,1,UR Storm,umbrageous,153 tix,$ 604,241733,2014-07-31,Modern Daily #7332716,modern,modern-daily-7332716,modern-daily-7332716-2014-07-31
21,3,Sulfur Falls,,Lands,3,1,UR Storm,umbrageous,153 tix,$ 604,241733,2014-07-31,Modern Daily #7332716,modern,modern-daily-7332716,modern-daily-7332716-2014-07-31
23,4,Flame Slash,,Sideboard,3,1,UR Storm,umbrageous,153 tix,$ 604,241733,2014-07-31,Modern Daily #7332716,modern,modern-daily-7332716,modern-daily-7332716-2014-07-31
24,2,Lightning Bolt,,Sideboard,3,1,UR Storm,umbrageous,153 tix,$ 604,241733,2014-07-31,Modern Daily #7332716,modern,modern-daily-7332716,modern-daily-7332716-2014-07-31
25,2,Spell Pierce,,Sideboard,3,1,UR Storm,umbrageous,153 tix,$ 604,241733,2014-07-31,Modern Daily #7332716,modern,modern-daily-7332716,modern-daily-7332716-2014-07-31
26,3,Vandalblast,,Sideboard,3,1,UR Storm,umbrageous,153 tix,$ 604,241733,2014-07-31,Modern Daily #7332716,modern,modern-daily-7332716,modern-daily-7332716-2014-07-31
27,2,Echoing Truth,,Sideboard,3,1,UR Storm,umbrageous,153 tix,$ 604,241733,2014-07-31,Modern Daily #7332716,modern,modern-daily-7332716,modern-daily-7332716-2014-07-31
28,2,Empty the Warrens,,Sideboard,3,1,UR Storm,umbrageous,153 tix,$ 604,241733,2014-07-31,Modern Daily #7332716,modern,modern-daily-7332716,modern-daily-7332716-2014-07-31
1,4,Delver of Secrets,,Creatures,3,1,URG,varea,484 tix,"$ 1,645",241714,2014-07-31,Modern Daily #7332716,modern,modern-daily-7332716,modern-daily-7332716-2014-07-31
2,1,Scavenging Ooze,,Creatures,3,1,URG,varea,484 tix,"$ 1,645",241714,2014-07-31,Modern Daily #7332716,modern,modern-daily-7332716,modern-daily-7332716-2014-07-31
3,4,Snapcaster Mage,,Creatures,3,1,URG,varea,484 tix,"$ 1,645",241714,2014-07-31,Modern Daily #7332716,modern,modern-daily-7332716,modern-daily-7332716-2014-07-31
4,4,Tarmogoyf,,Creatures,3,1,URG,varea,484 tix,"$ 1,645",241714,2014-07-31,Modern Daily #7332716,modern,modern-daily-7332716,modern-daily-7332716-2014-07-31
5,2,Vendilion Clique,,Creatures,3,1,URG,varea,484 tix,"$ 1,645",241714,2014-07-31,Modern Daily #7332716,modern,modern-daily-7332716,modern-daily-7332716-2014-07-31
7,2,Flame Slash,,Spells,3,1,URG,varea,484 tix,"$ 1,645",241714,2014-07-31,Modern Daily #7332716,modern,modern-daily-7332716,modern-daily-7332716-2014-07-31
8,4,Lightning Bolt,,Spells,3,1,URG,varea,484 tix,"$ 1,645",241714,2014-07-31,Modern Daily #7332716,modern,modern-daily-7332716,modern-daily-7332716-2014-07-31
9,4,Serum Visions,,Spells,3,1,URG,varea,484 tix,"$ 1,645",241714,2014-07-31,Modern Daily #7332716,modern,modern-daily-7332716,modern-daily-7332716-2014-07-31
10,2,Spell Snare,,Spells,3,1,URG,varea,484 tix,"$ 1,645",241714,2014-07-31,Modern Daily #7332716,modern,modern-daily-7332716,modern-daily-7332716-2014-07-31
11,1,Deprive,,Spells,3,1,URG,varea,484 tix,"$ 1,645",241714,2014-07-31,Modern Daily #7332716,modern,modern-daily-7332716,modern-daily-7332716-2014-07-31
12,3,Mana Leak,,Spells,3,1,URG,varea,484 tix,"$ 1,645",241714,2014-07-31,Modern Daily #7332716,modern,modern-daily-7332716,modern-daily-7332716-2014-07-31
13,2,Remand,,Spells,3,1,URG,varea,484 tix,"$ 1,645",241714,2014-07-31,Modern Daily #7332716,modern,modern-daily-7332716,modern-daily-7332716-2014-07-31
14,2,Electrolyze,,Spells,3,1,URG,varea,484 tix,"$ 1,645",241714,2014-07-31,Modern Daily #7332716,modern,modern-daily-7332716,modern-daily-7332716-2014-07-31
15,2,Cryptic Command,,Spells,3,1,URG,varea,484 tix,"$ 1,645",241714,2014-07-31,Modern Daily #7332716,modern,modern-daily-7332716,modern-daily-7332716-2014-07-31
17,2,Vedalken Shackles,,Artifacts,3,1,URG,varea,484 tix,"$ 1,645",241714,2014-07-31,Modern Daily #7332716,modern,modern-daily-7332716,modern-daily-7332716-2014-07-31
19,2,Breeding Pool,,Lands,3,1,URG,varea,484 tix,"$ 1,645",241714,2014-07-31,Modern Daily #7332716,modern,modern-daily-7332716,modern-daily-7332716-2014-07-31
20,1,Forest,,Lands,3,1,URG,varea,484 tix,"$ 1,645",241714,2014-07-31,Modern Daily #7332716,modern,modern-daily-7332716,modern-daily-7332716-2014-07-31
21,6,Island,,Lands,3,1,URG,varea,484 tix,"$ 1,645",241714,2014-07-31,Modern Daily #7332716,modern,modern-daily-7332716,modern-daily-7332716-2014-07-31
22,4,Misty Rainforest,,Lands,3,1,URG,varea,484 tix,"$ 1,645",241714,2014-07-31,Modern Daily #7332716,modern,modern-daily-7332716,modern-daily-7332716-2014-07-31
23,1,Mountain,,Lands,3,1,URG,varea,484 tix,"$ 1,645",241714,2014-07-31,Modern Daily #7332716,modern,modern-daily-7332716,modern-daily-7332716-2014-07-31
24,4,Scalding Tarn,,Lands,3,1,URG,varea,484 tix,"$ 1,645",241714,2014-07-31,Modern Daily #7332716,modern,modern-daily-7332716,modern-daily-7332716-2014-07-31
25,2,Steam Vents,,Lands,3,1,URG,varea,484 tix,"$ 1,645",241714,2014-07-31,Modern Daily #7332716,modern,modern-daily-7332716,modern-daily-7332716-2014-07-31
26,1,Stomping Ground,,Lands,3,1,URG,varea,484 tix,"$ 1,645",241714,2014-07-31,Modern Daily #7332716,modern,modern-daily-7332716,modern-daily-7332716-2014-07-31
28,2,Engineered Explosives,,Sideboard,3,1,URG,varea,484 tix,"$ 1,645",241714,2014-07-31,Modern Daily #7332716,modern,modern-daily-7332716,modern-daily-7332716-2014-07-31
29,1,Dispel,,Sideboard,3,1,URG,varea,484 tix,"$ 1,645",241714,2014-07-31,Modern Daily #7332716,modern,modern-daily-7332716,modern-daily-7332716-2014-07-31
30,2,Ancient Grudge,,Sideboard,3,1,URG,varea,484 tix,"$ 1,645",241714,2014-07-31,Modern Daily #7332716,modern,modern-daily-7332716,modern-daily-7332716-2014-07-31
31,1,Combust,,Sideboard,3,1,URG,varea,484 tix,"$ 1,645",241714,2014-07-31,Modern Daily #7332716,modern,modern-daily-7332716,modern-daily-7332716-2014-07-31
32,1,Negate,,Sideboard,3,1,URG,varea,484 tix,"$ 1,645",241714,2014-07-31,Modern Daily #7332716,modern,modern-daily-7332716,modern-daily-7332716-2014-07-31
33,1,Spellskite,,Sideboard,3,1,URG,varea,484 tix,"$ 1,645",241714,2014-07-31,Modern Daily #7332716,modern,modern-daily-7332716,modern-daily-7332716-2014-07-31
34,2,Blood Moon,,Sideboard,3,1,URG,varea,484 tix,"$ 1,645",241714,2014-07-31,Modern Daily #7332716,modern,modern-daily-7332716,modern-daily-7332716-2014-07-31
35,1,Sword of Feast and Famine,,Sideboard,3,1,URG,varea,484 tix,"$ 1,645",241714,2014-07-31,Modern Daily #7332716,modern,modern-daily-7332716,modern-daily-7332716-2014-07-31
36,2,Threads of Disloyalty,,Sideboard,3,1,URG,varea,484 tix,"$ 1,645",241714,2014-07-31,Modern Daily #7332716,modern,modern-daily-7332716,modern-daily-7332716-2014-07-31
37,1,Batterskull,,Sideboard,3,1,URG,varea,484 tix,"$ 1,645",241714,2014-07-31,Modern Daily #7332716,modern,modern-daily-7332716,modern-daily-7332716-2014-07-31
38,1,"Keranos, God of Storms",,Sideboard,3,1,URG,varea,484 tix,"$ 1,645",241714,2014-07-31,Modern Daily #7332716,modern,modern-daily-7332716,modern-daily-7332716-2014-07-31
1,4,Snapcaster Mage,,Creatures,3,1,UWR Control,empy,345 tix,"$ 1,329",241712,2014-07-31,Modern Daily #7332716,modern,modern-daily-7332716,modern-daily-7332716-2014-07-31
2,4,Geist of Saint Traft,,Creatures,3,1,UWR Control,empy,345 tix,"$ 1,329",241712,2014-07-31,Modern Daily #7332716,modern,modern-daily-7332716,modern-daily-7332716-2014-07-31
3,1,Vendilion Clique,,Creatures,3,1,UWR Control,empy,345 tix,"$ 1,329",241712,2014-07-31,Modern Daily #7332716,modern,modern-daily-7332716,modern-daily-7332716-2014-07-31
4,2,Restoration Angel,,Creatures,3,1,UWR Control,empy,345 tix,"$ 1,329",241712,2014-07-31,Modern Daily #7332716,modern,modern-daily-7332716,modern-daily-7332716-2014-07-31
5,1,"Keranos, God of Storms",,Creatures,3,1,UWR Control,empy,345 tix,"$ 1,329",241712,2014-07-31,Modern Daily #7332716,modern,modern-daily-7332716,modern-daily-7332716-2014-07-31
7,4,Lightning Bolt,,Spells,3,1,UWR Control,empy,345 tix,"$ 1,329",241712,2014-07-31,Modern Daily #7332716,modern,modern-daily-7332716,modern-daily-7332716-2014-07-31
8,4,Path to Exile,,Spells,3,1,UWR Control,empy,345 tix,"$ 1,329",241712,2014-07-31,Modern Daily #7332716,modern,modern-daily-7332716,modern-daily-7332716-2014-07-31
9,2,Spell Snare,,Spells,3,1,UWR Control,empy,345 tix,"$ 1,329",241712,2014-07-31,Modern Daily #7332716,modern,modern-daily-7332716,modern-daily-7332716-2014-07-31
10,3,Lightning Helix,,Spells,3,1,UWR Control,empy,345 tix,"$ 1,329",241712,2014-07-31,Modern Daily #7332716,modern,modern-daily-7332716,modern-daily-7332716-2014-07-31
11,2,Mana Leak,,Spells,3,1,UWR Control,empy,345 tix,"$ 1,329",241712,2014-07-31,Modern Daily #7332716,modern,modern-daily-7332716,modern-daily-7332716-2014-07-31
12,3,Remand,,Spells,3,1,UWR Control,empy,345 tix,"$ 1,329",241712,2014-07-31,Modern Daily #7332716,modern,modern-daily-7332716,modern-daily-7332716-2014-07-31
13,2,Electrolyze,,Spells,3,1,UWR Control,empy,345 tix,"$ 1,329",241712,2014-07-31,Modern Daily #7332716,modern,modern-daily-7332716,modern-daily-7332716-2014-07-31
14,3,Cryptic Command,,Spells,3,1,UWR Control,empy,345 tix,"$ 1,329",241712,2014-07-31,Modern Daily #7332716,modern,modern-daily-7332716,modern-daily-7332716-2014-07-31
16,4,Arid Mesa,,Lands,3,1,UWR Control,empy,345 tix,"$ 1,329",241712,2014-07-31,Modern Daily #7332716,modern,modern-daily-7332716,modern-daily-7332716-2014-07-31
17,4,Celestial Colonnade,,Lands,3,1,UWR Control,empy,345 tix,"$ 1,329",241712,2014-07-31,Modern Daily #7332716,modern,modern-daily-7332716,modern-daily-7332716-2014-07-31
18,1,Glacial Fortress,,Lands,3,1,UWR Control,empy,345 tix,"$ 1,329",241712,2014-07-31,Modern Daily #7332716,modern,modern-daily-7332716,modern-daily-7332716-2014-07-31
19,1,Hallowed Fountain,,Lands,3,1,UWR Control,empy,345 tix,"$ 1,329",241712,2014-07-31,Modern Daily #7332716,modern,modern-daily-7332716,modern-daily-7332716-2014-07-31
20,3,Island,,Lands,3,1,UWR Control,empy,345 tix,"$ 1,329",241712,2014-07-31,Modern Daily #7332716,modern,modern-daily-7332716,modern-daily-7332716-2014-07-31
21,1,Mountain,,Lands,3,1,UWR Control,empy,345 tix,"$ 1,329",241712,2014-07-31,Modern Daily #7332716,modern,modern-daily-7332716,modern-daily-7332716-2014-07-31
22,1,Plains,,Lands,3,1,UWR Control,empy,345 tix,"$ 1,329",241712,2014-07-31,Modern Daily #7332716,modern,modern-daily-7332716,modern-daily-7332716-2014-07-31
23,1,Sacred Foundry,,Lands,3,1,UWR Control,empy,345 tix,"$ 1,329",241712,2014-07-31,Modern Daily #7332716,modern,modern-daily-7332716,modern-daily-7332716-2014-07-31
24,4,Scalding Tarn,,Lands,3,1,UWR Control,empy,345 tix,"$ 1,329",241712,2014-07-31,Modern Daily #7332716,modern,modern-daily-7332716,modern-daily-7332716-2014-07-31
25,2,Steam Vents,,Lands,3,1,UWR Control,empy,345 tix,"$ 1,329",241712,2014-07-31,Modern Daily #7332716,modern,modern-daily-7332716,modern-daily-7332716-2014-07-31
26,1,Sulfur Falls,,Lands,3,1,UWR Control,empy,345 tix,"$ 1,329",241712,2014-07-31,Modern Daily #7332716,modern,modern-daily-7332716,modern-daily-7332716-2014-07-31
27,2,Tectonic Edge,,Lands,3,1,UWR Control,empy,345 tix,"$ 1,329",241712,2014-07-31,Modern Daily #7332716,modern,modern-daily-7332716,modern-daily-7332716-2014-07-31
29,2,Wear & Tear,,Sideboard,3,1,UWR Control,empy,345 tix,"$ 1,329",241712,2014-07-31,Modern Daily #7332716,modern,modern-daily-7332716,modern-daily-7332716-2014-07-31
30,1,Dispel,,Sideboard,3,1,UWR Control,empy,345 tix,"$ 1,329",241712,2014-07-31,Modern Daily #7332716,modern,modern-daily-7332716,modern-daily-7332716-2014-07-31
31,1,Pillar of Flame,,Sideboard,3,1,UWR Control,empy,345 tix,"$ 1,329",241712,2014-07-31,Modern Daily #7332716,modern,modern-daily-7332716,modern-daily-7332716-2014-07-31
32,1,Celestial Purge,,Sideboard,3,1,UWR Control,empy,345 tix,"$ 1,329",241712,2014-07-31,Modern Daily #7332716,modern,modern-daily-7332716,modern-daily-7332716-2014-07-31
33,1,Negate,,Sideboard,3,1,UWR Control,empy,345 tix,"$ 1,329",241712,2014-07-31,Modern Daily #7332716,modern,modern-daily-7332716,modern-daily-7332716-2014-07-31
34,1,Spellskite,,Sideboard,3,1,UWR Control,empy,345 tix,"$ 1,329",241712,2014-07-31,Modern Daily #7332716,modern,modern-daily-7332716,modern-daily-7332716-2014-07-31
35,2,Anger of the Gods,,Sideboard,3,1,UWR Control,empy,345 tix,"$ 1,329",241712,2014-07-31,Modern Daily #7332716,modern,modern-daily-7332716,modern-daily-7332716-2014-07-31
36,2,Aven Mindcensor,,Sideboard,3,1,UWR Control,empy,345 tix,"$ 1,329",241712,2014-07-31,Modern Daily #7332716,modern,modern-daily-7332716,modern-daily-7332716-2014-07-31
37,1,Counterflux,,Sideboard,3,1,UWR Control,empy,345 tix,"$ 1,329",241712,2014-07-31,Modern Daily #7332716,modern,modern-daily-7332716,modern-daily-7332716-2014-07-31
38,1,Timely Reinforcements,,Sideboard,3,1,UWR Control,empy,345 tix,"$ 1,329",241712,2014-07-31,Modern Daily #7332716,modern,modern-daily-7332716,modern-daily-7332716-2014-07-31
39,1,Wrath of God,,Sideboard,3,1,UWR Control,empy,345 tix,"$ 1,329",241712,2014-07-31,Modern Daily #7332716,modern,modern-daily-7332716,modern-daily-7332716-2014-07-31
40,1,Batterskull,,Sideboard,3,1,UWR Control,empy,345 tix,"$ 1,329",241712,2014-07-31,Modern Daily #7332716,modern,modern-daily-7332716,modern-daily-7332716-2014-07-31
1,3,Memnite,,Creatures,4,0,Affinity,Karna33,318 tix,$ 814,241622,2014-07-29,Modern Daily #7313513,modern,modern-daily-7313513,modern-daily-7313513-2014-07-29
2,4,Ornithopter,,Creatures,4,0,Affinity,Karna33,318 tix,$ 814,241622,2014-07-29,Modern Daily #7313513,modern,modern-daily-7313513,modern-daily-7313513-2014-07-29
3,4,Signal Pest,,Creatures,4,0,Affinity,Karna33,318 tix,$ 814,241622,2014-07-29,Modern Daily #7313513,modern,modern-daily-7313513,modern-daily-7313513-2014-07-29
4,4,Arcbound Ravager,,Creatures,4,0,Affinity,Karna33,318 tix,$ 814,241622,2014-07-29,Modern Daily #7313513,modern,modern-daily-7313513,modern-daily-7313513-2014-07-29
5,3,Steel Overseer,,Creatures,4,0,Affinity,Karna33,318 tix,$ 814,241622,2014-07-29,Modern Daily #7313513,modern,modern-daily-7313513,modern-daily-7313513-2014-07-29
6,4,Vault Skirge,,Creatures,4,0,Affinity,Karna33,318 tix,$ 814,241622,2014-07-29,Modern Daily #7313513,modern,modern-daily-7313513,modern-daily-7313513-2014-07-29
7,3,Etched Champion,,Creatures,4,0,Affinity,Karna33,318 tix,$ 814,241622,2014-07-29,Modern Daily #7313513,modern,modern-daily-7313513,modern-daily-7313513-2014-07-29
8,1,Master of Etherium,,Creatures,4,0,Affinity,Karna33,318 tix,$ 814,241622,2014-07-29,Modern Daily #7313513,modern,modern-daily-7313513,modern-daily-7313513-2014-07-29
10,3,Galvanic Blast,,Spells,4,0,Affinity,Karna33,318 tix,$ 814,241622,2014-07-29,Modern Daily #7313513,modern,modern-daily-7313513,modern-daily-7313513-2014-07-29
11,3,Thoughtcast,,Spells,4,0,Affinity,Karna33,318 tix,$ 814,241622,2014-07-29,Modern Daily #7313513,modern,modern-daily-7313513,modern-daily-7313513-2014-07-29
13,3,Mox Opal,,Artifacts,4,0,Affinity,Karna33,318 tix,$ 814,241622,2014-07-29,Modern Daily #7313513,modern,modern-daily-7313513,modern-daily-7313513-2014-07-29
14,4,Springleaf Drum,,Artifacts,4,0,Affinity,Karna33,318 tix,$ 814,241622,2014-07-29,Modern Daily #7313513,modern,modern-daily-7313513,modern-daily-7313513-2014-07-29
15,4,Cranial Plating,,Artifacts,4,0,Affinity,Karna33,318 tix,$ 814,241622,2014-07-29,Modern Daily #7313513,modern,modern-daily-7313513,modern-daily-7313513-2014-07-29
17,4,Blinkmoth Nexus,,Lands,4,0,Affinity,Karna33,318 tix,$ 814,241622,2014-07-29,Modern Daily #7313513,modern,modern-daily-7313513,modern-daily-7313513-2014-07-29
18,4,Darksteel Citadel,,Lands,4,0,Affinity,Karna33,318 tix,$ 814,241622,2014-07-29,Modern Daily #7313513,modern,modern-daily-7313513,modern-daily-7313513-2014-07-29
19,4,Glimmervoid,,Lands,4,0,Affinity,Karna33,318 tix,$ 814,241622,2014-07-29,Modern Daily #7313513,modern,modern-daily-7313513,modern-daily-7313513-2014-07-29
20,4,Inkmoth Nexus,,Lands,4,0,Affinity,Karna33,318 tix,$ 814,241622,2014-07-29,Modern Daily #7313513,modern,modern-daily-7313513,modern-daily-7313513-2014-07-29
21,1,Island,,Lands,4,0,Affinity,Karna33,318 tix,$ 814,241622,2014-07-29,Modern Daily #7313513,modern,modern-daily-7313513,modern-daily-7313513-2014-07-29
23,1,Tormod's Crypt,,Sideboard,4,0,Affinity,Karna33,318 tix,$ 814,241622,2014-07-29,Modern Daily #7313513,modern,modern-daily-7313513,modern-daily-7313513-2014-07-29
24,1,Wear & Tear,,Sideboard,4,0,Affinity,Karna33,318 tix,$ 814,241622,2014-07-29,Modern Daily #7313513,modern,modern-daily-7313513,modern-daily-7313513-2014-07-29
25,2,Duress,,Sideboard,4,0,Affinity,Karna33,318 tix,$ 814,241622,2014-07-29,Modern Daily #7313513,modern,modern-daily-7313513,modern-daily-7313513-2014-07-29
26,1,Illness in the Ranks,,Sideboard,4,0,Affinity,Karna33,318 tix,$ 814,241622,2014-07-29,Modern Daily #7313513,modern,modern-daily-7313513,modern-daily-7313513-2014-07-29
27,1,Relic of Progenitus,,Sideboard,4,0,Affinity,Karna33,318 tix,$ 814,241622,2014-07-29,Modern Daily #7313513,modern,modern-daily-7313513,modern-daily-7313513-2014-07-29
28,1,Spell Pierce,,Sideboard,4,0,Affinity,Karna33,318 tix,$ 814,241622,2014-07-29,Modern Daily #7313513,modern,modern-daily-7313513,modern-daily-7313513-2014-07-29
29,1,Thoughtseize,,Sideboard,4,0,Affinity,Karna33,318 tix,$ 814,241622,2014-07-29,Modern Daily #7313513,modern,modern-daily-7313513,modern-daily-7313513-2014-07-29
30,2,Ancient Grudge,,Sideboard,4,0,Affinity,Karna33,318 tix,$ 814,241622,2014-07-29,Modern Daily #7313513,modern,modern-daily-7313513,modern-daily-7313513-2014-07-29
31,2,Spellskite,,Sideboard,4,0,Affinity,Karna33,318 tix,$ 814,241622,2014-07-29,Modern Daily #7313513,modern,modern-daily-7313513,modern-daily-7313513-2014-07-29
32,1,Blood Moon,,Sideboard,4,0,Affinity,Karna33,318 tix,$ 814,241622,2014-07-29,Modern Daily #7313513,modern,modern-daily-7313513,modern-daily-7313513-2014-07-29
33,1,Dismember,,Sideboard,4,0,Affinity,Karna33,318 tix,$ 814,241622,2014-07-29,Modern Daily #7313513,modern,modern-daily-7313513,modern-daily-7313513-2014-07-29
34,1,Etched Champion,,Sideboard,4,0,Affinity,Karna33,318 tix,$ 814,241622,2014-07-29,Modern Daily #7313513,modern,modern-daily-7313513,modern-daily-7313513-2014-07-29
1,1,Dryad Arbor,,Creatures,4,0,Bogle,VeJi,431 tix,$ 989,241624,2014-07-29,Modern Daily #7313513,modern,modern-daily-7313513,modern-daily-7313513-2014-07-29
2,4,Gladecover Scout,,Creatures,4,0,Bogle,VeJi,431 tix,$ 989,241624,2014-07-29,Modern Daily #7313513,modern,modern-daily-7313513,modern-daily-7313513-2014-07-29
3,4,Noble Hierarch,,Creatures,4,0,Bogle,VeJi,431 tix,$ 989,241624,2014-07-29,Modern Daily #7313513,modern,modern-daily-7313513,modern-daily-7313513-2014-07-29
4,4,Slippery Bogle,,Creatures,4,0,Bogle,VeJi,431 tix,$ 989,241624,2014-07-29,Modern Daily #7313513,modern,modern-daily-7313513,modern-daily-7313513-2014-07-29
5,4,Kor Spiritdancer,,Creatures,4,0,Bogle,VeJi,431 tix,$ 989,241624,2014-07-29,Modern Daily #7313513,modern,modern-daily-7313513,modern-daily-7313513-2014-07-29
7,3,Path to Exile,,Spells,4,0,Bogle,VeJi,431 tix,$ 989,241624,2014-07-29,Modern Daily #7313513,modern,modern-daily-7313513,modern-daily-7313513-2014-07-29
9,4,Ethereal Armor,,Enchantments,4,0,Bogle,VeJi,431 tix,$ 989,241624,2014-07-29,Modern Daily #7313513,modern,modern-daily-7313513,modern-daily-7313513-2014-07-29
10,2,Hyena Umbra,,Enchantments,4,0,Bogle,VeJi,431 tix,$ 989,241624,2014-07-29,Modern Daily #7313513,modern,modern-daily-7313513,modern-daily-7313513-2014-07-29
11,4,Rancor,,Enchantments,4,0,Bogle,VeJi,431 tix,$ 989,241624,2014-07-29,Modern Daily #7313513,modern,modern-daily-7313513,modern-daily-7313513-2014-07-29
12,4,Spider Umbra,,Enchantments,4,0,Bogle,VeJi,431 tix,$ 989,241624,2014-07-29,Modern Daily #7313513,modern,modern-daily-7313513,modern-daily-7313513-2014-07-29
13,4,Daybreak Coronet,,Enchantments,4,0,Bogle,VeJi,431 tix,$ 989,241624,2014-07-29,Modern Daily #7313513,modern,modern-daily-7313513,modern-daily-7313513-2014-07-29
14,4,Spirit Mantle,,Enchantments,4,0,Bogle,VeJi,431 tix,$ 989,241624,2014-07-29,Modern Daily #7313513,modern,modern-daily-7313513,modern-daily-7313513-2014-07-29
16,1,Brushland,,Lands,4,0,Bogle,VeJi,431 tix,$ 989,241624,2014-07-29,Modern Daily #7313513,modern,modern-daily-7313513,modern-daily-7313513-2014-07-29
17,1,Forest,,Lands,4,0,Bogle,VeJi,431 tix,$ 989,241624,2014-07-29,Modern Daily #7313513,modern,modern-daily-7313513,modern-daily-7313513-2014-07-29
18,4,Horizon Canopy,,Lands,4,0,Bogle,VeJi,431 tix,$ 989,241624,2014-07-29,Modern Daily #7313513,modern,modern-daily-7313513,modern-daily-7313513-2014-07-29
19,4,Razorverge Thicket,,Lands,4,0,Bogle,VeJi,431 tix,$ 989,241624,2014-07-29,Modern Daily #7313513,modern,modern-daily-7313513,modern-daily-7313513-2014-07-29
20,4,Temple Garden,,Lands,4,0,Bogle,VeJi,431 tix,$ 989,241624,2014-07-29,Modern Daily #7313513,modern,modern-daily-7313513,modern-daily-7313513-2014-07-29
21,4,Verdant Catacombs,,Lands,4,0,Bogle,VeJi,431 tix,$ 989,241624,2014-07-29,Modern Daily #7313513,modern,modern-daily-7313513,modern-daily-7313513-2014-07-29
23,2,Grafdigger's Cage,,Sideboard,4,0,Bogle,VeJi,431 tix,$ 989,241624,2014-07-29,Modern Daily #7313513,modern,modern-daily-7313513,modern-daily-7313513-2014-07-29
24,2,Nature's Claim,,Sideboard,4,0,Bogle,VeJi,431 tix,$ 989,241624,2014-07-29,Modern Daily #7313513,modern,modern-daily-7313513,modern-daily-7313513-2014-07-29
25,2,Ethersworn Canonist,,Sideboard,4,0,Bogle,VeJi,431 tix,$ 989,241624,2014-07-29,Modern Daily #7313513,modern,modern-daily-7313513,modern-daily-7313513-2014-07-29
26,2,Gaddock Teeg,,Sideboard,4,0,Bogle,VeJi,431 tix,$ 989,241624,2014-07-29,Modern Daily #7313513,modern,modern-daily-7313513,modern-daily-7313513-2014-07-29
27,3,Stony Silence,,Sideboard,4,0,Bogle,VeJi,431 tix,$ 989,241624,2014-07-29,Modern Daily #7313513,modern,modern-daily-7313513,modern-daily-7313513-2014-07-29
28,4,Leyline of Sanctity,,Sideboard,4,0,Bogle,VeJi,431 tix,$ 989,241624,2014-07-29,Modern Daily #7313513,modern,modern-daily-7313513,modern-daily-7313513-2014-07-29
1,4,Goblin Guide,,Creatures,4,0,Burn,videor,86 tix,$ 237,241626,2014-07-29,Modern Daily #7313513,modern,modern-daily-7313513,modern-daily-7313513-2014-07-29
2,4,Vexing Devil,,Creatures,4,0,Burn,videor,86 tix,$ 237,241626,2014-07-29,Modern Daily #7313513,modern,modern-daily-7313513,modern-daily-7313513-2014-07-29
3,4,Eidolon of the Great Revel,,Creatures,4,0,Burn,videor,86 tix,$ 237,241626,2014-07-29,Modern Daily #7313513,modern,modern-daily-7313513,modern-daily-7313513-2014-07-29
5,4,Lava Spike,,Spells,4,0,Burn,videor,86 tix,$ 237,241626,2014-07-29,Modern Daily #7313513,modern,modern-daily-7313513,modern-daily-7313513-2014-07-29
6,4,Lightning Bolt,,Spells,4,0,Burn,videor,86 tix,$ 237,241626,2014-07-29,Modern Daily #7313513,modern,modern-daily-7313513,modern-daily-7313513-2014-07-29
7,4,Shard Volley,,Spells,4,0,Burn,videor,86 tix,$ 237,241626,2014-07-29,Modern Daily #7313513,modern,modern-daily-7313513,modern-daily-7313513-2014-07-29
8,4,Searing Blaze,,Spells,4,0,Burn,videor,86 tix,$ 237,241626,2014-07-29,Modern Daily #7313513,modern,modern-daily-7313513,modern-daily-7313513-2014-07-29
9,4,Skullcrack,,Spells,4,0,Burn,videor,86 tix,$ 237,241626,2014-07-29,Modern Daily #7313513,modern,modern-daily-7313513,modern-daily-7313513-2014-07-29
10,4,Flames of the Blood Hand,,Spells,4,0,Burn,videor,86 tix,$ 237,241626,2014-07-29,Modern Daily #7313513,modern,modern-daily-7313513,modern-daily-7313513-2014-07-29
11,4,Rift Bolt,,Spells,4,0,Burn,videor,86 tix,$ 237,241626,2014-07-29,Modern Daily #7313513,modern,modern-daily-7313513,modern-daily-7313513-2014-07-29
13,20,Mountain,,Lands,4,0,Burn,videor,86 tix,$ 237,241626,2014-07-29,Modern Daily #7313513,modern,modern-daily-7313513,modern-daily-7313513-2014-07-29
15,3,Relic of Progenitus,,Sideboard,4,0,Burn,videor,86 tix,$ 237,241626,2014-07-29,Modern Daily #7313513,modern,modern-daily-7313513,modern-daily-7313513-2014-07-29
16,4,Combust,,Sideboard,4,0,Burn,videor,86 tix,$ 237,241626,2014-07-29,Modern Daily #7313513,modern,modern-daily-7313513,modern-daily-7313513-2014-07-29
17,2,Searing Blood,,Sideboard,4,0,Burn,videor,86 tix,$ 237,241626,2014-07-29,Modern Daily #7313513,modern,modern-daily-7313513,modern-daily-7313513-2014-07-29
18,4,Smash to Smithereens,,Sideboard,4,0,Burn,videor,86 tix,$ 237,241626,2014-07-29,Modern Daily #7313513,modern,modern-daily-7313513,modern-daily-7313513-2014-07-29
19,2,Molten Rain,,Sideboard,4,0,Burn,videor,86 tix,$ 237,241626,2014-07-29,Modern Daily #7313513,modern,modern-daily-7313513,modern-daily-7313513-2014-07-29
1,4,Delver of Secrets,,Creatures,4,0,UR Delver,Darkrouge,72 tix,$ 387,241623,2014-07-29,Modern Daily #7313513,modern,modern-daily-7313513,modern-daily-7313513-2014-07-29
2,2,Grim Lavamancer,,Creatures,4,0,UR Delver,Darkrouge,72 tix,$ 387,241623,2014-07-29,Modern Daily #7313513,modern,modern-daily-7313513,modern-daily-7313513-2014-07-29
3,3,Snapcaster Mage,,Creatures,4,0,UR Delver,Darkrouge,72 tix,$ 387,241623,2014-07-29,Modern Daily #7313513,modern,modern-daily-7313513,modern-daily-7313513-2014-07-29
4,4,Young Pyromancer,,Creatures,4,0,UR Delver,Darkrouge,72 tix,$ 387,241623,2014-07-29,Modern Daily #7313513,modern,modern-daily-7313513,modern-daily-7313513-2014-07-29
6,1,Dispel,,Spells,4,0,UR Delver,Darkrouge,72 tix,$ 387,241623,2014-07-29,Modern Daily #7313513,modern,modern-daily-7313513,modern-daily-7313513-2014-07-29
7,4,Gitaxian Probe,,Spells,4,0,UR Delver,Darkrouge,72 tix,$ 387,241623,2014-07-29,Modern Daily #7313513,modern,modern-daily-7313513,modern-daily-7313513-2014-07-29
8,4,Lightning Bolt,,Spells,4,0,UR Delver,Darkrouge,72 tix,$ 387,241623,2014-07-29,Modern Daily #7313513,modern,modern-daily-7313513,modern-daily-7313513-2014-07-29
9,4,Serum Visions,,Spells,4,0,UR Delver,Darkrouge,72 tix,$ 387,241623,2014-07-29,Modern Daily #7313513,modern,modern-daily-7313513,modern-daily-7313513-2014-07-29
10,2,Spell Pierce,,Spells,4,0,UR Delver,Darkrouge,72 tix,$ 387,241623,2014-07-29,Modern Daily #7313513,modern,modern-daily-7313513,modern-daily-7313513-2014-07-29
11,3,Spell Snare,,Spells,4,0,UR Delver,Darkrouge,72 tix,$ 387,241623,2014-07-29,Modern Daily #7313513,modern,modern-daily-7313513,modern-daily-7313513-2014-07-29
12,3,Vapor Snag,,Spells,4,0,UR Delver,Darkrouge,72 tix,$ 387,241623,2014-07-29,Modern Daily #7313513,modern,modern-daily-7313513,modern-daily-7313513-2014-07-29
13,2,Izzet Charm,,Spells,4,0,UR Delver,Darkrouge,72 tix,$ 387,241623,2014-07-29,Modern Daily #7313513,modern,modern-daily-7313513,modern-daily-7313513-2014-07-29
14,4,Mana Leak,,Spells,4,0,UR Delver,Darkrouge,72 tix,$ 387,241623,2014-07-29,Modern Daily #7313513,modern,modern-daily-7313513,modern-daily-7313513-2014-07-29
15,2,Electrolyze,,Spells,4,0,UR Delver,Darkrouge,72 tix,$ 387,241623,2014-07-29,Modern Daily #7313513,modern,modern-daily-7313513,modern-daily-7313513-2014-07-29
17,5,Island,,Lands,4,0,UR Delver,Darkrouge,72 tix,$ 387,241623,2014-07-29,Modern Daily #7313513,modern,modern-daily-7313513,modern-daily-7313513-2014-07-29
18,5,Mountain,,Lands,4,0,UR Delver,Darkrouge,72 tix,$ 387,241623,2014-07-29,Modern Daily #7313513,modern,modern-daily-7313513,modern-daily-7313513-2014-07-29
19,4,Steam Vents,,Lands,4,0,UR Delver,Darkrouge,72 tix,$ 387,241623,2014-07-29,Modern Daily #7313513,modern,modern-daily-7313513,modern-daily-7313513-2014-07-29
20,3,Sulfur Falls,,Lands,4,0,UR Delver,Darkrouge,72 tix,$ 387,241623,2014-07-29,Modern Daily #7313513,modern,modern-daily-7313513,modern-daily-7313513-2014-07-29
21,1,Temple of Epiphany,,Lands,4,0,UR Delver,Darkrouge,72 tix,$ 387,241623,2014-07-29,Modern Daily #7313513,modern,modern-daily-7313513,modern-daily-7313513-2014-07-29
23,2,Dispel,,Sideboard,4,0,UR Delver,Darkrouge,72 tix,$ 387,241623,2014-07-29,Modern Daily #7313513,modern,modern-daily-7313513,modern-daily-7313513-2014-07-29
24,1,Magma Spray,,Sideboard,4,0,UR Delver,Darkrouge,72 tix,$ 387,241623,2014-07-29,Modern Daily #7313513,modern,modern-daily-7313513,modern-daily-7313513-2014-07-29
25,2,Smelt,,Sideboard,4,0,UR Delver,Darkrouge,72 tix,$ 387,241623,2014-07-29,Modern Daily #7313513,modern,modern-daily-7313513,modern-daily-7313513-2014-07-29
26,1,Spell Pierce,,Sideboard,4,0,UR Delver,Darkrouge,72 tix,$ 387,241623,2014-07-29,Modern Daily #7313513,modern,modern-daily-7313513,modern-daily-7313513-2014-07-29
27,1,Spell Snare,,Sideboard,4,0,UR Delver,Darkrouge,72 tix,$ 387,241623,2014-07-29,Modern Daily #7313513,modern,modern-daily-7313513,modern-daily-7313513-2014-07-29
28,3,Combust,,Sideboard,4,0,UR Delver,Darkrouge,72 tix,$ 387,241623,2014-07-29,Modern Daily #7313513,modern,modern-daily-7313513,modern-daily-7313513-2014-07-29
29,2,Anger of the Gods,,Sideboard,4,0,UR Delver,Darkrouge,72 tix,$ 387,241623,2014-07-29,Modern Daily #7313513,modern,modern-daily-7313513,modern-daily-7313513-2014-07-29
30,1,Counterflux,,Sideboard,4,0,UR Delver,Darkrouge,72 tix,$ 387,241623,2014-07-29,Modern Daily #7313513,modern,modern-daily-7313513,modern-daily-7313513-2014-07-29
31,1,Electrolyze,,Sideboard,4,0,UR Delver,Darkrouge,72 tix,$ 387,241623,2014-07-29,Modern Daily #7313513,modern,modern-daily-7313513,modern-daily-7313513-2014-07-29
1,2,Snapcaster Mage,,Creatures,4,0,UWR Twin,sameko,329 tix,"$ 1,221",241625,2014-07-29,Modern Daily #7313513,modern,modern-daily-7313513,modern-daily-7313513-2014-07-29
2,4,Wall of Omens,,Creatures,4,0,UWR Twin,sameko,329 tix,"$ 1,221",241625,2014-07-29,Modern Daily #7313513,modern,modern-daily-7313513,modern-daily-7313513-2014-07-29
3,4,Deceiver Exarch,,Creatures,4,0,UWR Twin,sameko,329 tix,"$ 1,221",241625,2014-07-29,Modern Daily #7313513,modern,modern-daily-7313513,modern-daily-7313513-2014-07-29
4,1,Vendilion Clique,,Creatures,4,0,UWR Twin,sameko,329 tix,"$ 1,221",241625,2014-07-29,Modern Daily #7313513,modern,modern-daily-7313513,modern-daily-7313513-2014-07-29
5,4,Restoration Angel,,Creatures,4,0,UWR Twin,sameko,329 tix,"$ 1,221",241625,2014-07-29,Modern Daily #7313513,modern,modern-daily-7313513,modern-daily-7313513-2014-07-29
6,2,"Kiki-Jiki, Mirror Breaker",,Creatures,4,0,UWR Twin,sameko,329 tix,"$ 1,221",241625,2014-07-29,Modern Daily #7313513,modern,modern-daily-7313513,modern-daily-7313513-2014-07-29
8,4,Lightning Bolt,,Spells,4,0,UWR Twin,sameko,329 tix,"$ 1,221",241625,2014-07-29,Modern Daily #7313513,modern,modern-daily-7313513,modern-daily-7313513-2014-07-29
9,4,Path to Exile,,Spells,4,0,UWR Twin,sameko,329 tix,"$ 1,221",241625,2014-07-29,Modern Daily #7313513,modern,modern-daily-7313513,modern-daily-7313513-2014-07-29
10,4,Remand,,Spells,4,0,UWR Twin,sameko,329 tix,"$ 1,221",241625,2014-07-29,Modern Daily #7313513,modern,modern-daily-7313513,modern-daily-7313513-2014-07-29
11,3,Electrolyze,,Spells,4,0,UWR Twin,sameko,329 tix,"$ 1,221",241625,2014-07-29,Modern Daily #7313513,modern,modern-daily-7313513,modern-daily-7313513-2014-07-29
13,4,Splinter Twin,,Enchantments,4,0,UWR Twin,sameko,329 tix,"$ 1,221",241625,2014-07-29,Modern Daily #7313513,modern,modern-daily-7313513,modern-daily-7313513-2014-07-29
15,4,Arid Mesa,,Lands,4,0,UWR Twin,sameko,329 tix,"$ 1,221",241625,2014-07-29,Modern Daily #7313513,modern,modern-daily-7313513,modern-daily-7313513-2014-07-29
16,1,Cascade Bluffs,,Lands,4,0,UWR Twin,sameko,329 tix,"$ 1,221",241625,2014-07-29,Modern Daily #7313513,modern,modern-daily-7313513,modern-daily-7313513-2014-07-29
17,4,Celestial Colonnade,,Lands,4,0,UWR Twin,sameko,329 tix,"$ 1,221",241625,2014-07-29,Modern Daily #7313513,modern,modern-daily-7313513,modern-daily-7313513-2014-07-29
18,1,Hallowed Fountain,,Lands,4,0,UWR Twin,sameko,329 tix,"$ 1,221",241625,2014-07-29,Modern Daily #7313513,modern,modern-daily-7313513,modern-daily-7313513-2014-07-29
19,2,Island,,Lands,4,0,UWR Twin,sameko,329 tix,"$ 1,221",241625,2014-07-29,Modern Daily #7313513,modern,modern-daily-7313513,modern-daily-7313513-2014-07-29
20,1,Mountain,,Lands,4,0,UWR Twin,sameko,329 tix,"$ 1,221",241625,2014-07-29,Modern Daily #7313513,modern,modern-daily-7313513,modern-daily-7313513-2014-07-29
21,1,Plains,,Lands,4,0,UWR Twin,sameko,329 tix,"$ 1,221",241625,2014-07-29,Modern Daily #7313513,modern,modern-daily-7313513,modern-daily-7313513-2014-07-29
22,2,Sacred Foundry,,Lands,4,0,UWR Twin,sameko,329 tix,"$ 1,221",241625,2014-07-29,Modern Daily #7313513,modern,modern-daily-7313513,modern-daily-7313513-2014-07-29
23,4,Scalding Tarn,,Lands,4,0,UWR Twin,sameko,329 tix,"$ 1,221",241625,2014-07-29,Modern Daily #7313513,modern,modern-daily-7313513,modern-daily-7313513-2014-07-29
24,3,Steam Vents,,Lands,4,0,UWR Twin,sameko,329 tix,"$ 1,221",241625,2014-07-29,Modern Daily #7313513,modern,modern-daily-7313513,modern-daily-7313513-2014-07-29
25,1,Sulfur Falls,,Lands,4,0,UWR Twin,sameko,329 tix,"$ 1,221",241625,2014-07-29,Modern Daily #7313513,modern,modern-daily-7313513,modern-daily-7313513-2014-07-29
27,1,Engineered Explosives,,Sideboard,4,0,UWR Twin,sameko,329 tix,"$ 1,221",241625,2014-07-29,Modern Daily #7313513,modern,modern-daily-7313513,modern-daily-7313513-2014-07-29
28,1,Wear & Tear,,Sideboard,4,0,UWR Twin,sameko,329 tix,"$ 1,221",241625,2014-07-29,Modern Daily #7313513,modern,modern-daily-7313513,modern-daily-7313513-2014-07-29
29,1,Dispel,,Sideboard,4,0,UWR Twin,sameko,329 tix,"$ 1,221",241625,2014-07-29,Modern Daily #7313513,modern,modern-daily-7313513,modern-daily-7313513-2014-07-29
30,2,Relic of Progenitus,,Sideboard,4,0,UWR Twin,sameko,329 tix,"$ 1,221",241625,2014-07-29,Modern Daily #7313513,modern,modern-daily-7313513,modern-daily-7313513-2014-07-29
31,1,Celestial Purge,,Sideboard,4,0,UWR Twin,sameko,329 tix,"$ 1,221",241625,2014-07-29,Modern Daily #7313513,modern,modern-daily-7313513,modern-daily-7313513-2014-07-29
32,1,Negate,,Sideboard,4,0,UWR Twin,sameko,329 tix,"$ 1,221",241625,2014-07-29,Modern Daily #7313513,modern,modern-daily-7313513,modern-daily-7313513-2014-07-29
33,2,Stony Silence,,Sideboard,4,0,UWR Twin,sameko,329 tix,"$ 1,221",241625,2014-07-29,Modern Daily #7313513,modern,modern-daily-7313513,modern-daily-7313513-2014-07-29
34,1,Anger of the Gods,,Sideboard,4,0,UWR Twin,sameko,329 tix,"$ 1,221",241625,2014-07-29,Modern Daily #7313513,modern,modern-daily-7313513,modern-daily-7313513-2014-07-29
35,1,Counterflux,,Sideboard,4,0,UWR Twin,sameko,329 tix,"$ 1,221",241625,2014-07-29,Modern Daily #7313513,modern,modern-daily-7313513,modern-daily-7313513-2014-07-29
36,1,Wrath of God,,Sideboard,4,0,UWR Twin,sameko,329 tix,"$ 1,221",241625,2014-07-29,Modern Daily #7313513,modern,modern-daily-7313513,modern-daily-7313513-2014-07-29
37,1,Hallowed Burial,,Sideboard,4,0,UWR Twin,sameko,329 tix,"$ 1,221",241625,2014-07-29,Modern Daily #7313513,modern,modern-daily-7313513,modern-daily-7313513-2014-07-29
38,1,"Keranos, God of Storms",,Sideboard,4,0,UWR Twin,sameko,329 tix,"$ 1,221",241625,2014-07-29,Modern Daily #7313513,modern,modern-daily-7313513,modern-daily-7313513-2014-07-29
39,1,Thundermaw Hellkite,,Sideboard,4,0,UWR Twin,sameko,329 tix,"$ 1,221",241625,2014-07-29,Modern Daily #7313513,modern,modern-daily-7313513,modern-daily-7313513-2014-07-29
1,3,Memnite,,Creatures,3,1,Affinity,Crywolf102190,391 tix,$ 916,241631,2014-07-29,Modern Daily #7313513,modern,modern-daily-7313513,modern-daily-7313513-2014-07-29
2,4,Ornithopter,,Creatures,3,1,Affinity,Crywolf102190,391 tix,$ 916,241631,2014-07-29,Modern Daily #7313513,modern,modern-daily-7313513,modern-daily-7313513-2014-07-29
3,4,Signal Pest,,Creatures,3,1,Affinity,Crywolf102190,391 tix,$ 916,241631,2014-07-29,Modern Daily #7313513,modern,modern-daily-7313513,modern-daily-7313513-2014-07-29
4,4,Arcbound Ravager,,Creatures,3,1,Affinity,Crywolf102190,391 tix,$ 916,241631,2014-07-29,Modern Daily #7313513,modern,modern-daily-7313513,modern-daily-7313513-2014-07-29
5,3,Steel Overseer,,Creatures,3,1,Affinity,Crywolf102190,391 tix,$ 916,241631,2014-07-29,Modern Daily #7313513,modern,modern-daily-7313513,modern-daily-7313513-2014-07-29
6,4,Vault Skirge,,Creatures,3,1,Affinity,Crywolf102190,391 tix,$ 916,241631,2014-07-29,Modern Daily #7313513,modern,modern-daily-7313513,modern-daily-7313513-2014-07-29
7,2,Etched Champion,,Creatures,3,1,Affinity,Crywolf102190,391 tix,$ 916,241631,2014-07-29,Modern Daily #7313513,modern,modern-daily-7313513,modern-daily-7313513-2014-07-29
8,2,Master of Etherium,,Creatures,3,1,Affinity,Crywolf102190,391 tix,$ 916,241631,2014-07-29,Modern Daily #7313513,modern,modern-daily-7313513,modern-daily-7313513-2014-07-29
10,3,Galvanic Blast,,Spells,3,1,Affinity,Crywolf102190,391 tix,$ 916,241631,2014-07-29,Modern Daily #7313513,modern,modern-daily-7313513,modern-daily-7313513-2014-07-29
11,3,Thoughtcast,,Spells,3,1,Affinity,Crywolf102190,391 tix,$ 916,241631,2014-07-29,Modern Daily #7313513,modern,modern-daily-7313513,modern-daily-7313513-2014-07-29
13,4,Mox Opal,,Artifacts,3,1,Affinity,Crywolf102190,391 tix,$ 916,241631,2014-07-29,Modern Daily #7313513,modern,modern-daily-7313513,modern-daily-7313513-2014-07-29
14,4,Springleaf Drum,,Artifacts,3,1,Affinity,Crywolf102190,391 tix,$ 916,241631,2014-07-29,Modern Daily #7313513,modern,modern-daily-7313513,modern-daily-7313513-2014-07-29
15,4,Cranial Plating,,Artifacts,3,1,Affinity,Crywolf102190,391 tix,$ 916,241631,2014-07-29,Modern Daily #7313513,modern,modern-daily-7313513,modern-daily-7313513-2014-07-29
17,4,Blinkmoth Nexus,,Lands,3,1,Affinity,Crywolf102190,391 tix,$ 916,241631,2014-07-29,Modern Daily #7313513,modern,modern-daily-7313513,modern-daily-7313513-2014-07-29
18,4,Darksteel Citadel,,Lands,3,1,Affinity,Crywolf102190,391 tix,$ 916,241631,2014-07-29,Modern Daily #7313513,modern,modern-daily-7313513,modern-daily-7313513-2014-07-29
19,3,Glimmervoid,,Lands,3,1,Affinity,Crywolf102190,391 tix,$ 916,241631,2014-07-29,Modern Daily #7313513,modern,modern-daily-7313513,modern-daily-7313513-2014-07-29
20,4,Inkmoth Nexus,,Lands,3,1,Affinity,Crywolf102190,391 tix,$ 916,241631,2014-07-29,Modern Daily #7313513,modern,modern-daily-7313513,modern-daily-7313513-2014-07-29
21,1,Island,,Lands,3,1,Affinity,Crywolf102190,391 tix,$ 916,241631,2014-07-29,Modern Daily #7313513,modern,modern-daily-7313513,modern-daily-7313513-2014-07-29
23,1,Grafdigger's Cage,,Sideboard,3,1,Affinity,Crywolf102190,391 tix,$ 916,241631,2014-07-29,Modern Daily #7313513,modern,modern-daily-7313513,modern-daily-7313513-2014-07-29
24,1,Illness in the Ranks,,Sideboard,3,1,Affinity,Crywolf102190,391 tix,$ 916,241631,2014-07-29,Modern Daily #7313513,modern,modern-daily-7313513,modern-daily-7313513-2014-07-29
25,1,Spell Pierce,,Sideboard,3,1,Affinity,Crywolf102190,391 tix,$ 916,241631,2014-07-29,Modern Daily #7313513,modern,modern-daily-7313513,modern-daily-7313513-2014-07-29
26,2,Thoughtseize,,Sideboard,3,1,Affinity,Crywolf102190,391 tix,$ 916,241631,2014-07-29,Modern Daily #7313513,modern,modern-daily-7313513,modern-daily-7313513-2014-07-29
27,3,Ancient Grudge,,Sideboard,3,1,Affinity,Crywolf102190,391 tix,$ 916,241631,2014-07-29,Modern Daily #7313513,modern,modern-daily-7313513,modern-daily-7313513-2014-07-29
28,2,Spellskite,,Sideboard,3,1,Affinity,Crywolf102190,391 tix,$ 916,241631,2014-07-29,Modern Daily #7313513,modern,modern-daily-7313513,modern-daily-7313513-2014-07-29
29,1,Whipflare,,Sideboard,3,1,Affinity,Crywolf102190,391 tix,$ 916,241631,2014-07-29,Modern Daily #7313513,modern,modern-daily-7313513,modern-daily-7313513-2014-07-29
30,1,Blood Moon,,Sideboard,3,1,Affinity,Crywolf102190,391 tix,$ 916,241631,2014-07-29,Modern Daily #7313513,modern,modern-daily-7313513,modern-daily-7313513-2014-07-29
31,1,Dismember,,Sideboard,3,1,Affinity,Crywolf102190,391 tix,$ 916,241631,2014-07-29,Modern Daily #7313513,modern,modern-daily-7313513,modern-daily-7313513-2014-07-29
32,1,Etched Champion,,Sideboard,3,1,Affinity,Crywolf102190,391 tix,$ 916,241631,2014-07-29,Modern Daily #7313513,modern,modern-daily-7313513,modern-daily-7313513-2014-07-29
33,1,Rule of Law,,Sideboard,3,1,Affinity,Crywolf102190,391 tix,$ 916,241631,2014-07-29,Modern Daily #7313513,modern,modern-daily-7313513,modern-daily-7313513-2014-07-29
1,4,Memnite,,Creatures,3,1,Affinity,FakiVll,359 tix,$ 910,241634,2014-07-29,Modern Daily #7313513,modern,modern-daily-7313513,modern-daily-7313513-2014-07-29
2,4,Ornithopter,,Creatures,3,1,Affinity,FakiVll,359 tix,$ 910,241634,2014-07-29,Modern Daily #7313513,modern,modern-daily-7313513,modern-daily-7313513-2014-07-29
3,4,Signal Pest,,Creatures,3,1,Affinity,FakiVll,359 tix,$ 910,241634,2014-07-29,Modern Daily #7313513,modern,modern-daily-7313513,modern-daily-7313513-2014-07-29
4,4,Arcbound Ravager,,Creatures,3,1,Affinity,FakiVll,359 tix,$ 910,241634,2014-07-29,Modern Daily #7313513,modern,modern-daily-7313513,modern-daily-7313513-2014-07-29
5,4,Steel Overseer,,Creatures,3,1,Affinity,FakiVll,359 tix,$ 910,241634,2014-07-29,Modern Daily #7313513,modern,modern-daily-7313513,modern-daily-7313513-2014-07-29
6,4,Vault Skirge,,Creatures,3,1,Affinity,FakiVll,359 tix,$ 910,241634,2014-07-29,Modern Daily #7313513,modern,modern-daily-7313513,modern-daily-7313513-2014-07-29
7,3,Etched Champion,,Creatures,3,1,Affinity,FakiVll,359 tix,$ 910,241634,2014-07-29,Modern Daily #7313513,modern,modern-daily-7313513,modern-daily-7313513-2014-07-29
9,1,Steelshaper's Gift,,Spells,3,1,Affinity,FakiVll,359 tix,$ 910,241634,2014-07-29,Modern Daily #7313513,modern,modern-daily-7313513,modern-daily-7313513-2014-07-29
10,4,Thoughtcast,,Spells,3,1,Affinity,FakiVll,359 tix,$ 910,241634,2014-07-29,Modern Daily #7313513,modern,modern-daily-7313513,modern-daily-7313513-2014-07-29
12,4,Mox Opal,,Artifacts,3,1,Affinity,FakiVll,359 tix,$ 910,241634,2014-07-29,Modern Daily #7313513,modern,modern-daily-7313513,modern-daily-7313513-2014-07-29
13,4,Springleaf Drum,,Artifacts,3,1,Affinity,FakiVll,359 tix,$ 910,241634,2014-07-29,Modern Daily #7313513,modern,modern-daily-7313513,modern-daily-7313513-2014-07-29
14,4,Cranial Plating,,Artifacts,3,1,Affinity,FakiVll,359 tix,$ 910,241634,2014-07-29,Modern Daily #7313513,modern,modern-daily-7313513,modern-daily-7313513-2014-07-29
16,4,Blinkmoth Nexus,,Lands,3,1,Affinity,FakiVll,359 tix,$ 910,241634,2014-07-29,Modern Daily #7313513,modern,modern-daily-7313513,modern-daily-7313513-2014-07-29
17,4,Darksteel Citadel,,Lands,3,1,Affinity,FakiVll,359 tix,$ 910,241634,2014-07-29,Modern Daily #7313513,modern,modern-daily-7313513,modern-daily-7313513-2014-07-29
18,3,Glimmervoid,,Lands,3,1,Affinity,FakiVll,359 tix,$ 910,241634,2014-07-29,Modern Daily #7313513,modern,modern-daily-7313513,modern-daily-7313513-2014-07-29
19,4,Inkmoth Nexus,,Lands,3,1,Affinity,FakiVll,359 tix,$ 910,241634,2014-07-29,Modern Daily #7313513,modern,modern-daily-7313513,modern-daily-7313513-2014-07-29
20,1,Island,,Lands,3,1,Affinity,FakiVll,359 tix,$ 910,241634,2014-07-29,Modern Daily #7313513,modern,modern-daily-7313513,modern-daily-7313513-2014-07-29
22,3,Dispatch,,Sideboard,3,1,Affinity,FakiVll,359 tix,$ 910,241634,2014-07-29,Modern Daily #7313513,modern,modern-daily-7313513,modern-daily-7313513-2014-07-29
23,2,Relic of Progenitus,,Sideboard,3,1,Affinity,FakiVll,359 tix,$ 910,241634,2014-07-29,Modern Daily #7313513,modern,modern-daily-7313513,modern-daily-7313513-2014-07-29
24,3,Ancient Grudge,,Sideboard,3,1,Affinity,FakiVll,359 tix,$ 910,241634,2014-07-29,Modern Daily #7313513,modern,modern-daily-7313513,modern-daily-7313513-2014-07-29
25,2,Ethersworn Canonist,,Sideboard,3,1,Affinity,FakiVll,359 tix,$ 910,241634,2014-07-29,Modern Daily #7313513,modern,modern-daily-7313513,modern-daily-7313513-2014-07-29
26,3,Spellskite,,Sideboard,3,1,Affinity,FakiVll,359 tix,$ 910,241634,2014-07-29,Modern Daily #7313513,modern,modern-daily-7313513,modern-daily-7313513-2014-07-29
27,2,Whipflare,,Sideboard,3,1,Affinity,FakiVll,359 tix,$ 910,241634,2014-07-29,Modern Daily #7313513,modern,modern-daily-7313513,modern-daily-7313513-2014-07-29
1,3,Memnite,,Creatures,3,1,Affinity,coldmind,375 tix,$ 935,241644,2014-07-29,Modern Daily #7313513,modern,modern-daily-7313513,modern-daily-7313513-2014-07-29
2,4,Ornithopter,,Creatures,3,1,Affinity,coldmind,375 tix,$ 935,241644,2014-07-29,Modern Daily #7313513,modern,modern-daily-7313513,modern-daily-7313513-2014-07-29
3,4,Signal Pest,,Creatures,3,1,Affinity,coldmind,375 tix,$ 935,241644,2014-07-29,Modern Daily #7313513,modern,modern-daily-7313513,modern-daily-7313513-2014-07-29
4,4,Arcbound Ravager,,Creatures,3,1,Affinity,coldmind,375 tix,$ 935,241644,2014-07-29,Modern Daily #7313513,modern,modern-daily-7313513,modern-daily-7313513-2014-07-29
5,4,Steel Overseer,,Creatures,3,1,Affinity,coldmind,375 tix,$ 935,241644,2014-07-29,Modern Daily #7313513,modern,modern-daily-7313513,modern-daily-7313513-2014-07-29
6,4,Vault Skirge,,Creatures,3,1,Affinity,coldmind,375 tix,$ 935,241644,2014-07-29,Modern Daily #7313513,modern,modern-daily-7313513,modern-daily-7313513-2014-07-29
7,1,Etched Champion,,Creatures,3,1,Affinity,coldmind,375 tix,$ 935,241644,2014-07-29,Modern Daily #7313513,modern,modern-daily-7313513,modern-daily-7313513-2014-07-29
8,3,Master of Etherium,,Creatures,3,1,Affinity,coldmind,375 tix,$ 935,241644,2014-07-29,Modern Daily #7313513,modern,modern-daily-7313513,modern-daily-7313513-2014-07-29
10,3,Galvanic Blast,,Spells,3,1,Affinity,coldmind,375 tix,$ 935,241644,2014-07-29,Modern Daily #7313513,modern,modern-daily-7313513,modern-daily-7313513-2014-07-29
11,1,Thoughtcast,,Spells,3,1,Affinity,coldmind,375 tix,$ 935,241644,2014-07-29,Modern Daily #7313513,modern,modern-daily-7313513,modern-daily-7313513-2014-07-29
13,4,Mox Opal,,Artifacts,3,1,Affinity,coldmind,375 tix,$ 935,241644,2014-07-29,Modern Daily #7313513,modern,modern-daily-7313513,modern-daily-7313513-2014-07-29
14,1,Welding Jar,,Artifacts,3,1,Affinity,coldmind,375 tix,$ 935,241644,2014-07-29,Modern Daily #7313513,modern,modern-daily-7313513,modern-daily-7313513-2014-07-29
15,3,Springleaf Drum,,Artifacts,3,1,Affinity,coldmind,375 tix,$ 935,241644,2014-07-29,Modern Daily #7313513,modern,modern-daily-7313513,modern-daily-7313513-2014-07-29
16,4,Cranial Plating,,Artifacts,3,1,Affinity,coldmind,375 tix,$ 935,241644,2014-07-29,Modern Daily #7313513,modern,modern-daily-7313513,modern-daily-7313513-2014-07-29
18,4,Blinkmoth Nexus,,Lands,3,1,Affinity,coldmind,375 tix,$ 935,241644,2014-07-29,Modern Daily #7313513,modern,modern-daily-7313513,modern-daily-7313513-2014-07-29
19,4,Darksteel Citadel,,Lands,3,1,Affinity,coldmind,375 tix,$ 935,241644,2014-07-29,Modern Daily #7313513,modern,modern-daily-7313513,modern-daily-7313513-2014-07-29
20,4,Glimmervoid,,Lands,3,1,Affinity,coldmind,375 tix,$ 935,241644,2014-07-29,Modern Daily #7313513,modern,modern-daily-7313513,modern-daily-7313513-2014-07-29
21,4,Inkmoth Nexus,,Lands,3,1,Affinity,coldmind,375 tix,$ 935,241644,2014-07-29,Modern Daily #7313513,modern,modern-daily-7313513,modern-daily-7313513-2014-07-29
22,1,Island,,Lands,3,1,Affinity,coldmind,375 tix,$ 935,241644,2014-07-29,Modern Daily #7313513,modern,modern-daily-7313513,modern-daily-7313513-2014-07-29
24,1,Gut Shot,,Sideboard,3,1,Affinity,coldmind,375 tix,$ 935,241644,2014-07-29,Modern Daily #7313513,modern,modern-daily-7313513,modern-daily-7313513-2014-07-29
25,1,Illness in the Ranks,,Sideboard,3,1,Affinity,coldmind,375 tix,$ 935,241644,2014-07-29,Modern Daily #7313513,modern,modern-daily-7313513,modern-daily-7313513-2014-07-29
26,2,Thoughtseize,,Sideboard,3,1,Affinity,coldmind,375 tix,$ 935,241644,2014-07-29,Modern Daily #7313513,modern,modern-daily-7313513,modern-daily-7313513-2014-07-29
27,2,Ancient Grudge,,Sideboard,3,1,Affinity,coldmind,375 tix,$ 935,241644,2014-07-29,Modern Daily #7313513,modern,modern-daily-7313513,modern-daily-7313513-2014-07-29
28,2,Spellskite,,Sideboard,3,1,Affinity,coldmind,375 tix,$ 935,241644,2014-07-29,Modern Daily #7313513,modern,modern-daily-7313513,modern-daily-7313513-2014-07-29
29,1,Torpor Orb,,Sideboard,3,1,Affinity,coldmind,375 tix,$ 935,241644,2014-07-29,Modern Daily #7313513,modern,modern-daily-7313513,modern-daily-7313513-2014-07-29
30,1,Whipflare,,Sideboard,3,1,Affinity,coldmind,375 tix,$ 935,241644,2014-07-29,Modern Daily #7313513,modern,modern-daily-7313513,modern-daily-7313513-2014-07-29
31,1,Choke,,Sideboard,3,1,Affinity,coldmind,375 tix,$ 935,241644,2014-07-29,Modern Daily #7313513,modern,modern-daily-7313513,modern-daily-7313513-2014-07-29
32,1,Dismember,,Sideboard,3,1,Affinity,coldmind,375 tix,$ 935,241644,2014-07-29,Modern Daily #7313513,modern,modern-daily-7313513,modern-daily-7313513-2014-07-29
33,3,Etched Champion,,Sideboard,3,1,Affinity,coldmind,375 tix,$ 935,241644,2014-07-29,Modern Daily #7313513,modern,modern-daily-7313513,modern-daily-7313513-2014-07-29
1,2,Memnite,,Creatures,3,1,Affinity,Ryuji,398 tix,$ 909,241649,2014-07-29,Modern Daily #7313513,modern,modern-daily-7313513,modern-daily-7313513-2014-07-29
2,4,Ornithopter,,Creatures,3,1,Affinity,Ryuji,398 tix,$ 909,241649,2014-07-29,Modern Daily #7313513,modern,modern-daily-7313513,modern-daily-7313513-2014-07-29
3,4,Signal Pest,,Creatures,3,1,Affinity,Ryuji,398 tix,$ 909,241649,2014-07-29,Modern Daily #7313513,modern,modern-daily-7313513,modern-daily-7313513-2014-07-29
4,4,Arcbound Ravager,,Creatures,3,1,Affinity,Ryuji,398 tix,$ 909,241649,2014-07-29,Modern Daily #7313513,modern,modern-daily-7313513,modern-daily-7313513-2014-07-29
5,3,Steel Overseer,,Creatures,3,1,Affinity,Ryuji,398 tix,$ 909,241649,2014-07-29,Modern Daily #7313513,modern,modern-daily-7313513,modern-daily-7313513-2014-07-29
6,4,Vault Skirge,,Creatures,3,1,Affinity,Ryuji,398 tix,$ 909,241649,2014-07-29,Modern Daily #7313513,modern,modern-daily-7313513,modern-daily-7313513-2014-07-29
7,4,Etched Champion,,Creatures,3,1,Affinity,Ryuji,398 tix,$ 909,241649,2014-07-29,Modern Daily #7313513,modern,modern-daily-7313513,modern-daily-7313513-2014-07-29
9,4,Galvanic Blast,,Spells,3,1,Affinity,Ryuji,398 tix,$ 909,241649,2014-07-29,Modern Daily #7313513,modern,modern-daily-7313513,modern-daily-7313513-2014-07-29
11,4,Mox Opal,,Artifacts,3,1,Affinity,Ryuji,398 tix,$ 909,241649,2014-07-29,Modern Daily #7313513,modern,modern-daily-7313513,modern-daily-7313513-2014-07-29
12,4,Springleaf Drum,,Artifacts,3,1,Affinity,Ryuji,398 tix,$ 909,241649,2014-07-29,Modern Daily #7313513,modern,modern-daily-7313513,modern-daily-7313513-2014-07-29
13,4,Cranial Plating,,Artifacts,3,1,Affinity,Ryuji,398 tix,$ 909,241649,2014-07-29,Modern Daily #7313513,modern,modern-daily-7313513,modern-daily-7313513-2014-07-29
15,3,Ensoul Artifact,,Enchantments,3,1,Affinity,Ryuji,398 tix,$ 909,241649,2014-07-29,Modern Daily #7313513,modern,modern-daily-7313513,modern-daily-7313513-2014-07-29
17,4,Blinkmoth Nexus,,Lands,3,1,Affinity,Ryuji,398 tix,$ 909,241649,2014-07-29,Modern Daily #7313513,modern,modern-daily-7313513,modern-daily-7313513-2014-07-29
18,4,Darksteel Citadel,,Lands,3,1,Affinity,Ryuji,398 tix,$ 909,241649,2014-07-29,Modern Daily #7313513,modern,modern-daily-7313513,modern-daily-7313513-2014-07-29
19,3,Glimmervoid,,Lands,3,1,Affinity,Ryuji,398 tix,$ 909,241649,2014-07-29,Modern Daily #7313513,modern,modern-daily-7313513,modern-daily-7313513-2014-07-29
20,4,Inkmoth Nexus,,Lands,3,1,Affinity,Ryuji,398 tix,$ 909,241649,2014-07-29,Modern Daily #7313513,modern,modern-daily-7313513,modern-daily-7313513-2014-07-29
21,1,Island,,Lands,3,1,Affinity,Ryuji,398 tix,$ 909,241649,2014-07-29,Modern Daily #7313513,modern,modern-daily-7313513,modern-daily-7313513-2014-07-29
23,2,Wear & Tear,,Sideboard,3,1,Affinity,Ryuji,398 tix,$ 909,241649,2014-07-29,Modern Daily #7313513,modern,modern-daily-7313513,modern-daily-7313513-2014-07-29
24,1,Annul,,Sideboard,3,1,Affinity,Ryuji,398 tix,$ 909,241649,2014-07-29,Modern Daily #7313513,modern,modern-daily-7313513,modern-daily-7313513-2014-07-29
25,1,Grafdigger's Cage,,Sideboard,3,1,Affinity,Ryuji,398 tix,$ 909,241649,2014-07-29,Modern Daily #7313513,modern,modern-daily-7313513,modern-daily-7313513-2014-07-29
26,2,Gut Shot,,Sideboard,3,1,Affinity,Ryuji,398 tix,$ 909,241649,2014-07-29,Modern Daily #7313513,modern,modern-daily-7313513,modern-daily-7313513-2014-07-29
27,3,Spell Pierce,,Sideboard,3,1,Affinity,Ryuji,398 tix,$ 909,241649,2014-07-29,Modern Daily #7313513,modern,modern-daily-7313513,modern-daily-7313513-2014-07-29
28,2,Thoughtseize,,Sideboard,3,1,Affinity,Ryuji,398 tix,$ 909,241649,2014-07-29,Modern Daily #7313513,modern,modern-daily-7313513,modern-daily-7313513-2014-07-29
29,1,Ancient Grudge,,Sideboard,3,1,Affinity,Ryuji,398 tix,$ 909,241649,2014-07-29,Modern Daily #7313513,modern,modern-daily-7313513,modern-daily-7313513-2014-07-29
30,1,Torpor Orb,,Sideboard,3,1,Affinity,Ryuji,398 tix,$ 909,241649,2014-07-29,Modern Daily #7313513,modern,modern-daily-7313513,modern-daily-7313513-2014-07-29
31,2,Blood Moon,,Sideboard,3,1,Affinity,Ryuji,398 tix,$ 909,241649,2014-07-29,Modern Daily #7313513,modern,modern-daily-7313513,modern-daily-7313513-2014-07-29
1,1,Dryad Arbor,,Creatures,3,1,Bogles,firecaster,344 tix,$ 915,241640,2014-07-29,Modern Daily #7313513,modern,modern-daily-7313513,modern-daily-7313513-2014-07-29
2,4,Gladecover Scout,,Creatures,3,1,Bogles,firecaster,344 tix,$ 915,241640,2014-07-29,Modern Daily #7313513,modern,modern-daily-7313513,modern-daily-7313513-2014-07-29
3,4,Slippery Bogle,,Creatures,3,1,Bogles,firecaster,344 tix,$ 915,241640,2014-07-29,Modern Daily #7313513,modern,modern-daily-7313513,modern-daily-7313513-2014-07-29
4,4,Kor Spiritdancer,,Creatures,3,1,Bogles,firecaster,344 tix,$ 915,241640,2014-07-29,Modern Daily #7313513,modern,modern-daily-7313513,modern-daily-7313513-2014-07-29
6,4,Ethereal Armor,,Enchantments,3,1,Bogles,firecaster,344 tix,$ 915,241640,2014-07-29,Modern Daily #7313513,modern,modern-daily-7313513,modern-daily-7313513-2014-07-29
7,4,Hyena Umbra,,Enchantments,3,1,Bogles,firecaster,344 tix,$ 915,241640,2014-07-29,Modern Daily #7313513,modern,modern-daily-7313513,modern-daily-7313513-2014-07-29
8,4,Keen Sense,,Enchantments,3,1,Bogles,firecaster,344 tix,$ 915,241640,2014-07-29,Modern Daily #7313513,modern,modern-daily-7313513,modern-daily-7313513-2014-07-29
9,4,Rancor,,Enchantments,3,1,Bogles,firecaster,344 tix,$ 915,241640,2014-07-29,Modern Daily #7313513,modern,modern-daily-7313513,modern-daily-7313513-2014-07-29
10,4,Spider Umbra,,Enchantments,3,1,Bogles,firecaster,344 tix,$ 915,241640,2014-07-29,Modern Daily #7313513,modern,modern-daily-7313513,modern-daily-7313513-2014-07-29
11,4,Daybreak Coronet,,Enchantments,3,1,Bogles,firecaster,344 tix,$ 915,241640,2014-07-29,Modern Daily #7313513,modern,modern-daily-7313513,modern-daily-7313513-2014-07-29
12,1,Suppression Field,,Enchantments,3,1,Bogles,firecaster,344 tix,$ 915,241640,2014-07-29,Modern Daily #7313513,modern,modern-daily-7313513,modern-daily-7313513-2014-07-29
13,2,Unflinching Courage,,Enchantments,3,1,Bogles,firecaster,344 tix,$ 915,241640,2014-07-29,Modern Daily #7313513,modern,modern-daily-7313513,modern-daily-7313513-2014-07-29
15,2,Arid Mesa,,Lands,3,1,Bogles,firecaster,344 tix,$ 915,241640,2014-07-29,Modern Daily #7313513,modern,modern-daily-7313513,modern-daily-7313513-2014-07-29
16,1,Forest,,Lands,3,1,Bogles,firecaster,344 tix,$ 915,241640,2014-07-29,Modern Daily #7313513,modern,modern-daily-7313513,modern-daily-7313513-2014-07-29
17,4,Horizon Canopy,,Lands,3,1,Bogles,firecaster,344 tix,$ 915,241640,2014-07-29,Modern Daily #7313513,modern,modern-daily-7313513,modern-daily-7313513-2014-07-29
18,1,Plains,,Lands,3,1,Bogles,firecaster,344 tix,$ 915,241640,2014-07-29,Modern Daily #7313513,modern,modern-daily-7313513,modern-daily-7313513-2014-07-29
19,4,Razorverge Thicket,,Lands,3,1,Bogles,firecaster,344 tix,$ 915,241640,2014-07-29,Modern Daily #7313513,modern,modern-daily-7313513,modern-daily-7313513-2014-07-29
20,4,Temple Garden,,Lands,3,1,Bogles,firecaster,344 tix,$ 915,241640,2014-07-29,Modern Daily #7313513,modern,modern-daily-7313513,modern-daily-7313513-2014-07-29
21,4,Verdant Catacombs,,Lands,3,1,Bogles,firecaster,344 tix,$ 915,241640,2014-07-29,Modern Daily #7313513,modern,modern-daily-7313513,modern-daily-7313513-2014-07-29
23,2,Nature's Claim,,Sideboard,3,1,Bogles,firecaster,344 tix,$ 915,241640,2014-07-29,Modern Daily #7313513,modern,modern-daily-7313513,modern-daily-7313513-2014-07-29
24,2,Path to Exile,,Sideboard,3,1,Bogles,firecaster,344 tix,$ 915,241640,2014-07-29,Modern Daily #7313513,modern,modern-daily-7313513,modern-daily-7313513-2014-07-29
25,2,Rest in Peace,,Sideboard,3,1,Bogles,firecaster,344 tix,$ 915,241640,2014-07-29,Modern Daily #7313513,modern,modern-daily-7313513,modern-daily-7313513-2014-07-29
26,3,Stony Silence,,Sideboard,3,1,Bogles,firecaster,344 tix,$ 915,241640,2014-07-29,Modern Daily #7313513,modern,modern-daily-7313513,modern-daily-7313513-2014-07-29
27,1,Torpor Orb,,Sideboard,3,1,Bogles,firecaster,344 tix,$ 915,241640,2014-07-29,Modern Daily #7313513,modern,modern-daily-7313513,modern-daily-7313513-2014-07-29
28,1,Dismember,,Sideboard,3,1,Bogles,firecaster,344 tix,$ 915,241640,2014-07-29,Modern Daily #7313513,modern,modern-daily-7313513,modern-daily-7313513-2014-07-29
29,3,Leyline of Sanctity,,Sideboard,3,1,Bogles,firecaster,344 tix,$ 915,241640,2014-07-29,Modern Daily #7313513,modern,modern-daily-7313513,modern-daily-7313513-2014-07-29
1,4,Goblin Guide,,Creatures,3,1,Boros Burn,tokwana,104 tix,$ 283,241629,2014-07-29,Modern Daily #7313513,modern,modern-daily-7313513,modern-daily-7313513-2014-07-29
2,4,Eidolon of the Great Revel,,Creatures,3,1,Boros Burn,tokwana,104 tix,$ 283,241629,2014-07-29,Modern Daily #7313513,modern,modern-daily-7313513,modern-daily-7313513-2014-07-29
4,4,Lava Spike,,Spells,3,1,Boros Burn,tokwana,104 tix,$ 283,241629,2014-07-29,Modern Daily #7313513,modern,modern-daily-7313513,modern-daily-7313513-2014-07-29
5,4,Lightning Bolt,,Spells,3,1,Boros Burn,tokwana,104 tix,$ 283,241629,2014-07-29,Modern Daily #7313513,modern,modern-daily-7313513,modern-daily-7313513-2014-07-29
6,2,Shard Volley,,Spells,3,1,Boros Burn,tokwana,104 tix,$ 283,241629,2014-07-29,Modern Daily #7313513,modern,modern-daily-7313513,modern-daily-7313513-2014-07-29
7,4,Boros Charm,,Spells,3,1,Boros Burn,tokwana,104 tix,$ 283,241629,2014-07-29,Modern Daily #7313513,modern,modern-daily-7313513,modern-daily-7313513-2014-07-29
8,4,Lightning Helix,,Spells,3,1,Boros Burn,tokwana,104 tix,$ 283,241629,2014-07-29,Modern Daily #7313513,modern,modern-daily-7313513,modern-daily-7313513-2014-07-29
9,4,Magma Jet,,Spells,3,1,Boros Burn,tokwana,104 tix,$ 283,241629,2014-07-29,Modern Daily #7313513,modern,modern-daily-7313513,modern-daily-7313513-2014-07-29
10,2,Searing Blood,,Spells,3,1,Boros Burn,tokwana,104 tix,$ 283,241629,2014-07-29,Modern Daily #7313513,modern,modern-daily-7313513,modern-daily-7313513-2014-07-29
11,4,Skullcrack,,Spells,3,1,Boros Burn,tokwana,104 tix,$ 283,241629,2014-07-29,Modern Daily #7313513,modern,modern-daily-7313513,modern-daily-7313513-2014-07-29
12,4,Rift Bolt,,Spells,3,1,Boros Burn,tokwana,104 tix,$ 283,241629,2014-07-29,Modern Daily #7313513,modern,modern-daily-7313513,modern-daily-7313513-2014-07-29
14,4,Battlefield Forge,,Lands,3,1,Boros Burn,tokwana,104 tix,$ 283,241629,2014-07-29,Modern Daily #7313513,modern,modern-daily-7313513,modern-daily-7313513-2014-07-29
15,4,Clifftop Retreat,,Lands,3,1,Boros Burn,tokwana,104 tix,$ 283,241629,2014-07-29,Modern Daily #7313513,modern,modern-daily-7313513,modern-daily-7313513-2014-07-29
16,6,Mountain,,Lands,3,1,Boros Burn,tokwana,104 tix,$ 283,241629,2014-07-29,Modern Daily #7313513,modern,modern-daily-7313513,modern-daily-7313513-2014-07-29
17,4,Sacred Foundry,,Lands,3,1,Boros Burn,tokwana,104 tix,$ 283,241629,2014-07-29,Modern Daily #7313513,modern,modern-daily-7313513,modern-daily-7313513-2014-07-29
18,2,Temple of Triumph,,Lands,3,1,Boros Burn,tokwana,104 tix,$ 283,241629,2014-07-29,Modern Daily #7313513,modern,modern-daily-7313513,modern-daily-7313513-2014-07-29
20,3,Wear & Tear,,Sideboard,3,1,Boros Burn,tokwana,104 tix,$ 283,241629,2014-07-29,Modern Daily #7313513,modern,modern-daily-7313513,modern-daily-7313513-2014-07-29
21,4,Kor Firewalker,,Sideboard,3,1,Boros Burn,tokwana,104 tix,$ 283,241629,2014-07-29,Modern Daily #7313513,modern,modern-daily-7313513,modern-daily-7313513-2014-07-29
22,3,Rest in Peace,,Sideboard,3,1,Boros Burn,tokwana,104 tix,$ 283,241629,2014-07-29,Modern Daily #7313513,modern,modern-daily-7313513,modern-daily-7313513-2014-07-29
23,2,Searing Blood,,Sideboard,3,1,Boros Burn,tokwana,104 tix,$ 283,241629,2014-07-29,Modern Daily #7313513,modern,modern-daily-7313513,modern-daily-7313513-2014-07-29
24,3,Hushwing Gryff,,Sideboard,3,1,Boros Burn,tokwana,104 tix,$ 283,241629,2014-07-29,Modern Daily #7313513,modern,modern-daily-7313513,modern-daily-7313513-2014-07-29
1,4,Goblin Guide,,Creatures,3,1,Burn,EvanC,61 tix,$ 222,241628,2014-07-29,Modern Daily #7313513,modern,modern-daily-7313513,modern-daily-7313513-2014-07-29
2,4,Vexing Devil,,Creatures,3,1,Burn,EvanC,61 tix,$ 222,241628,2014-07-29,Modern Daily #7313513,modern,modern-daily-7313513,modern-daily-7313513-2014-07-29
3,2,Eidolon of the Great Revel,,Creatures,3,1,Burn,EvanC,61 tix,$ 222,241628,2014-07-29,Modern Daily #7313513,modern,modern-daily-7313513,modern-daily-7313513-2014-07-29
4,4,Hellspark Elemental,,Creatures,3,1,Burn,EvanC,61 tix,$ 222,241628,2014-07-29,Modern Daily #7313513,modern,modern-daily-7313513,modern-daily-7313513-2014-07-29
5,3,Ball Lightning,,Creatures,3,1,Burn,EvanC,61 tix,$ 222,241628,2014-07-29,Modern Daily #7313513,modern,modern-daily-7313513,modern-daily-7313513-2014-07-29
7,4,Lava Spike,,Spells,3,1,Burn,EvanC,61 tix,$ 222,241628,2014-07-29,Modern Daily #7313513,modern,modern-daily-7313513,modern-daily-7313513-2014-07-29
8,4,Lightning Bolt,,Spells,3,1,Burn,EvanC,61 tix,$ 222,241628,2014-07-29,Modern Daily #7313513,modern,modern-daily-7313513,modern-daily-7313513-2014-07-29
9,2,Shard Volley,,Spells,3,1,Burn,EvanC,61 tix,$ 222,241628,2014-07-29,Modern Daily #7313513,modern,modern-daily-7313513,modern-daily-7313513-2014-07-29
10,2,Searing Blaze,,Spells,3,1,Burn,EvanC,61 tix,$ 222,241628,2014-07-29,Modern Daily #7313513,modern,modern-daily-7313513,modern-daily-7313513-2014-07-29
11,3,Searing Blood,,Spells,3,1,Burn,EvanC,61 tix,$ 222,241628,2014-07-29,Modern Daily #7313513,modern,modern-daily-7313513,modern-daily-7313513-2014-07-29
12,3,Skullcrack,,Spells,3,1,Burn,EvanC,61 tix,$ 222,241628,2014-07-29,Modern Daily #7313513,modern,modern-daily-7313513,modern-daily-7313513-2014-07-29
13,1,Browbeat,,Spells,3,1,Burn,EvanC,61 tix,$ 222,241628,2014-07-29,Modern Daily #7313513,modern,modern-daily-7313513,modern-daily-7313513-2014-07-29
14,2,Flames of the Blood Hand,,Spells,3,1,Burn,EvanC,61 tix,$ 222,241628,2014-07-29,Modern Daily #7313513,modern,modern-daily-7313513,modern-daily-7313513-2014-07-29
15,2,Rift Bolt,,Spells,3,1,Burn,EvanC,61 tix,$ 222,241628,2014-07-29,Modern Daily #7313513,modern,modern-daily-7313513,modern-daily-7313513-2014-07-29
17,20,Mountain,,Lands,3,1,Burn,EvanC,61 tix,$ 222,241628,2014-07-29,Modern Daily #7313513,modern,modern-daily-7313513,modern-daily-7313513-2014-07-29
19,3,Faithless Looting,,Sideboard,3,1,Burn,EvanC,61 tix,$ 222,241628,2014-07-29,Modern Daily #7313513,modern,modern-daily-7313513,modern-daily-7313513-2014-07-29
20,2,Relic of Progenitus,,Sideboard,3,1,Burn,EvanC,61 tix,$ 222,241628,2014-07-29,Modern Daily #7313513,modern,modern-daily-7313513,modern-daily-7313513-2014-07-29
21,3,Dragon's Claw,,Sideboard,3,1,Burn,EvanC,61 tix,$ 222,241628,2014-07-29,Modern Daily #7313513,modern,modern-daily-7313513,modern-daily-7313513-2014-07-29
22,1,Searing Blood,,Sideboard,3,1,Burn,EvanC,61 tix,$ 222,241628,2014-07-29,Modern Daily #7313513,modern,modern-daily-7313513,modern-daily-7313513-2014-07-29
23,3,Smash to Smithereens,,Sideboard,3,1,Burn,EvanC,61 tix,$ 222,241628,2014-07-29,Modern Daily #7313513,modern,modern-daily-7313513,modern-daily-7313513-2014-07-29
24,3,Molten Rain,,Sideboard,3,1,Burn,EvanC,61 tix,$ 222,241628,2014-07-29,Modern Daily #7313513,modern,modern-daily-7313513,modern-daily-7313513-2014-07-29
1,4,Dark Confidant,,Creatures,3,1,Junk,ormats,632 tix,"$ 2,020",241637,2014-07-29,Modern Daily #7313513,modern,modern-daily-7313513,modern-daily-7313513-2014-07-29
2,3,Scavenging Ooze,,Creatures,3,1,Junk,ormats,632 tix,"$ 2,020",241637,2014-07-29,Modern Daily #7313513,modern,modern-daily-7313513,modern-daily-7313513-2014-07-29
3,4,Tarmogoyf,,Creatures,3,1,Junk,ormats,632 tix,"$ 2,020",241637,2014-07-29,Modern Daily #7313513,modern,modern-daily-7313513,modern-daily-7313513-2014-07-29
5,4,Liliana of the Veil,,Planeswalkers,3,1,Junk,ormats,632 tix,"$ 2,020",241637,2014-07-29,Modern Daily #7313513,modern,modern-daily-7313513,modern-daily-7313513-2014-07-29
6,1,Garruk Wildspeaker,,Planeswalkers,3,1,Junk,ormats,632 tix,"$ 2,020",241637,2014-07-29,Modern Daily #7313513,modern,modern-daily-7313513,modern-daily-7313513-2014-07-29
8,1,Slaughter Pact,,Spells,3,1,Junk,ormats,632 tix,"$ 2,020",241637,2014-07-29,Modern Daily #7313513,modern,modern-daily-7313513,modern-daily-7313513-2014-07-29
9,3,Inquisition of Kozilek,,Spells,3,1,Junk,ormats,632 tix,"$ 2,020",241637,2014-07-29,Modern Daily #7313513,modern,modern-daily-7313513,modern-daily-7313513-2014-07-29
10,4,Thoughtseize,,Spells,3,1,Junk,ormats,632 tix,"$ 2,020",241637,2014-07-29,Modern Daily #7313513,modern,modern-daily-7313513,modern-daily-7313513-2014-07-29
11,4,Abrupt Decay,,Spells,3,1,Junk,ormats,632 tix,"$ 2,020",241637,2014-07-29,Modern Daily #7313513,modern,modern-daily-7313513,modern-daily-7313513-2014-07-29
12,2,Dismember,,Spells,3,1,Junk,ormats,632 tix,"$ 2,020",241637,2014-07-29,Modern Daily #7313513,modern,modern-daily-7313513,modern-daily-7313513-2014-07-29
13,3,Lingering Souls,,Spells,3,1,Junk,ormats,632 tix,"$ 2,020",241637,2014-07-29,Modern Daily #7313513,modern,modern-daily-7313513,modern-daily-7313513-2014-07-29
14,2,Maelstrom Pulse,,Spells,3,1,Junk,ormats,632 tix,"$ 2,020",241637,2014-07-29,Modern Daily #7313513,modern,modern-daily-7313513,modern-daily-7313513-2014-07-29
15,1,Putrefy,,Spells,3,1,Junk,ormats,632 tix,"$ 2,020",241637,2014-07-29,Modern Daily #7313513,modern,modern-daily-7313513,modern-daily-7313513-2014-07-29
17,1,Forest,,Lands,3,1,Junk,ormats,632 tix,"$ 2,020",241637,2014-07-29,Modern Daily #7313513,modern,modern-daily-7313513,modern-daily-7313513-2014-07-29
18,1,Godless Shrine,,Lands,3,1,Junk,ormats,632 tix,"$ 2,020",241637,2014-07-29,Modern Daily #7313513,modern,modern-daily-7313513,modern-daily-7313513-2014-07-29
19,4,Marsh Flats,,Lands,3,1,Junk,ormats,632 tix,"$ 2,020",241637,2014-07-29,Modern Daily #7313513,modern,modern-daily-7313513,modern-daily-7313513-2014-07-29
20,2,Overgrown Tomb,,Lands,3,1,Junk,ormats,632 tix,"$ 2,020",241637,2014-07-29,Modern Daily #7313513,modern,modern-daily-7313513,modern-daily-7313513-2014-07-29
21,1,Stirring Wildwood,,Lands,3,1,Junk,ormats,632 tix,"$ 2,020",241637,2014-07-29,Modern Daily #7313513,modern,modern-daily-7313513,modern-daily-7313513-2014-07-29
22,2,Swamp,,Lands,3,1,Junk,ormats,632 tix,"$ 2,020",241637,2014-07-29,Modern Daily #7313513,modern,modern-daily-7313513,modern-daily-7313513-2014-07-29
23,3,Tectonic Edge,,Lands,3,1,Junk,ormats,632 tix,"$ 2,020",241637,2014-07-29,Modern Daily #7313513,modern,modern-daily-7313513,modern-daily-7313513-2014-07-29
24,1,Temple Garden,,Lands,3,1,Junk,ormats,632 tix,"$ 2,020",241637,2014-07-29,Modern Daily #7313513,modern,modern-daily-7313513,modern-daily-7313513-2014-07-29
25,3,Treetop Village,,Lands,3,1,Junk,ormats,632 tix,"$ 2,020",241637,2014-07-29,Modern Daily #7313513,modern,modern-daily-7313513,modern-daily-7313513-2014-07-29
26,1,Twilight Mire,,Lands,3,1,Junk,ormats,632 tix,"$ 2,020",241637,2014-07-29,Modern Daily #7313513,modern,modern-daily-7313513,modern-daily-7313513-2014-07-29
27,1,"Urborg, Tomb of Yawgmoth",,Lands,3,1,Junk,ormats,632 tix,"$ 2,020",241637,2014-07-29,Modern Daily #7313513,modern,modern-daily-7313513,modern-daily-7313513-2014-07-29
28,4,Verdant Catacombs,,Lands,3,1,Junk,ormats,632 tix,"$ 2,020",241637,2014-07-29,Modern Daily #7313513,modern,modern-daily-7313513,modern-daily-7313513-2014-07-29
30,1,Engineered Explosives,,Sideboard,3,1,Junk,ormats,632 tix,"$ 2,020",241637,2014-07-29,Modern Daily #7313513,modern,modern-daily-7313513,modern-daily-7313513-2014-07-29
31,2,Grafdigger's Cage,,Sideboard,3,1,Junk,ormats,632 tix,"$ 2,020",241637,2014-07-29,Modern Daily #7313513,modern,modern-daily-7313513,modern-daily-7313513-2014-07-29
32,1,Golgari Charm,,Sideboard,3,1,Junk,ormats,632 tix,"$ 2,020",241637,2014-07-29,Modern Daily #7313513,modern,modern-daily-7313513,modern-daily-7313513-2014-07-29
33,2,Stony Silence,,Sideboard,3,1,Junk,ormats,632 tix,"$ 2,020",241637,2014-07-29,Modern Daily #7313513,modern,modern-daily-7313513,modern-daily-7313513-2014-07-29
34,2,Aven Mindcensor,,Sideboard,3,1,Junk,ormats,632 tix,"$ 2,020",241637,2014-07-29,Modern Daily #7313513,modern,modern-daily-7313513,modern-daily-7313513-2014-07-29
35,3,Fulminator Mage,,Sideboard,3,1,Junk,ormats,632 tix,"$ 2,020",241637,2014-07-29,Modern Daily #7313513,modern,modern-daily-7313513,modern-daily-7313513-2014-07-29
36,1,Hushwing Gryff,,Sideboard,3,1,Junk,ormats,632 tix,"$ 2,020",241637,2014-07-29,Modern Daily #7313513,modern,modern-daily-7313513,modern-daily-7313513-2014-07-29
37,1,Creeping Corrosion,,Sideboard,3,1,Junk,ormats,632 tix,"$ 2,020",241637,2014-07-29,Modern Daily #7313513,modern,modern-daily-7313513,modern-daily-7313513-2014-07-29
38,1,"Thrun, the Last Troll",,Sideboard,3,1,Junk,ormats,632 tix,"$ 2,020",241637,2014-07-29,Modern Daily #7313513,modern,modern-daily-7313513,modern-daily-7313513-2014-07-29
39,1,Batterskull,,Sideboard,3,1,Junk,ormats,632 tix,"$ 2,020",241637,2014-07-29,Modern Daily #7313513,modern,modern-daily-7313513,modern-daily-7313513-2014-07-29
1,4,Dark Confidant,,Creatures,3,1,Junk,JIsOrange,547 tix,"$ 1,853",241646,2014-07-29,Modern Daily #7313513,modern,modern-daily-7313513,modern-daily-7313513-2014-07-29
2,2,Scavenging Ooze,,Creatures,3,1,Junk,JIsOrange,547 tix,"$ 1,853",241646,2014-07-29,Modern Daily #7313513,modern,modern-daily-7313513,modern-daily-7313513-2014-07-29
3,4,Tarmogoyf,,Creatures,3,1,Junk,JIsOrange,547 tix,"$ 1,853",241646,2014-07-29,Modern Daily #7313513,modern,modern-daily-7313513,modern-daily-7313513-2014-07-29
4,2,Restoration Angel,,Creatures,3,1,Junk,JIsOrange,547 tix,"$ 1,853",241646,2014-07-29,Modern Daily #7313513,modern,modern-daily-7313513,modern-daily-7313513-2014-07-29
6,4,Liliana of the Veil,,Planeswalkers,3,1,Junk,JIsOrange,547 tix,"$ 1,853",241646,2014-07-29,Modern Daily #7313513,modern,modern-daily-7313513,modern-daily-7313513-2014-07-29
7,1,Garruk Wildspeaker,,Planeswalkers,3,1,Junk,JIsOrange,547 tix,"$ 1,853",241646,2014-07-29,Modern Daily #7313513,modern,modern-daily-7313513,modern-daily-7313513-2014-07-29
9,1,Slaughter Pact,,Spells,3,1,Junk,JIsOrange,547 tix,"$ 1,853",241646,2014-07-29,Modern Daily #7313513,modern,modern-daily-7313513,modern-daily-7313513-2014-07-29
10,3,Inquisition of Kozilek,,Spells,3,1,Junk,JIsOrange,547 tix,"$ 1,853",241646,2014-07-29,Modern Daily #7313513,modern,modern-daily-7313513,modern-daily-7313513-2014-07-29
11,4,Thoughtseize,,Spells,3,1,Junk,JIsOrange,547 tix,"$ 1,853",241646,2014-07-29,Modern Daily #7313513,modern,modern-daily-7313513,modern-daily-7313513-2014-07-29
12,3,Abrupt Decay,,Spells,3,1,Junk,JIsOrange,547 tix,"$ 1,853",241646,2014-07-29,Modern Daily #7313513,modern,modern-daily-7313513,modern-daily-7313513-2014-07-29
13,1,Victim of Night,,Spells,3,1,Junk,JIsOrange,547 tix,"$ 1,853",241646,2014-07-29,Modern Daily #7313513,modern,modern-daily-7313513,modern-daily-7313513-2014-07-29
14,1,Dismember,,Spells,3,1,Junk,JIsOrange,547 tix,"$ 1,853",241646,2014-07-29,Modern Daily #7313513,modern,modern-daily-7313513,modern-daily-7313513-2014-07-29
15,4,Lingering Souls,,Spells,3,1,Junk,JIsOrange,547 tix,"$ 1,853",241646,2014-07-29,Modern Daily #7313513,modern,modern-daily-7313513,modern-daily-7313513-2014-07-29
16,1,Maelstrom Pulse,,Spells,3,1,Junk,JIsOrange,547 tix,"$ 1,853",241646,2014-07-29,Modern Daily #7313513,modern,modern-daily-7313513,modern-daily-7313513-2014-07-29
18,1,Forest,,Lands,3,1,Junk,JIsOrange,547 tix,"$ 1,853",241646,2014-07-29,Modern Daily #7313513,modern,modern-daily-7313513,modern-daily-7313513-2014-07-29
19,1,Gavony Township,,Lands,3,1,Junk,JIsOrange,547 tix,"$ 1,853",241646,2014-07-29,Modern Daily #7313513,modern,modern-daily-7313513,modern-daily-7313513-2014-07-29
20,1,Godless Shrine,,Lands,3,1,Junk,JIsOrange,547 tix,"$ 1,853",241646,2014-07-29,Modern Daily #7313513,modern,modern-daily-7313513,modern-daily-7313513-2014-07-29
21,4,Marsh Flats,,Lands,3,1,Junk,JIsOrange,547 tix,"$ 1,853",241646,2014-07-29,Modern Daily #7313513,modern,modern-daily-7313513,modern-daily-7313513-2014-07-29
22,2,Overgrown Tomb,,Lands,3,1,Junk,JIsOrange,547 tix,"$ 1,853",241646,2014-07-29,Modern Daily #7313513,modern,modern-daily-7313513,modern-daily-7313513-2014-07-29
23,1,Plains,,Lands,3,1,Junk,JIsOrange,547 tix,"$ 1,853",241646,2014-07-29,Modern Daily #7313513,modern,modern-daily-7313513,modern-daily-7313513-2014-07-29
24,2,Stirring Wildwood,,Lands,3,1,Junk,JIsOrange,547 tix,"$ 1,853",241646,2014-07-29,Modern Daily #7313513,modern,modern-daily-7313513,modern-daily-7313513-2014-07-29
25,2,Swamp,,Lands,3,1,Junk,JIsOrange,547 tix,"$ 1,853",241646,2014-07-29,Modern Daily #7313513,modern,modern-daily-7313513,modern-daily-7313513-2014-07-29
26,2,Tectonic Edge,,Lands,3,1,Junk,JIsOrange,547 tix,"$ 1,853",241646,2014-07-29,Modern Daily #7313513,modern,modern-daily-7313513,modern-daily-7313513-2014-07-29
27,1,Temple Garden,,Lands,3,1,Junk,JIsOrange,547 tix,"$ 1,853",241646,2014-07-29,Modern Daily #7313513,modern,modern-daily-7313513,modern-daily-7313513-2014-07-29
28,2,Treetop Village,,Lands,3,1,Junk,JIsOrange,547 tix,"$ 1,853",241646,2014-07-29,Modern Daily #7313513,modern,modern-daily-7313513,modern-daily-7313513-2014-07-29
29,1,"Urborg, Tomb of Yawgmoth",,Lands,3,1,Junk,JIsOrange,547 tix,"$ 1,853",241646,2014-07-29,Modern Daily #7313513,modern,modern-daily-7313513,modern-daily-7313513-2014-07-29
30,4,Verdant Catacombs,,Lands,3,1,Junk,JIsOrange,547 tix,"$ 1,853",241646,2014-07-29,Modern Daily #7313513,modern,modern-daily-7313513,modern-daily-7313513-2014-07-29
31,1,Woodland Cemetery,,Lands,3,1,Junk,JIsOrange,547 tix,"$ 1,853",241646,2014-07-29,Modern Daily #7313513,modern,modern-daily-7313513,modern-daily-7313513-2014-07-29
33,2,Grafdigger's Cage,,Sideboard,3,1,Junk,JIsOrange,547 tix,"$ 1,853",241646,2014-07-29,Modern Daily #7313513,modern,modern-daily-7313513,modern-daily-7313513-2014-07-29
34,2,Path to Exile,,Sideboard,3,1,Junk,JIsOrange,547 tix,"$ 1,853",241646,2014-07-29,Modern Daily #7313513,modern,modern-daily-7313513,modern-daily-7313513-2014-07-29
35,1,Seal of Primordium,,Sideboard,3,1,Junk,JIsOrange,547 tix,"$ 1,853",241646,2014-07-29,Modern Daily #7313513,modern,modern-daily-7313513,modern-daily-7313513-2014-07-29
36,3,Stony Silence,,Sideboard,3,1,Junk,JIsOrange,547 tix,"$ 1,853",241646,2014-07-29,Modern Daily #7313513,modern,modern-daily-7313513,modern-daily-7313513-2014-07-29
37,2,Kitchen Finks,,Sideboard,3,1,Junk,JIsOrange,547 tix,"$ 1,853",241646,2014-07-29,Modern Daily #7313513,modern,modern-daily-7313513,modern-daily-7313513-2014-07-29
38,1,Creeping Corrosion,,Sideboard,3,1,Junk,JIsOrange,547 tix,"$ 1,853",241646,2014-07-29,Modern Daily #7313513,modern,modern-daily-7313513,modern-daily-7313513-2014-07-29
39,2,Memoricide,,Sideboard,3,1,Junk,JIsOrange,547 tix,"$ 1,853",241646,2014-07-29,Modern Daily #7313513,modern,modern-daily-7313513,modern-daily-7313513-2014-07-29
40,1,"Thrun, the Last Troll",,Sideboard,3,1,Junk,JIsOrange,547 tix,"$ 1,853",241646,2014-07-29,Modern Daily #7313513,modern,modern-daily-7313513,modern-daily-7313513-2014-07-29
41,1,Batterskull,,Sideboard,3,1,Junk,JIsOrange,547 tix,"$ 1,853",241646,2014-07-29,Modern Daily #7313513,modern,modern-daily-7313513,modern-daily-7313513-2014-07-29
1,4,Birds of Paradise,,Creatures,3,1,Melira Pod,Nicolasnba13,282 tix,$ 838,241638,2014-07-29,Modern Daily #7313513,modern,modern-daily-7313513,modern-daily-7313513-2014-07-29
2,3,Noble Hierarch,,Creatures,3,1,Melira Pod,Nicolasnba13,282 tix,$ 838,241638,2014-07-29,Modern Daily #7313513,modern,modern-daily-7313513,modern-daily-7313513-2014-07-29
3,1,Viscera Seer,,Creatures,3,1,Melira Pod,Nicolasnba13,282 tix,$ 838,241638,2014-07-29,Modern Daily #7313513,modern,modern-daily-7313513,modern-daily-7313513-2014-07-29
4,1,"Melira, Sylvok Outcast",,Creatures,3,1,Melira Pod,Nicolasnba13,282 tix,$ 838,241638,2014-07-29,Modern Daily #7313513,modern,modern-daily-7313513,modern-daily-7313513-2014-07-29
5,1,Qasali Pridemage,,Creatures,3,1,Melira Pod,Nicolasnba13,282 tix,$ 838,241638,2014-07-29,Modern Daily #7313513,modern,modern-daily-7313513,modern-daily-7313513-2014-07-29
6,1,Scavenging Ooze,,Creatures,3,1,Melira Pod,Nicolasnba13,282 tix,$ 838,241638,2014-07-29,Modern Daily #7313513,modern,modern-daily-7313513,modern-daily-7313513-2014-07-29
7,1,Spellskite,,Creatures,3,1,Melira Pod,Nicolasnba13,282 tix,$ 838,241638,2014-07-29,Modern Daily #7313513,modern,modern-daily-7313513,modern-daily-7313513-2014-07-29
8,2,Voice of Resurgence,,Creatures,3,1,Melira Pod,Nicolasnba13,282 tix,$ 838,241638,2014-07-29,Modern Daily #7313513,modern,modern-daily-7313513,modern-daily-7313513-2014-07-29
9,1,Wall of Roots,,Creatures,3,1,Melira Pod,Nicolasnba13,282 tix,$ 838,241638,2014-07-29,Modern Daily #7313513,modern,modern-daily-7313513,modern-daily-7313513-2014-07-29
10,1,Aven Mindcensor,,Creatures,3,1,Melira Pod,Nicolasnba13,282 tix,$ 838,241638,2014-07-29,Modern Daily #7313513,modern,modern-daily-7313513,modern-daily-7313513-2014-07-29
11,1,Eternal Witness,,Creatures,3,1,Melira Pod,Nicolasnba13,282 tix,$ 838,241638,2014-07-29,Modern Daily #7313513,modern,modern-daily-7313513,modern-daily-7313513-2014-07-29
12,3,Kitchen Finks,,Creatures,3,1,Melira Pod,Nicolasnba13,282 tix,$ 838,241638,2014-07-29,Modern Daily #7313513,modern,modern-daily-7313513,modern-daily-7313513-2014-07-29
13,1,Orzhov Pontiff,,Creatures,3,1,Melira Pod,Nicolasnba13,282 tix,$ 838,241638,2014-07-29,Modern Daily #7313513,modern,modern-daily-7313513,modern-daily-7313513-2014-07-29
14,1,Entomber Exarch,,Creatures,3,1,Melira Pod,Nicolasnba13,282 tix,$ 838,241638,2014-07-29,Modern Daily #7313513,modern,modern-daily-7313513,modern-daily-7313513-2014-07-29
15,1,"Linvala, Keeper of Silence",,Creatures,3,1,Melira Pod,Nicolasnba13,282 tix,$ 838,241638,2014-07-29,Modern Daily #7313513,modern,modern-daily-7313513,modern-daily-7313513-2014-07-29
16,1,Murderous Redcap,,Creatures,3,1,Melira Pod,Nicolasnba13,282 tix,$ 838,241638,2014-07-29,Modern Daily #7313513,modern,modern-daily-7313513,modern-daily-7313513-2014-07-29
17,1,Restoration Angel,,Creatures,3,1,Melira Pod,Nicolasnba13,282 tix,$ 838,241638,2014-07-29,Modern Daily #7313513,modern,modern-daily-7313513,modern-daily-7313513-2014-07-29
18,1,Reveillark,,Creatures,3,1,Melira Pod,Nicolasnba13,282 tix,$ 838,241638,2014-07-29,Modern Daily #7313513,modern,modern-daily-7313513,modern-daily-7313513-2014-07-29
19,1,Shriekmaw,,Creatures,3,1,Melira Pod,Nicolasnba13,282 tix,$ 838,241638,2014-07-29,Modern Daily #7313513,modern,modern-daily-7313513,modern-daily-7313513-2014-07-29
21,2,Thoughtseize,,Spells,3,1,Melira Pod,Nicolasnba13,282 tix,$ 838,241638,2014-07-29,Modern Daily #7313513,modern,modern-daily-7313513,modern-daily-7313513-2014-07-29
22,2,Abrupt Decay,,Spells,3,1,Melira Pod,Nicolasnba13,282 tix,$ 838,241638,2014-07-29,Modern Daily #7313513,modern,modern-daily-7313513,modern-daily-7313513-2014-07-29
23,2,Chord of Calling,,Spells,3,1,Melira Pod,Nicolasnba13,282 tix,$ 838,241638,2014-07-29,Modern Daily #7313513,modern,modern-daily-7313513,modern-daily-7313513-2014-07-29
25,4,Birthing Pod,,Artifacts,3,1,Melira Pod,Nicolasnba13,282 tix,$ 838,241638,2014-07-29,Modern Daily #7313513,modern,modern-daily-7313513,modern-daily-7313513-2014-07-29
27,3,Forest,,Lands,3,1,Melira Pod,Nicolasnba13,282 tix,$ 838,241638,2014-07-29,Modern Daily #7313513,modern,modern-daily-7313513,modern-daily-7313513-2014-07-29
28,3,Gavony Township,,Lands,3,1,Melira Pod,Nicolasnba13,282 tix,$ 838,241638,2014-07-29,Modern Daily #7313513,modern,modern-daily-7313513,modern-daily-7313513-2014-07-29
29,1,Godless Shrine,,Lands,3,1,Melira Pod,Nicolasnba13,282 tix,$ 838,241638,2014-07-29,Modern Daily #7313513,modern,modern-daily-7313513,modern-daily-7313513-2014-07-29
30,4,Misty Rainforest,,Lands,3,1,Melira Pod,Nicolasnba13,282 tix,$ 838,241638,2014-07-29,Modern Daily #7313513,modern,modern-daily-7313513,modern-daily-7313513-2014-07-29
31,2,Overgrown Tomb,,Lands,3,1,Melira Pod,Nicolasnba13,282 tix,$ 838,241638,2014-07-29,Modern Daily #7313513,modern,modern-daily-7313513,modern-daily-7313513-2014-07-29
32,3,Razorverge Thicket,,Lands,3,1,Melira Pod,Nicolasnba13,282 tix,$ 838,241638,2014-07-29,Modern Daily #7313513,modern,modern-daily-7313513,modern-daily-7313513-2014-07-29
33,1,Swamp,,Lands,3,1,Melira Pod,Nicolasnba13,282 tix,$ 838,241638,2014-07-29,Modern Daily #7313513,modern,modern-daily-7313513,modern-daily-7313513-2014-07-29
34,1,Temple Garden,,Lands,3,1,Melira Pod,Nicolasnba13,282 tix,$ 838,241638,2014-07-29,Modern Daily #7313513,modern,modern-daily-7313513,modern-daily-7313513-2014-07-29
35,4,Verdant Catacombs,,Lands,3,1,Melira Pod,Nicolasnba13,282 tix,$ 838,241638,2014-07-29,Modern Daily #7313513,modern,modern-daily-7313513,modern-daily-7313513-2014-07-29
36,1,Woodland Cemetery,,Lands,3,1,Melira Pod,Nicolasnba13,282 tix,$ 838,241638,2014-07-29,Modern Daily #7313513,modern,modern-daily-7313513,modern-daily-7313513-2014-07-29
38,2,Thoughtseize,,Sideboard,3,1,Melira Pod,Nicolasnba13,282 tix,$ 838,241638,2014-07-29,Modern Daily #7313513,modern,modern-daily-7313513,modern-daily-7313513-2014-07-29
39,1,Abrupt Decay,,Sideboard,3,1,Melira Pod,Nicolasnba13,282 tix,$ 838,241638,2014-07-29,Modern Daily #7313513,modern,modern-daily-7313513,modern-daily-7313513-2014-07-29
40,1,"Kataki, War's Wage",,Sideboard,3,1,Melira Pod,Nicolasnba13,282 tix,$ 838,241638,2014-07-29,Modern Daily #7313513,modern,modern-daily-7313513,modern-daily-7313513-2014-07-29
41,1,Scavenging Ooze,,Sideboard,3,1,Melira Pod,Nicolasnba13,282 tix,$ 838,241638,2014-07-29,Modern Daily #7313513,modern,modern-daily-7313513,modern-daily-7313513-2014-07-29
42,3,Dismember,,Sideboard,3,1,Melira Pod,Nicolasnba13,282 tix,$ 838,241638,2014-07-29,Modern Daily #7313513,modern,modern-daily-7313513,modern-daily-7313513-2014-07-29
43,1,Eidolon of Rhetoric,,Sideboard,3,1,Melira Pod,Nicolasnba13,282 tix,$ 838,241638,2014-07-29,Modern Daily #7313513,modern,modern-daily-7313513,modern-daily-7313513-2014-07-29
44,2,Lingering Souls,,Sideboard,3,1,Melira Pod,Nicolasnba13,282 tix,$ 838,241638,2014-07-29,Modern Daily #7313513,modern,modern-daily-7313513,modern-daily-7313513-2014-07-29
45,1,Reclamation Sage,,Sideboard,3,1,Melira Pod,Nicolasnba13,282 tix,$ 838,241638,2014-07-29,Modern Daily #7313513,modern,modern-daily-7313513,modern-daily-7313513-2014-07-29
46,1,Sin Collector,,Sideboard,3,1,Melira Pod,Nicolasnba13,282 tix,$ 838,241638,2014-07-29,Modern Daily #7313513,modern,modern-daily-7313513,modern-daily-7313513-2014-07-29
47,1,Obstinate Baloth,,Sideboard,3,1,Melira Pod,Nicolasnba13,282 tix,$ 838,241638,2014-07-29,Modern Daily #7313513,modern,modern-daily-7313513,modern-daily-7313513-2014-07-29
48,1,"Thrun, the Last Troll",,Sideboard,3,1,Melira Pod,Nicolasnba13,282 tix,$ 838,241638,2014-07-29,Modern Daily #7313513,modern,modern-daily-7313513,modern-daily-7313513-2014-07-29
1,4,Cursecatcher,,Creatures,3,1,Merfolk,urzatheplaneswalker,137 tix,$ 385,241627,2014-07-29,Modern Daily #7313513,modern,modern-daily-7313513,modern-daily-7313513-2014-07-29
2,4,Lord of Atlantis,,Creatures,3,1,Merfolk,urzatheplaneswalker,137 tix,$ 385,241627,2014-07-29,Modern Daily #7313513,modern,modern-daily-7313513,modern-daily-7313513-2014-07-29
3,4,Master of the Pearl Trident,,Creatures,3,1,Merfolk,urzatheplaneswalker,137 tix,$ 385,241627,2014-07-29,Modern Daily #7313513,modern,modern-daily-7313513,modern-daily-7313513-2014-07-29
4,4,Silvergill Adept,,Creatures,3,1,Merfolk,urzatheplaneswalker,137 tix,$ 385,241627,2014-07-29,Modern Daily #7313513,modern,modern-daily-7313513,modern-daily-7313513-2014-07-29
5,1,"Sygg, River Cutthroat",,Creatures,3,1,Merfolk,urzatheplaneswalker,137 tix,$ 385,241627,2014-07-29,Modern Daily #7313513,modern,modern-daily-7313513,modern-daily-7313513-2014-07-29
6,1,"Kira, Great Glass-Spinner",,Creatures,3,1,Merfolk,urzatheplaneswalker,137 tix,$ 385,241627,2014-07-29,Modern Daily #7313513,modern,modern-daily-7313513,modern-daily-7313513-2014-07-29
7,4,Merrow Reejerey,,Creatures,3,1,Merfolk,urzatheplaneswalker,137 tix,$ 385,241627,2014-07-29,Modern Daily #7313513,modern,modern-daily-7313513,modern-daily-7313513-2014-07-29
8,2,"Thassa, God of the Sea",,Creatures,3,1,Merfolk,urzatheplaneswalker,137 tix,$ 385,241627,2014-07-29,Modern Daily #7313513,modern,modern-daily-7313513,modern-daily-7313513-2014-07-29
10,4,Vapor Snag,,Spells,3,1,Merfolk,urzatheplaneswalker,137 tix,$ 385,241627,2014-07-29,Modern Daily #7313513,modern,modern-daily-7313513,modern-daily-7313513-2014-07-29
11,4,Remand,,Spells,3,1,Merfolk,urzatheplaneswalker,137 tix,$ 385,241627,2014-07-29,Modern Daily #7313513,modern,modern-daily-7313513,modern-daily-7313513-2014-07-29
13,4,Aether Vial,,Artifacts,3,1,Merfolk,urzatheplaneswalker,137 tix,$ 385,241627,2014-07-29,Modern Daily #7313513,modern,modern-daily-7313513,modern-daily-7313513-2014-07-29
15,4,Spreading Seas,,Enchantments,3,1,Merfolk,urzatheplaneswalker,137 tix,$ 385,241627,2014-07-29,Modern Daily #7313513,modern,modern-daily-7313513,modern-daily-7313513-2014-07-29
17,14,Island,,Lands,3,1,Merfolk,urzatheplaneswalker,137 tix,$ 385,241627,2014-07-29,Modern Daily #7313513,modern,modern-daily-7313513,modern-daily-7313513-2014-07-29
18,4,Mutavault,,Lands,3,1,Merfolk,urzatheplaneswalker,137 tix,$ 385,241627,2014-07-29,Modern Daily #7313513,modern,modern-daily-7313513,modern-daily-7313513-2014-07-29
19,2,Tectonic Edge,,Lands,3,1,Merfolk,urzatheplaneswalker,137 tix,$ 385,241627,2014-07-29,Modern Daily #7313513,modern,modern-daily-7313513,modern-daily-7313513-2014-07-29
21,1,Pithing Needle,,Sideboard,3,1,Merfolk,urzatheplaneswalker,137 tix,$ 385,241627,2014-07-29,Modern Daily #7313513,modern,modern-daily-7313513,modern-daily-7313513-2014-07-29
22,1,Relic of Progenitus,,Sideboard,3,1,Merfolk,urzatheplaneswalker,137 tix,$ 385,241627,2014-07-29,Modern Daily #7313513,modern,modern-daily-7313513,modern-daily-7313513-2014-07-29
23,3,Steel Sabotage,,Sideboard,3,1,Merfolk,urzatheplaneswalker,137 tix,$ 385,241627,2014-07-29,Modern Daily #7313513,modern,modern-daily-7313513,modern-daily-7313513-2014-07-29
24,1,Echoing Truth,,Sideboard,3,1,Merfolk,urzatheplaneswalker,137 tix,$ 385,241627,2014-07-29,Modern Daily #7313513,modern,modern-daily-7313513,modern-daily-7313513-2014-07-29
25,1,Shadow of Doubt,,Sideboard,3,1,Merfolk,urzatheplaneswalker,137 tix,$ 385,241627,2014-07-29,Modern Daily #7313513,modern,modern-daily-7313513,modern-daily-7313513-2014-07-29
26,2,Spellskite,,Sideboard,3,1,Merfolk,urzatheplaneswalker,137 tix,$ 385,241627,2014-07-29,Modern Daily #7313513,modern,modern-daily-7313513,modern-daily-7313513-2014-07-29
27,2,Torpor Orb,,Sideboard,3,1,Merfolk,urzatheplaneswalker,137 tix,$ 385,241627,2014-07-29,Modern Daily #7313513,modern,modern-daily-7313513,modern-daily-7313513-2014-07-29
28,2,Dismember,,Sideboard,3,1,Merfolk,urzatheplaneswalker,137 tix,$ 385,241627,2014-07-29,Modern Daily #7313513,modern,modern-daily-7313513,modern-daily-7313513-2014-07-29
29,2,Threads of Disloyalty,,Sideboard,3,1,Merfolk,urzatheplaneswalker,137 tix,$ 385,241627,2014-07-29,Modern Daily #7313513,modern,modern-daily-7313513,modern-daily-7313513-2014-07-29
1,4,Cursecatcher,,Creatures,3,1,Merfolk,SzULeR,150 tix,$ 415,241643,2014-07-29,Modern Daily #7313513,modern,modern-daily-7313513,modern-daily-7313513-2014-07-29
2,4,Lord of Atlantis,,Creatures,3,1,Merfolk,SzULeR,150 tix,$ 415,241643,2014-07-29,Modern Daily #7313513,modern,modern-daily-7313513,modern-daily-7313513-2014-07-29
3,4,Master of the Pearl Trident,,Creatures,3,1,Merfolk,SzULeR,150 tix,$ 415,241643,2014-07-29,Modern Daily #7313513,modern,modern-daily-7313513,modern-daily-7313513-2014-07-29
4,4,Silvergill Adept,,Creatures,3,1,Merfolk,SzULeR,150 tix,$ 415,241643,2014-07-29,Modern Daily #7313513,modern,modern-daily-7313513,modern-daily-7313513-2014-07-29
5,2,"Kira, Great Glass-Spinner",,Creatures,3,1,Merfolk,SzULeR,150 tix,$ 415,241643,2014-07-29,Modern Daily #7313513,modern,modern-daily-7313513,modern-daily-7313513-2014-07-29
6,2,Merrow Reejerey,,Creatures,3,1,Merfolk,SzULeR,150 tix,$ 415,241643,2014-07-29,Modern Daily #7313513,modern,modern-daily-7313513,modern-daily-7313513-2014-07-29
7,4,Master of Waves,,Creatures,3,1,Merfolk,SzULeR,150 tix,$ 415,241643,2014-07-29,Modern Daily #7313513,modern,modern-daily-7313513,modern-daily-7313513-2014-07-29
9,2,Vapor Snag,,Spells,3,1,Merfolk,SzULeR,150 tix,$ 415,241643,2014-07-29,Modern Daily #7313513,modern,modern-daily-7313513,modern-daily-7313513-2014-07-29
10,2,Remand,,Spells,3,1,Merfolk,SzULeR,150 tix,$ 415,241643,2014-07-29,Modern Daily #7313513,modern,modern-daily-7313513,modern-daily-7313513-2014-07-29
11,3,Dismember,,Spells,3,1,Merfolk,SzULeR,150 tix,$ 415,241643,2014-07-29,Modern Daily #7313513,modern,modern-daily-7313513,modern-daily-7313513-2014-07-29
13,4,Aether Vial,,Artifacts,3,1,Merfolk,SzULeR,150 tix,$ 415,241643,2014-07-29,Modern Daily #7313513,modern,modern-daily-7313513,modern-daily-7313513-2014-07-29
14,1,Relic of Progenitus,,Artifacts,3,1,Merfolk,SzULeR,150 tix,$ 415,241643,2014-07-29,Modern Daily #7313513,modern,modern-daily-7313513,modern-daily-7313513-2014-07-29
16,4,Spreading Seas,,Enchantments,3,1,Merfolk,SzULeR,150 tix,$ 415,241643,2014-07-29,Modern Daily #7313513,modern,modern-daily-7313513,modern-daily-7313513-2014-07-29
18,14,Island,,Lands,3,1,Merfolk,SzULeR,150 tix,$ 415,241643,2014-07-29,Modern Daily #7313513,modern,modern-daily-7313513,modern-daily-7313513-2014-07-29
19,1,"Minamo, School at Water's Edge",,Lands,3,1,Merfolk,SzULeR,150 tix,$ 415,241643,2014-07-29,Modern Daily #7313513,modern,modern-daily-7313513,modern-daily-7313513-2014-07-29
20,4,Mutavault,,Lands,3,1,Merfolk,SzULeR,150 tix,$ 415,241643,2014-07-29,Modern Daily #7313513,modern,modern-daily-7313513,modern-daily-7313513-2014-07-29
21,1,"Oboro, Palace in the Clouds",,Lands,3,1,Merfolk,SzULeR,150 tix,$ 415,241643,2014-07-29,Modern Daily #7313513,modern,modern-daily-7313513,modern-daily-7313513-2014-07-29
23,4,Tectonic Edge,,Sideboard,3,1,Merfolk,SzULeR,150 tix,$ 415,241643,2014-07-29,Modern Daily #7313513,modern,modern-daily-7313513,modern-daily-7313513-2014-07-29
24,1,Relic of Progenitus,,Sideboard,3,1,Merfolk,SzULeR,150 tix,$ 415,241643,2014-07-29,Modern Daily #7313513,modern,modern-daily-7313513,modern-daily-7313513-2014-07-29
25,3,Spell Pierce,,Sideboard,3,1,Merfolk,SzULeR,150 tix,$ 415,241643,2014-07-29,Modern Daily #7313513,modern,modern-daily-7313513,modern-daily-7313513-2014-07-29
26,2,Swan Song,,Sideboard,3,1,Merfolk,SzULeR,150 tix,$ 415,241643,2014-07-29,Modern Daily #7313513,modern,modern-daily-7313513,modern-daily-7313513-2014-07-29
27,3,Tidebinder Mage,,Sideboard,3,1,Merfolk,SzULeR,150 tix,$ 415,241643,2014-07-29,Modern Daily #7313513,modern,modern-daily-7313513,modern-daily-7313513-2014-07-29
28,1,Dismember,,Sideboard,3,1,Merfolk,SzULeR,150 tix,$ 415,241643,2014-07-29,Modern Daily #7313513,modern,modern-daily-7313513,modern-daily-7313513-2014-07-29
29,1,"Kira, Great Glass-Spinner",,Sideboard,3,1,Merfolk,SzULeR,150 tix,$ 415,241643,2014-07-29,Modern Daily #7313513,modern,modern-daily-7313513,modern-daily-7313513-2014-07-29
1,4,Goblin Guide,,Creatures,3,1,Mono R Burn,senrabselim,170 tix,$ 510,241647,2014-07-29,Modern Daily #7313513,modern,modern-daily-7313513,modern-daily-7313513-2014-07-29
2,3,Grim Lavamancer,,Creatures,3,1,Mono R Burn,senrabselim,170 tix,$ 510,241647,2014-07-29,Modern Daily #7313513,modern,modern-daily-7313513,modern-daily-7313513-2014-07-29
3,4,Eidolon of the Great Revel,,Creatures,3,1,Mono R Burn,senrabselim,170 tix,$ 510,241647,2014-07-29,Modern Daily #7313513,modern,modern-daily-7313513,modern-daily-7313513-2014-07-29
4,4,Hellspark Elemental,,Creatures,3,1,Mono R Burn,senrabselim,170 tix,$ 510,241647,2014-07-29,Modern Daily #7313513,modern,modern-daily-7313513,modern-daily-7313513-2014-07-29
6,4,Lava Spike,,Spells,3,1,Mono R Burn,senrabselim,170 tix,$ 510,241647,2014-07-29,Modern Daily #7313513,modern,modern-daily-7313513,modern-daily-7313513-2014-07-29
7,4,Lightning Bolt,,Spells,3,1,Mono R Burn,senrabselim,170 tix,$ 510,241647,2014-07-29,Modern Daily #7313513,modern,modern-daily-7313513,modern-daily-7313513-2014-07-29
8,3,Shard Volley,,Spells,3,1,Mono R Burn,senrabselim,170 tix,$ 510,241647,2014-07-29,Modern Daily #7313513,modern,modern-daily-7313513,modern-daily-7313513-2014-07-29
9,1,Searing Blaze,,Spells,3,1,Mono R Burn,senrabselim,170 tix,$ 510,241647,2014-07-29,Modern Daily #7313513,modern,modern-daily-7313513,modern-daily-7313513-2014-07-29
10,2,Searing Blood,,Spells,3,1,Mono R Burn,senrabselim,170 tix,$ 510,241647,2014-07-29,Modern Daily #7313513,modern,modern-daily-7313513,modern-daily-7313513-2014-07-29
11,4,Skullcrack,,Spells,3,1,Mono R Burn,senrabselim,170 tix,$ 510,241647,2014-07-29,Modern Daily #7313513,modern,modern-daily-7313513,modern-daily-7313513-2014-07-29
12,3,Flames of the Blood Hand,,Spells,3,1,Mono R Burn,senrabselim,170 tix,$ 510,241647,2014-07-29,Modern Daily #7313513,modern,modern-daily-7313513,modern-daily-7313513-2014-07-29
13,4,Rift Bolt,,Spells,3,1,Mono R Burn,senrabselim,170 tix,$ 510,241647,2014-07-29,Modern Daily #7313513,modern,modern-daily-7313513,modern-daily-7313513-2014-07-29
15,3,Arid Mesa,,Lands,3,1,Mono R Burn,senrabselim,170 tix,$ 510,241647,2014-07-29,Modern Daily #7313513,modern,modern-daily-7313513,modern-daily-7313513-2014-07-29
16,15,Mountain,,Lands,3,1,Mono R Burn,senrabselim,170 tix,$ 510,241647,2014-07-29,Modern Daily #7313513,modern,modern-daily-7313513,modern-daily-7313513-2014-07-29
17,2,Scalding Tarn,,Lands,3,1,Mono R Burn,senrabselim,170 tix,$ 510,241647,2014-07-29,Modern Daily #7313513,modern,modern-daily-7313513,modern-daily-7313513-2014-07-29
19,2,Shattering Spree,,Sideboard,3,1,Mono R Burn,senrabselim,170 tix,$ 510,241647,2014-07-29,Modern Daily #7313513,modern,modern-daily-7313513,modern-daily-7313513-2014-07-29
20,3,Searing Blaze,,Sideboard,3,1,Mono R Burn,senrabselim,170 tix,$ 510,241647,2014-07-29,Modern Daily #7313513,modern,modern-daily-7313513,modern-daily-7313513-2014-07-29
21,2,Searing Blood,,Sideboard,3,1,Mono R Burn,senrabselim,170 tix,$ 510,241647,2014-07-29,Modern Daily #7313513,modern,modern-daily-7313513,modern-daily-7313513-2014-07-29
22,2,Smash to Smithereens,,Sideboard,3,1,Mono R Burn,senrabselim,170 tix,$ 510,241647,2014-07-29,Modern Daily #7313513,modern,modern-daily-7313513,modern-daily-7313513-2014-07-29
23,3,Dismember,,Sideboard,3,1,Mono R Burn,senrabselim,170 tix,$ 510,241647,2014-07-29,Modern Daily #7313513,modern,modern-daily-7313513,modern-daily-7313513-2014-07-29
24,3,Molten Rain,,Sideboard,3,1,Mono R Burn,senrabselim,170 tix,$ 510,241647,2014-07-29,Modern Daily #7313513,modern,modern-daily-7313513,modern-daily-7313513-2014-07-29
1,2,Treasure Mage,,Creatures,3,1,Mono U Tron,Taviscaron,54 tix,$ 237,241641,2014-07-29,Modern Daily #7313513,modern,modern-daily-7313513,modern-daily-7313513-2014-07-29
2,3,Solemn Simulacrum,,Creatures,3,1,Mono U Tron,Taviscaron,54 tix,$ 237,241641,2014-07-29,Modern Daily #7313513,modern,modern-daily-7313513,modern-daily-7313513-2014-07-29
3,2,Wurmcoil Engine,,Creatures,3,1,Mono U Tron,Taviscaron,54 tix,$ 237,241641,2014-07-29,Modern Daily #7313513,modern,modern-daily-7313513,modern-daily-7313513-2014-07-29
4,1,Platinum Angel,,Creatures,3,1,Mono U Tron,Taviscaron,54 tix,$ 237,241641,2014-07-29,Modern Daily #7313513,modern,modern-daily-7313513,modern-daily-7313513-2014-07-29
5,1,Sundering Titan,,Creatures,3,1,Mono U Tron,Taviscaron,54 tix,$ 237,241641,2014-07-29,Modern Daily #7313513,modern,modern-daily-7313513,modern-daily-7313513-2014-07-29
7,4,Condescend,,Spells,3,1,Mono U Tron,Taviscaron,54 tix,$ 237,241641,2014-07-29,Modern Daily #7313513,modern,modern-daily-7313513,modern-daily-7313513-2014-07-29
8,3,Repeal,,Spells,3,1,Mono U Tron,Taviscaron,54 tix,$ 237,241641,2014-07-29,Modern Daily #7313513,modern,modern-daily-7313513,modern-daily-7313513-2014-07-29
9,1,Spell Burst,,Spells,3,1,Mono U Tron,Taviscaron,54 tix,$ 237,241641,2014-07-29,Modern Daily #7313513,modern,modern-daily-7313513,modern-daily-7313513-2014-07-29
10,1,Cyclonic Rift,,Spells,3,1,Mono U Tron,Taviscaron,54 tix,$ 237,241641,2014-07-29,Modern Daily #7313513,modern,modern-daily-7313513,modern-daily-7313513-2014-07-29
11,4,Remand,,Spells,3,1,Mono U Tron,Taviscaron,54 tix,$ 237,241641,2014-07-29,Modern Daily #7313513,modern,modern-daily-7313513,modern-daily-7313513-2014-07-29
12,4,Thirst for Knowledge,,Spells,3,1,Mono U Tron,Taviscaron,54 tix,$ 237,241641,2014-07-29,Modern Daily #7313513,modern,modern-daily-7313513,modern-daily-7313513-2014-07-29
14,4,Expedition Map,,Artifacts,3,1,Mono U Tron,Taviscaron,54 tix,$ 237,241641,2014-07-29,Modern Daily #7313513,modern,modern-daily-7313513,modern-daily-7313513-2014-07-29
15,3,Dimir Signet,,Artifacts,3,1,Mono U Tron,Taviscaron,54 tix,$ 237,241641,2014-07-29,Modern Daily #7313513,modern,modern-daily-7313513,modern-daily-7313513-2014-07-29
16,1,Oblivion Stone,,Artifacts,3,1,Mono U Tron,Taviscaron,54 tix,$ 237,241641,2014-07-29,Modern Daily #7313513,modern,modern-daily-7313513,modern-daily-7313513-2014-07-29
17,2,Mindslaver,,Artifacts,3,1,Mono U Tron,Taviscaron,54 tix,$ 237,241641,2014-07-29,Modern Daily #7313513,modern,modern-daily-7313513,modern-daily-7313513-2014-07-29
19,1,Academy Ruins,,Lands,3,1,Mono U Tron,Taviscaron,54 tix,$ 237,241641,2014-07-29,Modern Daily #7313513,modern,modern-daily-7313513,modern-daily-7313513-2014-07-29
20,8,Island,,Lands,3,1,Mono U Tron,Taviscaron,54 tix,$ 237,241641,2014-07-29,Modern Daily #7313513,modern,modern-daily-7313513,modern-daily-7313513-2014-07-29
21,1,"Oboro, Palace in the Clouds",,Lands,3,1,Mono U Tron,Taviscaron,54 tix,$ 237,241641,2014-07-29,Modern Daily #7313513,modern,modern-daily-7313513,modern-daily-7313513-2014-07-29
22,1,Tectonic Edge,,Lands,3,1,Mono U Tron,Taviscaron,54 tix,$ 237,241641,2014-07-29,Modern Daily #7313513,modern,modern-daily-7313513,modern-daily-7313513-2014-07-29
23,1,Urza's Factory,,Lands,3,1,Mono U Tron,Taviscaron,54 tix,$ 237,241641,2014-07-29,Modern Daily #7313513,modern,modern-daily-7313513,modern-daily-7313513-2014-07-29
24,4,Urza's Mine,,Lands,3,1,Mono U Tron,Taviscaron,54 tix,$ 237,241641,2014-07-29,Modern Daily #7313513,modern,modern-daily-7313513,modern-daily-7313513-2014-07-29
25,4,Urza's Power Plant,,Lands,3,1,Mono U Tron,Taviscaron,54 tix,$ 237,241641,2014-07-29,Modern Daily #7313513,modern,modern-daily-7313513,modern-daily-7313513-2014-07-29
26,4,Urza's Tower,,Lands,3,1,Mono U Tron,Taviscaron,54 tix,$ 237,241641,2014-07-29,Modern Daily #7313513,modern,modern-daily-7313513,modern-daily-7313513-2014-07-29
28,2,Relic of Progenitus,,Sideboard,3,1,Mono U Tron,Taviscaron,54 tix,$ 237,241641,2014-07-29,Modern Daily #7313513,modern,modern-daily-7313513,modern-daily-7313513-2014-07-29
29,3,Spell Pierce,,Sideboard,3,1,Mono U Tron,Taviscaron,54 tix,$ 237,241641,2014-07-29,Modern Daily #7313513,modern,modern-daily-7313513,modern-daily-7313513-2014-07-29
30,1,Cyclonic Rift,,Sideboard,3,1,Mono U Tron,Taviscaron,54 tix,$ 237,241641,2014-07-29,Modern Daily #7313513,modern,modern-daily-7313513,modern-daily-7313513-2014-07-29
31,3,Squelch,,Sideboard,3,1,Mono U Tron,Taviscaron,54 tix,$ 237,241641,2014-07-29,Modern Daily #7313513,modern,modern-daily-7313513,modern-daily-7313513-2014-07-29
32,2,Bottle Gnomes,,Sideboard,3,1,Mono U Tron,Taviscaron,54 tix,$ 237,241641,2014-07-29,Modern Daily #7313513,modern,modern-daily-7313513,modern-daily-7313513-2014-07-29
33,2,Dismember,,Sideboard,3,1,Mono U Tron,Taviscaron,54 tix,$ 237,241641,2014-07-29,Modern Daily #7313513,modern,modern-daily-7313513,modern-daily-7313513-2014-07-29
34,2,Aetherize,,Sideboard,3,1,Mono U Tron,Taviscaron,54 tix,$ 237,241641,2014-07-29,Modern Daily #7313513,modern,modern-daily-7313513,modern-daily-7313513-2014-07-29
1,4,Sakura-Tribe Elder,,Creatures,3,1,RG Scapeshift,J.A.Eliso,221 tix,$ 874,241636,2014-07-29,Modern Daily #7313513,modern,modern-daily-7313513,modern-daily-7313513-2014-07-29
2,2,Obstinate Baloth,,Creatures,3,1,RG Scapeshift,J.A.Eliso,221 tix,$ 874,241636,2014-07-29,Modern Daily #7313513,modern,modern-daily-7313513,modern-daily-7313513-2014-07-29
3,4,Primeval Titan,,Creatures,3,1,RG Scapeshift,J.A.Eliso,221 tix,$ 874,241636,2014-07-29,Modern Daily #7313513,modern,modern-daily-7313513,modern-daily-7313513-2014-07-29
5,4,Lightning Bolt,,Spells,3,1,RG Scapeshift,J.A.Eliso,221 tix,$ 874,241636,2014-07-29,Modern Daily #7313513,modern,modern-daily-7313513,modern-daily-7313513-2014-07-29
6,2,Farseek,,Spells,3,1,RG Scapeshift,J.A.Eliso,221 tix,$ 874,241636,2014-07-29,Modern Daily #7313513,modern,modern-daily-7313513,modern-daily-7313513-2014-07-29
7,3,Anger of the Gods,,Spells,3,1,RG Scapeshift,J.A.Eliso,221 tix,$ 874,241636,2014-07-29,Modern Daily #7313513,modern,modern-daily-7313513,modern-daily-7313513-2014-07-29
8,1,Beast Within,,Spells,3,1,RG Scapeshift,J.A.Eliso,221 tix,$ 874,241636,2014-07-29,Modern Daily #7313513,modern,modern-daily-7313513,modern-daily-7313513-2014-07-29
9,4,Search for Tomorrow,,Spells,3,1,RG Scapeshift,J.A.Eliso,221 tix,$ 874,241636,2014-07-29,Modern Daily #7313513,modern,modern-daily-7313513,modern-daily-7313513-2014-07-29
10,4,Scapeshift,,Spells,3,1,RG Scapeshift,J.A.Eliso,221 tix,$ 874,241636,2014-07-29,Modern Daily #7313513,modern,modern-daily-7313513,modern-daily-7313513-2014-07-29
12,4,Khalni Heart Expedition,,Enchantments,3,1,RG Scapeshift,J.A.Eliso,221 tix,$ 874,241636,2014-07-29,Modern Daily #7313513,modern,modern-daily-7313513,modern-daily-7313513-2014-07-29
13,2,Prismatic Omen,,Enchantments,3,1,RG Scapeshift,J.A.Eliso,221 tix,$ 874,241636,2014-07-29,Modern Daily #7313513,modern,modern-daily-7313513,modern-daily-7313513-2014-07-29
15,1,Arid Mesa,,Lands,3,1,RG Scapeshift,J.A.Eliso,221 tix,$ 874,241636,2014-07-29,Modern Daily #7313513,modern,modern-daily-7313513,modern-daily-7313513-2014-07-29
16,1,Cavern of Souls,,Lands,3,1,RG Scapeshift,J.A.Eliso,221 tix,$ 874,241636,2014-07-29,Modern Daily #7313513,modern,modern-daily-7313513,modern-daily-7313513-2014-07-29
17,4,Forest,,Lands,3,1,RG Scapeshift,J.A.Eliso,221 tix,$ 874,241636,2014-07-29,Modern Daily #7313513,modern,modern-daily-7313513,modern-daily-7313513-2014-07-29
18,8,Mountain,,Lands,3,1,RG Scapeshift,J.A.Eliso,221 tix,$ 874,241636,2014-07-29,Modern Daily #7313513,modern,modern-daily-7313513,modern-daily-7313513-2014-07-29
19,4,Stomping Ground,,Lands,3,1,RG Scapeshift,J.A.Eliso,221 tix,$ 874,241636,2014-07-29,Modern Daily #7313513,modern,modern-daily-7313513,modern-daily-7313513-2014-07-29
20,4,"Valakut, the Molten Pinnacle",,Lands,3,1,RG Scapeshift,J.A.Eliso,221 tix,$ 874,241636,2014-07-29,Modern Daily #7313513,modern,modern-daily-7313513,modern-daily-7313513-2014-07-29
21,4,Verdant Catacombs,,Lands,3,1,RG Scapeshift,J.A.Eliso,221 tix,$ 874,241636,2014-07-29,Modern Daily #7313513,modern,modern-daily-7313513,modern-daily-7313513-2014-07-29
23,1,"Boseiju, Who Shelters All",,Sideboard,3,1,RG Scapeshift,J.A.Eliso,221 tix,$ 874,241636,2014-07-29,Modern Daily #7313513,modern,modern-daily-7313513,modern-daily-7313513-2014-07-29
24,1,Grafdigger's Cage,,Sideboard,3,1,RG Scapeshift,J.A.Eliso,221 tix,$ 874,241636,2014-07-29,Modern Daily #7313513,modern,modern-daily-7313513,modern-daily-7313513-2014-07-29
25,1,Nature's Claim,,Sideboard,3,1,RG Scapeshift,J.A.Eliso,221 tix,$ 874,241636,2014-07-29,Modern Daily #7313513,modern,modern-daily-7313513,modern-daily-7313513-2014-07-29
26,2,Relic of Progenitus,,Sideboard,3,1,RG Scapeshift,J.A.Eliso,221 tix,$ 874,241636,2014-07-29,Modern Daily #7313513,modern,modern-daily-7313513,modern-daily-7313513-2014-07-29
27,2,Ancient Grudge,,Sideboard,3,1,RG Scapeshift,J.A.Eliso,221 tix,$ 874,241636,2014-07-29,Modern Daily #7313513,modern,modern-daily-7313513,modern-daily-7313513-2014-07-29
28,1,Back to Nature,,Sideboard,3,1,RG Scapeshift,J.A.Eliso,221 tix,$ 874,241636,2014-07-29,Modern Daily #7313513,modern,modern-daily-7313513,modern-daily-7313513-2014-07-29
29,1,Combust,,Sideboard,3,1,RG Scapeshift,J.A.Eliso,221 tix,$ 874,241636,2014-07-29,Modern Daily #7313513,modern,modern-daily-7313513,modern-daily-7313513-2014-07-29
30,2,Spellskite,,Sideboard,3,1,RG Scapeshift,J.A.Eliso,221 tix,$ 874,241636,2014-07-29,Modern Daily #7313513,modern,modern-daily-7313513,modern-daily-7313513-2014-07-29
31,2,Beast Within,,Sideboard,3,1,RG Scapeshift,J.A.Eliso,221 tix,$ 874,241636,2014-07-29,Modern Daily #7313513,modern,modern-daily-7313513,modern-daily-7313513-2014-07-29
32,1,Creeping Corrosion,,Sideboard,3,1,RG Scapeshift,J.A.Eliso,221 tix,$ 874,241636,2014-07-29,Modern Daily #7313513,modern,modern-daily-7313513,modern-daily-7313513-2014-07-29
33,1,Obstinate Baloth,,Sideboard,3,1,RG Scapeshift,J.A.Eliso,221 tix,$ 874,241636,2014-07-29,Modern Daily #7313513,modern,modern-daily-7313513,modern-daily-7313513-2014-07-29
1,1,Spellskite,,Creatures,3,1,RG Tron,deibler,263 tix,$ 850,241635,2014-07-29,Modern Daily #7313513,modern,modern-daily-7313513,modern-daily-7313513-2014-07-29
2,3,Wurmcoil Engine,,Creatures,3,1,RG Tron,deibler,263 tix,$ 850,241635,2014-07-29,Modern Daily #7313513,modern,modern-daily-7313513,modern-daily-7313513-2014-07-29
3,1,Sundering Titan,,Creatures,3,1,RG Tron,deibler,263 tix,$ 850,241635,2014-07-29,Modern Daily #7313513,modern,modern-daily-7313513,modern-daily-7313513-2014-07-29
4,1,"Emrakul, the Aeons Torn",,Creatures,3,1,RG Tron,deibler,263 tix,$ 850,241635,2014-07-29,Modern Daily #7313513,modern,modern-daily-7313513,modern-daily-7313513-2014-07-29
6,4,Karn Liberated,,Planeswalkers,3,1,RG Tron,deibler,263 tix,$ 850,241635,2014-07-29,Modern Daily #7313513,modern,modern-daily-7313513,modern-daily-7313513-2014-07-29
8,4,Ancient Stirrings,,Spells,3,1,RG Tron,deibler,263 tix,$ 850,241635,2014-07-29,Modern Daily #7313513,modern,modern-daily-7313513,modern-daily-7313513-2014-07-29
9,4,Sylvan Scrying,,Spells,3,1,RG Tron,deibler,263 tix,$ 850,241635,2014-07-29,Modern Daily #7313513,modern,modern-daily-7313513,modern-daily-7313513-2014-07-29
10,3,All Is Dust,,Spells,3,1,RG Tron,deibler,263 tix,$ 850,241635,2014-07-29,Modern Daily #7313513,modern,modern-daily-7313513,modern-daily-7313513-2014-07-29
12,4,Chromatic Sphere,,Artifacts,3,1,RG Tron,deibler,263 tix,$ 850,241635,2014-07-29,Modern Daily #7313513,modern,modern-daily-7313513,modern-daily-7313513-2014-07-29
13,4,Chromatic Star,,Artifacts,3,1,RG Tron,deibler,263 tix,$ 850,241635,2014-07-29,Modern Daily #7313513,modern,modern-daily-7313513,modern-daily-7313513-2014-07-29
14,4,Expedition Map,,Artifacts,3,1,RG Tron,deibler,263 tix,$ 850,241635,2014-07-29,Modern Daily #7313513,modern,modern-daily-7313513,modern-daily-7313513-2014-07-29
15,4,Relic of Progenitus,,Artifacts,3,1,RG Tron,deibler,263 tix,$ 850,241635,2014-07-29,Modern Daily #7313513,modern,modern-daily-7313513,modern-daily-7313513-2014-07-29
16,3,Oblivion Stone,,Artifacts,3,1,RG Tron,deibler,263 tix,$ 850,241635,2014-07-29,Modern Daily #7313513,modern,modern-daily-7313513,modern-daily-7313513-2014-07-29
18,1,Cavern of Souls,,Lands,3,1,RG Tron,deibler,263 tix,$ 850,241635,2014-07-29,Modern Daily #7313513,modern,modern-daily-7313513,modern-daily-7313513-2014-07-29
19,1,Eye of Ugin,,Lands,3,1,RG Tron,deibler,263 tix,$ 850,241635,2014-07-29,Modern Daily #7313513,modern,modern-daily-7313513,modern-daily-7313513-2014-07-29
20,2,Forest,,Lands,3,1,RG Tron,deibler,263 tix,$ 850,241635,2014-07-29,Modern Daily #7313513,modern,modern-daily-7313513,modern-daily-7313513-2014-07-29
21,2,Ghost Quarter,,Lands,3,1,RG Tron,deibler,263 tix,$ 850,241635,2014-07-29,Modern Daily #7313513,modern,modern-daily-7313513,modern-daily-7313513-2014-07-29
22,2,Grove of the Burnwillows,,Lands,3,1,RG Tron,deibler,263 tix,$ 850,241635,2014-07-29,Modern Daily #7313513,modern,modern-daily-7313513,modern-daily-7313513-2014-07-29
23,4,Urza's Mine,,Lands,3,1,RG Tron,deibler,263 tix,$ 850,241635,2014-07-29,Modern Daily #7313513,modern,modern-daily-7313513,modern-daily-7313513-2014-07-29
24,4,Urza's Power Plant,,Lands,3,1,RG Tron,deibler,263 tix,$ 850,241635,2014-07-29,Modern Daily #7313513,modern,modern-daily-7313513,modern-daily-7313513-2014-07-29
25,4,Urza's Tower,,Lands,3,1,RG Tron,deibler,263 tix,$ 850,241635,2014-07-29,Modern Daily #7313513,modern,modern-daily-7313513,modern-daily-7313513-2014-07-29
27,4,Nature's Claim,,Sideboard,3,1,RG Tron,deibler,263 tix,$ 850,241635,2014-07-29,Modern Daily #7313513,modern,modern-daily-7313513,modern-daily-7313513-2014-07-29
28,1,Vandalblast,,Sideboard,3,1,RG Tron,deibler,263 tix,$ 850,241635,2014-07-29,Modern Daily #7313513,modern,modern-daily-7313513,modern-daily-7313513-2014-07-29
29,2,Ancient Grudge,,Sideboard,3,1,RG Tron,deibler,263 tix,$ 850,241635,2014-07-29,Modern Daily #7313513,modern,modern-daily-7313513,modern-daily-7313513-2014-07-29
30,1,Combust,,Sideboard,3,1,RG Tron,deibler,263 tix,$ 850,241635,2014-07-29,Modern Daily #7313513,modern,modern-daily-7313513,modern-daily-7313513-2014-07-29
31,3,Defense Grid,,Sideboard,3,1,RG Tron,deibler,263 tix,$ 850,241635,2014-07-29,Modern Daily #7313513,modern,modern-daily-7313513,modern-daily-7313513-2014-07-29
32,1,Spellskite,,Sideboard,3,1,RG Tron,deibler,263 tix,$ 850,241635,2014-07-29,Modern Daily #7313513,modern,modern-daily-7313513,modern-daily-7313513-2014-07-29
33,2,Torpor Orb,,Sideboard,3,1,RG Tron,deibler,263 tix,$ 850,241635,2014-07-29,Modern Daily #7313513,modern,modern-daily-7313513,modern-daily-7313513-2014-07-29
34,1,Wurmcoil Engine,,Sideboard,3,1,RG Tron,deibler,263 tix,$ 850,241635,2014-07-29,Modern Daily #7313513,modern,modern-daily-7313513,modern-daily-7313513-2014-07-29
1,3,Sakura-Tribe Elder,,Creatures,3,1,Scapeshift,quantumquasar,176 tix,$ 728,241630,2014-07-29,Modern Daily #7313513,modern,modern-daily-7313513,modern-daily-7313513-2014-07-29
3,2,Lightning Bolt,,Spells,3,1,Scapeshift,quantumquasar,176 tix,$ 728,241630,2014-07-29,Modern Daily #7313513,modern,modern-daily-7313513,modern-daily-7313513-2014-07-29
4,2,Repeal,,Spells,3,1,Scapeshift,quantumquasar,176 tix,$ 728,241630,2014-07-29,Modern Daily #7313513,modern,modern-daily-7313513,modern-daily-7313513-2014-07-29
5,1,Spell Snare,,Spells,3,1,Scapeshift,quantumquasar,176 tix,$ 728,241630,2014-07-29,Modern Daily #7313513,modern,modern-daily-7313513,modern-daily-7313513-2014-07-29
6,3,Explore,,Spells,3,1,Scapeshift,quantumquasar,176 tix,$ 728,241630,2014-07-29,Modern Daily #7313513,modern,modern-daily-7313513,modern-daily-7313513-2014-07-29
7,4,Peer Through Depths,,Spells,3,1,Scapeshift,quantumquasar,176 tix,$ 728,241630,2014-07-29,Modern Daily #7313513,modern,modern-daily-7313513,modern-daily-7313513-2014-07-29
8,4,Remand,,Spells,3,1,Scapeshift,quantumquasar,176 tix,$ 728,241630,2014-07-29,Modern Daily #7313513,modern,modern-daily-7313513,modern-daily-7313513-2014-07-29
9,2,Electrolyze,,Spells,3,1,Scapeshift,quantumquasar,176 tix,$ 728,241630,2014-07-29,Modern Daily #7313513,modern,modern-daily-7313513,modern-daily-7313513-2014-07-29
10,4,Search for Tomorrow,,Spells,3,1,Scapeshift,quantumquasar,176 tix,$ 728,241630,2014-07-29,Modern Daily #7313513,modern,modern-daily-7313513,modern-daily-7313513-2014-07-29
11,4,Cryptic Command,,Spells,3,1,Scapeshift,quantumquasar,176 tix,$ 728,241630,2014-07-29,Modern Daily #7313513,modern,modern-daily-7313513,modern-daily-7313513-2014-07-29
12,4,Scapeshift,,Spells,3,1,Scapeshift,quantumquasar,176 tix,$ 728,241630,2014-07-29,Modern Daily #7313513,modern,modern-daily-7313513,modern-daily-7313513-2014-07-29
14,1,Relic of Progenitus,,Artifacts,3,1,Scapeshift,quantumquasar,176 tix,$ 728,241630,2014-07-29,Modern Daily #7313513,modern,modern-daily-7313513,modern-daily-7313513-2014-07-29
16,1,Breeding Pool,,Lands,3,1,Scapeshift,quantumquasar,176 tix,$ 728,241630,2014-07-29,Modern Daily #7313513,modern,modern-daily-7313513,modern-daily-7313513-2014-07-29
17,2,Cascade Bluffs,,Lands,3,1,Scapeshift,quantumquasar,176 tix,$ 728,241630,2014-07-29,Modern Daily #7313513,modern,modern-daily-7313513,modern-daily-7313513-2014-07-29
18,2,Flooded Grove,,Lands,3,1,Scapeshift,quantumquasar,176 tix,$ 728,241630,2014-07-29,Modern Daily #7313513,modern,modern-daily-7313513,modern-daily-7313513-2014-07-29
19,3,Forest,,Lands,3,1,Scapeshift,quantumquasar,176 tix,$ 728,241630,2014-07-29,Modern Daily #7313513,modern,modern-daily-7313513,modern-daily-7313513-2014-07-29
20,3,Island,,Lands,3,1,Scapeshift,quantumquasar,176 tix,$ 728,241630,2014-07-29,Modern Daily #7313513,modern,modern-daily-7313513,modern-daily-7313513-2014-07-29
21,1,Misty Rainforest,,Lands,3,1,Scapeshift,quantumquasar,176 tix,$ 728,241630,2014-07-29,Modern Daily #7313513,modern,modern-daily-7313513,modern-daily-7313513-2014-07-29
22,2,Mountain,,Lands,3,1,Scapeshift,quantumquasar,176 tix,$ 728,241630,2014-07-29,Modern Daily #7313513,modern,modern-daily-7313513,modern-daily-7313513-2014-07-29
23,4,Steam Vents,,Lands,3,1,Scapeshift,quantumquasar,176 tix,$ 728,241630,2014-07-29,Modern Daily #7313513,modern,modern-daily-7313513,modern-daily-7313513-2014-07-29
24,4,Stomping Ground,,Lands,3,1,Scapeshift,quantumquasar,176 tix,$ 728,241630,2014-07-29,Modern Daily #7313513,modern,modern-daily-7313513,modern-daily-7313513-2014-07-29
25,2,"Valakut, the Molten Pinnacle",,Lands,3,1,Scapeshift,quantumquasar,176 tix,$ 728,241630,2014-07-29,Modern Daily #7313513,modern,modern-daily-7313513,modern-daily-7313513-2014-07-29
26,2,Yavimaya Coast,,Lands,3,1,Scapeshift,quantumquasar,176 tix,$ 728,241630,2014-07-29,Modern Daily #7313513,modern,modern-daily-7313513,modern-daily-7313513-2014-07-29
28,1,"Boseiju, Who Shelters All",,Sideboard,3,1,Scapeshift,quantumquasar,176 tix,$ 728,241630,2014-07-29,Modern Daily #7313513,modern,modern-daily-7313513,modern-daily-7313513-2014-07-29
29,2,Dispel,,Sideboard,3,1,Scapeshift,quantumquasar,176 tix,$ 728,241630,2014-07-29,Modern Daily #7313513,modern,modern-daily-7313513,modern-daily-7313513-2014-07-29
30,2,Ancient Grudge,,Sideboard,3,1,Scapeshift,quantumquasar,176 tix,$ 728,241630,2014-07-29,Modern Daily #7313513,modern,modern-daily-7313513,modern-daily-7313513-2014-07-29
31,1,Seal of Primordium,,Sideboard,3,1,Scapeshift,quantumquasar,176 tix,$ 728,241630,2014-07-29,Modern Daily #7313513,modern,modern-daily-7313513,modern-daily-7313513-2014-07-29
32,1,Shadow of Doubt,,Sideboard,3,1,Scapeshift,quantumquasar,176 tix,$ 728,241630,2014-07-29,Modern Daily #7313513,modern,modern-daily-7313513,modern-daily-7313513-2014-07-29
33,2,Anger of the Gods,,Sideboard,3,1,Scapeshift,quantumquasar,176 tix,$ 728,241630,2014-07-29,Modern Daily #7313513,modern,modern-daily-7313513,modern-daily-7313513-2014-07-29
34,1,Vendilion Clique,,Sideboard,3,1,Scapeshift,quantumquasar,176 tix,$ 728,241630,2014-07-29,Modern Daily #7313513,modern,modern-daily-7313513,modern-daily-7313513-2014-07-29
35,3,Obstinate Baloth,,Sideboard,3,1,Scapeshift,quantumquasar,176 tix,$ 728,241630,2014-07-29,Modern Daily #7313513,modern,modern-daily-7313513,modern-daily-7313513-2014-07-29
36,1,Batterskull,,Sideboard,3,1,Scapeshift,quantumquasar,176 tix,$ 728,241630,2014-07-29,Modern Daily #7313513,modern,modern-daily-7313513,modern-daily-7313513-2014-07-29
37,1,Inferno Titan,,Sideboard,3,1,Scapeshift,quantumquasar,176 tix,$ 728,241630,2014-07-29,Modern Daily #7313513,modern,modern-daily-7313513,modern-daily-7313513-2014-07-29
1,4,Sakura-Tribe Elder,,Creatures,3,1,Scapeshift,dr_octagonapus,288 tix,"$ 1,059",241639,2014-07-29,Modern Daily #7313513,modern,modern-daily-7313513,modern-daily-7313513-2014-07-29
2,2,Snapcaster Mage,,Creatures,3,1,Scapeshift,dr_octagonapus,288 tix,"$ 1,059",241639,2014-07-29,Modern Daily #7313513,modern,modern-daily-7313513,modern-daily-7313513-2014-07-29
4,2,Lightning Bolt,,Spells,3,1,Scapeshift,dr_octagonapus,288 tix,"$ 1,059",241639,2014-07-29,Modern Daily #7313513,modern,modern-daily-7313513,modern-daily-7313513-2014-07-29
5,1,Farseek,,Spells,3,1,Scapeshift,dr_octagonapus,288 tix,"$ 1,059",241639,2014-07-29,Modern Daily #7313513,modern,modern-daily-7313513,modern-daily-7313513-2014-07-29
6,3,Izzet Charm,,Spells,3,1,Scapeshift,dr_octagonapus,288 tix,"$ 1,059",241639,2014-07-29,Modern Daily #7313513,modern,modern-daily-7313513,modern-daily-7313513-2014-07-29
7,4,Peer Through Depths,,Spells,3,1,Scapeshift,dr_octagonapus,288 tix,"$ 1,059",241639,2014-07-29,Modern Daily #7313513,modern,modern-daily-7313513,modern-daily-7313513-2014-07-29
8,4,Remand,,Spells,3,1,Scapeshift,dr_octagonapus,288 tix,"$ 1,059",241639,2014-07-29,Modern Daily #7313513,modern,modern-daily-7313513,modern-daily-7313513-2014-07-29
9,2,Anger of the Gods,,Spells,3,1,Scapeshift,dr_octagonapus,288 tix,"$ 1,059",241639,2014-07-29,Modern Daily #7313513,modern,modern-daily-7313513,modern-daily-7313513-2014-07-29
10,1,Electrolyze,,Spells,3,1,Scapeshift,dr_octagonapus,288 tix,"$ 1,059",241639,2014-07-29,Modern Daily #7313513,modern,modern-daily-7313513,modern-daily-7313513-2014-07-29
11,4,Search for Tomorrow,,Spells,3,1,Scapeshift,dr_octagonapus,288 tix,"$ 1,059",241639,2014-07-29,Modern Daily #7313513,modern,modern-daily-7313513,modern-daily-7313513-2014-07-29
12,4,Cryptic Command,,Spells,3,1,Scapeshift,dr_octagonapus,288 tix,"$ 1,059",241639,2014-07-29,Modern Daily #7313513,modern,modern-daily-7313513,modern-daily-7313513-2014-07-29
13,4,Scapeshift,,Spells,3,1,Scapeshift,dr_octagonapus,288 tix,"$ 1,059",241639,2014-07-29,Modern Daily #7313513,modern,modern-daily-7313513,modern-daily-7313513-2014-07-29
15,2,Breeding Pool,,Lands,3,1,Scapeshift,dr_octagonapus,288 tix,"$ 1,059",241639,2014-07-29,Modern Daily #7313513,modern,modern-daily-7313513,modern-daily-7313513-2014-07-29
16,1,Cascade Bluffs,,Lands,3,1,Scapeshift,dr_octagonapus,288 tix,"$ 1,059",241639,2014-07-29,Modern Daily #7313513,modern,modern-daily-7313513,modern-daily-7313513-2014-07-29
17,1,Flooded Grove,,Lands,3,1,Scapeshift,dr_octagonapus,288 tix,"$ 1,059",241639,2014-07-29,Modern Daily #7313513,modern,modern-daily-7313513,modern-daily-7313513-2014-07-29
18,2,Forest,,Lands,3,1,Scapeshift,dr_octagonapus,288 tix,"$ 1,059",241639,2014-07-29,Modern Daily #7313513,modern,modern-daily-7313513,modern-daily-7313513-2014-07-29
19,3,Island,,Lands,3,1,Scapeshift,dr_octagonapus,288 tix,"$ 1,059",241639,2014-07-29,Modern Daily #7313513,modern,modern-daily-7313513,modern-daily-7313513-2014-07-29
20,4,Misty Rainforest,,Lands,3,1,Scapeshift,dr_octagonapus,288 tix,"$ 1,059",241639,2014-07-29,Modern Daily #7313513,modern,modern-daily-7313513,modern-daily-7313513-2014-07-29
21,2,Mountain,,Lands,3,1,Scapeshift,dr_octagonapus,288 tix,"$ 1,059",241639,2014-07-29,Modern Daily #7313513,modern,modern-daily-7313513,modern-daily-7313513-2014-07-29
22,4,Steam Vents,,Lands,3,1,Scapeshift,dr_octagonapus,288 tix,"$ 1,059",241639,2014-07-29,Modern Daily #7313513,modern,modern-daily-7313513,modern-daily-7313513-2014-07-29
23,4,Stomping Ground,,Lands,3,1,Scapeshift,dr_octagonapus,288 tix,"$ 1,059",241639,2014-07-29,Modern Daily #7313513,modern,modern-daily-7313513,modern-daily-7313513-2014-07-29
24,2,"Valakut, the Molten Pinnacle",,Lands,3,1,Scapeshift,dr_octagonapus,288 tix,"$ 1,059",241639,2014-07-29,Modern Daily #7313513,modern,modern-daily-7313513,modern-daily-7313513-2014-07-29
26,1,Engineered Explosives,,Sideboard,3,1,Scapeshift,dr_octagonapus,288 tix,"$ 1,059",241639,2014-07-29,Modern Daily #7313513,modern,modern-daily-7313513,modern-daily-7313513-2014-07-29
27,2,Dispel,,Sideboard,3,1,Scapeshift,dr_octagonapus,288 tix,"$ 1,059",241639,2014-07-29,Modern Daily #7313513,modern,modern-daily-7313513,modern-daily-7313513-2014-07-29
28,2,Nature's Claim,,Sideboard,3,1,Scapeshift,dr_octagonapus,288 tix,"$ 1,059",241639,2014-07-29,Modern Daily #7313513,modern,modern-daily-7313513,modern-daily-7313513-2014-07-29
29,2,Ancient Grudge,,Sideboard,3,1,Scapeshift,dr_octagonapus,288 tix,"$ 1,059",241639,2014-07-29,Modern Daily #7313513,modern,modern-daily-7313513,modern-daily-7313513-2014-07-29
30,2,Vendilion Clique,,Sideboard,3,1,Scapeshift,dr_octagonapus,288 tix,"$ 1,059",241639,2014-07-29,Modern Daily #7313513,modern,modern-daily-7313513,modern-daily-7313513-2014-07-29
31,3,Obstinate Baloth,,Sideboard,3,1,Scapeshift,dr_octagonapus,288 tix,"$ 1,059",241639,2014-07-29,Modern Daily #7313513,modern,modern-daily-7313513,modern-daily-7313513-2014-07-29
32,1,"Teferi, Mage of Zhalfir",,Sideboard,3,1,Scapeshift,dr_octagonapus,288 tix,"$ 1,059",241639,2014-07-29,Modern Daily #7313513,modern,modern-daily-7313513,modern-daily-7313513-2014-07-29
33,2,Inferno Titan,,Sideboard,3,1,Scapeshift,dr_octagonapus,288 tix,"$ 1,059",241639,2014-07-29,Modern Daily #7313513,modern,modern-daily-7313513,modern-daily-7313513-2014-07-29
1,4,Snapcaster Mage,,Creatures,3,1,Splinter Twin,Sharky_,316 tix,"$ 1,158",241633,2014-07-29,Modern Daily #7313513,modern,modern-daily-7313513,modern-daily-7313513-2014-07-29
2,2,Spellskite,,Creatures,3,1,Splinter Twin,Sharky_,316 tix,"$ 1,158",241633,2014-07-29,Modern Daily #7313513,modern,modern-daily-7313513,modern-daily-7313513-2014-07-29
3,4,Deceiver Exarch,,Creatures,3,1,Splinter Twin,Sharky_,316 tix,"$ 1,158",241633,2014-07-29,Modern Daily #7313513,modern,modern-daily-7313513,modern-daily-7313513-2014-07-29
4,2,Pestermite,,Creatures,3,1,Splinter Twin,Sharky_,316 tix,"$ 1,158",241633,2014-07-29,Modern Daily #7313513,modern,modern-daily-7313513,modern-daily-7313513-2014-07-29
5,2,Vendilion Clique,,Creatures,3,1,Splinter Twin,Sharky_,316 tix,"$ 1,158",241633,2014-07-29,Modern Daily #7313513,modern,modern-daily-7313513,modern-daily-7313513-2014-07-29
6,1,"Kiki-Jiki, Mirror Breaker",,Creatures,3,1,Splinter Twin,Sharky_,316 tix,"$ 1,158",241633,2014-07-29,Modern Daily #7313513,modern,modern-daily-7313513,modern-daily-7313513-2014-07-29
8,1,Dispel,,Spells,3,1,Splinter Twin,Sharky_,316 tix,"$ 1,158",241633,2014-07-29,Modern Daily #7313513,modern,modern-daily-7313513,modern-daily-7313513-2014-07-29
9,4,Lightning Bolt,,Spells,3,1,Splinter Twin,Sharky_,316 tix,"$ 1,158",241633,2014-07-29,Modern Daily #7313513,modern,modern-daily-7313513,modern-daily-7313513-2014-07-29
10,4,Serum Visions,,Spells,3,1,Splinter Twin,Sharky_,316 tix,"$ 1,158",241633,2014-07-29,Modern Daily #7313513,modern,modern-daily-7313513,modern-daily-7313513-2014-07-29
11,2,Spell Snare,,Spells,3,1,Splinter Twin,Sharky_,316 tix,"$ 1,158",241633,2014-07-29,Modern Daily #7313513,modern,modern-daily-7313513,modern-daily-7313513-2014-07-29
12,2,Twisted Image,,Spells,3,1,Splinter Twin,Sharky_,316 tix,"$ 1,158",241633,2014-07-29,Modern Daily #7313513,modern,modern-daily-7313513,modern-daily-7313513-2014-07-29
13,4,Remand,,Spells,3,1,Splinter Twin,Sharky_,316 tix,"$ 1,158",241633,2014-07-29,Modern Daily #7313513,modern,modern-daily-7313513,modern-daily-7313513-2014-07-29
14,1,Cryptic Command,,Spells,3,1,Splinter Twin,Sharky_,316 tix,"$ 1,158",241633,2014-07-29,Modern Daily #7313513,modern,modern-daily-7313513,modern-daily-7313513-2014-07-29
16,4,Splinter Twin,,Enchantments,3,1,Splinter Twin,Sharky_,316 tix,"$ 1,158",241633,2014-07-29,Modern Daily #7313513,modern,modern-daily-7313513,modern-daily-7313513-2014-07-29
18,1,Cascade Bluffs,,Lands,3,1,Splinter Twin,Sharky_,316 tix,"$ 1,158",241633,2014-07-29,Modern Daily #7313513,modern,modern-daily-7313513,modern-daily-7313513-2014-07-29
19,1,Desolate Lighthouse,,Lands,3,1,Splinter Twin,Sharky_,316 tix,"$ 1,158",241633,2014-07-29,Modern Daily #7313513,modern,modern-daily-7313513,modern-daily-7313513-2014-07-29
20,4,Island,,Lands,3,1,Splinter Twin,Sharky_,316 tix,"$ 1,158",241633,2014-07-29,Modern Daily #7313513,modern,modern-daily-7313513,modern-daily-7313513-2014-07-29
21,4,Misty Rainforest,,Lands,3,1,Splinter Twin,Sharky_,316 tix,"$ 1,158",241633,2014-07-29,Modern Daily #7313513,modern,modern-daily-7313513,modern-daily-7313513-2014-07-29
22,1,Mountain,,Lands,3,1,Splinter Twin,Sharky_,316 tix,"$ 1,158",241633,2014-07-29,Modern Daily #7313513,modern,modern-daily-7313513,modern-daily-7313513-2014-07-29
23,4,Scalding Tarn,,Lands,3,1,Splinter Twin,Sharky_,316 tix,"$ 1,158",241633,2014-07-29,Modern Daily #7313513,modern,modern-daily-7313513,modern-daily-7313513-2014-07-29
24,3,Steam Vents,,Lands,3,1,Splinter Twin,Sharky_,316 tix,"$ 1,158",241633,2014-07-29,Modern Daily #7313513,modern,modern-daily-7313513,modern-daily-7313513-2014-07-29
25,1,Stomping Ground,,Lands,3,1,Splinter Twin,Sharky_,316 tix,"$ 1,158",241633,2014-07-29,Modern Daily #7313513,modern,modern-daily-7313513,modern-daily-7313513-2014-07-29
26,3,Sulfur Falls,,Lands,3,1,Splinter Twin,Sharky_,316 tix,"$ 1,158",241633,2014-07-29,Modern Daily #7313513,modern,modern-daily-7313513,modern-daily-7313513-2014-07-29
27,1,Tectonic Edge,,Lands,3,1,Splinter Twin,Sharky_,316 tix,"$ 1,158",241633,2014-07-29,Modern Daily #7313513,modern,modern-daily-7313513,modern-daily-7313513-2014-07-29
29,1,Dispel,,Sideboard,3,1,Splinter Twin,Sharky_,316 tix,"$ 1,158",241633,2014-07-29,Modern Daily #7313513,modern,modern-daily-7313513,modern-daily-7313513-2014-07-29
30,1,Flame Slash,,Sideboard,3,1,Splinter Twin,Sharky_,316 tix,"$ 1,158",241633,2014-07-29,Modern Daily #7313513,modern,modern-daily-7313513,modern-daily-7313513-2014-07-29
31,2,Swan Song,,Sideboard,3,1,Splinter Twin,Sharky_,316 tix,"$ 1,158",241633,2014-07-29,Modern Daily #7313513,modern,modern-daily-7313513,modern-daily-7313513-2014-07-29
32,2,Ancient Grudge,,Sideboard,3,1,Splinter Twin,Sharky_,316 tix,"$ 1,158",241633,2014-07-29,Modern Daily #7313513,modern,modern-daily-7313513,modern-daily-7313513-2014-07-29
33,2,Anger of the Gods,,Sideboard,3,1,Splinter Twin,Sharky_,316 tix,"$ 1,158",241633,2014-07-29,Modern Daily #7313513,modern,modern-daily-7313513,modern-daily-7313513-2014-07-29
34,2,Blood Moon,,Sideboard,3,1,Splinter Twin,Sharky_,316 tix,"$ 1,158",241633,2014-07-29,Modern Daily #7313513,modern,modern-daily-7313513,modern-daily-7313513-2014-07-29
35,1,Counterflux,,Sideboard,3,1,Splinter Twin,Sharky_,316 tix,"$ 1,158",241633,2014-07-29,Modern Daily #7313513,modern,modern-daily-7313513,modern-daily-7313513-2014-07-29
36,2,Batterskull,,Sideboard,3,1,Splinter Twin,Sharky_,316 tix,"$ 1,158",241633,2014-07-29,Modern Daily #7313513,modern,modern-daily-7313513,modern-daily-7313513-2014-07-29
37,2,"Keranos, God of Storms",,Sideboard,3,1,Splinter Twin,Sharky_,316 tix,"$ 1,158",241633,2014-07-29,Modern Daily #7313513,modern,modern-daily-7313513,modern-daily-7313513-2014-07-29
1,4,Snapcaster Mage,,Creatures,3,1,Splinter Twin,Hellmir,307 tix,"$ 1,119",241642,2014-07-29,Modern Daily #7313513,modern,modern-daily-7313513,modern-daily-7313513-2014-07-29
2,2,Spellskite,,Creatures,3,1,Splinter Twin,Hellmir,307 tix,"$ 1,119",241642,2014-07-29,Modern Daily #7313513,modern,modern-daily-7313513,modern-daily-7313513-2014-07-29
3,4,Deceiver Exarch,,Creatures,3,1,Splinter Twin,Hellmir,307 tix,"$ 1,119",241642,2014-07-29,Modern Daily #7313513,modern,modern-daily-7313513,modern-daily-7313513-2014-07-29
4,2,Pestermite,,Creatures,3,1,Splinter Twin,Hellmir,307 tix,"$ 1,119",241642,2014-07-29,Modern Daily #7313513,modern,modern-daily-7313513,modern-daily-7313513-2014-07-29
5,2,Vendilion Clique,,Creatures,3,1,Splinter Twin,Hellmir,307 tix,"$ 1,119",241642,2014-07-29,Modern Daily #7313513,modern,modern-daily-7313513,modern-daily-7313513-2014-07-29
6,1,"Kiki-Jiki, Mirror Breaker",,Creatures,3,1,Splinter Twin,Hellmir,307 tix,"$ 1,119",241642,2014-07-29,Modern Daily #7313513,modern,modern-daily-7313513,modern-daily-7313513-2014-07-29
8,1,Dispel,,Spells,3,1,Splinter Twin,Hellmir,307 tix,"$ 1,119",241642,2014-07-29,Modern Daily #7313513,modern,modern-daily-7313513,modern-daily-7313513-2014-07-29
9,1,Flame Slash,,Spells,3,1,Splinter Twin,Hellmir,307 tix,"$ 1,119",241642,2014-07-29,Modern Daily #7313513,modern,modern-daily-7313513,modern-daily-7313513-2014-07-29
10,4,Lightning Bolt,,Spells,3,1,Splinter Twin,Hellmir,307 tix,"$ 1,119",241642,2014-07-29,Modern Daily #7313513,modern,modern-daily-7313513,modern-daily-7313513-2014-07-29
11,4,Serum Visions,,Spells,3,1,Splinter Twin,Hellmir,307 tix,"$ 1,119",241642,2014-07-29,Modern Daily #7313513,modern,modern-daily-7313513,modern-daily-7313513-2014-07-29
12,2,Twisted Image,,Spells,3,1,Splinter Twin,Hellmir,307 tix,"$ 1,119",241642,2014-07-29,Modern Daily #7313513,modern,modern-daily-7313513,modern-daily-7313513-2014-07-29
13,4,Remand,,Spells,3,1,Splinter Twin,Hellmir,307 tix,"$ 1,119",241642,2014-07-29,Modern Daily #7313513,modern,modern-daily-7313513,modern-daily-7313513-2014-07-29
14,1,Electrolyze,,Spells,3,1,Splinter Twin,Hellmir,307 tix,"$ 1,119",241642,2014-07-29,Modern Daily #7313513,modern,modern-daily-7313513,modern-daily-7313513-2014-07-29
15,1,Cryptic Command,,Spells,3,1,Splinter Twin,Hellmir,307 tix,"$ 1,119",241642,2014-07-29,Modern Daily #7313513,modern,modern-daily-7313513,modern-daily-7313513-2014-07-29
17,4,Splinter Twin,,Enchantments,3,1,Splinter Twin,Hellmir,307 tix,"$ 1,119",241642,2014-07-29,Modern Daily #7313513,modern,modern-daily-7313513,modern-daily-7313513-2014-07-29
19,1,Cascade Bluffs,,Lands,3,1,Splinter Twin,Hellmir,307 tix,"$ 1,119",241642,2014-07-29,Modern Daily #7313513,modern,modern-daily-7313513,modern-daily-7313513-2014-07-29
20,1,Desolate Lighthouse,,Lands,3,1,Splinter Twin,Hellmir,307 tix,"$ 1,119",241642,2014-07-29,Modern Daily #7313513,modern,modern-daily-7313513,modern-daily-7313513-2014-07-29
21,5,Island,,Lands,3,1,Splinter Twin,Hellmir,307 tix,"$ 1,119",241642,2014-07-29,Modern Daily #7313513,modern,modern-daily-7313513,modern-daily-7313513-2014-07-29
22,3,Misty Rainforest,,Lands,3,1,Splinter Twin,Hellmir,307 tix,"$ 1,119",241642,2014-07-29,Modern Daily #7313513,modern,modern-daily-7313513,modern-daily-7313513-2014-07-29
23,1,Mountain,,Lands,3,1,Splinter Twin,Hellmir,307 tix,"$ 1,119",241642,2014-07-29,Modern Daily #7313513,modern,modern-daily-7313513,modern-daily-7313513-2014-07-29
24,4,Scalding Tarn,,Lands,3,1,Splinter Twin,Hellmir,307 tix,"$ 1,119",241642,2014-07-29,Modern Daily #7313513,modern,modern-daily-7313513,modern-daily-7313513-2014-07-29
25,4,Steam Vents,,Lands,3,1,Splinter Twin,Hellmir,307 tix,"$ 1,119",241642,2014-07-29,Modern Daily #7313513,modern,modern-daily-7313513,modern-daily-7313513-2014-07-29
26,1,Stomping Ground,,Lands,3,1,Splinter Twin,Hellmir,307 tix,"$ 1,119",241642,2014-07-29,Modern Daily #7313513,modern,modern-daily-7313513,modern-daily-7313513-2014-07-29
27,2,Sulfur Falls,,Lands,3,1,Splinter Twin,Hellmir,307 tix,"$ 1,119",241642,2014-07-29,Modern Daily #7313513,modern,modern-daily-7313513,modern-daily-7313513-2014-07-29
28,1,Tectonic Edge,,Lands,3,1,Splinter Twin,Hellmir,307 tix,"$ 1,119",241642,2014-07-29,Modern Daily #7313513,modern,modern-daily-7313513,modern-daily-7313513-2014-07-29
30,1,Relic of Progenitus,,Sideboard,3,1,Splinter Twin,Hellmir,307 tix,"$ 1,119",241642,2014-07-29,Modern Daily #7313513,modern,modern-daily-7313513,modern-daily-7313513-2014-07-29
31,2,Swan Song,,Sideboard,3,1,Splinter Twin,Hellmir,307 tix,"$ 1,119",241642,2014-07-29,Modern Daily #7313513,modern,modern-daily-7313513,modern-daily-7313513-2014-07-29
32,2,Ancient Grudge,,Sideboard,3,1,Splinter Twin,Hellmir,307 tix,"$ 1,119",241642,2014-07-29,Modern Daily #7313513,modern,modern-daily-7313513,modern-daily-7313513-2014-07-29
33,1,Combust,,Sideboard,3,1,Splinter Twin,Hellmir,307 tix,"$ 1,119",241642,2014-07-29,Modern Daily #7313513,modern,modern-daily-7313513,modern-daily-7313513-2014-07-29
34,1,Echoing Truth,,Sideboard,3,1,Splinter Twin,Hellmir,307 tix,"$ 1,119",241642,2014-07-29,Modern Daily #7313513,modern,modern-daily-7313513,modern-daily-7313513-2014-07-29
35,2,Anger of the Gods,,Sideboard,3,1,Splinter Twin,Hellmir,307 tix,"$ 1,119",241642,2014-07-29,Modern Daily #7313513,modern,modern-daily-7313513,modern-daily-7313513-2014-07-29
36,2,Blood Moon,,Sideboard,3,1,Splinter Twin,Hellmir,307 tix,"$ 1,119",241642,2014-07-29,Modern Daily #7313513,modern,modern-daily-7313513,modern-daily-7313513-2014-07-29
37,2,Batterskull,,Sideboard,3,1,Splinter Twin,Hellmir,307 tix,"$ 1,119",241642,2014-07-29,Modern Daily #7313513,modern,modern-daily-7313513,modern-daily-7313513-2014-07-29
38,2,"Keranos, God of Storms",,Sideboard,3,1,Splinter Twin,Hellmir,307 tix,"$ 1,119",241642,2014-07-29,Modern Daily #7313513,modern,modern-daily-7313513,modern-daily-7313513-2014-07-29
1,4,Delver of Secrets,,Creatures,3,1,UR Delver,Patxi,254 tix,$ 985,241632,2014-07-29,Modern Daily #7313513,modern,modern-daily-7313513,modern-daily-7313513-2014-07-29
2,2,Grim Lavamancer,,Creatures,3,1,UR Delver,Patxi,254 tix,$ 985,241632,2014-07-29,Modern Daily #7313513,modern,modern-daily-7313513,modern-daily-7313513-2014-07-29
3,4,Snapcaster Mage,,Creatures,3,1,UR Delver,Patxi,254 tix,$ 985,241632,2014-07-29,Modern Daily #7313513,modern,modern-daily-7313513,modern-daily-7313513-2014-07-29
4,4,Young Pyromancer,,Creatures,3,1,UR Delver,Patxi,254 tix,$ 985,241632,2014-07-29,Modern Daily #7313513,modern,modern-daily-7313513,modern-daily-7313513-2014-07-29
6,4,Gitaxian Probe,,Spells,3,1,UR Delver,Patxi,254 tix,$ 985,241632,2014-07-29,Modern Daily #7313513,modern,modern-daily-7313513,modern-daily-7313513-2014-07-29
7,4,Lightning Bolt,,Spells,3,1,UR Delver,Patxi,254 tix,$ 985,241632,2014-07-29,Modern Daily #7313513,modern,modern-daily-7313513,modern-daily-7313513-2014-07-29
8,2,Pillar of Flame,,Spells,3,1,UR Delver,Patxi,254 tix,$ 985,241632,2014-07-29,Modern Daily #7313513,modern,modern-daily-7313513,modern-daily-7313513-2014-07-29
9,4,Serum Visions,,Spells,3,1,UR Delver,Patxi,254 tix,$ 985,241632,2014-07-29,Modern Daily #7313513,modern,modern-daily-7313513,modern-daily-7313513-2014-07-29
10,3,Spell Snare,,Spells,3,1,UR Delver,Patxi,254 tix,$ 985,241632,2014-07-29,Modern Daily #7313513,modern,modern-daily-7313513,modern-daily-7313513-2014-07-29
11,3,Vapor Snag,,Spells,3,1,UR Delver,Patxi,254 tix,$ 985,241632,2014-07-29,Modern Daily #7313513,modern,modern-daily-7313513,modern-daily-7313513-2014-07-29
12,3,Mana Leak,,Spells,3,1,UR Delver,Patxi,254 tix,$ 985,241632,2014-07-29,Modern Daily #7313513,modern,modern-daily-7313513,modern-daily-7313513-2014-07-29
13,2,Remand,,Spells,3,1,UR Delver,Patxi,254 tix,$ 985,241632,2014-07-29,Modern Daily #7313513,modern,modern-daily-7313513,modern-daily-7313513-2014-07-29
14,2,Electrolyze,,Spells,3,1,UR Delver,Patxi,254 tix,$ 985,241632,2014-07-29,Modern Daily #7313513,modern,modern-daily-7313513,modern-daily-7313513-2014-07-29
16,4,Island,,Lands,3,1,UR Delver,Patxi,254 tix,$ 985,241632,2014-07-29,Modern Daily #7313513,modern,modern-daily-7313513,modern-daily-7313513-2014-07-29
17,3,Misty Rainforest,,Lands,3,1,UR Delver,Patxi,254 tix,$ 985,241632,2014-07-29,Modern Daily #7313513,modern,modern-daily-7313513,modern-daily-7313513-2014-07-29
18,1,Mountain,,Lands,3,1,UR Delver,Patxi,254 tix,$ 985,241632,2014-07-29,Modern Daily #7313513,modern,modern-daily-7313513,modern-daily-7313513-2014-07-29
19,2,Mutavault,,Lands,3,1,UR Delver,Patxi,254 tix,$ 985,241632,2014-07-29,Modern Daily #7313513,modern,modern-daily-7313513,modern-daily-7313513-2014-07-29
20,4,Scalding Tarn,,Lands,3,1,UR Delver,Patxi,254 tix,$ 985,241632,2014-07-29,Modern Daily #7313513,modern,modern-daily-7313513,modern-daily-7313513-2014-07-29
21,3,Steam Vents,,Lands,3,1,UR Delver,Patxi,254 tix,$ 985,241632,2014-07-29,Modern Daily #7313513,modern,modern-daily-7313513,modern-daily-7313513-2014-07-29
22,2,Sulfur Falls,,Lands,3,1,UR Delver,Patxi,254 tix,$ 985,241632,2014-07-29,Modern Daily #7313513,modern,modern-daily-7313513,modern-daily-7313513-2014-07-29
24,2,Dispel,,Sideboard,3,1,UR Delver,Patxi,254 tix,$ 985,241632,2014-07-29,Modern Daily #7313513,modern,modern-daily-7313513,modern-daily-7313513-2014-07-29
25,1,Pillar of Flame,,Sideboard,3,1,UR Delver,Patxi,254 tix,$ 985,241632,2014-07-29,Modern Daily #7313513,modern,modern-daily-7313513,modern-daily-7313513-2014-07-29
26,2,Relic of Progenitus,,Sideboard,3,1,UR Delver,Patxi,254 tix,$ 985,241632,2014-07-29,Modern Daily #7313513,modern,modern-daily-7313513,modern-daily-7313513-2014-07-29
27,1,Spell Pierce,,Sideboard,3,1,UR Delver,Patxi,254 tix,$ 985,241632,2014-07-29,Modern Daily #7313513,modern,modern-daily-7313513,modern-daily-7313513-2014-07-29
28,1,Twisted Image,,Sideboard,3,1,UR Delver,Patxi,254 tix,$ 985,241632,2014-07-29,Modern Daily #7313513,modern,modern-daily-7313513,modern-daily-7313513-2014-07-29
29,2,Combust,,Sideboard,3,1,UR Delver,Patxi,254 tix,$ 985,241632,2014-07-29,Modern Daily #7313513,modern,modern-daily-7313513,modern-daily-7313513-2014-07-29
30,1,Negate,,Sideboard,3,1,UR Delver,Patxi,254 tix,$ 985,241632,2014-07-29,Modern Daily #7313513,modern,modern-daily-7313513,modern-daily-7313513-2014-07-29
31,3,Blood Moon,,Sideboard,3,1,UR Delver,Patxi,254 tix,$ 985,241632,2014-07-29,Modern Daily #7313513,modern,modern-daily-7313513,modern-daily-7313513-2014-07-29
32,2,Shatterstorm,,Sideboard,3,1,UR Delver,Patxi,254 tix,$ 985,241632,2014-07-29,Modern Daily #7313513,modern,modern-daily-7313513,modern-daily-7313513-2014-07-29
1,4,Delver of Secrets,,Creatures,3,1,UR Delver,aspiringspike,94 tix,$ 588,241648,2014-07-29,Modern Daily #7313513,modern,modern-daily-7313513,modern-daily-7313513-2014-07-29
2,1,Grim Lavamancer,,Creatures,3,1,UR Delver,aspiringspike,94 tix,$ 588,241648,2014-07-29,Modern Daily #7313513,modern,modern-daily-7313513,modern-daily-7313513-2014-07-29
3,4,Snapcaster Mage,,Creatures,3,1,UR Delver,aspiringspike,94 tix,$ 588,241648,2014-07-29,Modern Daily #7313513,modern,modern-daily-7313513,modern-daily-7313513-2014-07-29
4,4,Young Pyromancer,,Creatures,3,1,UR Delver,aspiringspike,94 tix,$ 588,241648,2014-07-29,Modern Daily #7313513,modern,modern-daily-7313513,modern-daily-7313513-2014-07-29
6,1,Flame Slash,,Spells,3,1,UR Delver,aspiringspike,94 tix,$ 588,241648,2014-07-29,Modern Daily #7313513,modern,modern-daily-7313513,modern-daily-7313513-2014-07-29
7,4,Gitaxian Probe,,Spells,3,1,UR Delver,aspiringspike,94 tix,$ 588,241648,2014-07-29,Modern Daily #7313513,modern,modern-daily-7313513,modern-daily-7313513-2014-07-29
8,4,Lightning Bolt,,Spells,3,1,UR Delver,aspiringspike,94 tix,$ 588,241648,2014-07-29,Modern Daily #7313513,modern,modern-daily-7313513,modern-daily-7313513-2014-07-29
9,2,Pillar of Flame,,Spells,3,1,UR Delver,aspiringspike,94 tix,$ 588,241648,2014-07-29,Modern Daily #7313513,modern,modern-daily-7313513,modern-daily-7313513-2014-07-29
10,4,Serum Visions,,Spells,3,1,UR Delver,aspiringspike,94 tix,$ 588,241648,2014-07-29,Modern Daily #7313513,modern,modern-daily-7313513,modern-daily-7313513-2014-07-29
11,2,Spell Snare,,Spells,3,1,UR Delver,aspiringspike,94 tix,$ 588,241648,2014-07-29,Modern Daily #7313513,modern,modern-daily-7313513,modern-daily-7313513-2014-07-29
12,2,Vapor Snag,,Spells,3,1,UR Delver,aspiringspike,94 tix,$ 588,241648,2014-07-29,Modern Daily #7313513,modern,modern-daily-7313513,modern-daily-7313513-2014-07-29
13,1,Izzet Charm,,Spells,3,1,UR Delver,aspiringspike,94 tix,$ 588,241648,2014-07-29,Modern Daily #7313513,modern,modern-daily-7313513,modern-daily-7313513-2014-07-29
14,3,Mana Leak,,Spells,3,1,UR Delver,aspiringspike,94 tix,$ 588,241648,2014-07-29,Modern Daily #7313513,modern,modern-daily-7313513,modern-daily-7313513-2014-07-29
15,2,Remand,,Spells,3,1,UR Delver,aspiringspike,94 tix,$ 588,241648,2014-07-29,Modern Daily #7313513,modern,modern-daily-7313513,modern-daily-7313513-2014-07-29
16,1,Electrolyze,,Spells,3,1,UR Delver,aspiringspike,94 tix,$ 588,241648,2014-07-29,Modern Daily #7313513,modern,modern-daily-7313513,modern-daily-7313513-2014-07-29
18,1,Sword of Fire and Ice,,Artifacts,3,1,UR Delver,aspiringspike,94 tix,$ 588,241648,2014-07-29,Modern Daily #7313513,modern,modern-daily-7313513,modern-daily-7313513-2014-07-29
20,8,Island,,Lands,3,1,UR Delver,aspiringspike,94 tix,$ 588,241648,2014-07-29,Modern Daily #7313513,modern,modern-daily-7313513,modern-daily-7313513-2014-07-29
21,1,Mountain,,Lands,3,1,UR Delver,aspiringspike,94 tix,$ 588,241648,2014-07-29,Modern Daily #7313513,modern,modern-daily-7313513,modern-daily-7313513-2014-07-29
22,3,Shivan Reef,,Lands,3,1,UR Delver,aspiringspike,94 tix,$ 588,241648,2014-07-29,Modern Daily #7313513,modern,modern-daily-7313513,modern-daily-7313513-2014-07-29
23,4,Steam Vents,,Lands,3,1,UR Delver,aspiringspike,94 tix,$ 588,241648,2014-07-29,Modern Daily #7313513,modern,modern-daily-7313513,modern-daily-7313513-2014-07-29
24,4,Sulfur Falls,,Lands,3,1,UR Delver,aspiringspike,94 tix,$ 588,241648,2014-07-29,Modern Daily #7313513,modern,modern-daily-7313513,modern-daily-7313513-2014-07-29
26,1,Dispel,,Sideboard,3,1,UR Delver,aspiringspike,94 tix,$ 588,241648,2014-07-29,Modern Daily #7313513,modern,modern-daily-7313513,modern-daily-7313513-2014-07-29
27,3,Relic of Progenitus,,Sideboard,3,1,UR Delver,aspiringspike,94 tix,$ 588,241648,2014-07-29,Modern Daily #7313513,modern,modern-daily-7313513,modern-daily-7313513-2014-07-29
28,2,Shattering Spree,,Sideboard,3,1,UR Delver,aspiringspike,94 tix,$ 588,241648,2014-07-29,Modern Daily #7313513,modern,modern-daily-7313513,modern-daily-7313513-2014-07-29
29,2,Combust,,Sideboard,3,1,UR Delver,aspiringspike,94 tix,$ 588,241648,2014-07-29,Modern Daily #7313513,modern,modern-daily-7313513,modern-daily-7313513-2014-07-29
30,1,Negate,,Sideboard,3,1,UR Delver,aspiringspike,94 tix,$ 588,241648,2014-07-29,Modern Daily #7313513,modern,modern-daily-7313513,modern-daily-7313513-2014-07-29
31,1,Shadow of Doubt,,Sideboard,3,1,UR Delver,aspiringspike,94 tix,$ 588,241648,2014-07-29,Modern Daily #7313513,modern,modern-daily-7313513,modern-daily-7313513-2014-07-29
32,2,Counterflux,,Sideboard,3,1,UR Delver,aspiringspike,94 tix,$ 588,241648,2014-07-29,Modern Daily #7313513,modern,modern-daily-7313513,modern-daily-7313513-2014-07-29
33,1,Izzet Staticaster,,Sideboard,3,1,UR Delver,aspiringspike,94 tix,$ 588,241648,2014-07-29,Modern Daily #7313513,modern,modern-daily-7313513,modern-daily-7313513-2014-07-29
34,1,Sword of Feast and Famine,,Sideboard,3,1,UR Delver,aspiringspike,94 tix,$ 588,241648,2014-07-29,Modern Daily #7313513,modern,modern-daily-7313513,modern-daily-7313513-2014-07-29
35,1,Shatterstorm,,Sideboard,3,1,UR Delver,aspiringspike,94 tix,$ 588,241648,2014-07-29,Modern Daily #7313513,modern,modern-daily-7313513,modern-daily-7313513-2014-07-29
1,4,Snapcaster Mage,,Creatures,3,1,UWR Control,usokui3,325 tix,"$ 1,376",241645,2014-07-29,Modern Daily #7313513,modern,modern-daily-7313513,modern-daily-7313513-2014-07-29
3,4,Lightning Bolt,,Spells,3,1,UWR Control,usokui3,325 tix,"$ 1,376",241645,2014-07-29,Modern Daily #7313513,modern,modern-daily-7313513,modern-daily-7313513-2014-07-29
4,4,Path to Exile,,Spells,3,1,UWR Control,usokui3,325 tix,"$ 1,376",241645,2014-07-29,Modern Daily #7313513,modern,modern-daily-7313513,modern-daily-7313513-2014-07-29
5,3,Spell Snare,,Spells,3,1,UWR Control,usokui3,325 tix,"$ 1,376",241645,2014-07-29,Modern Daily #7313513,modern,modern-daily-7313513,modern-daily-7313513-2014-07-29
6,2,Lightning Helix,,Spells,3,1,UWR Control,usokui3,325 tix,"$ 1,376",241645,2014-07-29,Modern Daily #7313513,modern,modern-daily-7313513,modern-daily-7313513-2014-07-29
7,3,Mana Leak,,Spells,3,1,UWR Control,usokui3,325 tix,"$ 1,376",241645,2014-07-29,Modern Daily #7313513,modern,modern-daily-7313513,modern-daily-7313513-2014-07-29
8,3,Remand,,Spells,3,1,UWR Control,usokui3,325 tix,"$ 1,376",241645,2014-07-29,Modern Daily #7313513,modern,modern-daily-7313513,modern-daily-7313513-2014-07-29
9,2,Shadow of Doubt,,Spells,3,1,UWR Control,usokui3,325 tix,"$ 1,376",241645,2014-07-29,Modern Daily #7313513,modern,modern-daily-7313513,modern-daily-7313513-2014-07-29
10,3,Electrolyze,,Spells,3,1,UWR Control,usokui3,325 tix,"$ 1,376",241645,2014-07-29,Modern Daily #7313513,modern,modern-daily-7313513,modern-daily-7313513-2014-07-29
11,1,Sphinx's Revelation,,Spells,3,1,UWR Control,usokui3,325 tix,"$ 1,376",241645,2014-07-29,Modern Daily #7313513,modern,modern-daily-7313513,modern-daily-7313513-2014-07-29
12,3,Cryptic Command,,Spells,3,1,UWR Control,usokui3,325 tix,"$ 1,376",241645,2014-07-29,Modern Daily #7313513,modern,modern-daily-7313513,modern-daily-7313513-2014-07-29
13,2,Warleader's Helix,,Spells,3,1,UWR Control,usokui3,325 tix,"$ 1,376",241645,2014-07-29,Modern Daily #7313513,modern,modern-daily-7313513,modern-daily-7313513-2014-07-29
15,4,Arid Mesa,,Lands,3,1,UWR Control,usokui3,325 tix,"$ 1,376",241645,2014-07-29,Modern Daily #7313513,modern,modern-daily-7313513,modern-daily-7313513-2014-07-29
16,1,Cascade Bluffs,,Lands,3,1,UWR Control,usokui3,325 tix,"$ 1,376",241645,2014-07-29,Modern Daily #7313513,modern,modern-daily-7313513,modern-daily-7313513-2014-07-29
17,4,Celestial Colonnade,,Lands,3,1,UWR Control,usokui3,325 tix,"$ 1,376",241645,2014-07-29,Modern Daily #7313513,modern,modern-daily-7313513,modern-daily-7313513-2014-07-29
18,2,Hallowed Fountain,,Lands,3,1,UWR Control,usokui3,325 tix,"$ 1,376",241645,2014-07-29,Modern Daily #7313513,modern,modern-daily-7313513,modern-daily-7313513-2014-07-29
19,1,Sacred Foundry,,Lands,3,1,UWR Control,usokui3,325 tix,"$ 1,376",241645,2014-07-29,Modern Daily #7313513,modern,modern-daily-7313513,modern-daily-7313513-2014-07-29
20,3,Scalding Tarn,,Lands,3,1,UWR Control,usokui3,325 tix,"$ 1,376",241645,2014-07-29,Modern Daily #7313513,modern,modern-daily-7313513,modern-daily-7313513-2014-07-29
21,2,Snow-Covered Island,,Lands,3,1,UWR Control,usokui3,325 tix,"$ 1,376",241645,2014-07-29,Modern Daily #7313513,modern,modern-daily-7313513,modern-daily-7313513-2014-07-29
22,1,Snow-Covered Mountain,,Lands,3,1,UWR Control,usokui3,325 tix,"$ 1,376",241645,2014-07-29,Modern Daily #7313513,modern,modern-daily-7313513,modern-daily-7313513-2014-07-29
23,1,Snow-Covered Plains,,Lands,3,1,UWR Control,usokui3,325 tix,"$ 1,376",241645,2014-07-29,Modern Daily #7313513,modern,modern-daily-7313513,modern-daily-7313513-2014-07-29
24,2,Steam Vents,,Lands,3,1,UWR Control,usokui3,325 tix,"$ 1,376",241645,2014-07-29,Modern Daily #7313513,modern,modern-daily-7313513,modern-daily-7313513-2014-07-29
25,2,Sulfur Falls,,Lands,3,1,UWR Control,usokui3,325 tix,"$ 1,376",241645,2014-07-29,Modern Daily #7313513,modern,modern-daily-7313513,modern-daily-7313513-2014-07-29
26,3,Tectonic Edge,,Lands,3,1,UWR Control,usokui3,325 tix,"$ 1,376",241645,2014-07-29,Modern Daily #7313513,modern,modern-daily-7313513,modern-daily-7313513-2014-07-29
28,1,Engineered Explosives,,Sideboard,3,1,UWR Control,usokui3,325 tix,"$ 1,376",241645,2014-07-29,Modern Daily #7313513,modern,modern-daily-7313513,modern-daily-7313513-2014-07-29
29,2,Wear & Tear,,Sideboard,3,1,UWR Control,usokui3,325 tix,"$ 1,376",241645,2014-07-29,Modern Daily #7313513,modern,modern-daily-7313513,modern-daily-7313513-2014-07-29
30,3,Porphyry Nodes,,Sideboard,3,1,UWR Control,usokui3,325 tix,"$ 1,376",241645,2014-07-29,Modern Daily #7313513,modern,modern-daily-7313513,modern-daily-7313513-2014-07-29
31,1,Combust,,Sideboard,3,1,UWR Control,usokui3,325 tix,"$ 1,376",241645,2014-07-29,Modern Daily #7313513,modern,modern-daily-7313513,modern-daily-7313513-2014-07-29
32,1,Negate,,Sideboard,3,1,UWR Control,usokui3,325 tix,"$ 1,376",241645,2014-07-29,Modern Daily #7313513,modern,modern-daily-7313513,modern-daily-7313513-2014-07-29
33,2,Stony Silence,,Sideboard,3,1,UWR Control,usokui3,325 tix,"$ 1,376",241645,2014-07-29,Modern Daily #7313513,modern,modern-daily-7313513,modern-daily-7313513-2014-07-29
34,2,Anger of the Gods,,Sideboard,3,1,UWR Control,usokui3,325 tix,"$ 1,376",241645,2014-07-29,Modern Daily #7313513,modern,modern-daily-7313513,modern-daily-7313513-2014-07-29
35,1,Counterflux,,Sideboard,3,1,UWR Control,usokui3,325 tix,"$ 1,376",241645,2014-07-29,Modern Daily #7313513,modern,modern-daily-7313513,modern-daily-7313513-2014-07-29
36,1,Crucible of Worlds,,Sideboard,3,1,UWR Control,usokui3,325 tix,"$ 1,376",241645,2014-07-29,Modern Daily #7313513,modern,modern-daily-7313513,modern-daily-7313513-2014-07-29
37,1,Threads of Disloyalty,,Sideboard,3,1,UWR Control,usokui3,325 tix,"$ 1,376",241645,2014-07-29,Modern Daily #7313513,modern,modern-daily-7313513,modern-daily-7313513-2014-07-29
1,4,Dark Confidant,,Creatures,5,0,Death and Taxes,CLYDE THE GLIDE DREXLER,223 tix,$ 958,241542,2014-07-28,Modern Premier #7313450,modern,modern-premier-7313450,modern-premier-7313450-2014-07-28
2,4,Leonin Arbiter,,Creatures,5,0,Death and Taxes,CLYDE THE GLIDE DREXLER,223 tix,$ 958,241542,2014-07-28,Modern Premier #7313450,modern,modern-premier-7313450,modern-premier-7313450-2014-07-28
3,3,"Thalia, Guardian of Thraben",,Creatures,5,0,Death and Taxes,CLYDE THE GLIDE DREXLER,223 tix,$ 958,241542,2014-07-28,Modern Premier #7313450,modern,modern-premier-7313450,modern-premier-7313450-2014-07-28
4,3,Aven Mindcensor,,Creatures,5,0,Death and Taxes,CLYDE THE GLIDE DREXLER,223 tix,$ 958,241542,2014-07-28,Modern Premier #7313450,modern,modern-premier-7313450,modern-premier-7313450-2014-07-28
5,4,Blade Splicer,,Creatures,5,0,Death and Taxes,CLYDE THE GLIDE DREXLER,223 tix,$ 958,241542,2014-07-28,Modern Premier #7313450,modern,modern-premier-7313450,modern-premier-7313450-2014-07-28
6,4,Flickerwisp,,Creatures,5,0,Death and Taxes,CLYDE THE GLIDE DREXLER,223 tix,$ 958,241542,2014-07-28,Modern Premier #7313450,modern,modern-premier-7313450,modern-premier-7313450-2014-07-28
7,1,"Linvala, Keeper of Silence",,Creatures,5,0,Death and Taxes,CLYDE THE GLIDE DREXLER,223 tix,$ 958,241542,2014-07-28,Modern Premier #7313450,modern,modern-premier-7313450,modern-premier-7313450-2014-07-28
8,3,Restoration Angel,,Creatures,5,0,Death and Taxes,CLYDE THE GLIDE DREXLER,223 tix,$ 958,241542,2014-07-28,Modern Premier #7313450,modern,modern-premier-7313450,modern-premier-7313450-2014-07-28
10,4,Path to Exile,,Spells,5,0,Death and Taxes,CLYDE THE GLIDE DREXLER,223 tix,$ 958,241542,2014-07-28,Modern Premier #7313450,modern,modern-premier-7313450,modern-premier-7313450-2014-07-28
11,4,Thoughtseize,,Spells,5,0,Death and Taxes,CLYDE THE GLIDE DREXLER,223 tix,$ 958,241542,2014-07-28,Modern Premier #7313450,modern,modern-premier-7313450,modern-premier-7313450-2014-07-28
13,4,Aether Vial,,Artifacts,5,0,Death and Taxes,CLYDE THE GLIDE DREXLER,223 tix,$ 958,241542,2014-07-28,Modern Premier #7313450,modern,modern-premier-7313450,modern-premier-7313450-2014-07-28
15,1,Eiganjo Castle,,Lands,5,0,Death and Taxes,CLYDE THE GLIDE DREXLER,223 tix,$ 958,241542,2014-07-28,Modern Premier #7313450,modern,modern-premier-7313450,modern-premier-7313450-2014-07-28
16,4,Ghost Quarter,,Lands,5,0,Death and Taxes,CLYDE THE GLIDE DREXLER,223 tix,$ 958,241542,2014-07-28,Modern Premier #7313450,modern,modern-premier-7313450,modern-premier-7313450-2014-07-28
17,4,Godless Shrine,,Lands,5,0,Death and Taxes,CLYDE THE GLIDE DREXLER,223 tix,$ 958,241542,2014-07-28,Modern Premier #7313450,modern,modern-premier-7313450,modern-premier-7313450-2014-07-28
18,4,Isolated Chapel,,Lands,5,0,Death and Taxes,CLYDE THE GLIDE DREXLER,223 tix,$ 958,241542,2014-07-28,Modern Premier #7313450,modern,modern-premier-7313450,modern-premier-7313450-2014-07-28
19,3,Plains,,Lands,5,0,Death and Taxes,CLYDE THE GLIDE DREXLER,223 tix,$ 958,241542,2014-07-28,Modern Premier #7313450,modern,modern-premier-7313450,modern-premier-7313450-2014-07-28
20,3,Swamp,,Lands,5,0,Death and Taxes,CLYDE THE GLIDE DREXLER,223 tix,$ 958,241542,2014-07-28,Modern Premier #7313450,modern,modern-premier-7313450,modern-premier-7313450-2014-07-28
21,1,Tectonic Edge,,Lands,5,0,Death and Taxes,CLYDE THE GLIDE DREXLER,223 tix,$ 958,241542,2014-07-28,Modern Premier #7313450,modern,modern-premier-7313450,modern-premier-7313450-2014-07-28
22,1,"Urborg, Tomb of Yawgmoth",,Lands,5,0,Death and Taxes,CLYDE THE GLIDE DREXLER,223 tix,$ 958,241542,2014-07-28,Modern Premier #7313450,modern,modern-premier-7313450,modern-premier-7313450-2014-07-28
23,1,Vault of the Archangel,,Lands,5,0,Death and Taxes,CLYDE THE GLIDE DREXLER,223 tix,$ 958,241542,2014-07-28,Modern Premier #7313450,modern,modern-premier-7313450,modern-premier-7313450-2014-07-28
25,1,Grafdigger's Cage,,Sideboard,5,0,Death and Taxes,CLYDE THE GLIDE DREXLER,223 tix,$ 958,241542,2014-07-28,Modern Premier #7313450,modern,modern-premier-7313450,modern-premier-7313450-2014-07-28
26,1,"Kataki, War's Wage",,Sideboard,5,0,Death and Taxes,CLYDE THE GLIDE DREXLER,223 tix,$ 958,241542,2014-07-28,Modern Premier #7313450,modern,modern-premier-7313450,modern-premier-7313450-2014-07-28
27,2,Kor Firewalker,,Sideboard,5,0,Death and Taxes,CLYDE THE GLIDE DREXLER,223 tix,$ 958,241542,2014-07-28,Modern Premier #7313450,modern,modern-premier-7313450,modern-premier-7313450-2014-07-28
28,2,Rest in Peace,,Sideboard,5,0,Death and Taxes,CLYDE THE GLIDE DREXLER,223 tix,$ 958,241542,2014-07-28,Modern Premier #7313450,modern,modern-premier-7313450,modern-premier-7313450-2014-07-28
29,2,Stony Silence,,Sideboard,5,0,Death and Taxes,CLYDE THE GLIDE DREXLER,223 tix,$ 958,241542,2014-07-28,Modern Premier #7313450,modern,modern-premier-7313450,modern-premier-7313450-2014-07-28
30,1,Dismember,,Sideboard,5,0,Death and Taxes,CLYDE THE GLIDE DREXLER,223 tix,$ 958,241542,2014-07-28,Modern Premier #7313450,modern,modern-premier-7313450,modern-premier-7313450-2014-07-28
31,2,Mirran Crusader,,Sideboard,5,0,Death and Taxes,CLYDE THE GLIDE DREXLER,223 tix,$ 958,241542,2014-07-28,Modern Premier #7313450,modern,modern-premier-7313450,modern-premier-7313450-2014-07-28
32,1,Sword of Fire and Ice,,Sideboard,5,0,Death and Taxes,CLYDE THE GLIDE DREXLER,223 tix,$ 958,241542,2014-07-28,Modern Premier #7313450,modern,modern-premier-7313450,modern-premier-7313450-2014-07-28
33,3,Leyline of Sanctity,,Sideboard,5,0,Death and Taxes,CLYDE THE GLIDE DREXLER,223 tix,$ 958,241542,2014-07-28,Modern Premier #7313450,modern,modern-premier-7313450,modern-premier-7313450-2014-07-28
1,1,Grim Lavamancer,,Creatures,5,0,Splinter Twin,skeelzsama,305 tix,"$ 1,170",241539,2014-07-28,Modern Premier #7313450,modern,modern-premier-7313450,modern-premier-7313450-2014-07-28
2,4,Snapcaster Mage,,Creatures,5,0,Splinter Twin,skeelzsama,305 tix,"$ 1,170",241539,2014-07-28,Modern Premier #7313450,modern,modern-premier-7313450,modern-premier-7313450-2014-07-28
3,3,Deceiver Exarch,,Creatures,5,0,Splinter Twin,skeelzsama,305 tix,"$ 1,170",241539,2014-07-28,Modern Premier #7313450,modern,modern-premier-7313450,modern-premier-7313450-2014-07-28
4,3,Pestermite,,Creatures,5,0,Splinter Twin,skeelzsama,305 tix,"$ 1,170",241539,2014-07-28,Modern Premier #7313450,modern,modern-premier-7313450,modern-premier-7313450-2014-07-28
5,1,Breaching Hippocamp,,Creatures,5,0,Splinter Twin,skeelzsama,305 tix,"$ 1,170",241539,2014-07-28,Modern Premier #7313450,modern,modern-premier-7313450,modern-premier-7313450-2014-07-28
7,1,Flame Slash,,Spells,5,0,Splinter Twin,skeelzsama,305 tix,"$ 1,170",241539,2014-07-28,Modern Premier #7313450,modern,modern-premier-7313450,modern-premier-7313450-2014-07-28
8,4,Lightning Bolt,,Spells,5,0,Splinter Twin,skeelzsama,305 tix,"$ 1,170",241539,2014-07-28,Modern Premier #7313450,modern,modern-premier-7313450,modern-premier-7313450-2014-07-28
9,1,Mizzium Skin,,Spells,5,0,Splinter Twin,skeelzsama,305 tix,"$ 1,170",241539,2014-07-28,Modern Premier #7313450,modern,modern-premier-7313450,modern-premier-7313450-2014-07-28
10,4,Serum Visions,,Spells,5,0,Splinter Twin,skeelzsama,305 tix,"$ 1,170",241539,2014-07-28,Modern Premier #7313450,modern,modern-premier-7313450,modern-premier-7313450-2014-07-28
11,1,Spell Snare,,Spells,5,0,Splinter Twin,skeelzsama,305 tix,"$ 1,170",241539,2014-07-28,Modern Premier #7313450,modern,modern-premier-7313450,modern-premier-7313450-2014-07-28
12,3,Mana Leak,,Spells,5,0,Splinter Twin,skeelzsama,305 tix,"$ 1,170",241539,2014-07-28,Modern Premier #7313450,modern,modern-premier-7313450,modern-premier-7313450-2014-07-28
13,3,Remand,,Spells,5,0,Splinter Twin,skeelzsama,305 tix,"$ 1,170",241539,2014-07-28,Modern Premier #7313450,modern,modern-premier-7313450,modern-premier-7313450-2014-07-28
14,1,Electrolyze,,Spells,5,0,Splinter Twin,skeelzsama,305 tix,"$ 1,170",241539,2014-07-28,Modern Premier #7313450,modern,modern-premier-7313450,modern-premier-7313450-2014-07-28
15,3,Cryptic Command,,Spells,5,0,Splinter Twin,skeelzsama,305 tix,"$ 1,170",241539,2014-07-28,Modern Premier #7313450,modern,modern-premier-7313450,modern-premier-7313450-2014-07-28
17,4,Splinter Twin,,Enchantments,5,0,Splinter Twin,skeelzsama,305 tix,"$ 1,170",241539,2014-07-28,Modern Premier #7313450,modern,modern-premier-7313450,modern-premier-7313450-2014-07-28
19,1,Desolate Lighthouse,,Lands,5,0,Splinter Twin,skeelzsama,305 tix,"$ 1,170",241539,2014-07-28,Modern Premier #7313450,modern,modern-premier-7313450,modern-premier-7313450-2014-07-28
20,5,Island,,Lands,5,0,Splinter Twin,skeelzsama,305 tix,"$ 1,170",241539,2014-07-28,Modern Premier #7313450,modern,modern-premier-7313450,modern-premier-7313450-2014-07-28
21,4,Misty Rainforest,,Lands,5,0,Splinter Twin,skeelzsama,305 tix,"$ 1,170",241539,2014-07-28,Modern Premier #7313450,modern,modern-premier-7313450,modern-premier-7313450-2014-07-28
22,1,Mountain,,Lands,5,0,Splinter Twin,skeelzsama,305 tix,"$ 1,170",241539,2014-07-28,Modern Premier #7313450,modern,modern-premier-7313450,modern-premier-7313450-2014-07-28
23,4,Scalding Tarn,,Lands,5,0,Splinter Twin,skeelzsama,305 tix,"$ 1,170",241539,2014-07-28,Modern Premier #7313450,modern,modern-premier-7313450,modern-premier-7313450-2014-07-28
24,3,Steam Vents,,Lands,5,0,Splinter Twin,skeelzsama,305 tix,"$ 1,170",241539,2014-07-28,Modern Premier #7313450,modern,modern-premier-7313450,modern-premier-7313450-2014-07-28
25,1,Stomping Ground,,Lands,5,0,Splinter Twin,skeelzsama,305 tix,"$ 1,170",241539,2014-07-28,Modern Premier #7313450,modern,modern-premier-7313450,modern-premier-7313450-2014-07-28
26,3,Sulfur Falls,,Lands,5,0,Splinter Twin,skeelzsama,305 tix,"$ 1,170",241539,2014-07-28,Modern Premier #7313450,modern,modern-premier-7313450,modern-premier-7313450-2014-07-28
27,1,Tectonic Edge,,Lands,5,0,Splinter Twin,skeelzsama,305 tix,"$ 1,170",241539,2014-07-28,Modern Premier #7313450,modern,modern-premier-7313450,modern-premier-7313450-2014-07-28
29,1,Engineered Explosives,,Sideboard,5,0,Splinter Twin,skeelzsama,305 tix,"$ 1,170",241539,2014-07-28,Modern Premier #7313450,modern,modern-premier-7313450,modern-premier-7313450-2014-07-28
30,1,Dispel,,Sideboard,5,0,Splinter Twin,skeelzsama,305 tix,"$ 1,170",241539,2014-07-28,Modern Premier #7313450,modern,modern-premier-7313450,modern-premier-7313450-2014-07-28
31,1,Nature's Claim,,Sideboard,5,0,Splinter Twin,skeelzsama,305 tix,"$ 1,170",241539,2014-07-28,Modern Premier #7313450,modern,modern-premier-7313450,modern-premier-7313450-2014-07-28
32,1,Relic of Progenitus,,Sideboard,5,0,Splinter Twin,skeelzsama,305 tix,"$ 1,170",241539,2014-07-28,Modern Premier #7313450,modern,modern-premier-7313450,modern-premier-7313450-2014-07-28
33,2,Ancient Grudge,,Sideboard,5,0,Splinter Twin,skeelzsama,305 tix,"$ 1,170",241539,2014-07-28,Modern Premier #7313450,modern,modern-premier-7313450,modern-premier-7313450-2014-07-28
34,1,Combust,,Sideboard,5,0,Splinter Twin,skeelzsama,305 tix,"$ 1,170",241539,2014-07-28,Modern Premier #7313450,modern,modern-premier-7313450,modern-premier-7313450-2014-07-28
35,1,Negate,,Sideboard,5,0,Splinter Twin,skeelzsama,305 tix,"$ 1,170",241539,2014-07-28,Modern Premier #7313450,modern,modern-premier-7313450,modern-premier-7313450-2014-07-28
36,1,Spellskite,,Sideboard,5,0,Splinter Twin,skeelzsama,305 tix,"$ 1,170",241539,2014-07-28,Modern Premier #7313450,modern,modern-premier-7313450,modern-premier-7313450-2014-07-28
37,2,Anger of the Gods,,Sideboard,5,0,Splinter Twin,skeelzsama,305 tix,"$ 1,170",241539,2014-07-28,Modern Premier #7313450,modern,modern-premier-7313450,modern-premier-7313450-2014-07-28
38,1,Blood Moon,,Sideboard,5,0,Splinter Twin,skeelzsama,305 tix,"$ 1,170",241539,2014-07-28,Modern Premier #7313450,modern,modern-premier-7313450,modern-premier-7313450-2014-07-28
39,1,Counterflux,,Sideboard,5,0,Splinter Twin,skeelzsama,305 tix,"$ 1,170",241539,2014-07-28,Modern Premier #7313450,modern,modern-premier-7313450,modern-premier-7313450-2014-07-28
40,1,Batterskull,,Sideboard,5,0,Splinter Twin,skeelzsama,305 tix,"$ 1,170",241539,2014-07-28,Modern Premier #7313450,modern,modern-premier-7313450,modern-premier-7313450-2014-07-28
1,2,Snapcaster Mage,,Creatures,5,0,Suntitan Control,Dylan_Fay,271 tix,$ 916,241538,2014-07-28,Modern Premier #7313450,modern,modern-premier-7313450,modern-premier-7313450-2014-07-28
2,3,Wall of Omens,,Creatures,5,0,Suntitan Control,Dylan_Fay,271 tix,$ 916,241538,2014-07-28,Modern Premier #7313450,modern,modern-premier-7313450,modern-premier-7313450-2014-07-28
3,4,Kitchen Finks,,Creatures,5,0,Suntitan Control,Dylan_Fay,271 tix,$ 916,241538,2014-07-28,Modern Premier #7313450,modern,modern-premier-7313450,modern-premier-7313450-2014-07-28
4,2,Vendilion Clique,,Creatures,5,0,Suntitan Control,Dylan_Fay,271 tix,$ 916,241538,2014-07-28,Modern Premier #7313450,modern,modern-premier-7313450,modern-premier-7313450-2014-07-28
5,1,Restoration Angel,,Creatures,5,0,Suntitan Control,Dylan_Fay,271 tix,$ 916,241538,2014-07-28,Modern Premier #7313450,modern,modern-premier-7313450,modern-premier-7313450-2014-07-28
6,1,Consecrated Sphinx,,Creatures,5,0,Suntitan Control,Dylan_Fay,271 tix,$ 916,241538,2014-07-28,Modern Premier #7313450,modern,modern-premier-7313450,modern-premier-7313450-2014-07-28
7,1,Sun Titan,,Creatures,5,0,Suntitan Control,Dylan_Fay,271 tix,$ 916,241538,2014-07-28,Modern Premier #7313450,modern,modern-premier-7313450,modern-premier-7313450-2014-07-28
8,1,Wurmcoil Engine,,Creatures,5,0,Suntitan Control,Dylan_Fay,271 tix,$ 916,241538,2014-07-28,Modern Premier #7313450,modern,modern-premier-7313450,modern-premier-7313450-2014-07-28
10,4,Path to Exile,,Spells,5,0,Suntitan Control,Dylan_Fay,271 tix,$ 916,241538,2014-07-28,Modern Premier #7313450,modern,modern-premier-7313450,modern-premier-7313450-2014-07-28
11,4,Spell Snare,,Spells,5,0,Suntitan Control,Dylan_Fay,271 tix,$ 916,241538,2014-07-28,Modern Premier #7313450,modern,modern-premier-7313450,modern-premier-7313450-2014-07-28
12,4,Remand,,Spells,5,0,Suntitan Control,Dylan_Fay,271 tix,$ 916,241538,2014-07-28,Modern Premier #7313450,modern,modern-premier-7313450,modern-premier-7313450-2014-07-28
13,1,Sphinx's Revelation,,Spells,5,0,Suntitan Control,Dylan_Fay,271 tix,$ 916,241538,2014-07-28,Modern Premier #7313450,modern,modern-premier-7313450,modern-premier-7313450-2014-07-28
14,3,Cryptic Command,,Spells,5,0,Suntitan Control,Dylan_Fay,271 tix,$ 916,241538,2014-07-28,Modern Premier #7313450,modern,modern-premier-7313450,modern-premier-7313450-2014-07-28
15,3,Supreme Verdict,,Spells,5,0,Suntitan Control,Dylan_Fay,271 tix,$ 916,241538,2014-07-28,Modern Premier #7313450,modern,modern-premier-7313450,modern-premier-7313450-2014-07-28
17,2,Calciform Pools,,Lands,5,0,Suntitan Control,Dylan_Fay,271 tix,$ 916,241538,2014-07-28,Modern Premier #7313450,modern,modern-premier-7313450,modern-premier-7313450-2014-07-28
18,4,Celestial Colonnade,,Lands,5,0,Suntitan Control,Dylan_Fay,271 tix,$ 916,241538,2014-07-28,Modern Premier #7313450,modern,modern-premier-7313450,modern-premier-7313450-2014-07-28
19,4,Ghost Quarter,,Lands,5,0,Suntitan Control,Dylan_Fay,271 tix,$ 916,241538,2014-07-28,Modern Premier #7313450,modern,modern-premier-7313450,modern-premier-7313450-2014-07-28
20,2,Glacial Fortress,,Lands,5,0,Suntitan Control,Dylan_Fay,271 tix,$ 916,241538,2014-07-28,Modern Premier #7313450,modern,modern-premier-7313450,modern-premier-7313450-2014-07-28
21,1,Hallowed Fountain,,Lands,5,0,Suntitan Control,Dylan_Fay,271 tix,$ 916,241538,2014-07-28,Modern Premier #7313450,modern,modern-premier-7313450,modern-premier-7313450-2014-07-28
22,5,Island,,Lands,5,0,Suntitan Control,Dylan_Fay,271 tix,$ 916,241538,2014-07-28,Modern Premier #7313450,modern,modern-premier-7313450,modern-premier-7313450-2014-07-28
23,1,Mystic Gate,,Lands,5,0,Suntitan Control,Dylan_Fay,271 tix,$ 916,241538,2014-07-28,Modern Premier #7313450,modern,modern-premier-7313450,modern-premier-7313450-2014-07-28
24,4,Plains,,Lands,5,0,Suntitan Control,Dylan_Fay,271 tix,$ 916,241538,2014-07-28,Modern Premier #7313450,modern,modern-premier-7313450,modern-premier-7313450-2014-07-28
25,3,Temple of Enlightenment,,Lands,5,0,Suntitan Control,Dylan_Fay,271 tix,$ 916,241538,2014-07-28,Modern Premier #7313450,modern,modern-premier-7313450,modern-premier-7313450-2014-07-28
27,1,Dispel,,Sideboard,5,0,Suntitan Control,Dylan_Fay,271 tix,$ 916,241538,2014-07-28,Modern Premier #7313450,modern,modern-premier-7313450,modern-premier-7313450-2014-07-28
28,1,Surgical Extraction,,Sideboard,5,0,Suntitan Control,Dylan_Fay,271 tix,$ 916,241538,2014-07-28,Modern Premier #7313450,modern,modern-premier-7313450,modern-premier-7313450-2014-07-28
29,1,Swan Song,,Sideboard,5,0,Suntitan Control,Dylan_Fay,271 tix,$ 916,241538,2014-07-28,Modern Premier #7313450,modern,modern-premier-7313450,modern-premier-7313450-2014-07-28
30,1,Disenchant,,Sideboard,5,0,Suntitan Control,Dylan_Fay,271 tix,$ 916,241538,2014-07-28,Modern Premier #7313450,modern,modern-premier-7313450,modern-premier-7313450-2014-07-28
31,2,Rest in Peace,,Sideboard,5,0,Suntitan Control,Dylan_Fay,271 tix,$ 916,241538,2014-07-28,Modern Premier #7313450,modern,modern-premier-7313450,modern-premier-7313450-2014-07-28
32,1,Spellskite,,Sideboard,5,0,Suntitan Control,Dylan_Fay,271 tix,$ 916,241538,2014-07-28,Modern Premier #7313450,modern,modern-premier-7313450,modern-premier-7313450-2014-07-28
33,2,Stony Silence,,Sideboard,5,0,Suntitan Control,Dylan_Fay,271 tix,$ 916,241538,2014-07-28,Modern Premier #7313450,modern,modern-premier-7313450,modern-premier-7313450-2014-07-28
34,2,Aven Mindcensor,,Sideboard,5,0,Suntitan Control,Dylan_Fay,271 tix,$ 916,241538,2014-07-28,Modern Premier #7313450,modern,modern-premier-7313450,modern-premier-7313450-2014-07-28
35,1,Crucible of Worlds,,Sideboard,5,0,Suntitan Control,Dylan_Fay,271 tix,$ 916,241538,2014-07-28,Modern Premier #7313450,modern,modern-premier-7313450,modern-premier-7313450-2014-07-28
36,1,Wrath of God,,Sideboard,5,0,Suntitan Control,Dylan_Fay,271 tix,$ 916,241538,2014-07-28,Modern Premier #7313450,modern,modern-premier-7313450,modern-premier-7313450-2014-07-28
37,1,Batterskull,,Sideboard,5,0,Suntitan Control,Dylan_Fay,271 tix,$ 916,241538,2014-07-28,Modern Premier #7313450,modern,modern-premier-7313450,modern-premier-7313450-2014-07-28
38,1,Wurmcoil Engine,,Sideboard,5,0,Suntitan Control,Dylan_Fay,271 tix,$ 916,241538,2014-07-28,Modern Premier #7313450,modern,modern-premier-7313450,modern-premier-7313450-2014-07-28
1,2,Snapcaster Mage,,Creatures,5,0,UB Faeries,ManuGodineau,314 tix,"$ 1,220",241540,2014-07-28,Modern Premier #7313450,modern,modern-premier-7313450,modern-premier-7313450-2014-07-28
2,2,Spellstutter Sprite,,Creatures,5,0,UB Faeries,ManuGodineau,314 tix,"$ 1,220",241540,2014-07-28,Modern Premier #7313450,modern,modern-premier-7313450,modern-premier-7313450-2014-07-28
3,4,Vendilion Clique,,Creatures,5,0,UB Faeries,ManuGodineau,314 tix,"$ 1,220",241540,2014-07-28,Modern Premier #7313450,modern,modern-premier-7313450,modern-premier-7313450-2014-07-28
4,4,Mistbind Clique,,Creatures,5,0,UB Faeries,ManuGodineau,314 tix,"$ 1,220",241540,2014-07-28,Modern Premier #7313450,modern,modern-premier-7313450,modern-premier-7313450-2014-07-28
6,4,Inquisition of Kozilek,,Spells,5,0,UB Faeries,ManuGodineau,314 tix,"$ 1,220",241540,2014-07-28,Modern Premier #7313450,modern,modern-premier-7313450,modern-premier-7313450-2014-07-28
7,4,Serum Visions,,Spells,5,0,UB Faeries,ManuGodineau,314 tix,"$ 1,220",241540,2014-07-28,Modern Premier #7313450,modern,modern-premier-7313450,modern-premier-7313450-2014-07-28
8,2,Thoughtseize,,Spells,5,0,UB Faeries,ManuGodineau,314 tix,"$ 1,220",241540,2014-07-28,Modern Premier #7313450,modern,modern-premier-7313450,modern-premier-7313450-2014-07-28
9,2,Dismember,,Spells,5,0,UB Faeries,ManuGodineau,314 tix,"$ 1,220",241540,2014-07-28,Modern Premier #7313450,modern,modern-premier-7313450,modern-premier-7313450-2014-07-28
10,4,Cryptic Command,,Spells,5,0,UB Faeries,ManuGodineau,314 tix,"$ 1,220",241540,2014-07-28,Modern Premier #7313450,modern,modern-premier-7313450,modern-premier-7313450-2014-07-28
11,2,Time Warp,,Spells,5,0,UB Faeries,ManuGodineau,314 tix,"$ 1,220",241540,2014-07-28,Modern Premier #7313450,modern,modern-premier-7313450,modern-premier-7313450-2014-07-28
13,4,Bitterblossom,,Enchantments,5,0,UB Faeries,ManuGodineau,314 tix,"$ 1,220",241540,2014-07-28,Modern Premier #7313450,modern,modern-premier-7313450,modern-premier-7313450-2014-07-28
15,4,Creeping Tar Pit,,Lands,5,0,UB Faeries,ManuGodineau,314 tix,"$ 1,220",241540,2014-07-28,Modern Premier #7313450,modern,modern-premier-7313450,modern-premier-7313450-2014-07-28
16,4,Darkslick Shores,,Lands,5,0,UB Faeries,ManuGodineau,314 tix,"$ 1,220",241540,2014-07-28,Modern Premier #7313450,modern,modern-premier-7313450,modern-premier-7313450-2014-07-28
17,4,Island,,Lands,5,0,UB Faeries,ManuGodineau,314 tix,"$ 1,220",241540,2014-07-28,Modern Premier #7313450,modern,modern-premier-7313450,modern-premier-7313450-2014-07-28
18,2,Misty Rainforest,,Lands,5,0,UB Faeries,ManuGodineau,314 tix,"$ 1,220",241540,2014-07-28,Modern Premier #7313450,modern,modern-premier-7313450,modern-premier-7313450-2014-07-28
19,4,Mutavault,,Lands,5,0,UB Faeries,ManuGodineau,314 tix,"$ 1,220",241540,2014-07-28,Modern Premier #7313450,modern,modern-premier-7313450,modern-premier-7313450-2014-07-28
20,4,River of Tears,,Lands,5,0,UB Faeries,ManuGodineau,314 tix,"$ 1,220",241540,2014-07-28,Modern Premier #7313450,modern,modern-premier-7313450,modern-premier-7313450-2014-07-28
21,2,Scalding Tarn,,Lands,5,0,UB Faeries,ManuGodineau,314 tix,"$ 1,220",241540,2014-07-28,Modern Premier #7313450,modern,modern-premier-7313450,modern-premier-7313450-2014-07-28
22,2,Watery Grave,,Lands,5,0,UB Faeries,ManuGodineau,314 tix,"$ 1,220",241540,2014-07-28,Modern Premier #7313450,modern,modern-premier-7313450,modern-premier-7313450-2014-07-28
24,2,Peppersmoke,,Sideboard,5,0,UB Faeries,ManuGodineau,314 tix,"$ 1,220",241540,2014-07-28,Modern Premier #7313450,modern,modern-premier-7313450,modern-premier-7313450-2014-07-28
25,2,Thoughtseize,,Sideboard,5,0,UB Faeries,ManuGodineau,314 tix,"$ 1,220",241540,2014-07-28,Modern Premier #7313450,modern,modern-premier-7313450,modern-premier-7313450-2014-07-28
26,2,Flashfreeze,,Sideboard,5,0,UB Faeries,ManuGodineau,314 tix,"$ 1,220",241540,2014-07-28,Modern Premier #7313450,modern,modern-premier-7313450,modern-premier-7313450-2014-07-28
27,2,Smother,,Sideboard,5,0,UB Faeries,ManuGodineau,314 tix,"$ 1,220",241540,2014-07-28,Modern Premier #7313450,modern,modern-premier-7313450,modern-premier-7313450-2014-07-28
28,2,Spellskite,,Sideboard,5,0,UB Faeries,ManuGodineau,314 tix,"$ 1,220",241540,2014-07-28,Modern Premier #7313450,modern,modern-premier-7313450,modern-premier-7313450-2014-07-28
29,3,Vampire Nighthawk,,Sideboard,5,0,UB Faeries,ManuGodineau,314 tix,"$ 1,220",241540,2014-07-28,Modern Premier #7313450,modern,modern-premier-7313450,modern-premier-7313450-2014-07-28
30,2,Sower of Temptation,,Sideboard,5,0,UB Faeries,ManuGodineau,314 tix,"$ 1,220",241540,2014-07-28,Modern Premier #7313450,modern,modern-premier-7313450,modern-premier-7313450-2014-07-28
1,4,Delver of Secrets,,Creatures,4,1,American Giest,samwise88,272 tix,"$ 1,117",241547,2014-07-28,Modern Premier #7313450,modern,modern-premier-7313450,modern-premier-7313450-2014-07-28
2,4,Snapcaster Mage,,Creatures,4,1,American Giest,samwise88,272 tix,"$ 1,117",241547,2014-07-28,Modern Premier #7313450,modern,modern-premier-7313450,modern-premier-7313450-2014-07-28
3,4,Geist of Saint Traft,,Creatures,4,1,American Giest,samwise88,272 tix,"$ 1,117",241547,2014-07-28,Modern Premier #7313450,modern,modern-premier-7313450,modern-premier-7313450-2014-07-28
4,2,Restoration Angel,,Creatures,4,1,American Giest,samwise88,272 tix,"$ 1,117",241547,2014-07-28,Modern Premier #7313450,modern,modern-premier-7313450,modern-premier-7313450-2014-07-28
6,3,Gitaxian Probe,,Spells,4,1,American Giest,samwise88,272 tix,"$ 1,117",241547,2014-07-28,Modern Premier #7313450,modern,modern-premier-7313450,modern-premier-7313450-2014-07-28
7,4,Lightning Bolt,,Spells,4,1,American Giest,samwise88,272 tix,"$ 1,117",241547,2014-07-28,Modern Premier #7313450,modern,modern-premier-7313450,modern-premier-7313450-2014-07-28
8,4,Path to Exile,,Spells,4,1,American Giest,samwise88,272 tix,"$ 1,117",241547,2014-07-28,Modern Premier #7313450,modern,modern-premier-7313450,modern-premier-7313450-2014-07-28
9,4,Serum Visions,,Spells,4,1,American Giest,samwise88,272 tix,"$ 1,117",241547,2014-07-28,Modern Premier #7313450,modern,modern-premier-7313450,modern-premier-7313450-2014-07-28
10,4,Lightning Helix,,Spells,4,1,American Giest,samwise88,272 tix,"$ 1,117",241547,2014-07-28,Modern Premier #7313450,modern,modern-premier-7313450,modern-premier-7313450-2014-07-28
11,4,Remand,,Spells,4,1,American Giest,samwise88,272 tix,"$ 1,117",241547,2014-07-28,Modern Premier #7313450,modern,modern-premier-7313450,modern-premier-7313450-2014-07-28
12,2,Electrolyze,,Spells,4,1,American Giest,samwise88,272 tix,"$ 1,117",241547,2014-07-28,Modern Premier #7313450,modern,modern-premier-7313450,modern-premier-7313450-2014-07-28
14,4,Arid Mesa,,Lands,4,1,American Giest,samwise88,272 tix,"$ 1,117",241547,2014-07-28,Modern Premier #7313450,modern,modern-premier-7313450,modern-premier-7313450-2014-07-28
15,3,Celestial Colonnade,,Lands,4,1,American Giest,samwise88,272 tix,"$ 1,117",241547,2014-07-28,Modern Premier #7313450,modern,modern-premier-7313450,modern-premier-7313450-2014-07-28
16,2,Hallowed Fountain,,Lands,4,1,American Giest,samwise88,272 tix,"$ 1,117",241547,2014-07-28,Modern Premier #7313450,modern,modern-premier-7313450,modern-premier-7313450-2014-07-28
17,1,Island,,Lands,4,1,American Giest,samwise88,272 tix,"$ 1,117",241547,2014-07-28,Modern Premier #7313450,modern,modern-premier-7313450,modern-premier-7313450-2014-07-28
18,1,Plains,,Lands,4,1,American Giest,samwise88,272 tix,"$ 1,117",241547,2014-07-28,Modern Premier #7313450,modern,modern-premier-7313450,modern-premier-7313450-2014-07-28
19,2,Sacred Foundry,,Lands,4,1,American Giest,samwise88,272 tix,"$ 1,117",241547,2014-07-28,Modern Premier #7313450,modern,modern-premier-7313450,modern-premier-7313450-2014-07-28
20,3,Scalding Tarn,,Lands,4,1,American Giest,samwise88,272 tix,"$ 1,117",241547,2014-07-28,Modern Premier #7313450,modern,modern-premier-7313450,modern-premier-7313450-2014-07-28
21,3,Steam Vents,,Lands,4,1,American Giest,samwise88,272 tix,"$ 1,117",241547,2014-07-28,Modern Premier #7313450,modern,modern-premier-7313450,modern-premier-7313450-2014-07-28
22,2,Sulfur Falls,,Lands,4,1,American Giest,samwise88,272 tix,"$ 1,117",241547,2014-07-28,Modern Premier #7313450,modern,modern-premier-7313450,modern-premier-7313450-2014-07-28
24,3,Wear & Tear,,Sideboard,4,1,American Giest,samwise88,272 tix,"$ 1,117",241547,2014-07-28,Modern Premier #7313450,modern,modern-premier-7313450,modern-premier-7313450-2014-07-28
25,2,Dispel,,Sideboard,4,1,American Giest,samwise88,272 tix,"$ 1,117",241547,2014-07-28,Modern Premier #7313450,modern,modern-premier-7313450,modern-premier-7313450-2014-07-28
26,1,Pillar of Flame,,Sideboard,4,1,American Giest,samwise88,272 tix,"$ 1,117",241547,2014-07-28,Modern Premier #7313450,modern,modern-premier-7313450,modern-premier-7313450-2014-07-28
27,1,Combust,,Sideboard,4,1,American Giest,samwise88,272 tix,"$ 1,117",241547,2014-07-28,Modern Premier #7313450,modern,modern-premier-7313450,modern-premier-7313450-2014-07-28
28,2,Negate,,Sideboard,4,1,American Giest,samwise88,272 tix,"$ 1,117",241547,2014-07-28,Modern Premier #7313450,modern,modern-premier-7313450,modern-premier-7313450-2014-07-28
29,3,Blade Splicer,,Sideboard,4,1,American Giest,samwise88,272 tix,"$ 1,117",241547,2014-07-28,Modern Premier #7313450,modern,modern-premier-7313450,modern-premier-7313450-2014-07-28
30,2,Izzet Staticaster,,Sideboard,4,1,American Giest,samwise88,272 tix,"$ 1,117",241547,2014-07-28,Modern Premier #7313450,modern,modern-premier-7313450,modern-premier-7313450-2014-07-28
31,1,Restoration Angel,,Sideboard,4,1,American Giest,samwise88,272 tix,"$ 1,117",241547,2014-07-28,Modern Premier #7313450,modern,modern-premier-7313450,modern-premier-7313450-2014-07-28
1,1,Dryad Arbor,,Creatures,4,1,Bogles,Arlysk,361 tix,$ 987,241544,2014-07-28,Modern Premier #7313450,modern,modern-premier-7313450,modern-premier-7313450-2014-07-28
2,4,Gladecover Scout,,Creatures,4,1,Bogles,Arlysk,361 tix,$ 987,241544,2014-07-28,Modern Premier #7313450,modern,modern-premier-7313450,modern-premier-7313450-2014-07-28
3,4,Slippery Bogle,,Creatures,4,1,Bogles,Arlysk,361 tix,$ 987,241544,2014-07-28,Modern Premier #7313450,modern,modern-premier-7313450,modern-premier-7313450-2014-07-28
4,4,Kor Spiritdancer,,Creatures,4,1,Bogles,Arlysk,361 tix,$ 987,241544,2014-07-28,Modern Premier #7313450,modern,modern-premier-7313450,modern-premier-7313450-2014-07-28
6,4,Ethereal Armor,,Enchantments,4,1,Bogles,Arlysk,361 tix,$ 987,241544,2014-07-28,Modern Premier #7313450,modern,modern-premier-7313450,modern-premier-7313450-2014-07-28
7,4,Hyena Umbra,,Enchantments,4,1,Bogles,Arlysk,361 tix,$ 987,241544,2014-07-28,Modern Premier #7313450,modern,modern-premier-7313450,modern-premier-7313450-2014-07-28
8,4,Keen Sense,,Enchantments,4,1,Bogles,Arlysk,361 tix,$ 987,241544,2014-07-28,Modern Premier #7313450,modern,modern-premier-7313450,modern-premier-7313450-2014-07-28
9,1,Lifelink,,Enchantments,4,1,Bogles,Arlysk,361 tix,$ 987,241544,2014-07-28,Modern Premier #7313450,modern,modern-premier-7313450,modern-premier-7313450-2014-07-28
10,4,Rancor,,Enchantments,4,1,Bogles,Arlysk,361 tix,$ 987,241544,2014-07-28,Modern Premier #7313450,modern,modern-premier-7313450,modern-premier-7313450-2014-07-28
11,4,Spider Umbra,,Enchantments,4,1,Bogles,Arlysk,361 tix,$ 987,241544,2014-07-28,Modern Premier #7313450,modern,modern-premier-7313450,modern-premier-7313450-2014-07-28
12,4,Daybreak Coronet,,Enchantments,4,1,Bogles,Arlysk,361 tix,$ 987,241544,2014-07-28,Modern Premier #7313450,modern,modern-premier-7313450,modern-premier-7313450-2014-07-28
13,2,Spirit Mantle,,Enchantments,4,1,Bogles,Arlysk,361 tix,$ 987,241544,2014-07-28,Modern Premier #7313450,modern,modern-premier-7313450,modern-premier-7313450-2014-07-28
15,1,Forest,,Lands,4,1,Bogles,Arlysk,361 tix,$ 987,241544,2014-07-28,Modern Premier #7313450,modern,modern-premier-7313450,modern-premier-7313450-2014-07-28
16,4,Horizon Canopy,,Lands,4,1,Bogles,Arlysk,361 tix,$ 987,241544,2014-07-28,Modern Premier #7313450,modern,modern-premier-7313450,modern-premier-7313450-2014-07-28
17,2,Misty Rainforest,,Lands,4,1,Bogles,Arlysk,361 tix,$ 987,241544,2014-07-28,Modern Premier #7313450,modern,modern-premier-7313450,modern-premier-7313450-2014-07-28
18,4,Razorverge Thicket,,Lands,4,1,Bogles,Arlysk,361 tix,$ 987,241544,2014-07-28,Modern Premier #7313450,modern,modern-premier-7313450,modern-premier-7313450-2014-07-28
19,4,Temple Garden,,Lands,4,1,Bogles,Arlysk,361 tix,$ 987,241544,2014-07-28,Modern Premier #7313450,modern,modern-premier-7313450,modern-premier-7313450-2014-07-28
20,4,Verdant Catacombs,,Lands,4,1,Bogles,Arlysk,361 tix,$ 987,241544,2014-07-28,Modern Premier #7313450,modern,modern-premier-7313450,modern-premier-7313450-2014-07-28
21,1,Wooded Bastion,,Lands,4,1,Bogles,Arlysk,361 tix,$ 987,241544,2014-07-28,Modern Premier #7313450,modern,modern-premier-7313450,modern-premier-7313450-2014-07-28
23,2,Path to Exile,,Sideboard,4,1,Bogles,Arlysk,361 tix,$ 987,241544,2014-07-28,Modern Premier #7313450,modern,modern-premier-7313450,modern-premier-7313450-2014-07-28
24,2,Rest in Peace,,Sideboard,4,1,Bogles,Arlysk,361 tix,$ 987,241544,2014-07-28,Modern Premier #7313450,modern,modern-premier-7313450,modern-premier-7313450-2014-07-28
25,2,Stony Silence,,Sideboard,4,1,Bogles,Arlysk,361 tix,$ 987,241544,2014-07-28,Modern Premier #7313450,modern,modern-premier-7313450,modern-premier-7313450-2014-07-28
26,3,Suppression Field,,Sideboard,4,1,Bogles,Arlysk,361 tix,$ 987,241544,2014-07-28,Modern Premier #7313450,modern,modern-premier-7313450,modern-premier-7313450-2014-07-28
27,2,Dismember,,Sideboard,4,1,Bogles,Arlysk,361 tix,$ 987,241544,2014-07-28,Modern Premier #7313450,modern,modern-premier-7313450,modern-premier-7313450-2014-07-28
28,4,Leyline of Sanctity,,Sideboard,4,1,Bogles,Arlysk,361 tix,$ 987,241544,2014-07-28,Modern Premier #7313450,modern,modern-premier-7313450,modern-premier-7313450-2014-07-28
1,4,Wall of Omens,,Creatures,4,1,Dead Guy Ale,pelli,293 tix,$ 864,241545,2014-07-28,Modern Premier #7313450,modern,modern-premier-7313450,modern-premier-7313450-2014-07-28
2,1,Vampire Nighthawk,,Creatures,4,1,Dead Guy Ale,pelli,293 tix,$ 864,241545,2014-07-28,Modern Premier #7313450,modern,modern-premier-7313450,modern-premier-7313450-2014-07-28
3,2,Phyrexian Obliterator,,Creatures,4,1,Dead Guy Ale,pelli,293 tix,$ 864,241545,2014-07-28,Modern Premier #7313450,modern,modern-premier-7313450,modern-premier-7313450-2014-07-28
5,3,Liliana of the Veil,,Planeswalkers,4,1,Dead Guy Ale,pelli,293 tix,$ 864,241545,2014-07-28,Modern Premier #7313450,modern,modern-premier-7313450,modern-premier-7313450-2014-07-28
6,1,"Elspeth, Knight-Errant",,Planeswalkers,4,1,Dead Guy Ale,pelli,293 tix,$ 864,241545,2014-07-28,Modern Premier #7313450,modern,modern-premier-7313450,modern-premier-7313450-2014-07-28
7,2,"Sorin, Lord of Innistrad",,Planeswalkers,4,1,Dead Guy Ale,pelli,293 tix,$ 864,241545,2014-07-28,Modern Premier #7313450,modern,modern-premier-7313450,modern-premier-7313450-2014-07-28
9,1,Slaughter Pact,,Spells,4,1,Dead Guy Ale,pelli,293 tix,$ 864,241545,2014-07-28,Modern Premier #7313450,modern,modern-premier-7313450,modern-premier-7313450-2014-07-28
10,4,Inquisition of Kozilek,,Spells,4,1,Dead Guy Ale,pelli,293 tix,$ 864,241545,2014-07-28,Modern Premier #7313450,modern,modern-premier-7313450,modern-premier-7313450-2014-07-28
11,3,Thoughtseize,,Spells,4,1,Dead Guy Ale,pelli,293 tix,$ 864,241545,2014-07-28,Modern Premier #7313450,modern,modern-premier-7313450,modern-premier-7313450-2014-07-28
12,2,Doom Blade,,Spells,4,1,Dead Guy Ale,pelli,293 tix,$ 864,241545,2014-07-28,Modern Premier #7313450,modern,modern-premier-7313450,modern-premier-7313450-2014-07-28
13,4,Smallpox,,Spells,4,1,Dead Guy Ale,pelli,293 tix,$ 864,241545,2014-07-28,Modern Premier #7313450,modern,modern-premier-7313450,modern-premier-7313450-2014-07-28
14,2,Smother,,Spells,4,1,Dead Guy Ale,pelli,293 tix,$ 864,241545,2014-07-28,Modern Premier #7313450,modern,modern-premier-7313450,modern-premier-7313450-2014-07-28
15,4,Lingering Souls,,Spells,4,1,Dead Guy Ale,pelli,293 tix,$ 864,241545,2014-07-28,Modern Premier #7313450,modern,modern-premier-7313450,modern-premier-7313450-2014-07-28
16,2,Damnation,,Spells,4,1,Dead Guy Ale,pelli,293 tix,$ 864,241545,2014-07-28,Modern Premier #7313450,modern,modern-premier-7313450,modern-premier-7313450-2014-07-28
18,4,Godless Shrine,,Lands,4,1,Dead Guy Ale,pelli,293 tix,$ 864,241545,2014-07-28,Modern Premier #7313450,modern,modern-premier-7313450,modern-premier-7313450-2014-07-28
19,4,Isolated Chapel,,Lands,4,1,Dead Guy Ale,pelli,293 tix,$ 864,241545,2014-07-28,Modern Premier #7313450,modern,modern-premier-7313450,modern-premier-7313450-2014-07-28
20,4,Marsh Flats,,Lands,4,1,Dead Guy Ale,pelli,293 tix,$ 864,241545,2014-07-28,Modern Premier #7313450,modern,modern-premier-7313450,modern-premier-7313450-2014-07-28
21,2,Plains,,Lands,4,1,Dead Guy Ale,pelli,293 tix,$ 864,241545,2014-07-28,Modern Premier #7313450,modern,modern-premier-7313450,modern-premier-7313450-2014-07-28
22,4,Swamp,,Lands,4,1,Dead Guy Ale,pelli,293 tix,$ 864,241545,2014-07-28,Modern Premier #7313450,modern,modern-premier-7313450,modern-premier-7313450-2014-07-28
23,4,Tectonic Edge,,Lands,4,1,Dead Guy Ale,pelli,293 tix,$ 864,241545,2014-07-28,Modern Premier #7313450,modern,modern-premier-7313450,modern-premier-7313450-2014-07-28
24,2,Temple of Silence,,Lands,4,1,Dead Guy Ale,pelli,293 tix,$ 864,241545,2014-07-28,Modern Premier #7313450,modern,modern-premier-7313450,modern-premier-7313450-2014-07-28
25,1,Verdant Catacombs,,Lands,4,1,Dead Guy Ale,pelli,293 tix,$ 864,241545,2014-07-28,Modern Premier #7313450,modern,modern-premier-7313450,modern-premier-7313450-2014-07-28
27,2,Duress,,Sideboard,4,1,Dead Guy Ale,pelli,293 tix,$ 864,241545,2014-07-28,Modern Premier #7313450,modern,modern-premier-7313450,modern-premier-7313450-2014-07-28
28,2,"Kataki, War's Wage",,Sideboard,4,1,Dead Guy Ale,pelli,293 tix,$ 864,241545,2014-07-28,Modern Premier #7313450,modern,modern-premier-7313450,modern-premier-7313450-2014-07-28
29,2,Rest in Peace,,Sideboard,4,1,Dead Guy Ale,pelli,293 tix,$ 864,241545,2014-07-28,Modern Premier #7313450,modern,modern-premier-7313450,modern-premier-7313450-2014-07-28
30,2,Damping Matrix,,Sideboard,4,1,Dead Guy Ale,pelli,293 tix,$ 864,241545,2014-07-28,Modern Premier #7313450,modern,modern-premier-7313450,modern-premier-7313450-2014-07-28
31,2,Lifebane Zombie,,Sideboard,4,1,Dead Guy Ale,pelli,293 tix,$ 864,241545,2014-07-28,Modern Premier #7313450,modern,modern-premier-7313450,modern-premier-7313450-2014-07-28
32,2,Rain of Tears,,Sideboard,4,1,Dead Guy Ale,pelli,293 tix,$ 864,241545,2014-07-28,Modern Premier #7313450,modern,modern-premier-7313450,modern-premier-7313450-2014-07-28
33,1,Timely Reinforcements,,Sideboard,4,1,Dead Guy Ale,pelli,293 tix,$ 864,241545,2014-07-28,Modern Premier #7313450,modern,modern-premier-7313450,modern-premier-7313450-2014-07-28
34,1,Vampire Nighthawk,,Sideboard,4,1,Dead Guy Ale,pelli,293 tix,$ 864,241545,2014-07-28,Modern Premier #7313450,modern,modern-premier-7313450,modern-premier-7313450-2014-07-28
35,1,"Linvala, Keeper of Silence",,Sideboard,4,1,Dead Guy Ale,pelli,293 tix,$ 864,241545,2014-07-28,Modern Premier #7313450,modern,modern-premier-7313450,modern-premier-7313450-2014-07-28
1,4,Noble Hierarch,,Creatures,4,1,GW Hatebears,Magerithos,487 tix,$ 850,241543,2014-07-28,Modern Premier #7313450,modern,modern-premier-7313450,modern-premier-7313450-2014-07-28
2,4,Leonin Arbiter,,Creatures,4,1,GW Hatebears,Magerithos,487 tix,$ 850,241543,2014-07-28,Modern Premier #7313450,modern,modern-premier-7313450,modern-premier-7313450-2014-07-28
3,3,Qasali Pridemage,,Creatures,4,1,GW Hatebears,Magerithos,487 tix,$ 850,241543,2014-07-28,Modern Premier #7313450,modern,modern-premier-7313450,modern-premier-7313450-2014-07-28
4,3,"Thalia, Guardian of Thraben",,Creatures,4,1,GW Hatebears,Magerithos,487 tix,$ 850,241543,2014-07-28,Modern Premier #7313450,modern,modern-premier-7313450,modern-premier-7313450-2014-07-28
5,4,Voice of Resurgence,,Creatures,4,1,GW Hatebears,Magerithos,487 tix,$ 850,241543,2014-07-28,Modern Premier #7313450,modern,modern-premier-7313450,modern-premier-7313450-2014-07-28
6,3,Aven Mindcensor,,Creatures,4,1,GW Hatebears,Magerithos,487 tix,$ 850,241543,2014-07-28,Modern Premier #7313450,modern,modern-premier-7313450,modern-premier-7313450-2014-07-28
7,4,Loxodon Smiter,,Creatures,4,1,GW Hatebears,Magerithos,487 tix,$ 850,241543,2014-07-28,Modern Premier #7313450,modern,modern-premier-7313450,modern-premier-7313450-2014-07-28
8,2,"Linvala, Keeper of Silence",,Creatures,4,1,GW Hatebears,Magerithos,487 tix,$ 850,241543,2014-07-28,Modern Premier #7313450,modern,modern-premier-7313450,modern-premier-7313450-2014-07-28
9,3,Wilt-Leaf Liege,,Creatures,4,1,GW Hatebears,Magerithos,487 tix,$ 850,241543,2014-07-28,Modern Premier #7313450,modern,modern-premier-7313450,modern-premier-7313450-2014-07-28
11,4,Path to Exile,,Spells,4,1,GW Hatebears,Magerithos,487 tix,$ 850,241543,2014-07-28,Modern Premier #7313450,modern,modern-premier-7313450,modern-premier-7313450-2014-07-28
13,4,Aether Vial,,Artifacts,4,1,GW Hatebears,Magerithos,487 tix,$ 850,241543,2014-07-28,Modern Premier #7313450,modern,modern-premier-7313450,modern-premier-7313450-2014-07-28
15,1,Forest,,Lands,4,1,GW Hatebears,Magerithos,487 tix,$ 850,241543,2014-07-28,Modern Premier #7313450,modern,modern-premier-7313450,modern-premier-7313450-2014-07-28
16,4,Ghost Quarter,,Lands,4,1,GW Hatebears,Magerithos,487 tix,$ 850,241543,2014-07-28,Modern Premier #7313450,modern,modern-premier-7313450,modern-premier-7313450-2014-07-28
17,4,Horizon Canopy,,Lands,4,1,GW Hatebears,Magerithos,487 tix,$ 850,241543,2014-07-28,Modern Premier #7313450,modern,modern-premier-7313450,modern-premier-7313450-2014-07-28
18,1,"Okina, Temple to the Grandfathers",,Lands,4,1,GW Hatebears,Magerithos,487 tix,$ 850,241543,2014-07-28,Modern Premier #7313450,modern,modern-premier-7313450,modern-premier-7313450-2014-07-28
19,2,Plains,,Lands,4,1,GW Hatebears,Magerithos,487 tix,$ 850,241543,2014-07-28,Modern Premier #7313450,modern,modern-premier-7313450,modern-premier-7313450-2014-07-28
20,4,Razorverge Thicket,,Lands,4,1,GW Hatebears,Magerithos,487 tix,$ 850,241543,2014-07-28,Modern Premier #7313450,modern,modern-premier-7313450,modern-premier-7313450-2014-07-28
21,2,Stirring Wildwood,,Lands,4,1,GW Hatebears,Magerithos,487 tix,$ 850,241543,2014-07-28,Modern Premier #7313450,modern,modern-premier-7313450,modern-premier-7313450-2014-07-28
22,4,Temple Garden,,Lands,4,1,GW Hatebears,Magerithos,487 tix,$ 850,241543,2014-07-28,Modern Premier #7313450,modern,modern-premier-7313450,modern-premier-7313450-2014-07-28
24,2,Engineered Explosives,,Sideboard,4,1,GW Hatebears,Magerithos,487 tix,$ 850,241543,2014-07-28,Modern Premier #7313450,modern,modern-premier-7313450,modern-premier-7313450-2014-07-28
25,3,Burrenton Forge-Tender,,Sideboard,4,1,GW Hatebears,Magerithos,487 tix,$ 850,241543,2014-07-28,Modern Premier #7313450,modern,modern-premier-7313450,modern-premier-7313450-2014-07-28
26,1,Relic of Progenitus,,Sideboard,4,1,GW Hatebears,Magerithos,487 tix,$ 850,241543,2014-07-28,Modern Premier #7313450,modern,modern-premier-7313450,modern-premier-7313450-2014-07-28
27,1,Rest in Peace,,Sideboard,4,1,GW Hatebears,Magerithos,487 tix,$ 850,241543,2014-07-28,Modern Premier #7313450,modern,modern-premier-7313450,modern-premier-7313450-2014-07-28
28,3,Stony Silence,,Sideboard,4,1,GW Hatebears,Magerithos,487 tix,$ 850,241543,2014-07-28,Modern Premier #7313450,modern,modern-premier-7313450,modern-premier-7313450-2014-07-28
29,2,Choke,,Sideboard,4,1,GW Hatebears,Magerithos,487 tix,$ 850,241543,2014-07-28,Modern Premier #7313450,modern,modern-premier-7313450,modern-premier-7313450-2014-07-28
30,1,Kitchen Finks,,Sideboard,4,1,GW Hatebears,Magerithos,487 tix,$ 850,241543,2014-07-28,Modern Premier #7313450,modern,modern-premier-7313450,modern-premier-7313450-2014-07-28
31,1,Ajani Steadfast,,Sideboard,4,1,GW Hatebears,Magerithos,487 tix,$ 850,241543,2014-07-28,Modern Premier #7313450,modern,modern-premier-7313450,modern-premier-7313450-2014-07-28
32,1,"Thrun, the Last Troll",,Sideboard,4,1,GW Hatebears,Magerithos,487 tix,$ 850,241543,2014-07-28,Modern Premier #7313450,modern,modern-premier-7313450,modern-premier-7313450-2014-07-28
1,4,Birds of Paradise,,Creatures,4,1,Melira Pod,settek,282 tix,$ 877,241548,2014-07-28,Modern Premier #7313450,modern,modern-premier-7313450,modern-premier-7313450-2014-07-28
2,3,Noble Hierarch,,Creatures,4,1,Melira Pod,settek,282 tix,$ 877,241548,2014-07-28,Modern Premier #7313450,modern,modern-premier-7313450,modern-premier-7313450-2014-07-28
3,1,Viscera Seer,,Creatures,4,1,Melira Pod,settek,282 tix,$ 877,241548,2014-07-28,Modern Premier #7313450,modern,modern-premier-7313450,modern-premier-7313450-2014-07-28
4,1,"Melira, Sylvok Outcast",,Creatures,4,1,Melira Pod,settek,282 tix,$ 877,241548,2014-07-28,Modern Premier #7313450,modern,modern-premier-7313450,modern-premier-7313450-2014-07-28
5,1,Qasali Pridemage,,Creatures,4,1,Melira Pod,settek,282 tix,$ 877,241548,2014-07-28,Modern Premier #7313450,modern,modern-premier-7313450,modern-premier-7313450-2014-07-28
6,1,Scavenging Ooze,,Creatures,4,1,Melira Pod,settek,282 tix,$ 877,241548,2014-07-28,Modern Premier #7313450,modern,modern-premier-7313450,modern-premier-7313450-2014-07-28
7,1,Spellskite,,Creatures,4,1,Melira Pod,settek,282 tix,$ 877,241548,2014-07-28,Modern Premier #7313450,modern,modern-premier-7313450,modern-premier-7313450-2014-07-28
8,3,Voice of Resurgence,,Creatures,4,1,Melira Pod,settek,282 tix,$ 877,241548,2014-07-28,Modern Premier #7313450,modern,modern-premier-7313450,modern-premier-7313450-2014-07-28
9,1,Wall of Roots,,Creatures,4,1,Melira Pod,settek,282 tix,$ 877,241548,2014-07-28,Modern Premier #7313450,modern,modern-premier-7313450,modern-premier-7313450-2014-07-28
10,1,Eternal Witness,,Creatures,4,1,Melira Pod,settek,282 tix,$ 877,241548,2014-07-28,Modern Premier #7313450,modern,modern-premier-7313450,modern-premier-7313450-2014-07-28
11,4,Kitchen Finks,,Creatures,4,1,Melira Pod,settek,282 tix,$ 877,241548,2014-07-28,Modern Premier #7313450,modern,modern-premier-7313450,modern-premier-7313450-2014-07-28
12,1,Orzhov Pontiff,,Creatures,4,1,Melira Pod,settek,282 tix,$ 877,241548,2014-07-28,Modern Premier #7313450,modern,modern-premier-7313450,modern-premier-7313450-2014-07-28
13,1,Sin Collector,,Creatures,4,1,Melira Pod,settek,282 tix,$ 877,241548,2014-07-28,Modern Premier #7313450,modern,modern-premier-7313450,modern-premier-7313450-2014-07-28
14,1,"Linvala, Keeper of Silence",,Creatures,4,1,Melira Pod,settek,282 tix,$ 877,241548,2014-07-28,Modern Premier #7313450,modern,modern-premier-7313450,modern-premier-7313450-2014-07-28
15,1,Murderous Redcap,,Creatures,4,1,Melira Pod,settek,282 tix,$ 877,241548,2014-07-28,Modern Premier #7313450,modern,modern-premier-7313450,modern-premier-7313450-2014-07-28
16,1,Ranger of Eos,,Creatures,4,1,Melira Pod,settek,282 tix,$ 877,241548,2014-07-28,Modern Premier #7313450,modern,modern-premier-7313450,modern-premier-7313450-2014-07-28
17,1,Restoration Angel,,Creatures,4,1,Melira Pod,settek,282 tix,$ 877,241548,2014-07-28,Modern Premier #7313450,modern,modern-premier-7313450,modern-premier-7313450-2014-07-28
18,1,Reveillark,,Creatures,4,1,Melira Pod,settek,282 tix,$ 877,241548,2014-07-28,Modern Premier #7313450,modern,modern-premier-7313450,modern-premier-7313450-2014-07-28
19,1,Shriekmaw,,Creatures,4,1,Melira Pod,settek,282 tix,$ 877,241548,2014-07-28,Modern Premier #7313450,modern,modern-premier-7313450,modern-premier-7313450-2014-07-28
21,2,Abrupt Decay,,Spells,4,1,Melira Pod,settek,282 tix,$ 877,241548,2014-07-28,Modern Premier #7313450,modern,modern-premier-7313450,modern-premier-7313450-2014-07-28
22,2,Chord of Calling,,Spells,4,1,Melira Pod,settek,282 tix,$ 877,241548,2014-07-28,Modern Premier #7313450,modern,modern-premier-7313450,modern-premier-7313450-2014-07-28
24,4,Birthing Pod,,Artifacts,4,1,Melira Pod,settek,282 tix,$ 877,241548,2014-07-28,Modern Premier #7313450,modern,modern-premier-7313450,modern-premier-7313450-2014-07-28
26,3,Forest,,Lands,4,1,Melira Pod,settek,282 tix,$ 877,241548,2014-07-28,Modern Premier #7313450,modern,modern-premier-7313450,modern-premier-7313450-2014-07-28
27,3,Gavony Township,,Lands,4,1,Melira Pod,settek,282 tix,$ 877,241548,2014-07-28,Modern Premier #7313450,modern,modern-premier-7313450,modern-premier-7313450-2014-07-28
28,1,Godless Shrine,,Lands,4,1,Melira Pod,settek,282 tix,$ 877,241548,2014-07-28,Modern Premier #7313450,modern,modern-premier-7313450,modern-premier-7313450-2014-07-28
29,4,Misty Rainforest,,Lands,4,1,Melira Pod,settek,282 tix,$ 877,241548,2014-07-28,Modern Premier #7313450,modern,modern-premier-7313450,modern-premier-7313450-2014-07-28
30,2,Overgrown Tomb,,Lands,4,1,Melira Pod,settek,282 tix,$ 877,241548,2014-07-28,Modern Premier #7313450,modern,modern-premier-7313450,modern-premier-7313450-2014-07-28
31,3,Razorverge Thicket,,Lands,4,1,Melira Pod,settek,282 tix,$ 877,241548,2014-07-28,Modern Premier #7313450,modern,modern-premier-7313450,modern-premier-7313450-2014-07-28
32,1,Swamp,,Lands,4,1,Melira Pod,settek,282 tix,$ 877,241548,2014-07-28,Modern Premier #7313450,modern,modern-premier-7313450,modern-premier-7313450-2014-07-28
33,1,Temple Garden,,Lands,4,1,Melira Pod,settek,282 tix,$ 877,241548,2014-07-28,Modern Premier #7313450,modern,modern-premier-7313450,modern-premier-7313450-2014-07-28
34,4,Verdant Catacombs,,Lands,4,1,Melira Pod,settek,282 tix,$ 877,241548,2014-07-28,Modern Premier #7313450,modern,modern-premier-7313450,modern-premier-7313450-2014-07-28
35,1,Woodland Cemetery,,Lands,4,1,Melira Pod,settek,282 tix,$ 877,241548,2014-07-28,Modern Premier #7313450,modern,modern-premier-7313450,modern-premier-7313450-2014-07-28
37,1,Burrenton Forge-Tender,,Sideboard,4,1,Melira Pod,settek,282 tix,$ 877,241548,2014-07-28,Modern Premier #7313450,modern,modern-premier-7313450,modern-premier-7313450-2014-07-28
38,4,Thoughtseize,,Sideboard,4,1,Melira Pod,settek,282 tix,$ 877,241548,2014-07-28,Modern Premier #7313450,modern,modern-premier-7313450,modern-premier-7313450-2014-07-28
39,1,Abrupt Decay,,Sideboard,4,1,Melira Pod,settek,282 tix,$ 877,241548,2014-07-28,Modern Premier #7313450,modern,modern-premier-7313450,modern-premier-7313450-2014-07-28
40,1,Scavenging Ooze,,Sideboard,4,1,Melira Pod,settek,282 tix,$ 877,241548,2014-07-28,Modern Premier #7313450,modern,modern-premier-7313450,modern-premier-7313450-2014-07-28
41,2,Dismember,,Sideboard,4,1,Melira Pod,settek,282 tix,$ 877,241548,2014-07-28,Modern Premier #7313450,modern,modern-premier-7313450,modern-premier-7313450-2014-07-28
42,1,Orzhov Pontiff,,Sideboard,4,1,Melira Pod,settek,282 tix,$ 877,241548,2014-07-28,Modern Premier #7313450,modern,modern-premier-7313450,modern-premier-7313450-2014-07-28
43,1,Reclamation Sage,,Sideboard,4,1,Melira Pod,settek,282 tix,$ 877,241548,2014-07-28,Modern Premier #7313450,modern,modern-premier-7313450,modern-premier-7313450-2014-07-28
44,1,Sin Collector,,Sideboard,4,1,Melira Pod,settek,282 tix,$ 877,241548,2014-07-28,Modern Premier #7313450,modern,modern-premier-7313450,modern-premier-7313450-2014-07-28
45,1,Entomber Exarch,,Sideboard,4,1,Melira Pod,settek,282 tix,$ 877,241548,2014-07-28,Modern Premier #7313450,modern,modern-premier-7313450,modern-premier-7313450-2014-07-28
46,1,"Thrun, the Last Troll",,Sideboard,4,1,Melira Pod,settek,282 tix,$ 877,241548,2014-07-28,Modern Premier #7313450,modern,modern-premier-7313450,modern-premier-7313450-2014-07-28
47,1,"Sigarda, Host of Herons",,Sideboard,4,1,Melira Pod,settek,282 tix,$ 877,241548,2014-07-28,Modern Premier #7313450,modern,modern-premier-7313450,modern-premier-7313450-2014-07-28
1,2,Grim Lavamancer,,Creatures,4,1,Splinter Twin,waffl3haos,335 tix,"$ 1,205",241546,2014-07-28,Modern Premier #7313450,modern,modern-premier-7313450,modern-premier-7313450-2014-07-28
2,4,Snapcaster Mage,,Creatures,4,1,Splinter Twin,waffl3haos,335 tix,"$ 1,205",241546,2014-07-28,Modern Premier #7313450,modern,modern-premier-7313450,modern-premier-7313450-2014-07-28
3,3,Deceiver Exarch,,Creatures,4,1,Splinter Twin,waffl3haos,335 tix,"$ 1,205",241546,2014-07-28,Modern Premier #7313450,modern,modern-premier-7313450,modern-premier-7313450-2014-07-28
4,3,Pestermite,,Creatures,4,1,Splinter Twin,waffl3haos,335 tix,"$ 1,205",241546,2014-07-28,Modern Premier #7313450,modern,modern-premier-7313450,modern-premier-7313450-2014-07-28
5,1,Vendilion Clique,,Creatures,4,1,Splinter Twin,waffl3haos,335 tix,"$ 1,205",241546,2014-07-28,Modern Premier #7313450,modern,modern-premier-7313450,modern-premier-7313450-2014-07-28
7,2,Flame Slash,,Spells,4,1,Splinter Twin,waffl3haos,335 tix,"$ 1,205",241546,2014-07-28,Modern Premier #7313450,modern,modern-premier-7313450,modern-premier-7313450-2014-07-28
8,4,Lightning Bolt,,Spells,4,1,Splinter Twin,waffl3haos,335 tix,"$ 1,205",241546,2014-07-28,Modern Premier #7313450,modern,modern-premier-7313450,modern-premier-7313450-2014-07-28
9,2,Peek,,Spells,4,1,Splinter Twin,waffl3haos,335 tix,"$ 1,205",241546,2014-07-28,Modern Premier #7313450,modern,modern-premier-7313450,modern-premier-7313450-2014-07-28
10,4,Serum Visions,,Spells,4,1,Splinter Twin,waffl3haos,335 tix,"$ 1,205",241546,2014-07-28,Modern Premier #7313450,modern,modern-premier-7313450,modern-premier-7313450-2014-07-28
11,4,Remand,,Spells,4,1,Splinter Twin,waffl3haos,335 tix,"$ 1,205",241546,2014-07-28,Modern Premier #7313450,modern,modern-premier-7313450,modern-premier-7313450-2014-07-28
12,1,Electrolyze,,Spells,4,1,Splinter Twin,waffl3haos,335 tix,"$ 1,205",241546,2014-07-28,Modern Premier #7313450,modern,modern-premier-7313450,modern-premier-7313450-2014-07-28
13,2,Cryptic Command,,Spells,4,1,Splinter Twin,waffl3haos,335 tix,"$ 1,205",241546,2014-07-28,Modern Premier #7313450,modern,modern-premier-7313450,modern-premier-7313450-2014-07-28
15,2,Spreading Seas,,Enchantments,4,1,Splinter Twin,waffl3haos,335 tix,"$ 1,205",241546,2014-07-28,Modern Premier #7313450,modern,modern-premier-7313450,modern-premier-7313450-2014-07-28
16,4,Splinter Twin,,Enchantments,4,1,Splinter Twin,waffl3haos,335 tix,"$ 1,205",241546,2014-07-28,Modern Premier #7313450,modern,modern-premier-7313450,modern-premier-7313450-2014-07-28
18,1,Desolate Lighthouse,,Lands,4,1,Splinter Twin,waffl3haos,335 tix,"$ 1,205",241546,2014-07-28,Modern Premier #7313450,modern,modern-premier-7313450,modern-premier-7313450-2014-07-28
19,4,Island,,Lands,4,1,Splinter Twin,waffl3haos,335 tix,"$ 1,205",241546,2014-07-28,Modern Premier #7313450,modern,modern-premier-7313450,modern-premier-7313450-2014-07-28
20,4,Misty Rainforest,,Lands,4,1,Splinter Twin,waffl3haos,335 tix,"$ 1,205",241546,2014-07-28,Modern Premier #7313450,modern,modern-premier-7313450,modern-premier-7313450-2014-07-28
21,1,Mountain,,Lands,4,1,Splinter Twin,waffl3haos,335 tix,"$ 1,205",241546,2014-07-28,Modern Premier #7313450,modern,modern-premier-7313450,modern-premier-7313450-2014-07-28
22,4,Scalding Tarn,,Lands,4,1,Splinter Twin,waffl3haos,335 tix,"$ 1,205",241546,2014-07-28,Modern Premier #7313450,modern,modern-premier-7313450,modern-premier-7313450-2014-07-28
23,3,Steam Vents,,Lands,4,1,Splinter Twin,waffl3haos,335 tix,"$ 1,205",241546,2014-07-28,Modern Premier #7313450,modern,modern-premier-7313450,modern-premier-7313450-2014-07-28
24,1,Stomping Ground,,Lands,4,1,Splinter Twin,waffl3haos,335 tix,"$ 1,205",241546,2014-07-28,Modern Premier #7313450,modern,modern-premier-7313450,modern-premier-7313450-2014-07-28
25,2,Sulfur Falls,,Lands,4,1,Splinter Twin,waffl3haos,335 tix,"$ 1,205",241546,2014-07-28,Modern Premier #7313450,modern,modern-premier-7313450,modern-premier-7313450-2014-07-28
26,2,Tectonic Edge,,Lands,4,1,Splinter Twin,waffl3haos,335 tix,"$ 1,205",241546,2014-07-28,Modern Premier #7313450,modern,modern-premier-7313450,modern-premier-7313450-2014-07-28
28,1,Engineered Explosives,,Sideboard,4,1,Splinter Twin,waffl3haos,335 tix,"$ 1,205",241546,2014-07-28,Modern Premier #7313450,modern,modern-premier-7313450,modern-premier-7313450-2014-07-28
29,2,Dispel,,Sideboard,4,1,Splinter Twin,waffl3haos,335 tix,"$ 1,205",241546,2014-07-28,Modern Premier #7313450,modern,modern-premier-7313450,modern-premier-7313450-2014-07-28
30,2,Relic of Progenitus,,Sideboard,4,1,Splinter Twin,waffl3haos,335 tix,"$ 1,205",241546,2014-07-28,Modern Premier #7313450,modern,modern-premier-7313450,modern-premier-7313450-2014-07-28
31,2,Ancient Grudge,,Sideboard,4,1,Splinter Twin,waffl3haos,335 tix,"$ 1,205",241546,2014-07-28,Modern Premier #7313450,modern,modern-premier-7313450,modern-premier-7313450-2014-07-28
32,1,Negate,,Sideboard,4,1,Splinter Twin,waffl3haos,335 tix,"$ 1,205",241546,2014-07-28,Modern Premier #7313450,modern,modern-premier-7313450,modern-premier-7313450-2014-07-28
33,1,Spellskite,,Sideboard,4,1,Splinter Twin,waffl3haos,335 tix,"$ 1,205",241546,2014-07-28,Modern Premier #7313450,modern,modern-premier-7313450,modern-premier-7313450-2014-07-28
34,2,Anger of the Gods,,Sideboard,4,1,Splinter Twin,waffl3haos,335 tix,"$ 1,205",241546,2014-07-28,Modern Premier #7313450,modern,modern-premier-7313450,modern-premier-7313450-2014-07-28
35,2,Blood Moon,,Sideboard,4,1,Splinter Twin,waffl3haos,335 tix,"$ 1,205",241546,2014-07-28,Modern Premier #7313450,modern,modern-premier-7313450,modern-premier-7313450-2014-07-28
36,1,Batterskull,,Sideboard,4,1,Splinter Twin,waffl3haos,335 tix,"$ 1,205",241546,2014-07-28,Modern Premier #7313450,modern,modern-premier-7313450,modern-premier-7313450-2014-07-28
37,1,"Keranos, God of Storms",,Sideboard,4,1,Splinter Twin,waffl3haos,335 tix,"$ 1,205",241546,2014-07-28,Modern Premier #7313450,modern,modern-premier-7313450,modern-premier-7313450-2014-07-28
1,4,Delver of Secrets,,Creatures,4,1,UR Delver,MR_Thompson,252 tix,"$ 1,001",241541,2014-07-28,Modern Premier #7313450,modern,modern-premier-7313450,modern-premier-7313450-2014-07-28
2,2,Grim Lavamancer,,Creatures,4,1,UR Delver,MR_Thompson,252 tix,"$ 1,001",241541,2014-07-28,Modern Premier #7313450,modern,modern-premier-7313450,modern-premier-7313450-2014-07-28
3,4,Snapcaster Mage,,Creatures,4,1,UR Delver,MR_Thompson,252 tix,"$ 1,001",241541,2014-07-28,Modern Premier #7313450,modern,modern-premier-7313450,modern-premier-7313450-2014-07-28
4,4,Young Pyromancer,,Creatures,4,1,UR Delver,MR_Thompson,252 tix,"$ 1,001",241541,2014-07-28,Modern Premier #7313450,modern,modern-premier-7313450,modern-premier-7313450-2014-07-28
6,4,Gitaxian Probe,,Spells,4,1,UR Delver,MR_Thompson,252 tix,"$ 1,001",241541,2014-07-28,Modern Premier #7313450,modern,modern-premier-7313450,modern-premier-7313450-2014-07-28
7,4,Lightning Bolt,,Spells,4,1,UR Delver,MR_Thompson,252 tix,"$ 1,001",241541,2014-07-28,Modern Premier #7313450,modern,modern-premier-7313450,modern-premier-7313450-2014-07-28
8,2,Pillar of Flame,,Spells,4,1,UR Delver,MR_Thompson,252 tix,"$ 1,001",241541,2014-07-28,Modern Premier #7313450,modern,modern-premier-7313450,modern-premier-7313450-2014-07-28
9,4,Serum Visions,,Spells,4,1,UR Delver,MR_Thompson,252 tix,"$ 1,001",241541,2014-07-28,Modern Premier #7313450,modern,modern-premier-7313450,modern-premier-7313450-2014-07-28
10,1,Spell Pierce,,Spells,4,1,UR Delver,MR_Thompson,252 tix,"$ 1,001",241541,2014-07-28,Modern Premier #7313450,modern,modern-premier-7313450,modern-premier-7313450-2014-07-28
11,2,Spell Snare,,Spells,4,1,UR Delver,MR_Thompson,252 tix,"$ 1,001",241541,2014-07-28,Modern Premier #7313450,modern,modern-premier-7313450,modern-premier-7313450-2014-07-28
12,2,Vapor Snag,,Spells,4,1,UR Delver,MR_Thompson,252 tix,"$ 1,001",241541,2014-07-28,Modern Premier #7313450,modern,modern-premier-7313450,modern-premier-7313450-2014-07-28
13,3,Mana Leak,,Spells,4,1,UR Delver,MR_Thompson,252 tix,"$ 1,001",241541,2014-07-28,Modern Premier #7313450,modern,modern-premier-7313450,modern-premier-7313450-2014-07-28
14,3,Remand,,Spells,4,1,UR Delver,MR_Thompson,252 tix,"$ 1,001",241541,2014-07-28,Modern Premier #7313450,modern,modern-premier-7313450,modern-premier-7313450-2014-07-28
15,1,Electrolyze,,Spells,4,1,UR Delver,MR_Thompson,252 tix,"$ 1,001",241541,2014-07-28,Modern Premier #7313450,modern,modern-premier-7313450,modern-premier-7313450-2014-07-28
17,1,Sword of Fire and Ice,,Artifacts,4,1,UR Delver,MR_Thompson,252 tix,"$ 1,001",241541,2014-07-28,Modern Premier #7313450,modern,modern-premier-7313450,modern-premier-7313450-2014-07-28
19,6,Island,,Lands,4,1,UR Delver,MR_Thompson,252 tix,"$ 1,001",241541,2014-07-28,Modern Premier #7313450,modern,modern-premier-7313450,modern-premier-7313450-2014-07-28
20,2,Mountain,,Lands,4,1,UR Delver,MR_Thompson,252 tix,"$ 1,001",241541,2014-07-28,Modern Premier #7313450,modern,modern-premier-7313450,modern-premier-7313450-2014-07-28
21,4,Scalding Tarn,,Lands,4,1,UR Delver,MR_Thompson,252 tix,"$ 1,001",241541,2014-07-28,Modern Premier #7313450,modern,modern-premier-7313450,modern-premier-7313450-2014-07-28
22,4,Steam Vents,,Lands,4,1,UR Delver,MR_Thompson,252 tix,"$ 1,001",241541,2014-07-28,Modern Premier #7313450,modern,modern-premier-7313450,modern-premier-7313450-2014-07-28
23,3,Sulfur Falls,,Lands,4,1,UR Delver,MR_Thompson,252 tix,"$ 1,001",241541,2014-07-28,Modern Premier #7313450,modern,modern-premier-7313450,modern-premier-7313450-2014-07-28
25,1,Engineered Explosives,,Sideboard,4,1,UR Delver,MR_Thompson,252 tix,"$ 1,001",241541,2014-07-28,Modern Premier #7313450,modern,modern-premier-7313450,modern-premier-7313450-2014-07-28
26,2,Relic of Progenitus,,Sideboard,4,1,UR Delver,MR_Thompson,252 tix,"$ 1,001",241541,2014-07-28,Modern Premier #7313450,modern,modern-premier-7313450,modern-premier-7313450-2014-07-28
27,2,Shattering Spree,,Sideboard,4,1,UR Delver,MR_Thompson,252 tix,"$ 1,001",241541,2014-07-28,Modern Premier #7313450,modern,modern-premier-7313450,modern-premier-7313450-2014-07-28
28,2,Combust,,Sideboard,4,1,UR Delver,MR_Thompson,252 tix,"$ 1,001",241541,2014-07-28,Modern Premier #7313450,modern,modern-premier-7313450,modern-premier-7313450-2014-07-28
29,2,Spellskite,,Sideboard,4,1,UR Delver,MR_Thompson,252 tix,"$ 1,001",241541,2014-07-28,Modern Premier #7313450,modern,modern-premier-7313450,modern-premier-7313450-2014-07-28
30,2,Blood Moon,,Sideboard,4,1,UR Delver,MR_Thompson,252 tix,"$ 1,001",241541,2014-07-28,Modern Premier #7313450,modern,modern-premier-7313450,modern-premier-7313450-2014-07-28
31,2,Counterflux,,Sideboard,4,1,UR Delver,MR_Thompson,252 tix,"$ 1,001",241541,2014-07-28,Modern Premier #7313450,modern,modern-premier-7313450,modern-premier-7313450-2014-07-28
32,1,Izzet Staticaster,,Sideboard,4,1,UR Delver,MR_Thompson,252 tix,"$ 1,001",241541,2014-07-28,Modern Premier #7313450,modern,modern-premier-7313450,modern-premier-7313450-2014-07-28
33,1,Threads of Disloyalty,,Sideboard,4,1,UR Delver,MR_Thompson,252 tix,"$ 1,001",241541,2014-07-28,Modern Premier #7313450,modern,modern-premier-7313450,modern-premier-7313450-2014-07-28
1,4,Goblin Guide,,Creatures,3,2,Gruul Zoo,Boin,334 tix,"$ 1,202",241551,2014-07-28,Modern Premier #7313450,modern,modern-premier-7313450,modern-premier-7313450-2014-07-28
2,4,Grim Lavamancer,,Creatures,3,2,Gruul Zoo,Boin,334 tix,"$ 1,202",241551,2014-07-28,Modern Premier #7313450,modern,modern-premier-7313450,modern-premier-7313450-2014-07-28
3,4,Kird Ape,,Creatures,3,2,Gruul Zoo,Boin,334 tix,"$ 1,202",241551,2014-07-28,Modern Premier #7313450,modern,modern-premier-7313450,modern-premier-7313450-2014-07-28
4,4,Wild Nacatl,,Creatures,3,2,Gruul Zoo,Boin,334 tix,"$ 1,202",241551,2014-07-28,Modern Premier #7313450,modern,modern-premier-7313450,modern-premier-7313450-2014-07-28
5,4,Eidolon of the Great Revel,,Creatures,3,2,Gruul Zoo,Boin,334 tix,"$ 1,202",241551,2014-07-28,Modern Premier #7313450,modern,modern-premier-7313450,modern-premier-7313450-2014-07-28
6,4,Tarmogoyf,,Creatures,3,2,Gruul Zoo,Boin,334 tix,"$ 1,202",241551,2014-07-28,Modern Premier #7313450,modern,modern-premier-7313450,modern-premier-7313450-2014-07-28
8,4,Lightning Bolt,,Spells,3,2,Gruul Zoo,Boin,334 tix,"$ 1,202",241551,2014-07-28,Modern Premier #7313450,modern,modern-premier-7313450,modern-premier-7313450-2014-07-28
9,4,Path to Exile,,Spells,3,2,Gruul Zoo,Boin,334 tix,"$ 1,202",241551,2014-07-28,Modern Premier #7313450,modern,modern-premier-7313450,modern-premier-7313450-2014-07-28
10,3,Pillar of Flame,,Spells,3,2,Gruul Zoo,Boin,334 tix,"$ 1,202",241551,2014-07-28,Modern Premier #7313450,modern,modern-premier-7313450,modern-premier-7313450-2014-07-28
11,4,Searing Blaze,,Spells,3,2,Gruul Zoo,Boin,334 tix,"$ 1,202",241551,2014-07-28,Modern Premier #7313450,modern,modern-premier-7313450,modern-premier-7313450-2014-07-28
13,4,Arid Mesa,,Lands,3,2,Gruul Zoo,Boin,334 tix,"$ 1,202",241551,2014-07-28,Modern Premier #7313450,modern,modern-premier-7313450,modern-premier-7313450-2014-07-28
14,4,Copperline Gorge,,Lands,3,2,Gruul Zoo,Boin,334 tix,"$ 1,202",241551,2014-07-28,Modern Premier #7313450,modern,modern-premier-7313450,modern-premier-7313450-2014-07-28
15,4,Sacred Foundry,,Lands,3,2,Gruul Zoo,Boin,334 tix,"$ 1,202",241551,2014-07-28,Modern Premier #7313450,modern,modern-premier-7313450,modern-premier-7313450-2014-07-28
16,4,Scalding Tarn,,Lands,3,2,Gruul Zoo,Boin,334 tix,"$ 1,202",241551,2014-07-28,Modern Premier #7313450,modern,modern-premier-7313450,modern-premier-7313450-2014-07-28
17,1,Snow-Covered Mountain,,Lands,3,2,Gruul Zoo,Boin,334 tix,"$ 1,202",241551,2014-07-28,Modern Premier #7313450,modern,modern-premier-7313450,modern-premier-7313450-2014-07-28
18,4,Stomping Ground,,Lands,3,2,Gruul Zoo,Boin,334 tix,"$ 1,202",241551,2014-07-28,Modern Premier #7313450,modern,modern-premier-7313450,modern-premier-7313450-2014-07-28
20,1,Mutavault,,Sideboard,3,2,Gruul Zoo,Boin,334 tix,"$ 1,202",241551,2014-07-28,Modern Premier #7313450,modern,modern-premier-7313450,modern-premier-7313450-2014-07-28
21,3,Ancient Grudge,,Sideboard,3,2,Gruul Zoo,Boin,334 tix,"$ 1,202",241551,2014-07-28,Modern Premier #7313450,modern,modern-premier-7313450,modern-premier-7313450-2014-07-28
22,2,Arc Trail,,Sideboard,3,2,Gruul Zoo,Boin,334 tix,"$ 1,202",241551,2014-07-28,Modern Premier #7313450,modern,modern-premier-7313450,modern-premier-7313450-2014-07-28
23,2,Shrine of Burning Rage,,Sideboard,3,2,Gruul Zoo,Boin,334 tix,"$ 1,202",241551,2014-07-28,Modern Premier #7313450,modern,modern-premier-7313450,modern-premier-7313450-2014-07-28
24,4,Molten Rain,,Sideboard,3,2,Gruul Zoo,Boin,334 tix,"$ 1,202",241551,2014-07-28,Modern Premier #7313450,modern,modern-premier-7313450,modern-premier-7313450-2014-07-28
25,2,Shatterstorm,,Sideboard,3,2,Gruul Zoo,Boin,334 tix,"$ 1,202",241551,2014-07-28,Modern Premier #7313450,modern,modern-premier-7313450,modern-premier-7313450-2014-07-28
1,1,Avacyn's Pilgrim,,Creatures,3,2,Melira Pod,mikulas,236 tix,$ 822,241549,2014-07-28,Modern Premier #7313450,modern,modern-premier-7313450,modern-premier-7313450-2014-07-28
2,4,Birds of Paradise,,Creatures,3,2,Melira Pod,mikulas,236 tix,$ 822,241549,2014-07-28,Modern Premier #7313450,modern,modern-premier-7313450,modern-premier-7313450-2014-07-28
3,2,Noble Hierarch,,Creatures,3,2,Melira Pod,mikulas,236 tix,$ 822,241549,2014-07-28,Modern Premier #7313450,modern,modern-premier-7313450,modern-premier-7313450-2014-07-28
4,1,Viscera Seer,,Creatures,3,2,Melira Pod,mikulas,236 tix,$ 822,241549,2014-07-28,Modern Premier #7313450,modern,modern-premier-7313450,modern-premier-7313450-2014-07-28
5,1,"Melira, Sylvok Outcast",,Creatures,3,2,Melira Pod,mikulas,236 tix,$ 822,241549,2014-07-28,Modern Premier #7313450,modern,modern-premier-7313450,modern-premier-7313450-2014-07-28
6,1,Qasali Pridemage,,Creatures,3,2,Melira Pod,mikulas,236 tix,$ 822,241549,2014-07-28,Modern Premier #7313450,modern,modern-premier-7313450,modern-premier-7313450-2014-07-28
7,1,Scavenging Ooze,,Creatures,3,2,Melira Pod,mikulas,236 tix,$ 822,241549,2014-07-28,Modern Premier #7313450,modern,modern-premier-7313450,modern-premier-7313450-2014-07-28
8,1,Spellskite,,Creatures,3,2,Melira Pod,mikulas,236 tix,$ 822,241549,2014-07-28,Modern Premier #7313450,modern,modern-premier-7313450,modern-premier-7313450-2014-07-28
9,2,Voice of Resurgence,,Creatures,3,2,Melira Pod,mikulas,236 tix,$ 822,241549,2014-07-28,Modern Premier #7313450,modern,modern-premier-7313450,modern-premier-7313450-2014-07-28
10,1,Wall of Roots,,Creatures,3,2,Melira Pod,mikulas,236 tix,$ 822,241549,2014-07-28,Modern Premier #7313450,modern,modern-premier-7313450,modern-premier-7313450-2014-07-28
11,1,Eternal Witness,,Creatures,3,2,Melira Pod,mikulas,236 tix,$ 822,241549,2014-07-28,Modern Premier #7313450,modern,modern-premier-7313450,modern-premier-7313450-2014-07-28
12,3,Kitchen Finks,,Creatures,3,2,Melira Pod,mikulas,236 tix,$ 822,241549,2014-07-28,Modern Premier #7313450,modern,modern-premier-7313450,modern-premier-7313450-2014-07-28
13,1,Orzhov Pontiff,,Creatures,3,2,Melira Pod,mikulas,236 tix,$ 822,241549,2014-07-28,Modern Premier #7313450,modern,modern-premier-7313450,modern-premier-7313450-2014-07-28
14,1,Sin Collector,,Creatures,3,2,Melira Pod,mikulas,236 tix,$ 822,241549,2014-07-28,Modern Premier #7313450,modern,modern-premier-7313450,modern-premier-7313450-2014-07-28
15,1,Spike Feeder,,Creatures,3,2,Melira Pod,mikulas,236 tix,$ 822,241549,2014-07-28,Modern Premier #7313450,modern,modern-premier-7313450,modern-premier-7313450-2014-07-28
16,1,"Linvala, Keeper of Silence",,Creatures,3,2,Melira Pod,mikulas,236 tix,$ 822,241549,2014-07-28,Modern Premier #7313450,modern,modern-premier-7313450,modern-premier-7313450-2014-07-28
17,1,Murderous Redcap,,Creatures,3,2,Melira Pod,mikulas,236 tix,$ 822,241549,2014-07-28,Modern Premier #7313450,modern,modern-premier-7313450,modern-premier-7313450-2014-07-28
18,1,Ranger of Eos,,Creatures,3,2,Melira Pod,mikulas,236 tix,$ 822,241549,2014-07-28,Modern Premier #7313450,modern,modern-premier-7313450,modern-premier-7313450-2014-07-28
19,1,Restoration Angel,,Creatures,3,2,Melira Pod,mikulas,236 tix,$ 822,241549,2014-07-28,Modern Premier #7313450,modern,modern-premier-7313450,modern-premier-7313450-2014-07-28
20,1,Archangel of Thune,,Creatures,3,2,Melira Pod,mikulas,236 tix,$ 822,241549,2014-07-28,Modern Premier #7313450,modern,modern-premier-7313450,modern-premier-7313450-2014-07-28
21,1,Reveillark,,Creatures,3,2,Melira Pod,mikulas,236 tix,$ 822,241549,2014-07-28,Modern Premier #7313450,modern,modern-premier-7313450,modern-premier-7313450-2014-07-28
22,1,Shriekmaw,,Creatures,3,2,Melira Pod,mikulas,236 tix,$ 822,241549,2014-07-28,Modern Premier #7313450,modern,modern-premier-7313450,modern-premier-7313450-2014-07-28
24,2,Abrupt Decay,,Spells,3,2,Melira Pod,mikulas,236 tix,$ 822,241549,2014-07-28,Modern Premier #7313450,modern,modern-premier-7313450,modern-premier-7313450-2014-07-28
25,2,Chord of Calling,,Spells,3,2,Melira Pod,mikulas,236 tix,$ 822,241549,2014-07-28,Modern Premier #7313450,modern,modern-premier-7313450,modern-premier-7313450-2014-07-28
27,4,Birthing Pod,,Artifacts,3,2,Melira Pod,mikulas,236 tix,$ 822,241549,2014-07-28,Modern Premier #7313450,modern,modern-premier-7313450,modern-premier-7313450-2014-07-28
29,3,Forest,,Lands,3,2,Melira Pod,mikulas,236 tix,$ 822,241549,2014-07-28,Modern Premier #7313450,modern,modern-premier-7313450,modern-premier-7313450-2014-07-28
30,3,Gavony Township,,Lands,3,2,Melira Pod,mikulas,236 tix,$ 822,241549,2014-07-28,Modern Premier #7313450,modern,modern-premier-7313450,modern-premier-7313450-2014-07-28
31,1,Godless Shrine,,Lands,3,2,Melira Pod,mikulas,236 tix,$ 822,241549,2014-07-28,Modern Premier #7313450,modern,modern-premier-7313450,modern-premier-7313450-2014-07-28
32,2,Marsh Flats,,Lands,3,2,Melira Pod,mikulas,236 tix,$ 822,241549,2014-07-28,Modern Premier #7313450,modern,modern-premier-7313450,modern-premier-7313450-2014-07-28
33,3,Misty Rainforest,,Lands,3,2,Melira Pod,mikulas,236 tix,$ 822,241549,2014-07-28,Modern Premier #7313450,modern,modern-premier-7313450,modern-premier-7313450-2014-07-28
34,2,Overgrown Tomb,,Lands,3,2,Melira Pod,mikulas,236 tix,$ 822,241549,2014-07-28,Modern Premier #7313450,modern,modern-premier-7313450,modern-premier-7313450-2014-07-28
35,1,Plains,,Lands,3,2,Melira Pod,mikulas,236 tix,$ 822,241549,2014-07-28,Modern Premier #7313450,modern,modern-premier-7313450,modern-premier-7313450-2014-07-28
36,3,Razorverge Thicket,,Lands,3,2,Melira Pod,mikulas,236 tix,$ 822,241549,2014-07-28,Modern Premier #7313450,modern,modern-premier-7313450,modern-premier-7313450-2014-07-28
37,1,Swamp,,Lands,3,2,Melira Pod,mikulas,236 tix,$ 822,241549,2014-07-28,Modern Premier #7313450,modern,modern-premier-7313450,modern-premier-7313450-2014-07-28
38,1,Temple Garden,,Lands,3,2,Melira Pod,mikulas,236 tix,$ 822,241549,2014-07-28,Modern Premier #7313450,modern,modern-premier-7313450,modern-premier-7313450-2014-07-28
39,3,Verdant Catacombs,,Lands,3,2,Melira Pod,mikulas,236 tix,$ 822,241549,2014-07-28,Modern Premier #7313450,modern,modern-premier-7313450,modern-premier-7313450-2014-07-28
41,2,Path to Exile,,Sideboard,3,2,Melira Pod,mikulas,236 tix,$ 822,241549,2014-07-28,Modern Premier #7313450,modern,modern-premier-7313450,modern-premier-7313450-2014-07-28
42,4,Thoughtseize,,Sideboard,3,2,Melira Pod,mikulas,236 tix,$ 822,241549,2014-07-28,Modern Premier #7313450,modern,modern-premier-7313450,modern-premier-7313450-2014-07-28
43,1,"Kataki, War's Wage",,Sideboard,3,2,Melira Pod,mikulas,236 tix,$ 822,241549,2014-07-28,Modern Premier #7313450,modern,modern-premier-7313450,modern-premier-7313450-2014-07-28
44,1,Aven Mindcensor,,Sideboard,3,2,Melira Pod,mikulas,236 tix,$ 822,241549,2014-07-28,Modern Premier #7313450,modern,modern-premier-7313450,modern-premier-7313450-2014-07-28
45,1,Dismember,,Sideboard,3,2,Melira Pod,mikulas,236 tix,$ 822,241549,2014-07-28,Modern Premier #7313450,modern,modern-premier-7313450,modern-premier-7313450-2014-07-28
46,1,Eidolon of Rhetoric,,Sideboard,3,2,Melira Pod,mikulas,236 tix,$ 822,241549,2014-07-28,Modern Premier #7313450,modern,modern-premier-7313450,modern-premier-7313450-2014-07-28
47,1,Harmonic Sliver,,Sideboard,3,2,Melira Pod,mikulas,236 tix,$ 822,241549,2014-07-28,Modern Premier #7313450,modern,modern-premier-7313450,modern-premier-7313450-2014-07-28
48,2,Lingering Souls,,Sideboard,3,2,Melira Pod,mikulas,236 tix,$ 822,241549,2014-07-28,Modern Premier #7313450,modern,modern-premier-7313450,modern-premier-7313450-2014-07-28
49,1,Entomber Exarch,,Sideboard,3,2,Melira Pod,mikulas,236 tix,$ 822,241549,2014-07-28,Modern Premier #7313450,modern,modern-premier-7313450,modern-premier-7313450-2014-07-28
50,1,"Thrun, the Last Troll",,Sideboard,3,2,Melira Pod,mikulas,236 tix,$ 822,241549,2014-07-28,Modern Premier #7313450,modern,modern-premier-7313450,modern-premier-7313450-2014-07-28
1,4,Cursecatcher,,Creatures,3,2,Merfolk,_j3n10,148 tix,$ 424,241550,2014-07-28,Modern Premier #7313450,modern,modern-premier-7313450,modern-premier-7313450-2014-07-28
2,2,Coralhelm Commander,,Creatures,3,2,Merfolk,_j3n10,148 tix,$ 424,241550,2014-07-28,Modern Premier #7313450,modern,modern-premier-7313450,modern-premier-7313450-2014-07-28
3,4,Lord of Atlantis,,Creatures,3,2,Merfolk,_j3n10,148 tix,$ 424,241550,2014-07-28,Modern Premier #7313450,modern,modern-premier-7313450,modern-premier-7313450-2014-07-28
4,4,Master of the Pearl Trident,,Creatures,3,2,Merfolk,_j3n10,148 tix,$ 424,241550,2014-07-28,Modern Premier #7313450,modern,modern-premier-7313450,modern-premier-7313450-2014-07-28
5,4,Silvergill Adept,,Creatures,3,2,Merfolk,_j3n10,148 tix,$ 424,241550,2014-07-28,Modern Premier #7313450,modern,modern-premier-7313450,modern-premier-7313450-2014-07-28
6,1,"Sygg, River Cutthroat",,Creatures,3,2,Merfolk,_j3n10,148 tix,$ 424,241550,2014-07-28,Modern Premier #7313450,modern,modern-premier-7313450,modern-premier-7313450-2014-07-28
7,1,"Kira, Great Glass-Spinner",,Creatures,3,2,Merfolk,_j3n10,148 tix,$ 424,241550,2014-07-28,Modern Premier #7313450,modern,modern-premier-7313450,modern-premier-7313450-2014-07-28
8,4,Merrow Reejerey,,Creatures,3,2,Merfolk,_j3n10,148 tix,$ 424,241550,2014-07-28,Modern Premier #7313450,modern,modern-premier-7313450,modern-premier-7313450-2014-07-28
9,1,"Thassa, God of the Sea",,Creatures,3,2,Merfolk,_j3n10,148 tix,$ 424,241550,2014-07-28,Modern Premier #7313450,modern,modern-premier-7313450,modern-premier-7313450-2014-07-28
10,2,Master of Waves,,Creatures,3,2,Merfolk,_j3n10,148 tix,$ 424,241550,2014-07-28,Modern Premier #7313450,modern,modern-premier-7313450,modern-premier-7313450-2014-07-28
12,1,Vapor Snag,,Spells,3,2,Merfolk,_j3n10,148 tix,$ 424,241550,2014-07-28,Modern Premier #7313450,modern,modern-premier-7313450,modern-premier-7313450-2014-07-28
13,2,Deprive,,Spells,3,2,Merfolk,_j3n10,148 tix,$ 424,241550,2014-07-28,Modern Premier #7313450,modern,modern-premier-7313450,modern-premier-7313450-2014-07-28
14,1,Echoing Truth,,Spells,3,2,Merfolk,_j3n10,148 tix,$ 424,241550,2014-07-28,Modern Premier #7313450,modern,modern-premier-7313450,modern-premier-7313450-2014-07-28
15,1,Cryptic Command,,Spells,3,2,Merfolk,_j3n10,148 tix,$ 424,241550,2014-07-28,Modern Premier #7313450,modern,modern-premier-7313450,modern-premier-7313450-2014-07-28
17,4,Aether Vial,,Artifacts,3,2,Merfolk,_j3n10,148 tix,$ 424,241550,2014-07-28,Modern Premier #7313450,modern,modern-premier-7313450,modern-premier-7313450-2014-07-28
19,4,Spreading Seas,,Enchantments,3,2,Merfolk,_j3n10,148 tix,$ 424,241550,2014-07-28,Modern Premier #7313450,modern,modern-premier-7313450,modern-premier-7313450-2014-07-28
21,16,Island,,Lands,3,2,Merfolk,_j3n10,148 tix,$ 424,241550,2014-07-28,Modern Premier #7313450,modern,modern-premier-7313450,modern-premier-7313450-2014-07-28
22,4,Mutavault,,Lands,3,2,Merfolk,_j3n10,148 tix,$ 424,241550,2014-07-28,Modern Premier #7313450,modern,modern-premier-7313450,modern-premier-7313450-2014-07-28
24,1,Grafdigger's Cage,,Sideboard,3,2,Merfolk,_j3n10,148 tix,$ 424,241550,2014-07-28,Modern Premier #7313450,modern,modern-premier-7313450,modern-premier-7313450-2014-07-28
25,1,Pithing Needle,,Sideboard,3,2,Merfolk,_j3n10,148 tix,$ 424,241550,2014-07-28,Modern Premier #7313450,modern,modern-premier-7313450,modern-premier-7313450-2014-07-28
26,1,Relic of Progenitus,,Sideboard,3,2,Merfolk,_j3n10,148 tix,$ 424,241550,2014-07-28,Modern Premier #7313450,modern,modern-premier-7313450,modern-premier-7313450-2014-07-28
27,2,Steel Sabotage,,Sideboard,3,2,Merfolk,_j3n10,148 tix,$ 424,241550,2014-07-28,Modern Premier #7313450,modern,modern-premier-7313450,modern-premier-7313450-2014-07-28
28,2,Swan Song,,Sideboard,3,2,Merfolk,_j3n10,148 tix,$ 424,241550,2014-07-28,Modern Premier #7313450,modern,modern-premier-7313450,modern-premier-7313450-2014-07-28
29,1,Deprive,,Sideboard,3,2,Merfolk,_j3n10,148 tix,$ 424,241550,2014-07-28,Modern Premier #7313450,modern,modern-premier-7313450,modern-premier-7313450-2014-07-28
30,1,Redirect,,Sideboard,3,2,Merfolk,_j3n10,148 tix,$ 424,241550,2014-07-28,Modern Premier #7313450,modern,modern-premier-7313450,modern-premier-7313450-2014-07-28
31,1,Spellskite,,Sideboard,3,2,Merfolk,_j3n10,148 tix,$ 424,241550,2014-07-28,Modern Premier #7313450,modern,modern-premier-7313450,modern-premier-7313450-2014-07-28
32,2,Dismember,,Sideboard,3,2,Merfolk,_j3n10,148 tix,$ 424,241550,2014-07-28,Modern Premier #7313450,modern,modern-premier-7313450,modern-premier-7313450-2014-07-28
33,1,Sword of Fire and Ice,,Sideboard,3,2,Merfolk,_j3n10,148 tix,$ 424,241550,2014-07-28,Modern Premier #7313450,modern,modern-premier-7313450,modern-premier-7313450-2014-07-28
34,2,Threads of Disloyalty,,Sideboard,3,2,Merfolk,_j3n10,148 tix,$ 424,241550,2014-07-28,Modern Premier #7313450,modern,modern-premier-7313450,modern-premier-7313450-2014-07-28
1,3,Memnite,,Creatures,4,0,Affinity,Karna33,302 tix,$ 799,241555,2014-07-28,Modern Daily #7313485,modern,modern-daily-7313485,modern-daily-7313485-2014-07-28
2,4,Ornithopter,,Creatures,4,0,Affinity,Karna33,302 tix,$ 799,241555,2014-07-28,Modern Daily #7313485,modern,modern-daily-7313485,modern-daily-7313485-2014-07-28
3,4,Signal Pest,,Creatures,4,0,Affinity,Karna33,302 tix,$ 799,241555,2014-07-28,Modern Daily #7313485,modern,modern-daily-7313485,modern-daily-7313485-2014-07-28
4,4,Arcbound Ravager,,Creatures,4,0,Affinity,Karna33,302 tix,$ 799,241555,2014-07-28,Modern Daily #7313485,modern,modern-daily-7313485,modern-daily-7313485-2014-07-28
5,3,Steel Overseer,,Creatures,4,0,Affinity,Karna33,302 tix,$ 799,241555,2014-07-28,Modern Daily #7313485,modern,modern-daily-7313485,modern-daily-7313485-2014-07-28
6,4,Vault Skirge,,Creatures,4,0,Affinity,Karna33,302 tix,$ 799,241555,2014-07-28,Modern Daily #7313485,modern,modern-daily-7313485,modern-daily-7313485-2014-07-28
7,3,Etched Champion,,Creatures,4,0,Affinity,Karna33,302 tix,$ 799,241555,2014-07-28,Modern Daily #7313485,modern,modern-daily-7313485,modern-daily-7313485-2014-07-28
8,1,Master of Etherium,,Creatures,4,0,Affinity,Karna33,302 tix,$ 799,241555,2014-07-28,Modern Daily #7313485,modern,modern-daily-7313485,modern-daily-7313485-2014-07-28
10,3,Galvanic Blast,,Spells,4,0,Affinity,Karna33,302 tix,$ 799,241555,2014-07-28,Modern Daily #7313485,modern,modern-daily-7313485,modern-daily-7313485-2014-07-28
11,3,Thoughtcast,,Spells,4,0,Affinity,Karna33,302 tix,$ 799,241555,2014-07-28,Modern Daily #7313485,modern,modern-daily-7313485,modern-daily-7313485-2014-07-28
13,3,Mox Opal,,Artifacts,4,0,Affinity,Karna33,302 tix,$ 799,241555,2014-07-28,Modern Daily #7313485,modern,modern-daily-7313485,modern-daily-7313485-2014-07-28
14,4,Springleaf Drum,,Artifacts,4,0,Affinity,Karna33,302 tix,$ 799,241555,2014-07-28,Modern Daily #7313485,modern,modern-daily-7313485,modern-daily-7313485-2014-07-28
15,4,Cranial Plating,,Artifacts,4,0,Affinity,Karna33,302 tix,$ 799,241555,2014-07-28,Modern Daily #7313485,modern,modern-daily-7313485,modern-daily-7313485-2014-07-28
17,4,Blinkmoth Nexus,,Lands,4,0,Affinity,Karna33,302 tix,$ 799,241555,2014-07-28,Modern Daily #7313485,modern,modern-daily-7313485,modern-daily-7313485-2014-07-28
18,4,Darksteel Citadel,,Lands,4,0,Affinity,Karna33,302 tix,$ 799,241555,2014-07-28,Modern Daily #7313485,modern,modern-daily-7313485,modern-daily-7313485-2014-07-28
19,4,Glimmervoid,,Lands,4,0,Affinity,Karna33,302 tix,$ 799,241555,2014-07-28,Modern Daily #7313485,modern,modern-daily-7313485,modern-daily-7313485-2014-07-28
20,4,Inkmoth Nexus,,Lands,4,0,Affinity,Karna33,302 tix,$ 799,241555,2014-07-28,Modern Daily #7313485,modern,modern-daily-7313485,modern-daily-7313485-2014-07-28
21,1,Plains,,Lands,4,0,Affinity,Karna33,302 tix,$ 799,241555,2014-07-28,Modern Daily #7313485,modern,modern-daily-7313485,modern-daily-7313485-2014-07-28
23,2,Wear & Tear,,Sideboard,4,0,Affinity,Karna33,302 tix,$ 799,241555,2014-07-28,Modern Daily #7313485,modern,modern-daily-7313485,modern-daily-7313485-2014-07-28
24,2,Duress,,Sideboard,4,0,Affinity,Karna33,302 tix,$ 799,241555,2014-07-28,Modern Daily #7313485,modern,modern-daily-7313485,modern-daily-7313485-2014-07-28
25,1,Illness in the Ranks,,Sideboard,4,0,Affinity,Karna33,302 tix,$ 799,241555,2014-07-28,Modern Daily #7313485,modern,modern-daily-7313485,modern-daily-7313485-2014-07-28
26,2,Relic of Progenitus,,Sideboard,4,0,Affinity,Karna33,302 tix,$ 799,241555,2014-07-28,Modern Daily #7313485,modern,modern-daily-7313485,modern-daily-7313485-2014-07-28
27,1,Spell Pierce,,Sideboard,4,0,Affinity,Karna33,302 tix,$ 799,241555,2014-07-28,Modern Daily #7313485,modern,modern-daily-7313485,modern-daily-7313485-2014-07-28
28,1,Thoughtseize,,Sideboard,4,0,Affinity,Karna33,302 tix,$ 799,241555,2014-07-28,Modern Daily #7313485,modern,modern-daily-7313485,modern-daily-7313485-2014-07-28
29,2,Ancient Grudge,,Sideboard,4,0,Affinity,Karna33,302 tix,$ 799,241555,2014-07-28,Modern Daily #7313485,modern,modern-daily-7313485,modern-daily-7313485-2014-07-28
30,2,Spellskite,,Sideboard,4,0,Affinity,Karna33,302 tix,$ 799,241555,2014-07-28,Modern Daily #7313485,modern,modern-daily-7313485,modern-daily-7313485-2014-07-28
31,1,Dismember,,Sideboard,4,0,Affinity,Karna33,302 tix,$ 799,241555,2014-07-28,Modern Daily #7313485,modern,modern-daily-7313485,modern-daily-7313485-2014-07-28
32,1,Etched Champion,,Sideboard,4,0,Affinity,Karna33,302 tix,$ 799,241555,2014-07-28,Modern Daily #7313485,modern,modern-daily-7313485,modern-daily-7313485-2014-07-28
1,4,Snapcaster Mage,,Creatures,4,0,Blue Moon,ecobaronen,413 tix,"$ 1,489",241554,2014-07-28,Modern Daily #7313485,modern,modern-daily-7313485,modern-daily-7313485-2014-07-28
2,4,Tarmogoyf,,Creatures,4,0,Blue Moon,ecobaronen,413 tix,"$ 1,489",241554,2014-07-28,Modern Daily #7313485,modern,modern-daily-7313485,modern-daily-7313485-2014-07-28
3,3,Vendilion Clique,,Creatures,4,0,Blue Moon,ecobaronen,413 tix,"$ 1,489",241554,2014-07-28,Modern Daily #7313485,modern,modern-daily-7313485,modern-daily-7313485-2014-07-28
5,2,Burst Lightning,,Spells,4,0,Blue Moon,ecobaronen,413 tix,"$ 1,489",241554,2014-07-28,Modern Daily #7313485,modern,modern-daily-7313485,modern-daily-7313485-2014-07-28
6,4,Lightning Bolt,,Spells,4,0,Blue Moon,ecobaronen,413 tix,"$ 1,489",241554,2014-07-28,Modern Daily #7313485,modern,modern-daily-7313485,modern-daily-7313485-2014-07-28
7,4,Serum Visions,,Spells,4,0,Blue Moon,ecobaronen,413 tix,"$ 1,489",241554,2014-07-28,Modern Daily #7313485,modern,modern-daily-7313485,modern-daily-7313485-2014-07-28
8,1,Sleight of Hand,,Spells,4,0,Blue Moon,ecobaronen,413 tix,"$ 1,489",241554,2014-07-28,Modern Daily #7313485,modern,modern-daily-7313485,modern-daily-7313485-2014-07-28
9,3,Spell Snare,,Spells,4,0,Blue Moon,ecobaronen,413 tix,"$ 1,489",241554,2014-07-28,Modern Daily #7313485,modern,modern-daily-7313485,modern-daily-7313485-2014-07-28
10,3,Mana Leak,,Spells,4,0,Blue Moon,ecobaronen,413 tix,"$ 1,489",241554,2014-07-28,Modern Daily #7313485,modern,modern-daily-7313485,modern-daily-7313485-2014-07-28
11,3,Cryptic Command,,Spells,4,0,Blue Moon,ecobaronen,413 tix,"$ 1,489",241554,2014-07-28,Modern Daily #7313485,modern,modern-daily-7313485,modern-daily-7313485-2014-07-28
13,3,Vedalken Shackles,,Artifacts,4,0,Blue Moon,ecobaronen,413 tix,"$ 1,489",241554,2014-07-28,Modern Daily #7313485,modern,modern-daily-7313485,modern-daily-7313485-2014-07-28
15,3,Blood Moon,,Enchantments,4,0,Blue Moon,ecobaronen,413 tix,"$ 1,489",241554,2014-07-28,Modern Daily #7313485,modern,modern-daily-7313485,modern-daily-7313485-2014-07-28
17,1,Breeding Pool,,Lands,4,0,Blue Moon,ecobaronen,413 tix,"$ 1,489",241554,2014-07-28,Modern Daily #7313485,modern,modern-daily-7313485,modern-daily-7313485-2014-07-28
18,1,Forest,,Lands,4,0,Blue Moon,ecobaronen,413 tix,"$ 1,489",241554,2014-07-28,Modern Daily #7313485,modern,modern-daily-7313485,modern-daily-7313485-2014-07-28
19,8,Island,,Lands,4,0,Blue Moon,ecobaronen,413 tix,"$ 1,489",241554,2014-07-28,Modern Daily #7313485,modern,modern-daily-7313485,modern-daily-7313485-2014-07-28
20,4,Misty Rainforest,,Lands,4,0,Blue Moon,ecobaronen,413 tix,"$ 1,489",241554,2014-07-28,Modern Daily #7313485,modern,modern-daily-7313485,modern-daily-7313485-2014-07-28
21,1,Mountain,,Lands,4,0,Blue Moon,ecobaronen,413 tix,"$ 1,489",241554,2014-07-28,Modern Daily #7313485,modern,modern-daily-7313485,modern-daily-7313485-2014-07-28
22,4,Scalding Tarn,,Lands,4,0,Blue Moon,ecobaronen,413 tix,"$ 1,489",241554,2014-07-28,Modern Daily #7313485,modern,modern-daily-7313485,modern-daily-7313485-2014-07-28
23,3,Steam Vents,,Lands,4,0,Blue Moon,ecobaronen,413 tix,"$ 1,489",241554,2014-07-28,Modern Daily #7313485,modern,modern-daily-7313485,modern-daily-7313485-2014-07-28
24,1,Stomping Ground,,Lands,4,0,Blue Moon,ecobaronen,413 tix,"$ 1,489",241554,2014-07-28,Modern Daily #7313485,modern,modern-daily-7313485,modern-daily-7313485-2014-07-28
26,2,Dispel,,Sideboard,4,0,Blue Moon,ecobaronen,413 tix,"$ 1,489",241554,2014-07-28,Modern Daily #7313485,modern,modern-daily-7313485,modern-daily-7313485-2014-07-28
27,2,Pithing Needle,,Sideboard,4,0,Blue Moon,ecobaronen,413 tix,"$ 1,489",241554,2014-07-28,Modern Daily #7313485,modern,modern-daily-7313485,modern-daily-7313485-2014-07-28
28,3,Ancient Grudge,,Sideboard,4,0,Blue Moon,ecobaronen,413 tix,"$ 1,489",241554,2014-07-28,Modern Daily #7313485,modern,modern-daily-7313485,modern-daily-7313485-2014-07-28
29,2,Combust,,Sideboard,4,0,Blue Moon,ecobaronen,413 tix,"$ 1,489",241554,2014-07-28,Modern Daily #7313485,modern,modern-daily-7313485,modern-daily-7313485-2014-07-28
30,2,Negate,,Sideboard,4,0,Blue Moon,ecobaronen,413 tix,"$ 1,489",241554,2014-07-28,Modern Daily #7313485,modern,modern-daily-7313485,modern-daily-7313485-2014-07-28
31,2,Anger of the Gods,,Sideboard,4,0,Blue Moon,ecobaronen,413 tix,"$ 1,489",241554,2014-07-28,Modern Daily #7313485,modern,modern-daily-7313485,modern-daily-7313485-2014-07-28
32,2,Threads of Disloyalty,,Sideboard,4,0,Blue Moon,ecobaronen,413 tix,"$ 1,489",241554,2014-07-28,Modern Daily #7313485,modern,modern-daily-7313485,modern-daily-7313485-2014-07-28
1,4,Snapcaster Mage,,Creatures,4,0,Blue Moon,Alfapu,392 tix,"$ 1,314",241556,2014-07-28,Modern Daily #7313485,modern,modern-daily-7313485,modern-daily-7313485-2014-07-28
2,3,Vendilion Clique,,Creatures,4,0,Blue Moon,Alfapu,392 tix,"$ 1,314",241556,2014-07-28,Modern Daily #7313485,modern,modern-daily-7313485,modern-daily-7313485-2014-07-28
4,4,Lightning Bolt,,Spells,4,0,Blue Moon,Alfapu,392 tix,"$ 1,314",241556,2014-07-28,Modern Daily #7313485,modern,modern-daily-7313485,modern-daily-7313485-2014-07-28
5,1,Repeal,,Spells,4,0,Blue Moon,Alfapu,392 tix,"$ 1,314",241556,2014-07-28,Modern Daily #7313485,modern,modern-daily-7313485,modern-daily-7313485-2014-07-28
6,4,Serum Visions,,Spells,4,0,Blue Moon,Alfapu,392 tix,"$ 1,314",241556,2014-07-28,Modern Daily #7313485,modern,modern-daily-7313485,modern-daily-7313485-2014-07-28
7,3,Spell Snare,,Spells,4,0,Blue Moon,Alfapu,392 tix,"$ 1,314",241556,2014-07-28,Modern Daily #7313485,modern,modern-daily-7313485,modern-daily-7313485-2014-07-28
8,2,Mana Leak,,Spells,4,0,Blue Moon,Alfapu,392 tix,"$ 1,314",241556,2014-07-28,Modern Daily #7313485,modern,modern-daily-7313485,modern-daily-7313485-2014-07-28
9,3,Remand,,Spells,4,0,Blue Moon,Alfapu,392 tix,"$ 1,314",241556,2014-07-28,Modern Daily #7313485,modern,modern-daily-7313485,modern-daily-7313485-2014-07-28
10,1,Think Twice,,Spells,4,0,Blue Moon,Alfapu,392 tix,"$ 1,314",241556,2014-07-28,Modern Daily #7313485,modern,modern-daily-7313485,modern-daily-7313485-2014-07-28
11,2,Electrolyze,,Spells,4,0,Blue Moon,Alfapu,392 tix,"$ 1,314",241556,2014-07-28,Modern Daily #7313485,modern,modern-daily-7313485,modern-daily-7313485-2014-07-28
12,4,Cryptic Command,,Spells,4,0,Blue Moon,Alfapu,392 tix,"$ 1,314",241556,2014-07-28,Modern Daily #7313485,modern,modern-daily-7313485,modern-daily-7313485-2014-07-28
14,3,Vedalken Shackles,,Artifacts,4,0,Blue Moon,Alfapu,392 tix,"$ 1,314",241556,2014-07-28,Modern Daily #7313485,modern,modern-daily-7313485,modern-daily-7313485-2014-07-28
15,1,Batterskull,,Artifacts,4,0,Blue Moon,Alfapu,392 tix,"$ 1,314",241556,2014-07-28,Modern Daily #7313485,modern,modern-daily-7313485,modern-daily-7313485-2014-07-28
17,3,Blood Moon,,Enchantments,4,0,Blue Moon,Alfapu,392 tix,"$ 1,314",241556,2014-07-28,Modern Daily #7313485,modern,modern-daily-7313485,modern-daily-7313485-2014-07-28
19,9,Island,,Lands,4,0,Blue Moon,Alfapu,392 tix,"$ 1,314",241556,2014-07-28,Modern Daily #7313485,modern,modern-daily-7313485,modern-daily-7313485-2014-07-28
20,4,Misty Rainforest,,Lands,4,0,Blue Moon,Alfapu,392 tix,"$ 1,314",241556,2014-07-28,Modern Daily #7313485,modern,modern-daily-7313485,modern-daily-7313485-2014-07-28
21,1,Mountain,,Lands,4,0,Blue Moon,Alfapu,392 tix,"$ 1,314",241556,2014-07-28,Modern Daily #7313485,modern,modern-daily-7313485,modern-daily-7313485-2014-07-28
22,4,Scalding Tarn,,Lands,4,0,Blue Moon,Alfapu,392 tix,"$ 1,314",241556,2014-07-28,Modern Daily #7313485,modern,modern-daily-7313485,modern-daily-7313485-2014-07-28
23,3,Steam Vents,,Lands,4,0,Blue Moon,Alfapu,392 tix,"$ 1,314",241556,2014-07-28,Modern Daily #7313485,modern,modern-daily-7313485,modern-daily-7313485-2014-07-28
24,1,Sulfur Falls,,Lands,4,0,Blue Moon,Alfapu,392 tix,"$ 1,314",241556,2014-07-28,Modern Daily #7313485,modern,modern-daily-7313485,modern-daily-7313485-2014-07-28
26,1,Engineered Explosives,,Sideboard,4,0,Blue Moon,Alfapu,392 tix,"$ 1,314",241556,2014-07-28,Modern Daily #7313485,modern,modern-daily-7313485,modern-daily-7313485-2014-07-28
27,1,Dispel,,Sideboard,4,0,Blue Moon,Alfapu,392 tix,"$ 1,314",241556,2014-07-28,Modern Daily #7313485,modern,modern-daily-7313485,modern-daily-7313485-2014-07-28
28,1,Magma Spray,,Sideboard,4,0,Blue Moon,Alfapu,392 tix,"$ 1,314",241556,2014-07-28,Modern Daily #7313485,modern,modern-daily-7313485,modern-daily-7313485-2014-07-28
29,1,Relic of Progenitus,,Sideboard,4,0,Blue Moon,Alfapu,392 tix,"$ 1,314",241556,2014-07-28,Modern Daily #7313485,modern,modern-daily-7313485,modern-daily-7313485-2014-07-28
30,2,Vandalblast,,Sideboard,4,0,Blue Moon,Alfapu,392 tix,"$ 1,314",241556,2014-07-28,Modern Daily #7313485,modern,modern-daily-7313485,modern-daily-7313485-2014-07-28
31,2,Combust,,Sideboard,4,0,Blue Moon,Alfapu,392 tix,"$ 1,314",241556,2014-07-28,Modern Daily #7313485,modern,modern-daily-7313485,modern-daily-7313485-2014-07-28
32,1,Negate,,Sideboard,4,0,Blue Moon,Alfapu,392 tix,"$ 1,314",241556,2014-07-28,Modern Daily #7313485,modern,modern-daily-7313485,modern-daily-7313485-2014-07-28
33,1,Shadow of Doubt,,Sideboard,4,0,Blue Moon,Alfapu,392 tix,"$ 1,314",241556,2014-07-28,Modern Daily #7313485,modern,modern-daily-7313485,modern-daily-7313485-2014-07-28
34,1,Spellskite,,Sideboard,4,0,Blue Moon,Alfapu,392 tix,"$ 1,314",241556,2014-07-28,Modern Daily #7313485,modern,modern-daily-7313485,modern-daily-7313485-2014-07-28
35,2,Anger of the Gods,,Sideboard,4,0,Blue Moon,Alfapu,392 tix,"$ 1,314",241556,2014-07-28,Modern Daily #7313485,modern,modern-daily-7313485,modern-daily-7313485-2014-07-28
36,1,Batterskull,,Sideboard,4,0,Blue Moon,Alfapu,392 tix,"$ 1,314",241556,2014-07-28,Modern Daily #7313485,modern,modern-daily-7313485,modern-daily-7313485-2014-07-28
37,1,"Keranos, God of Storms",,Sideboard,4,0,Blue Moon,Alfapu,392 tix,"$ 1,314",241556,2014-07-28,Modern Daily #7313485,modern,modern-daily-7313485,modern-daily-7313485-2014-07-28
1,1,Birds of Paradise,,Creatures,4,0,Kibler Naya,Khaiden,502 tix,"$ 1,271",241552,2014-07-28,Modern Daily #7313485,modern,modern-daily-7313485,modern-daily-7313485-2014-07-28
2,4,Noble Hierarch,,Creatures,4,0,Kibler Naya,Khaiden,502 tix,"$ 1,271",241552,2014-07-28,Modern Daily #7313485,modern,modern-daily-7313485,modern-daily-7313485-2014-07-28
3,4,Wild Nacatl,,Creatures,4,0,Kibler Naya,Khaiden,502 tix,"$ 1,271",241552,2014-07-28,Modern Daily #7313485,modern,modern-daily-7313485,modern-daily-7313485-2014-07-28
4,3,Qasali Pridemage,,Creatures,4,0,Kibler Naya,Khaiden,502 tix,"$ 1,271",241552,2014-07-28,Modern Daily #7313485,modern,modern-daily-7313485,modern-daily-7313485-2014-07-28
5,3,Scavenging Ooze,,Creatures,4,0,Kibler Naya,Khaiden,502 tix,"$ 1,271",241552,2014-07-28,Modern Daily #7313485,modern,modern-daily-7313485,modern-daily-7313485-2014-07-28
6,4,Tarmogoyf,,Creatures,4,0,Kibler Naya,Khaiden,502 tix,"$ 1,271",241552,2014-07-28,Modern Daily #7313485,modern,modern-daily-7313485,modern-daily-7313485-2014-07-28
7,3,Knight of the Reliquary,,Creatures,4,0,Kibler Naya,Khaiden,502 tix,"$ 1,271",241552,2014-07-28,Modern Daily #7313485,modern,modern-daily-7313485,modern-daily-7313485-2014-07-28
8,2,Loxodon Smiter,,Creatures,4,0,Kibler Naya,Khaiden,502 tix,"$ 1,271",241552,2014-07-28,Modern Daily #7313485,modern,modern-daily-7313485,modern-daily-7313485-2014-07-28
9,1,Thundermaw Hellkite,,Creatures,4,0,Kibler Naya,Khaiden,502 tix,"$ 1,271",241552,2014-07-28,Modern Daily #7313485,modern,modern-daily-7313485,modern-daily-7313485-2014-07-28
11,1,Ajani Vengeant,,Planeswalkers,4,0,Kibler Naya,Khaiden,502 tix,"$ 1,271",241552,2014-07-28,Modern Daily #7313485,modern,modern-daily-7313485,modern-daily-7313485-2014-07-28
12,2,"Chandra, Pyromaster",,Planeswalkers,4,0,Kibler Naya,Khaiden,502 tix,"$ 1,271",241552,2014-07-28,Modern Daily #7313485,modern,modern-daily-7313485,modern-daily-7313485-2014-07-28
14,4,Lightning Bolt,,Spells,4,0,Kibler Naya,Khaiden,502 tix,"$ 1,271",241552,2014-07-28,Modern Daily #7313485,modern,modern-daily-7313485,modern-daily-7313485-2014-07-28
15,4,Path to Exile,,Spells,4,0,Kibler Naya,Khaiden,502 tix,"$ 1,271",241552,2014-07-28,Modern Daily #7313485,modern,modern-daily-7313485,modern-daily-7313485-2014-07-28
16,2,Lightning Helix,,Spells,4,0,Kibler Naya,Khaiden,502 tix,"$ 1,271",241552,2014-07-28,Modern Daily #7313485,modern,modern-daily-7313485,modern-daily-7313485-2014-07-28
18,4,Arid Mesa,,Lands,4,0,Kibler Naya,Khaiden,502 tix,"$ 1,271",241552,2014-07-28,Modern Daily #7313485,modern,modern-daily-7313485,modern-daily-7313485-2014-07-28
19,2,Forest,,Lands,4,0,Kibler Naya,Khaiden,502 tix,"$ 1,271",241552,2014-07-28,Modern Daily #7313485,modern,modern-daily-7313485,modern-daily-7313485-2014-07-28
20,1,Horizon Canopy,,Lands,4,0,Kibler Naya,Khaiden,502 tix,"$ 1,271",241552,2014-07-28,Modern Daily #7313485,modern,modern-daily-7313485,modern-daily-7313485-2014-07-28
21,1,Kessig Wolf Run,,Lands,4,0,Kibler Naya,Khaiden,502 tix,"$ 1,271",241552,2014-07-28,Modern Daily #7313485,modern,modern-daily-7313485,modern-daily-7313485-2014-07-28
22,2,Marsh Flats,,Lands,4,0,Kibler Naya,Khaiden,502 tix,"$ 1,271",241552,2014-07-28,Modern Daily #7313485,modern,modern-daily-7313485,modern-daily-7313485-2014-07-28
23,1,Misty Rainforest,,Lands,4,0,Kibler Naya,Khaiden,502 tix,"$ 1,271",241552,2014-07-28,Modern Daily #7313485,modern,modern-daily-7313485,modern-daily-7313485-2014-07-28
24,2,Plains,,Lands,4,0,Kibler Naya,Khaiden,502 tix,"$ 1,271",241552,2014-07-28,Modern Daily #7313485,modern,modern-daily-7313485,modern-daily-7313485-2014-07-28
25,1,Sacred Foundry,,Lands,4,0,Kibler Naya,Khaiden,502 tix,"$ 1,271",241552,2014-07-28,Modern Daily #7313485,modern,modern-daily-7313485,modern-daily-7313485-2014-07-28
26,2,Stomping Ground,,Lands,4,0,Kibler Naya,Khaiden,502 tix,"$ 1,271",241552,2014-07-28,Modern Daily #7313485,modern,modern-daily-7313485,modern-daily-7313485-2014-07-28
27,2,Temple Garden,,Lands,4,0,Kibler Naya,Khaiden,502 tix,"$ 1,271",241552,2014-07-28,Modern Daily #7313485,modern,modern-daily-7313485,modern-daily-7313485-2014-07-28
28,4,Verdant Catacombs,,Lands,4,0,Kibler Naya,Khaiden,502 tix,"$ 1,271",241552,2014-07-28,Modern Daily #7313485,modern,modern-daily-7313485,modern-daily-7313485-2014-07-28
30,1,Engineered Explosives,,Sideboard,4,0,Kibler Naya,Khaiden,502 tix,"$ 1,271",241552,2014-07-28,Modern Daily #7313485,modern,modern-daily-7313485,modern-daily-7313485-2014-07-28
31,2,Bonfire of the Damned,,Sideboard,4,0,Kibler Naya,Khaiden,502 tix,"$ 1,271",241552,2014-07-28,Modern Daily #7313485,modern,modern-daily-7313485,modern-daily-7313485-2014-07-28
32,1,Grafdigger's Cage,,Sideboard,4,0,Kibler Naya,Khaiden,502 tix,"$ 1,271",241552,2014-07-28,Modern Daily #7313485,modern,modern-daily-7313485,modern-daily-7313485-2014-07-28
33,1,Ancient Grudge,,Sideboard,4,0,Kibler Naya,Khaiden,502 tix,"$ 1,271",241552,2014-07-28,Modern Daily #7313485,modern,modern-daily-7313485,modern-daily-7313485-2014-07-28
34,2,Kor Firewalker,,Sideboard,4,0,Kibler Naya,Khaiden,502 tix,"$ 1,271",241552,2014-07-28,Modern Daily #7313485,modern,modern-daily-7313485,modern-daily-7313485-2014-07-28
35,2,Stony Silence,,Sideboard,4,0,Kibler Naya,Khaiden,502 tix,"$ 1,271",241552,2014-07-28,Modern Daily #7313485,modern,modern-daily-7313485,modern-daily-7313485-2014-07-28
36,3,Blood Moon,,Sideboard,4,0,Kibler Naya,Khaiden,502 tix,"$ 1,271",241552,2014-07-28,Modern Daily #7313485,modern,modern-daily-7313485,modern-daily-7313485-2014-07-28
37,1,Eidolon of Rhetoric,,Sideboard,4,0,Kibler Naya,Khaiden,502 tix,"$ 1,271",241552,2014-07-28,Modern Daily #7313485,modern,modern-daily-7313485,modern-daily-7313485-2014-07-28
38,1,"Linvala, Keeper of Silence",,Sideboard,4,0,Kibler Naya,Khaiden,502 tix,"$ 1,271",241552,2014-07-28,Modern Daily #7313485,modern,modern-daily-7313485,modern-daily-7313485-2014-07-28
39,1,"Thrun, the Last Troll",,Sideboard,4,0,Kibler Naya,Khaiden,502 tix,"$ 1,271",241552,2014-07-28,Modern Daily #7313485,modern,modern-daily-7313485,modern-daily-7313485-2014-07-28
1,4,Cursecatcher,,Creatures,4,0,Merfolk,trukanshii,177 tix,$ 466,241553,2014-07-28,Modern Daily #7313485,modern,modern-daily-7313485,modern-daily-7313485-2014-07-28
2,2,Coralhelm Commander,,Creatures,4,0,Merfolk,trukanshii,177 tix,$ 466,241553,2014-07-28,Modern Daily #7313485,modern,modern-daily-7313485,modern-daily-7313485-2014-07-28
3,4,Lord of Atlantis,,Creatures,4,0,Merfolk,trukanshii,177 tix,$ 466,241553,2014-07-28,Modern Daily #7313485,modern,modern-daily-7313485,modern-daily-7313485-2014-07-28
4,4,Master of the Pearl Trident,,Creatures,4,0,Merfolk,trukanshii,177 tix,$ 466,241553,2014-07-28,Modern Daily #7313485,modern,modern-daily-7313485,modern-daily-7313485-2014-07-28
5,4,Silvergill Adept,,Creatures,4,0,Merfolk,trukanshii,177 tix,$ 466,241553,2014-07-28,Modern Daily #7313485,modern,modern-daily-7313485,modern-daily-7313485-2014-07-28
6,1,"Kira, Great Glass-Spinner",,Creatures,4,0,Merfolk,trukanshii,177 tix,$ 466,241553,2014-07-28,Modern Daily #7313485,modern,modern-daily-7313485,modern-daily-7313485-2014-07-28
7,3,Merrow Reejerey,,Creatures,4,0,Merfolk,trukanshii,177 tix,$ 466,241553,2014-07-28,Modern Daily #7313485,modern,modern-daily-7313485,modern-daily-7313485-2014-07-28
8,1,"Thassa, God of the Sea",,Creatures,4,0,Merfolk,trukanshii,177 tix,$ 466,241553,2014-07-28,Modern Daily #7313485,modern,modern-daily-7313485,modern-daily-7313485-2014-07-28
9,3,Master of Waves,,Creatures,4,0,Merfolk,trukanshii,177 tix,$ 466,241553,2014-07-28,Modern Daily #7313485,modern,modern-daily-7313485,modern-daily-7313485-2014-07-28
11,4,Vapor Snag,,Spells,4,0,Merfolk,trukanshii,177 tix,$ 466,241553,2014-07-28,Modern Daily #7313485,modern,modern-daily-7313485,modern-daily-7313485-2014-07-28
12,2,Remand,,Spells,4,0,Merfolk,trukanshii,177 tix,$ 466,241553,2014-07-28,Modern Daily #7313485,modern,modern-daily-7313485,modern-daily-7313485-2014-07-28
14,4,Aether Vial,,Artifacts,4,0,Merfolk,trukanshii,177 tix,$ 466,241553,2014-07-28,Modern Daily #7313485,modern,modern-daily-7313485,modern-daily-7313485-2014-07-28
16,4,Spreading Seas,,Enchantments,4,0,Merfolk,trukanshii,177 tix,$ 466,241553,2014-07-28,Modern Daily #7313485,modern,modern-daily-7313485,modern-daily-7313485-2014-07-28
18,1,Cavern of Souls,,Lands,4,0,Merfolk,trukanshii,177 tix,$ 466,241553,2014-07-28,Modern Daily #7313485,modern,modern-daily-7313485,modern-daily-7313485-2014-07-28
19,15,Island,,Lands,4,0,Merfolk,trukanshii,177 tix,$ 466,241553,2014-07-28,Modern Daily #7313485,modern,modern-daily-7313485,modern-daily-7313485-2014-07-28
20,4,Mutavault,,Lands,4,0,Merfolk,trukanshii,177 tix,$ 466,241553,2014-07-28,Modern Daily #7313485,modern,modern-daily-7313485,modern-daily-7313485-2014-07-28
22,2,Grafdigger's Cage,,Sideboard,4,0,Merfolk,trukanshii,177 tix,$ 466,241553,2014-07-28,Modern Daily #7313485,modern,modern-daily-7313485,modern-daily-7313485-2014-07-28
23,2,Relic of Progenitus,,Sideboard,4,0,Merfolk,trukanshii,177 tix,$ 466,241553,2014-07-28,Modern Daily #7313485,modern,modern-daily-7313485,modern-daily-7313485-2014-07-28
24,3,Steel Sabotage,,Sideboard,4,0,Merfolk,trukanshii,177 tix,$ 466,241553,2014-07-28,Modern Daily #7313485,modern,modern-daily-7313485,modern-daily-7313485-2014-07-28
25,2,Swan Song,,Sideboard,4,0,Merfolk,trukanshii,177 tix,$ 466,241553,2014-07-28,Modern Daily #7313485,modern,modern-daily-7313485,modern-daily-7313485-2014-07-28
26,2,Spellskite,,Sideboard,4,0,Merfolk,trukanshii,177 tix,$ 466,241553,2014-07-28,Modern Daily #7313485,modern,modern-daily-7313485,modern-daily-7313485-2014-07-28
27,3,Tidebinder Mage,,Sideboard,4,0,Merfolk,trukanshii,177 tix,$ 466,241553,2014-07-28,Modern Daily #7313485,modern,modern-daily-7313485,modern-daily-7313485-2014-07-28
28,1,"Kira, Great Glass-Spinner",,Sideboard,4,0,Merfolk,trukanshii,177 tix,$ 466,241553,2014-07-28,Modern Daily #7313485,modern,modern-daily-7313485,modern-daily-7313485-2014-07-28
1,4,Simian Spirit Guide,,Creatures,3,1,Ad Nauseam,keitattt,134 tix,$ 515,241557,2014-07-28,Modern Daily #7313485,modern,modern-daily-7313485,modern-daily-7313485-2014-07-28
3,3,Pact of Negation,,Spells,3,1,Ad Nauseam,keitattt,134 tix,$ 515,241557,2014-07-28,Modern Daily #7313485,modern,modern-daily-7313485,modern-daily-7313485-2014-07-28
4,1,Slaughter Pact,,Spells,3,1,Ad Nauseam,keitattt,134 tix,$ 515,241557,2014-07-28,Modern Daily #7313485,modern,modern-daily-7313485,modern-daily-7313485-2014-07-28
5,4,Angel's Grace,,Spells,3,1,Ad Nauseam,keitattt,134 tix,$ 515,241557,2014-07-28,Modern Daily #7313485,modern,modern-daily-7313485,modern-daily-7313485-2014-07-28
6,4,Serum Visions,,Spells,3,1,Ad Nauseam,keitattt,134 tix,$ 515,241557,2014-07-28,Modern Daily #7313485,modern,modern-daily-7313485,modern-daily-7313485-2014-07-28
7,4,Sleight of Hand,,Spells,3,1,Ad Nauseam,keitattt,134 tix,$ 515,241557,2014-07-28,Modern Daily #7313485,modern,modern-daily-7313485,modern-daily-7313485-2014-07-28
8,1,Peer Through Depths,,Spells,3,1,Ad Nauseam,keitattt,134 tix,$ 515,241557,2014-07-28,Modern Daily #7313485,modern,modern-daily-7313485,modern-daily-7313485-2014-07-28
9,1,Lightning Storm,,Spells,3,1,Ad Nauseam,keitattt,134 tix,$ 515,241557,2014-07-28,Modern Daily #7313485,modern,modern-daily-7313485,modern-daily-7313485-2014-07-28
10,1,Mystical Teachings,,Spells,3,1,Ad Nauseam,keitattt,134 tix,$ 515,241557,2014-07-28,Modern Daily #7313485,modern,modern-daily-7313485,modern-daily-7313485-2014-07-28
11,4,Ad Nauseam,,Spells,3,1,Ad Nauseam,keitattt,134 tix,$ 515,241557,2014-07-28,Modern Daily #7313485,modern,modern-daily-7313485,modern-daily-7313485-2014-07-28
13,4,Lotus Bloom,,Artifacts,3,1,Ad Nauseam,keitattt,134 tix,$ 515,241557,2014-07-28,Modern Daily #7313485,modern,modern-daily-7313485,modern-daily-7313485-2014-07-28
14,1,Conjurer's Bauble,,Artifacts,3,1,Ad Nauseam,keitattt,134 tix,$ 515,241557,2014-07-28,Modern Daily #7313485,modern,modern-daily-7313485,modern-daily-7313485-2014-07-28
15,4,Pentad Prism,,Artifacts,3,1,Ad Nauseam,keitattt,134 tix,$ 515,241557,2014-07-28,Modern Daily #7313485,modern,modern-daily-7313485,modern-daily-7313485-2014-07-28
17,3,Phyrexian Unlife,,Enchantments,3,1,Ad Nauseam,keitattt,134 tix,$ 515,241557,2014-07-28,Modern Daily #7313485,modern,modern-daily-7313485,modern-daily-7313485-2014-07-28
19,1,"Boseiju, Who Shelters All",,Lands,3,1,Ad Nauseam,keitattt,134 tix,$ 515,241557,2014-07-28,Modern Daily #7313485,modern,modern-daily-7313485,modern-daily-7313485-2014-07-28
20,3,Darkslick Shores,,Lands,3,1,Ad Nauseam,keitattt,134 tix,$ 515,241557,2014-07-28,Modern Daily #7313485,modern,modern-daily-7313485,modern-daily-7313485-2014-07-28
21,1,Dreadship Reef,,Lands,3,1,Ad Nauseam,keitattt,134 tix,$ 515,241557,2014-07-28,Modern Daily #7313485,modern,modern-daily-7313485,modern-daily-7313485-2014-07-28
22,1,Gemstone Caverns,,Lands,3,1,Ad Nauseam,keitattt,134 tix,$ 515,241557,2014-07-28,Modern Daily #7313485,modern,modern-daily-7313485,modern-daily-7313485-2014-07-28
23,4,Gemstone Mine,,Lands,3,1,Ad Nauseam,keitattt,134 tix,$ 515,241557,2014-07-28,Modern Daily #7313485,modern,modern-daily-7313485,modern-daily-7313485-2014-07-28
24,1,Hallowed Fountain,,Lands,3,1,Ad Nauseam,keitattt,134 tix,$ 515,241557,2014-07-28,Modern Daily #7313485,modern,modern-daily-7313485,modern-daily-7313485-2014-07-28
25,1,Island,,Lands,3,1,Ad Nauseam,keitattt,134 tix,$ 515,241557,2014-07-28,Modern Daily #7313485,modern,modern-daily-7313485,modern-daily-7313485-2014-07-28
26,1,Plains,,Lands,3,1,Ad Nauseam,keitattt,134 tix,$ 515,241557,2014-07-28,Modern Daily #7313485,modern,modern-daily-7313485,modern-daily-7313485-2014-07-28
27,1,Seachrome Coast,,Lands,3,1,Ad Nauseam,keitattt,134 tix,$ 515,241557,2014-07-28,Modern Daily #7313485,modern,modern-daily-7313485,modern-daily-7313485-2014-07-28
28,1,Swamp,,Lands,3,1,Ad Nauseam,keitattt,134 tix,$ 515,241557,2014-07-28,Modern Daily #7313485,modern,modern-daily-7313485,modern-daily-7313485-2014-07-28
29,2,Temple of Deceit,,Lands,3,1,Ad Nauseam,keitattt,134 tix,$ 515,241557,2014-07-28,Modern Daily #7313485,modern,modern-daily-7313485,modern-daily-7313485-2014-07-28
30,2,Temple of Enlightenment,,Lands,3,1,Ad Nauseam,keitattt,134 tix,$ 515,241557,2014-07-28,Modern Daily #7313485,modern,modern-daily-7313485,modern-daily-7313485-2014-07-28
31,1,Tolaria West,,Lands,3,1,Ad Nauseam,keitattt,134 tix,$ 515,241557,2014-07-28,Modern Daily #7313485,modern,modern-daily-7313485,modern-daily-7313485-2014-07-28
32,1,Watery Grave,,Lands,3,1,Ad Nauseam,keitattt,134 tix,$ 515,241557,2014-07-28,Modern Daily #7313485,modern,modern-daily-7313485,modern-daily-7313485-2014-07-28
34,1,Slaughter Pact,,Sideboard,3,1,Ad Nauseam,keitattt,134 tix,$ 515,241557,2014-07-28,Modern Daily #7313485,modern,modern-daily-7313485,modern-daily-7313485-2014-07-28
35,1,Duress,,Sideboard,3,1,Ad Nauseam,keitattt,134 tix,$ 515,241557,2014-07-28,Modern Daily #7313485,modern,modern-daily-7313485,modern-daily-7313485-2014-07-28
36,1,Pithing Needle,,Sideboard,3,1,Ad Nauseam,keitattt,134 tix,$ 515,241557,2014-07-28,Modern Daily #7313485,modern,modern-daily-7313485,modern-daily-7313485-2014-07-28
37,1,Silence,,Sideboard,3,1,Ad Nauseam,keitattt,134 tix,$ 515,241557,2014-07-28,Modern Daily #7313485,modern,modern-daily-7313485,modern-daily-7313485-2014-07-28
38,2,Steel Sabotage,,Sideboard,3,1,Ad Nauseam,keitattt,134 tix,$ 515,241557,2014-07-28,Modern Daily #7313485,modern,modern-daily-7313485,modern-daily-7313485-2014-07-28
39,1,Echoing Truth,,Sideboard,3,1,Ad Nauseam,keitattt,134 tix,$ 515,241557,2014-07-28,Modern Daily #7313485,modern,modern-daily-7313485,modern-daily-7313485-2014-07-28
40,1,Favor of the Mighty,,Sideboard,3,1,Ad Nauseam,keitattt,134 tix,$ 515,241557,2014-07-28,Modern Daily #7313485,modern,modern-daily-7313485,modern-daily-7313485-2014-07-28
41,2,Drown in Sorrow,,Sideboard,3,1,Ad Nauseam,keitattt,134 tix,$ 515,241557,2014-07-28,Modern Daily #7313485,modern,modern-daily-7313485,modern-daily-7313485-2014-07-28
42,1,Phyrexian Unlife,,Sideboard,3,1,Ad Nauseam,keitattt,134 tix,$ 515,241557,2014-07-28,Modern Daily #7313485,modern,modern-daily-7313485,modern-daily-7313485-2014-07-28
43,3,Leyline of Sanctity,,Sideboard,3,1,Ad Nauseam,keitattt,134 tix,$ 515,241557,2014-07-28,Modern Daily #7313485,modern,modern-daily-7313485,modern-daily-7313485-2014-07-28
44,1,Patrician's Scorn,,Sideboard,3,1,Ad Nauseam,keitattt,134 tix,$ 515,241557,2014-07-28,Modern Daily #7313485,modern,modern-daily-7313485,modern-daily-7313485-2014-07-28
1,4,Simian Spirit Guide,,Creatures,3,1,Ad Nauseam,Aaroxz,179 tix,$ 695,241571,2014-07-28,Modern Daily #7313485,modern,modern-daily-7313485,modern-daily-7313485-2014-07-28
3,2,Pact of Negation,,Spells,3,1,Ad Nauseam,Aaroxz,179 tix,$ 695,241571,2014-07-28,Modern Daily #7313485,modern,modern-daily-7313485,modern-daily-7313485-2014-07-28
4,1,Slaughter Pact,,Spells,3,1,Ad Nauseam,Aaroxz,179 tix,$ 695,241571,2014-07-28,Modern Daily #7313485,modern,modern-daily-7313485,modern-daily-7313485-2014-07-28
5,4,Angel's Grace,,Spells,3,1,Ad Nauseam,Aaroxz,179 tix,$ 695,241571,2014-07-28,Modern Daily #7313485,modern,modern-daily-7313485,modern-daily-7313485-2014-07-28
6,4,Serum Visions,,Spells,3,1,Ad Nauseam,Aaroxz,179 tix,$ 695,241571,2014-07-28,Modern Daily #7313485,modern,modern-daily-7313485,modern-daily-7313485-2014-07-28
7,4,Sleight of Hand,,Spells,3,1,Ad Nauseam,Aaroxz,179 tix,$ 695,241571,2014-07-28,Modern Daily #7313485,modern,modern-daily-7313485,modern-daily-7313485-2014-07-28
8,4,Peer Through Depths,,Spells,3,1,Ad Nauseam,Aaroxz,179 tix,$ 695,241571,2014-07-28,Modern Daily #7313485,modern,modern-daily-7313485,modern-daily-7313485-2014-07-28
9,1,Lightning Storm,,Spells,3,1,Ad Nauseam,Aaroxz,179 tix,$ 695,241571,2014-07-28,Modern Daily #7313485,modern,modern-daily-7313485,modern-daily-7313485-2014-07-28
10,4,Ad Nauseam,,Spells,3,1,Ad Nauseam,Aaroxz,179 tix,$ 695,241571,2014-07-28,Modern Daily #7313485,modern,modern-daily-7313485,modern-daily-7313485-2014-07-28
12,4,Lotus Bloom,,Artifacts,3,1,Ad Nauseam,Aaroxz,179 tix,$ 695,241571,2014-07-28,Modern Daily #7313485,modern,modern-daily-7313485,modern-daily-7313485-2014-07-28
13,1,Conjurer's Bauble,,Artifacts,3,1,Ad Nauseam,Aaroxz,179 tix,$ 695,241571,2014-07-28,Modern Daily #7313485,modern,modern-daily-7313485,modern-daily-7313485-2014-07-28
14,4,Pentad Prism,,Artifacts,3,1,Ad Nauseam,Aaroxz,179 tix,$ 695,241571,2014-07-28,Modern Daily #7313485,modern,modern-daily-7313485,modern-daily-7313485-2014-07-28
16,2,Phyrexian Unlife,,Enchantments,3,1,Ad Nauseam,Aaroxz,179 tix,$ 695,241571,2014-07-28,Modern Daily #7313485,modern,modern-daily-7313485,modern-daily-7313485-2014-07-28
18,3,Darkslick Shores,,Lands,3,1,Ad Nauseam,Aaroxz,179 tix,$ 695,241571,2014-07-28,Modern Daily #7313485,modern,modern-daily-7313485,modern-daily-7313485-2014-07-28
19,3,Gemstone Mine,,Lands,3,1,Ad Nauseam,Aaroxz,179 tix,$ 695,241571,2014-07-28,Modern Daily #7313485,modern,modern-daily-7313485,modern-daily-7313485-2014-07-28
20,1,Hallowed Fountain,,Lands,3,1,Ad Nauseam,Aaroxz,179 tix,$ 695,241571,2014-07-28,Modern Daily #7313485,modern,modern-daily-7313485,modern-daily-7313485-2014-07-28
21,2,Island,,Lands,3,1,Ad Nauseam,Aaroxz,179 tix,$ 695,241571,2014-07-28,Modern Daily #7313485,modern,modern-daily-7313485,modern-daily-7313485-2014-07-28
22,3,Marsh Flats,,Lands,3,1,Ad Nauseam,Aaroxz,179 tix,$ 695,241571,2014-07-28,Modern Daily #7313485,modern,modern-daily-7313485,modern-daily-7313485-2014-07-28
23,1,Plains,,Lands,3,1,Ad Nauseam,Aaroxz,179 tix,$ 695,241571,2014-07-28,Modern Daily #7313485,modern,modern-daily-7313485,modern-daily-7313485-2014-07-28
24,1,Scalding Tarn,,Lands,3,1,Ad Nauseam,Aaroxz,179 tix,$ 695,241571,2014-07-28,Modern Daily #7313485,modern,modern-daily-7313485,modern-daily-7313485-2014-07-28
25,2,Seachrome Coast,,Lands,3,1,Ad Nauseam,Aaroxz,179 tix,$ 695,241571,2014-07-28,Modern Daily #7313485,modern,modern-daily-7313485,modern-daily-7313485-2014-07-28
26,2,Temple of Deceit,,Lands,3,1,Ad Nauseam,Aaroxz,179 tix,$ 695,241571,2014-07-28,Modern Daily #7313485,modern,modern-daily-7313485,modern-daily-7313485-2014-07-28
27,1,Temple of Enlightenment,,Lands,3,1,Ad Nauseam,Aaroxz,179 tix,$ 695,241571,2014-07-28,Modern Daily #7313485,modern,modern-daily-7313485,modern-daily-7313485-2014-07-28
28,2,Watery Grave,,Lands,3,1,Ad Nauseam,Aaroxz,179 tix,$ 695,241571,2014-07-28,Modern Daily #7313485,modern,modern-daily-7313485,modern-daily-7313485-2014-07-28
30,2,Silence,,Sideboard,3,1,Ad Nauseam,Aaroxz,179 tix,$ 695,241571,2014-07-28,Modern Daily #7313485,modern,modern-daily-7313485,modern-daily-7313485-2014-07-28
31,2,Echoing Truth,,Sideboard,3,1,Ad Nauseam,Aaroxz,179 tix,$ 695,241571,2014-07-28,Modern Daily #7313485,modern,modern-daily-7313485,modern-daily-7313485-2014-07-28
32,3,Hurkyl's Recall,,Sideboard,3,1,Ad Nauseam,Aaroxz,179 tix,$ 695,241571,2014-07-28,Modern Daily #7313485,modern,modern-daily-7313485,modern-daily-7313485-2014-07-28
33,2,Drown in Sorrow,,Sideboard,3,1,Ad Nauseam,Aaroxz,179 tix,$ 695,241571,2014-07-28,Modern Daily #7313485,modern,modern-daily-7313485,modern-daily-7313485-2014-07-28
34,1,Laboratory Maniac,,Sideboard,3,1,Ad Nauseam,Aaroxz,179 tix,$ 695,241571,2014-07-28,Modern Daily #7313485,modern,modern-daily-7313485,modern-daily-7313485-2014-07-28
35,4,Leyline of Sanctity,,Sideboard,3,1,Ad Nauseam,Aaroxz,179 tix,$ 695,241571,2014-07-28,Modern Daily #7313485,modern,modern-daily-7313485,modern-daily-7313485-2014-07-28
36,1,Mystical Teachings,,Sideboard,3,1,Ad Nauseam,Aaroxz,179 tix,$ 695,241571,2014-07-28,Modern Daily #7313485,modern,modern-daily-7313485,modern-daily-7313485-2014-07-28
1,3,Memnite,,Creatures,3,1,Affinity,coldmind,375 tix,$ 935,241574,2014-07-28,Modern Daily #7313485,modern,modern-daily-7313485,modern-daily-7313485-2014-07-28
2,4,Ornithopter,,Creatures,3,1,Affinity,coldmind,375 tix,$ 935,241574,2014-07-28,Modern Daily #7313485,modern,modern-daily-7313485,modern-daily-7313485-2014-07-28
3,4,Signal Pest,,Creatures,3,1,Affinity,coldmind,375 tix,$ 935,241574,2014-07-28,Modern Daily #7313485,modern,modern-daily-7313485,modern-daily-7313485-2014-07-28
4,4,Arcbound Ravager,,Creatures,3,1,Affinity,coldmind,375 tix,$ 935,241574,2014-07-28,Modern Daily #7313485,modern,modern-daily-7313485,modern-daily-7313485-2014-07-28
5,4,Steel Overseer,,Creatures,3,1,Affinity,coldmind,375 tix,$ 935,241574,2014-07-28,Modern Daily #7313485,modern,modern-daily-7313485,modern-daily-7313485-2014-07-28
6,4,Vault Skirge,,Creatures,3,1,Affinity,coldmind,375 tix,$ 935,241574,2014-07-28,Modern Daily #7313485,modern,modern-daily-7313485,modern-daily-7313485-2014-07-28
7,1,Etched Champion,,Creatures,3,1,Affinity,coldmind,375 tix,$ 935,241574,2014-07-28,Modern Daily #7313485,modern,modern-daily-7313485,modern-daily-7313485-2014-07-28
8,3,Master of Etherium,,Creatures,3,1,Affinity,coldmind,375 tix,$ 935,241574,2014-07-28,Modern Daily #7313485,modern,modern-daily-7313485,modern-daily-7313485-2014-07-28
10,2,Galvanic Blast,,Spells,3,1,Affinity,coldmind,375 tix,$ 935,241574,2014-07-28,Modern Daily #7313485,modern,modern-daily-7313485,modern-daily-7313485-2014-07-28
11,1,Thoughtcast,,Spells,3,1,Affinity,coldmind,375 tix,$ 935,241574,2014-07-28,Modern Daily #7313485,modern,modern-daily-7313485,modern-daily-7313485-2014-07-28
13,4,Mox Opal,,Artifacts,3,1,Affinity,coldmind,375 tix,$ 935,241574,2014-07-28,Modern Daily #7313485,modern,modern-daily-7313485,modern-daily-7313485-2014-07-28
14,2,Welding Jar,,Artifacts,3,1,Affinity,coldmind,375 tix,$ 935,241574,2014-07-28,Modern Daily #7313485,modern,modern-daily-7313485,modern-daily-7313485-2014-07-28
15,3,Springleaf Drum,,Artifacts,3,1,Affinity,coldmind,375 tix,$ 935,241574,2014-07-28,Modern Daily #7313485,modern,modern-daily-7313485,modern-daily-7313485-2014-07-28
16,4,Cranial Plating,,Artifacts,3,1,Affinity,coldmind,375 tix,$ 935,241574,2014-07-28,Modern Daily #7313485,modern,modern-daily-7313485,modern-daily-7313485-2014-07-28
18,4,Blinkmoth Nexus,,Lands,3,1,Affinity,coldmind,375 tix,$ 935,241574,2014-07-28,Modern Daily #7313485,modern,modern-daily-7313485,modern-daily-7313485-2014-07-28
19,4,Darksteel Citadel,,Lands,3,1,Affinity,coldmind,375 tix,$ 935,241574,2014-07-28,Modern Daily #7313485,modern,modern-daily-7313485,modern-daily-7313485-2014-07-28
20,4,Glimmervoid,,Lands,3,1,Affinity,coldmind,375 tix,$ 935,241574,2014-07-28,Modern Daily #7313485,modern,modern-daily-7313485,modern-daily-7313485-2014-07-28
21,4,Inkmoth Nexus,,Lands,3,1,Affinity,coldmind,375 tix,$ 935,241574,2014-07-28,Modern Daily #7313485,modern,modern-daily-7313485,modern-daily-7313485-2014-07-28
22,1,Island,,Lands,3,1,Affinity,coldmind,375 tix,$ 935,241574,2014-07-28,Modern Daily #7313485,modern,modern-daily-7313485,modern-daily-7313485-2014-07-28
24,1,Gut Shot,,Sideboard,3,1,Affinity,coldmind,375 tix,$ 935,241574,2014-07-28,Modern Daily #7313485,modern,modern-daily-7313485,modern-daily-7313485-2014-07-28
25,1,Illness in the Ranks,,Sideboard,3,1,Affinity,coldmind,375 tix,$ 935,241574,2014-07-28,Modern Daily #7313485,modern,modern-daily-7313485,modern-daily-7313485-2014-07-28
26,2,Thoughtseize,,Sideboard,3,1,Affinity,coldmind,375 tix,$ 935,241574,2014-07-28,Modern Daily #7313485,modern,modern-daily-7313485,modern-daily-7313485-2014-07-28
27,2,Ancient Grudge,,Sideboard,3,1,Affinity,coldmind,375 tix,$ 935,241574,2014-07-28,Modern Daily #7313485,modern,modern-daily-7313485,modern-daily-7313485-2014-07-28
28,2,Spellskite,,Sideboard,3,1,Affinity,coldmind,375 tix,$ 935,241574,2014-07-28,Modern Daily #7313485,modern,modern-daily-7313485,modern-daily-7313485-2014-07-28
29,1,Torpor Orb,,Sideboard,3,1,Affinity,coldmind,375 tix,$ 935,241574,2014-07-28,Modern Daily #7313485,modern,modern-daily-7313485,modern-daily-7313485-2014-07-28
30,1,Whipflare,,Sideboard,3,1,Affinity,coldmind,375 tix,$ 935,241574,2014-07-28,Modern Daily #7313485,modern,modern-daily-7313485,modern-daily-7313485-2014-07-28
31,1,Choke,,Sideboard,3,1,Affinity,coldmind,375 tix,$ 935,241574,2014-07-28,Modern Daily #7313485,modern,modern-daily-7313485,modern-daily-7313485-2014-07-28
32,1,Dismember,,Sideboard,3,1,Affinity,coldmind,375 tix,$ 935,241574,2014-07-28,Modern Daily #7313485,modern,modern-daily-7313485,modern-daily-7313485-2014-07-28
33,3,Etched Champion,,Sideboard,3,1,Affinity,coldmind,375 tix,$ 935,241574,2014-07-28,Modern Daily #7313485,modern,modern-daily-7313485,modern-daily-7313485-2014-07-28
1,4,Gladecover Scout,,Creatures,3,1,Bogles,-Oreste-,335 tix,$ 897,241565,2014-07-28,Modern Daily #7313485,modern,modern-daily-7313485,modern-daily-7313485-2014-07-28
2,4,Slippery Bogle,,Creatures,3,1,Bogles,-Oreste-,335 tix,$ 897,241565,2014-07-28,Modern Daily #7313485,modern,modern-daily-7313485,modern-daily-7313485-2014-07-28
3,4,Kor Spiritdancer,,Creatures,3,1,Bogles,-Oreste-,335 tix,$ 897,241565,2014-07-28,Modern Daily #7313485,modern,modern-daily-7313485,modern-daily-7313485-2014-07-28
5,2,Path to Exile,,Spells,3,1,Bogles,-Oreste-,335 tix,$ 897,241565,2014-07-28,Modern Daily #7313485,modern,modern-daily-7313485,modern-daily-7313485-2014-07-28
7,4,Ethereal Armor,,Enchantments,3,1,Bogles,-Oreste-,335 tix,$ 897,241565,2014-07-28,Modern Daily #7313485,modern,modern-daily-7313485,modern-daily-7313485-2014-07-28
8,4,Hyena Umbra,,Enchantments,3,1,Bogles,-Oreste-,335 tix,$ 897,241565,2014-07-28,Modern Daily #7313485,modern,modern-daily-7313485,modern-daily-7313485-2014-07-28
9,4,Keen Sense,,Enchantments,3,1,Bogles,-Oreste-,335 tix,$ 897,241565,2014-07-28,Modern Daily #7313485,modern,modern-daily-7313485,modern-daily-7313485-2014-07-28
10,4,Rancor,,Enchantments,3,1,Bogles,-Oreste-,335 tix,$ 897,241565,2014-07-28,Modern Daily #7313485,modern,modern-daily-7313485,modern-daily-7313485-2014-07-28
11,4,Spider Umbra,,Enchantments,3,1,Bogles,-Oreste-,335 tix,$ 897,241565,2014-07-28,Modern Daily #7313485,modern,modern-daily-7313485,modern-daily-7313485-2014-07-28
12,4,Daybreak Coronet,,Enchantments,3,1,Bogles,-Oreste-,335 tix,$ 897,241565,2014-07-28,Modern Daily #7313485,modern,modern-daily-7313485,modern-daily-7313485-2014-07-28
13,2,Unflinching Courage,,Enchantments,3,1,Bogles,-Oreste-,335 tix,$ 897,241565,2014-07-28,Modern Daily #7313485,modern,modern-daily-7313485,modern-daily-7313485-2014-07-28
15,3,Brushland,,Lands,3,1,Bogles,-Oreste-,335 tix,$ 897,241565,2014-07-28,Modern Daily #7313485,modern,modern-daily-7313485,modern-daily-7313485-2014-07-28
16,1,Forest,,Lands,3,1,Bogles,-Oreste-,335 tix,$ 897,241565,2014-07-28,Modern Daily #7313485,modern,modern-daily-7313485,modern-daily-7313485-2014-07-28
17,4,Horizon Canopy,,Lands,3,1,Bogles,-Oreste-,335 tix,$ 897,241565,2014-07-28,Modern Daily #7313485,modern,modern-daily-7313485,modern-daily-7313485-2014-07-28
18,4,Razorverge Thicket,,Lands,3,1,Bogles,-Oreste-,335 tix,$ 897,241565,2014-07-28,Modern Daily #7313485,modern,modern-daily-7313485,modern-daily-7313485-2014-07-28
19,4,Temple Garden,,Lands,3,1,Bogles,-Oreste-,335 tix,$ 897,241565,2014-07-28,Modern Daily #7313485,modern,modern-daily-7313485,modern-daily-7313485-2014-07-28
20,4,Verdant Catacombs,,Lands,3,1,Bogles,-Oreste-,335 tix,$ 897,241565,2014-07-28,Modern Daily #7313485,modern,modern-daily-7313485,modern-daily-7313485-2014-07-28
22,2,Nature's Claim,,Sideboard,3,1,Bogles,-Oreste-,335 tix,$ 897,241565,2014-07-28,Modern Daily #7313485,modern,modern-daily-7313485,modern-daily-7313485-2014-07-28
23,2,Path to Exile,,Sideboard,3,1,Bogles,-Oreste-,335 tix,$ 897,241565,2014-07-28,Modern Daily #7313485,modern,modern-daily-7313485,modern-daily-7313485-2014-07-28
24,2,Rest in Peace,,Sideboard,3,1,Bogles,-Oreste-,335 tix,$ 897,241565,2014-07-28,Modern Daily #7313485,modern,modern-daily-7313485,modern-daily-7313485-2014-07-28
25,3,Stony Silence,,Sideboard,3,1,Bogles,-Oreste-,335 tix,$ 897,241565,2014-07-28,Modern Daily #7313485,modern,modern-daily-7313485,modern-daily-7313485-2014-07-28
26,2,Suppression Field,,Sideboard,3,1,Bogles,-Oreste-,335 tix,$ 897,241565,2014-07-28,Modern Daily #7313485,modern,modern-daily-7313485,modern-daily-7313485-2014-07-28
27,4,Leyline of Sanctity,,Sideboard,3,1,Bogles,-Oreste-,335 tix,$ 897,241565,2014-07-28,Modern Daily #7313485,modern,modern-daily-7313485,modern-daily-7313485-2014-07-28
1,4,Goblin Guide,,Creatures,3,1,Burn,Lorune1,83 tix,$ 211,241564,2014-07-28,Modern Daily #7313485,modern,modern-daily-7313485,modern-daily-7313485-2014-07-28
2,2,Vexing Devil,,Creatures,3,1,Burn,Lorune1,83 tix,$ 211,241564,2014-07-28,Modern Daily #7313485,modern,modern-daily-7313485,modern-daily-7313485-2014-07-28
3,4,Eidolon of the Great Revel,,Creatures,3,1,Burn,Lorune1,83 tix,$ 211,241564,2014-07-28,Modern Daily #7313485,modern,modern-daily-7313485,modern-daily-7313485-2014-07-28
4,2,Hellspark Elemental,,Creatures,3,1,Burn,Lorune1,83 tix,$ 211,241564,2014-07-28,Modern Daily #7313485,modern,modern-daily-7313485,modern-daily-7313485-2014-07-28
6,4,Lava Spike,,Spells,3,1,Burn,Lorune1,83 tix,$ 211,241564,2014-07-28,Modern Daily #7313485,modern,modern-daily-7313485,modern-daily-7313485-2014-07-28
7,4,Lightning Bolt,,Spells,3,1,Burn,Lorune1,83 tix,$ 211,241564,2014-07-28,Modern Daily #7313485,modern,modern-daily-7313485,modern-daily-7313485-2014-07-28
8,2,Shard Volley,,Spells,3,1,Burn,Lorune1,83 tix,$ 211,241564,2014-07-28,Modern Daily #7313485,modern,modern-daily-7313485,modern-daily-7313485-2014-07-28
9,3,Magma Jet,,Spells,3,1,Burn,Lorune1,83 tix,$ 211,241564,2014-07-28,Modern Daily #7313485,modern,modern-daily-7313485,modern-daily-7313485-2014-07-28
10,2,Searing Blaze,,Spells,3,1,Burn,Lorune1,83 tix,$ 211,241564,2014-07-28,Modern Daily #7313485,modern,modern-daily-7313485,modern-daily-7313485-2014-07-28
11,2,Searing Blood,,Spells,3,1,Burn,Lorune1,83 tix,$ 211,241564,2014-07-28,Modern Daily #7313485,modern,modern-daily-7313485,modern-daily-7313485-2014-07-28
12,4,Skullcrack,,Spells,3,1,Burn,Lorune1,83 tix,$ 211,241564,2014-07-28,Modern Daily #7313485,modern,modern-daily-7313485,modern-daily-7313485-2014-07-28
13,3,Flames of the Blood Hand,,Spells,3,1,Burn,Lorune1,83 tix,$ 211,241564,2014-07-28,Modern Daily #7313485,modern,modern-daily-7313485,modern-daily-7313485-2014-07-28
14,4,Rift Bolt,,Spells,3,1,Burn,Lorune1,83 tix,$ 211,241564,2014-07-28,Modern Daily #7313485,modern,modern-daily-7313485,modern-daily-7313485-2014-07-28
16,20,Mountain,,Lands,3,1,Burn,Lorune1,83 tix,$ 211,241564,2014-07-28,Modern Daily #7313485,modern,modern-daily-7313485,modern-daily-7313485-2014-07-28
18,2,Relic of Progenitus,,Sideboard,3,1,Burn,Lorune1,83 tix,$ 211,241564,2014-07-28,Modern Daily #7313485,modern,modern-daily-7313485,modern-daily-7313485-2014-07-28
19,2,Combust,,Sideboard,3,1,Burn,Lorune1,83 tix,$ 211,241564,2014-07-28,Modern Daily #7313485,modern,modern-daily-7313485,modern-daily-7313485-2014-07-28
20,2,Dragon's Claw,,Sideboard,3,1,Burn,Lorune1,83 tix,$ 211,241564,2014-07-28,Modern Daily #7313485,modern,modern-daily-7313485,modern-daily-7313485-2014-07-28
21,4,Smash to Smithereens,,Sideboard,3,1,Burn,Lorune1,83 tix,$ 211,241564,2014-07-28,Modern Daily #7313485,modern,modern-daily-7313485,modern-daily-7313485-2014-07-28
22,4,Molten Rain,,Sideboard,3,1,Burn,Lorune1,83 tix,$ 211,241564,2014-07-28,Modern Daily #7313485,modern,modern-daily-7313485,modern-daily-7313485-2014-07-28
23,1,Volcanic Fallout,,Sideboard,3,1,Burn,Lorune1,83 tix,$ 211,241564,2014-07-28,Modern Daily #7313485,modern,modern-daily-7313485,modern-daily-7313485-2014-07-28
1,4,Dark Confidant,,Creatures,3,1,Junk,Yemeth,601 tix,"$ 1,930",241559,2014-07-28,Modern Daily #7313485,modern,modern-daily-7313485,modern-daily-7313485-2014-07-28
2,3,Scavenging Ooze,,Creatures,3,1,Junk,Yemeth,601 tix,"$ 1,930",241559,2014-07-28,Modern Daily #7313485,modern,modern-daily-7313485,modern-daily-7313485-2014-07-28
3,4,Tarmogoyf,,Creatures,3,1,Junk,Yemeth,601 tix,"$ 1,930",241559,2014-07-28,Modern Daily #7313485,modern,modern-daily-7313485,modern-daily-7313485-2014-07-28
5,4,Liliana of the Veil,,Planeswalkers,3,1,Junk,Yemeth,601 tix,"$ 1,930",241559,2014-07-28,Modern Daily #7313485,modern,modern-daily-7313485,modern-daily-7313485-2014-07-28
7,2,Slaughter Pact,,Spells,3,1,Junk,Yemeth,601 tix,"$ 1,930",241559,2014-07-28,Modern Daily #7313485,modern,modern-daily-7313485,modern-daily-7313485-2014-07-28
8,4,Inquisition of Kozilek,,Spells,3,1,Junk,Yemeth,601 tix,"$ 1,930",241559,2014-07-28,Modern Daily #7313485,modern,modern-daily-7313485,modern-daily-7313485-2014-07-28
9,3,Thoughtseize,,Spells,3,1,Junk,Yemeth,601 tix,"$ 1,930",241559,2014-07-28,Modern Daily #7313485,modern,modern-daily-7313485,modern-daily-7313485-2014-07-28
10,4,Abrupt Decay,,Spells,3,1,Junk,Yemeth,601 tix,"$ 1,930",241559,2014-07-28,Modern Daily #7313485,modern,modern-daily-7313485,modern-daily-7313485-2014-07-28
11,2,Dismember,,Spells,3,1,Junk,Yemeth,601 tix,"$ 1,930",241559,2014-07-28,Modern Daily #7313485,modern,modern-daily-7313485,modern-daily-7313485-2014-07-28
12,4,Lingering Souls,,Spells,3,1,Junk,Yemeth,601 tix,"$ 1,930",241559,2014-07-28,Modern Daily #7313485,modern,modern-daily-7313485,modern-daily-7313485-2014-07-28
13,1,Maelstrom Pulse,,Spells,3,1,Junk,Yemeth,601 tix,"$ 1,930",241559,2014-07-28,Modern Daily #7313485,modern,modern-daily-7313485,modern-daily-7313485-2014-07-28
15,2,Forest,,Lands,3,1,Junk,Yemeth,601 tix,"$ 1,930",241559,2014-07-28,Modern Daily #7313485,modern,modern-daily-7313485,modern-daily-7313485-2014-07-28
16,1,Godless Shrine,,Lands,3,1,Junk,Yemeth,601 tix,"$ 1,930",241559,2014-07-28,Modern Daily #7313485,modern,modern-daily-7313485,modern-daily-7313485-2014-07-28
17,2,Marsh Flats,,Lands,3,1,Junk,Yemeth,601 tix,"$ 1,930",241559,2014-07-28,Modern Daily #7313485,modern,modern-daily-7313485,modern-daily-7313485-2014-07-28
18,1,Misty Rainforest,,Lands,3,1,Junk,Yemeth,601 tix,"$ 1,930",241559,2014-07-28,Modern Daily #7313485,modern,modern-daily-7313485,modern-daily-7313485-2014-07-28
19,2,Overgrown Tomb,,Lands,3,1,Junk,Yemeth,601 tix,"$ 1,930",241559,2014-07-28,Modern Daily #7313485,modern,modern-daily-7313485,modern-daily-7313485-2014-07-28
20,2,Swamp,,Lands,3,1,Junk,Yemeth,601 tix,"$ 1,930",241559,2014-07-28,Modern Daily #7313485,modern,modern-daily-7313485,modern-daily-7313485-2014-07-28
21,3,Tectonic Edge,,Lands,3,1,Junk,Yemeth,601 tix,"$ 1,930",241559,2014-07-28,Modern Daily #7313485,modern,modern-daily-7313485,modern-daily-7313485-2014-07-28
22,1,Temple Garden,,Lands,3,1,Junk,Yemeth,601 tix,"$ 1,930",241559,2014-07-28,Modern Daily #7313485,modern,modern-daily-7313485,modern-daily-7313485-2014-07-28
23,4,Treetop Village,,Lands,3,1,Junk,Yemeth,601 tix,"$ 1,930",241559,2014-07-28,Modern Daily #7313485,modern,modern-daily-7313485,modern-daily-7313485-2014-07-28
24,2,Twilight Mire,,Lands,3,1,Junk,Yemeth,601 tix,"$ 1,930",241559,2014-07-28,Modern Daily #7313485,modern,modern-daily-7313485,modern-daily-7313485-2014-07-28
25,1,"Urborg, Tomb of Yawgmoth",,Lands,3,1,Junk,Yemeth,601 tix,"$ 1,930",241559,2014-07-28,Modern Daily #7313485,modern,modern-daily-7313485,modern-daily-7313485-2014-07-28
26,4,Verdant Catacombs,,Lands,3,1,Junk,Yemeth,601 tix,"$ 1,930",241559,2014-07-28,Modern Daily #7313485,modern,modern-daily-7313485,modern-daily-7313485-2014-07-28
28,2,Grafdigger's Cage,,Sideboard,3,1,Junk,Yemeth,601 tix,"$ 1,930",241559,2014-07-28,Modern Daily #7313485,modern,modern-daily-7313485,modern-daily-7313485-2014-07-28
29,1,Thoughtseize,,Sideboard,3,1,Junk,Yemeth,601 tix,"$ 1,930",241559,2014-07-28,Modern Daily #7313485,modern,modern-daily-7313485,modern-daily-7313485-2014-07-28
30,1,Scavenging Ooze,,Sideboard,3,1,Junk,Yemeth,601 tix,"$ 1,930",241559,2014-07-28,Modern Daily #7313485,modern,modern-daily-7313485,modern-daily-7313485-2014-07-28
31,2,Stony Silence,,Sideboard,3,1,Junk,Yemeth,601 tix,"$ 1,930",241559,2014-07-28,Modern Daily #7313485,modern,modern-daily-7313485,modern-daily-7313485-2014-07-28
32,1,Drown in Sorrow,,Sideboard,3,1,Junk,Yemeth,601 tix,"$ 1,930",241559,2014-07-28,Modern Daily #7313485,modern,modern-daily-7313485,modern-daily-7313485-2014-07-28
33,3,Fulminator Mage,,Sideboard,3,1,Junk,Yemeth,601 tix,"$ 1,930",241559,2014-07-28,Modern Daily #7313485,modern,modern-daily-7313485,modern-daily-7313485-2014-07-28
34,1,Sword of Light and Shadow,,Sideboard,3,1,Junk,Yemeth,601 tix,"$ 1,930",241559,2014-07-28,Modern Daily #7313485,modern,modern-daily-7313485,modern-daily-7313485-2014-07-28
35,1,Damnation,,Sideboard,3,1,Junk,Yemeth,601 tix,"$ 1,930",241559,2014-07-28,Modern Daily #7313485,modern,modern-daily-7313485,modern-daily-7313485-2014-07-28
36,2,Obstinate Baloth,,Sideboard,3,1,Junk,Yemeth,601 tix,"$ 1,930",241559,2014-07-28,Modern Daily #7313485,modern,modern-daily-7313485,modern-daily-7313485-2014-07-28
37,1,Batterskull,,Sideboard,3,1,Junk,Yemeth,601 tix,"$ 1,930",241559,2014-07-28,Modern Daily #7313485,modern,modern-daily-7313485,modern-daily-7313485-2014-07-28
1,4,Dark Confidant,,Creatures,3,1,Junk,xuder,619 tix,"$ 1,972",241560,2014-07-28,Modern Daily #7313485,modern,modern-daily-7313485,modern-daily-7313485-2014-07-28
2,3,Scavenging Ooze,,Creatures,3,1,Junk,xuder,619 tix,"$ 1,972",241560,2014-07-28,Modern Daily #7313485,modern,modern-daily-7313485,modern-daily-7313485-2014-07-28
3,4,Tarmogoyf,,Creatures,3,1,Junk,xuder,619 tix,"$ 1,972",241560,2014-07-28,Modern Daily #7313485,modern,modern-daily-7313485,modern-daily-7313485-2014-07-28
5,4,Liliana of the Veil,,Planeswalkers,3,1,Junk,xuder,619 tix,"$ 1,972",241560,2014-07-28,Modern Daily #7313485,modern,modern-daily-7313485,modern-daily-7313485-2014-07-28
6,1,Garruk Wildspeaker,,Planeswalkers,3,1,Junk,xuder,619 tix,"$ 1,972",241560,2014-07-28,Modern Daily #7313485,modern,modern-daily-7313485,modern-daily-7313485-2014-07-28
8,1,Slaughter Pact,,Spells,3,1,Junk,xuder,619 tix,"$ 1,972",241560,2014-07-28,Modern Daily #7313485,modern,modern-daily-7313485,modern-daily-7313485-2014-07-28
9,3,Inquisition of Kozilek,,Spells,3,1,Junk,xuder,619 tix,"$ 1,972",241560,2014-07-28,Modern Daily #7313485,modern,modern-daily-7313485,modern-daily-7313485-2014-07-28
10,4,Thoughtseize,,Spells,3,1,Junk,xuder,619 tix,"$ 1,972",241560,2014-07-28,Modern Daily #7313485,modern,modern-daily-7313485,modern-daily-7313485-2014-07-28
11,4,Abrupt Decay,,Spells,3,1,Junk,xuder,619 tix,"$ 1,972",241560,2014-07-28,Modern Daily #7313485,modern,modern-daily-7313485,modern-daily-7313485-2014-07-28
12,2,Dismember,,Spells,3,1,Junk,xuder,619 tix,"$ 1,972",241560,2014-07-28,Modern Daily #7313485,modern,modern-daily-7313485,modern-daily-7313485-2014-07-28
13,3,Lingering Souls,,Spells,3,1,Junk,xuder,619 tix,"$ 1,972",241560,2014-07-28,Modern Daily #7313485,modern,modern-daily-7313485,modern-daily-7313485-2014-07-28
14,1,Maelstrom Pulse,,Spells,3,1,Junk,xuder,619 tix,"$ 1,972",241560,2014-07-28,Modern Daily #7313485,modern,modern-daily-7313485,modern-daily-7313485-2014-07-28
15,1,Putrefy,,Spells,3,1,Junk,xuder,619 tix,"$ 1,972",241560,2014-07-28,Modern Daily #7313485,modern,modern-daily-7313485,modern-daily-7313485-2014-07-28
17,1,Forest,,Lands,3,1,Junk,xuder,619 tix,"$ 1,972",241560,2014-07-28,Modern Daily #7313485,modern,modern-daily-7313485,modern-daily-7313485-2014-07-28
18,1,Godless Shrine,,Lands,3,1,Junk,xuder,619 tix,"$ 1,972",241560,2014-07-28,Modern Daily #7313485,modern,modern-daily-7313485,modern-daily-7313485-2014-07-28
19,1,Isolated Chapel,,Lands,3,1,Junk,xuder,619 tix,"$ 1,972",241560,2014-07-28,Modern Daily #7313485,modern,modern-daily-7313485,modern-daily-7313485-2014-07-28
20,4,Marsh Flats,,Lands,3,1,Junk,xuder,619 tix,"$ 1,972",241560,2014-07-28,Modern Daily #7313485,modern,modern-daily-7313485,modern-daily-7313485-2014-07-28
21,2,Overgrown Tomb,,Lands,3,1,Junk,xuder,619 tix,"$ 1,972",241560,2014-07-28,Modern Daily #7313485,modern,modern-daily-7313485,modern-daily-7313485-2014-07-28
22,1,Stirring Wildwood,,Lands,3,1,Junk,xuder,619 tix,"$ 1,972",241560,2014-07-28,Modern Daily #7313485,modern,modern-daily-7313485,modern-daily-7313485-2014-07-28
23,2,Swamp,,Lands,3,1,Junk,xuder,619 tix,"$ 1,972",241560,2014-07-28,Modern Daily #7313485,modern,modern-daily-7313485,modern-daily-7313485-2014-07-28
24,3,Tectonic Edge,,Lands,3,1,Junk,xuder,619 tix,"$ 1,972",241560,2014-07-28,Modern Daily #7313485,modern,modern-daily-7313485,modern-daily-7313485-2014-07-28
25,1,Temple Garden,,Lands,3,1,Junk,xuder,619 tix,"$ 1,972",241560,2014-07-28,Modern Daily #7313485,modern,modern-daily-7313485,modern-daily-7313485-2014-07-28
26,3,Treetop Village,,Lands,3,1,Junk,xuder,619 tix,"$ 1,972",241560,2014-07-28,Modern Daily #7313485,modern,modern-daily-7313485,modern-daily-7313485-2014-07-28
27,2,Twilight Mire,,Lands,3,1,Junk,xuder,619 tix,"$ 1,972",241560,2014-07-28,Modern Daily #7313485,modern,modern-daily-7313485,modern-daily-7313485-2014-07-28
28,4,Verdant Catacombs,,Lands,3,1,Junk,xuder,619 tix,"$ 1,972",241560,2014-07-28,Modern Daily #7313485,modern,modern-daily-7313485,modern-daily-7313485-2014-07-28
30,1,Engineered Explosives,,Sideboard,3,1,Junk,xuder,619 tix,"$ 1,972",241560,2014-07-28,Modern Daily #7313485,modern,modern-daily-7313485,modern-daily-7313485-2014-07-28
31,2,Grafdigger's Cage,,Sideboard,3,1,Junk,xuder,619 tix,"$ 1,972",241560,2014-07-28,Modern Daily #7313485,modern,modern-daily-7313485,modern-daily-7313485-2014-07-28
32,1,Golgari Charm,,Sideboard,3,1,Junk,xuder,619 tix,"$ 1,972",241560,2014-07-28,Modern Daily #7313485,modern,modern-daily-7313485,modern-daily-7313485-2014-07-28
33,2,Stony Silence,,Sideboard,3,1,Junk,xuder,619 tix,"$ 1,972",241560,2014-07-28,Modern Daily #7313485,modern,modern-daily-7313485,modern-daily-7313485-2014-07-28
34,2,Aven Mindcensor,,Sideboard,3,1,Junk,xuder,619 tix,"$ 1,972",241560,2014-07-28,Modern Daily #7313485,modern,modern-daily-7313485,modern-daily-7313485-2014-07-28
35,3,Fulminator Mage,,Sideboard,3,1,Junk,xuder,619 tix,"$ 1,972",241560,2014-07-28,Modern Daily #7313485,modern,modern-daily-7313485,modern-daily-7313485-2014-07-28
36,1,Timely Reinforcements,,Sideboard,3,1,Junk,xuder,619 tix,"$ 1,972",241560,2014-07-28,Modern Daily #7313485,modern,modern-daily-7313485,modern-daily-7313485-2014-07-28
37,1,Creeping Corrosion,,Sideboard,3,1,Junk,xuder,619 tix,"$ 1,972",241560,2014-07-28,Modern Daily #7313485,modern,modern-daily-7313485,modern-daily-7313485-2014-07-28
38,1,Obstinate Baloth,,Sideboard,3,1,Junk,xuder,619 tix,"$ 1,972",241560,2014-07-28,Modern Daily #7313485,modern,modern-daily-7313485,modern-daily-7313485-2014-07-28
39,1,"Thrun, the Last Troll",,Sideboard,3,1,Junk,xuder,619 tix,"$ 1,972",241560,2014-07-28,Modern Daily #7313485,modern,modern-daily-7313485,modern-daily-7313485-2014-07-28
1,4,Birds of Paradise,,Creatures,3,1,Melira Pod,EronRelentless,284 tix,$ 869,241566,2014-07-28,Modern Daily #7313485,modern,modern-daily-7313485,modern-daily-7313485-2014-07-28
2,3,Noble Hierarch,,Creatures,3,1,Melira Pod,EronRelentless,284 tix,$ 869,241566,2014-07-28,Modern Daily #7313485,modern,modern-daily-7313485,modern-daily-7313485-2014-07-28
3,1,Viscera Seer,,Creatures,3,1,Melira Pod,EronRelentless,284 tix,$ 869,241566,2014-07-28,Modern Daily #7313485,modern,modern-daily-7313485,modern-daily-7313485-2014-07-28
4,1,"Melira, Sylvok Outcast",,Creatures,3,1,Melira Pod,EronRelentless,284 tix,$ 869,241566,2014-07-28,Modern Daily #7313485,modern,modern-daily-7313485,modern-daily-7313485-2014-07-28
5,1,Qasali Pridemage,,Creatures,3,1,Melira Pod,EronRelentless,284 tix,$ 869,241566,2014-07-28,Modern Daily #7313485,modern,modern-daily-7313485,modern-daily-7313485-2014-07-28
6,1,Scavenging Ooze,,Creatures,3,1,Melira Pod,EronRelentless,284 tix,$ 869,241566,2014-07-28,Modern Daily #7313485,modern,modern-daily-7313485,modern-daily-7313485-2014-07-28
7,1,Spellskite,,Creatures,3,1,Melira Pod,EronRelentless,284 tix,$ 869,241566,2014-07-28,Modern Daily #7313485,modern,modern-daily-7313485,modern-daily-7313485-2014-07-28
8,3,Voice of Resurgence,,Creatures,3,1,Melira Pod,EronRelentless,284 tix,$ 869,241566,2014-07-28,Modern Daily #7313485,modern,modern-daily-7313485,modern-daily-7313485-2014-07-28
9,1,Wall of Roots,,Creatures,3,1,Melira Pod,EronRelentless,284 tix,$ 869,241566,2014-07-28,Modern Daily #7313485,modern,modern-daily-7313485,modern-daily-7313485-2014-07-28
10,1,Eternal Witness,,Creatures,3,1,Melira Pod,EronRelentless,284 tix,$ 869,241566,2014-07-28,Modern Daily #7313485,modern,modern-daily-7313485,modern-daily-7313485-2014-07-28
11,4,Kitchen Finks,,Creatures,3,1,Melira Pod,EronRelentless,284 tix,$ 869,241566,2014-07-28,Modern Daily #7313485,modern,modern-daily-7313485,modern-daily-7313485-2014-07-28
12,1,Orzhov Pontiff,,Creatures,3,1,Melira Pod,EronRelentless,284 tix,$ 869,241566,2014-07-28,Modern Daily #7313485,modern,modern-daily-7313485,modern-daily-7313485-2014-07-28
13,1,Spike Feeder,,Creatures,3,1,Melira Pod,EronRelentless,284 tix,$ 869,241566,2014-07-28,Modern Daily #7313485,modern,modern-daily-7313485,modern-daily-7313485-2014-07-28
14,1,"Linvala, Keeper of Silence",,Creatures,3,1,Melira Pod,EronRelentless,284 tix,$ 869,241566,2014-07-28,Modern Daily #7313485,modern,modern-daily-7313485,modern-daily-7313485-2014-07-28
15,1,Murderous Redcap,,Creatures,3,1,Melira Pod,EronRelentless,284 tix,$ 869,241566,2014-07-28,Modern Daily #7313485,modern,modern-daily-7313485,modern-daily-7313485-2014-07-28
16,1,Ranger of Eos,,Creatures,3,1,Melira Pod,EronRelentless,284 tix,$ 869,241566,2014-07-28,Modern Daily #7313485,modern,modern-daily-7313485,modern-daily-7313485-2014-07-28
17,1,Archangel of Thune,,Creatures,3,1,Melira Pod,EronRelentless,284 tix,$ 869,241566,2014-07-28,Modern Daily #7313485,modern,modern-daily-7313485,modern-daily-7313485-2014-07-28
18,1,Reveillark,,Creatures,3,1,Melira Pod,EronRelentless,284 tix,$ 869,241566,2014-07-28,Modern Daily #7313485,modern,modern-daily-7313485,modern-daily-7313485-2014-07-28
19,1,Shriekmaw,,Creatures,3,1,Melira Pod,EronRelentless,284 tix,$ 869,241566,2014-07-28,Modern Daily #7313485,modern,modern-daily-7313485,modern-daily-7313485-2014-07-28
21,2,Abrupt Decay,,Spells,3,1,Melira Pod,EronRelentless,284 tix,$ 869,241566,2014-07-28,Modern Daily #7313485,modern,modern-daily-7313485,modern-daily-7313485-2014-07-28
22,2,Chord of Calling,,Spells,3,1,Melira Pod,EronRelentless,284 tix,$ 869,241566,2014-07-28,Modern Daily #7313485,modern,modern-daily-7313485,modern-daily-7313485-2014-07-28
24,4,Birthing Pod,,Artifacts,3,1,Melira Pod,EronRelentless,284 tix,$ 869,241566,2014-07-28,Modern Daily #7313485,modern,modern-daily-7313485,modern-daily-7313485-2014-07-28
26,3,Forest,,Lands,3,1,Melira Pod,EronRelentless,284 tix,$ 869,241566,2014-07-28,Modern Daily #7313485,modern,modern-daily-7313485,modern-daily-7313485-2014-07-28
27,3,Gavony Township,,Lands,3,1,Melira Pod,EronRelentless,284 tix,$ 869,241566,2014-07-28,Modern Daily #7313485,modern,modern-daily-7313485,modern-daily-7313485-2014-07-28
28,1,Godless Shrine,,Lands,3,1,Melira Pod,EronRelentless,284 tix,$ 869,241566,2014-07-28,Modern Daily #7313485,modern,modern-daily-7313485,modern-daily-7313485-2014-07-28
29,4,Misty Rainforest,,Lands,3,1,Melira Pod,EronRelentless,284 tix,$ 869,241566,2014-07-28,Modern Daily #7313485,modern,modern-daily-7313485,modern-daily-7313485-2014-07-28
30,2,Overgrown Tomb,,Lands,3,1,Melira Pod,EronRelentless,284 tix,$ 869,241566,2014-07-28,Modern Daily #7313485,modern,modern-daily-7313485,modern-daily-7313485-2014-07-28
31,3,Razorverge Thicket,,Lands,3,1,Melira Pod,EronRelentless,284 tix,$ 869,241566,2014-07-28,Modern Daily #7313485,modern,modern-daily-7313485,modern-daily-7313485-2014-07-28
32,1,Swamp,,Lands,3,1,Melira Pod,EronRelentless,284 tix,$ 869,241566,2014-07-28,Modern Daily #7313485,modern,modern-daily-7313485,modern-daily-7313485-2014-07-28
33,1,Temple Garden,,Lands,3,1,Melira Pod,EronRelentless,284 tix,$ 869,241566,2014-07-28,Modern Daily #7313485,modern,modern-daily-7313485,modern-daily-7313485-2014-07-28
34,4,Verdant Catacombs,,Lands,3,1,Melira Pod,EronRelentless,284 tix,$ 869,241566,2014-07-28,Modern Daily #7313485,modern,modern-daily-7313485,modern-daily-7313485-2014-07-28
35,1,Woodland Cemetery,,Lands,3,1,Melira Pod,EronRelentless,284 tix,$ 869,241566,2014-07-28,Modern Daily #7313485,modern,modern-daily-7313485,modern-daily-7313485-2014-07-28
37,1,Slaughter Pact,,Sideboard,3,1,Melira Pod,EronRelentless,284 tix,$ 869,241566,2014-07-28,Modern Daily #7313485,modern,modern-daily-7313485,modern-daily-7313485-2014-07-28
38,4,Thoughtseize,,Sideboard,3,1,Melira Pod,EronRelentless,284 tix,$ 869,241566,2014-07-28,Modern Daily #7313485,modern,modern-daily-7313485,modern-daily-7313485-2014-07-28
39,1,"Kataki, War's Wage",,Sideboard,3,1,Melira Pod,EronRelentless,284 tix,$ 869,241566,2014-07-28,Modern Daily #7313485,modern,modern-daily-7313485,modern-daily-7313485-2014-07-28
40,1,Scavenging Ooze,,Sideboard,3,1,Melira Pod,EronRelentless,284 tix,$ 869,241566,2014-07-28,Modern Daily #7313485,modern,modern-daily-7313485,modern-daily-7313485-2014-07-28
41,1,Aven Mindcensor,,Sideboard,3,1,Melira Pod,EronRelentless,284 tix,$ 869,241566,2014-07-28,Modern Daily #7313485,modern,modern-daily-7313485,modern-daily-7313485-2014-07-28
42,2,Dismember,,Sideboard,3,1,Melira Pod,EronRelentless,284 tix,$ 869,241566,2014-07-28,Modern Daily #7313485,modern,modern-daily-7313485,modern-daily-7313485-2014-07-28
43,1,Reclamation Sage,,Sideboard,3,1,Melira Pod,EronRelentless,284 tix,$ 869,241566,2014-07-28,Modern Daily #7313485,modern,modern-daily-7313485,modern-daily-7313485-2014-07-28
44,1,Sin Collector,,Sideboard,3,1,Melira Pod,EronRelentless,284 tix,$ 869,241566,2014-07-28,Modern Daily #7313485,modern,modern-daily-7313485,modern-daily-7313485-2014-07-28
45,1,Entomber Exarch,,Sideboard,3,1,Melira Pod,EronRelentless,284 tix,$ 869,241566,2014-07-28,Modern Daily #7313485,modern,modern-daily-7313485,modern-daily-7313485-2014-07-28
46,1,Obstinate Baloth,,Sideboard,3,1,Melira Pod,EronRelentless,284 tix,$ 869,241566,2014-07-28,Modern Daily #7313485,modern,modern-daily-7313485,modern-daily-7313485-2014-07-28
47,1,"Thrun, the Last Troll",,Sideboard,3,1,Melira Pod,EronRelentless,284 tix,$ 869,241566,2014-07-28,Modern Daily #7313485,modern,modern-daily-7313485,modern-daily-7313485-2014-07-28
1,4,Birds of Paradise,,Creatures,3,1,Melira Pod,Lyserg,275 tix,$ 885,241570,2014-07-28,Modern Daily #7313485,modern,modern-daily-7313485,modern-daily-7313485-2014-07-28
2,3,Noble Hierarch,,Creatures,3,1,Melira Pod,Lyserg,275 tix,$ 885,241570,2014-07-28,Modern Daily #7313485,modern,modern-daily-7313485,modern-daily-7313485-2014-07-28
3,1,Scavenging Ooze,,Creatures,3,1,Melira Pod,Lyserg,275 tix,$ 885,241570,2014-07-28,Modern Daily #7313485,modern,modern-daily-7313485,modern-daily-7313485-2014-07-28
4,1,Spellskite,,Creatures,3,1,Melira Pod,Lyserg,275 tix,$ 885,241570,2014-07-28,Modern Daily #7313485,modern,modern-daily-7313485,modern-daily-7313485-2014-07-28
5,3,Voice of Resurgence,,Creatures,3,1,Melira Pod,Lyserg,275 tix,$ 885,241570,2014-07-28,Modern Daily #7313485,modern,modern-daily-7313485,modern-daily-7313485-2014-07-28
6,1,Wall of Roots,,Creatures,3,1,Melira Pod,Lyserg,275 tix,$ 885,241570,2014-07-28,Modern Daily #7313485,modern,modern-daily-7313485,modern-daily-7313485-2014-07-28
7,1,Eternal Witness,,Creatures,3,1,Melira Pod,Lyserg,275 tix,$ 885,241570,2014-07-28,Modern Daily #7313485,modern,modern-daily-7313485,modern-daily-7313485-2014-07-28
8,2,Kitchen Finks,,Creatures,3,1,Melira Pod,Lyserg,275 tix,$ 885,241570,2014-07-28,Modern Daily #7313485,modern,modern-daily-7313485,modern-daily-7313485-2014-07-28
9,1,Orzhov Pontiff,,Creatures,3,1,Melira Pod,Lyserg,275 tix,$ 885,241570,2014-07-28,Modern Daily #7313485,modern,modern-daily-7313485,modern-daily-7313485-2014-07-28
10,1,Reclamation Sage,,Creatures,3,1,Melira Pod,Lyserg,275 tix,$ 885,241570,2014-07-28,Modern Daily #7313485,modern,modern-daily-7313485,modern-daily-7313485-2014-07-28
11,1,Sin Collector,,Creatures,3,1,Melira Pod,Lyserg,275 tix,$ 885,241570,2014-07-28,Modern Daily #7313485,modern,modern-daily-7313485,modern-daily-7313485-2014-07-28
12,1,Spike Feeder,,Creatures,3,1,Melira Pod,Lyserg,275 tix,$ 885,241570,2014-07-28,Modern Daily #7313485,modern,modern-daily-7313485,modern-daily-7313485-2014-07-28
13,1,"Linvala, Keeper of Silence",,Creatures,3,1,Melira Pod,Lyserg,275 tix,$ 885,241570,2014-07-28,Modern Daily #7313485,modern,modern-daily-7313485,modern-daily-7313485-2014-07-28
14,1,Murderous Redcap,,Creatures,3,1,Melira Pod,Lyserg,275 tix,$ 885,241570,2014-07-28,Modern Daily #7313485,modern,modern-daily-7313485,modern-daily-7313485-2014-07-28
15,2,Restoration Angel,,Creatures,3,1,Melira Pod,Lyserg,275 tix,$ 885,241570,2014-07-28,Modern Daily #7313485,modern,modern-daily-7313485,modern-daily-7313485-2014-07-28
16,1,Archangel of Thune,,Creatures,3,1,Melira Pod,Lyserg,275 tix,$ 885,241570,2014-07-28,Modern Daily #7313485,modern,modern-daily-7313485,modern-daily-7313485-2014-07-28
17,1,Reveillark,,Creatures,3,1,Melira Pod,Lyserg,275 tix,$ 885,241570,2014-07-28,Modern Daily #7313485,modern,modern-daily-7313485,modern-daily-7313485-2014-07-28
18,1,Shriekmaw,,Creatures,3,1,Melira Pod,Lyserg,275 tix,$ 885,241570,2014-07-28,Modern Daily #7313485,modern,modern-daily-7313485,modern-daily-7313485-2014-07-28
20,2,Thoughtseize,,Spells,3,1,Melira Pod,Lyserg,275 tix,$ 885,241570,2014-07-28,Modern Daily #7313485,modern,modern-daily-7313485,modern-daily-7313485-2014-07-28
21,2,Abrupt Decay,,Spells,3,1,Melira Pod,Lyserg,275 tix,$ 885,241570,2014-07-28,Modern Daily #7313485,modern,modern-daily-7313485,modern-daily-7313485-2014-07-28
22,2,Chord of Calling,,Spells,3,1,Melira Pod,Lyserg,275 tix,$ 885,241570,2014-07-28,Modern Daily #7313485,modern,modern-daily-7313485,modern-daily-7313485-2014-07-28
24,4,Birthing Pod,,Artifacts,3,1,Melira Pod,Lyserg,275 tix,$ 885,241570,2014-07-28,Modern Daily #7313485,modern,modern-daily-7313485,modern-daily-7313485-2014-07-28
26,3,Forest,,Lands,3,1,Melira Pod,Lyserg,275 tix,$ 885,241570,2014-07-28,Modern Daily #7313485,modern,modern-daily-7313485,modern-daily-7313485-2014-07-28
27,3,Gavony Township,,Lands,3,1,Melira Pod,Lyserg,275 tix,$ 885,241570,2014-07-28,Modern Daily #7313485,modern,modern-daily-7313485,modern-daily-7313485-2014-07-28
28,1,Godless Shrine,,Lands,3,1,Melira Pod,Lyserg,275 tix,$ 885,241570,2014-07-28,Modern Daily #7313485,modern,modern-daily-7313485,modern-daily-7313485-2014-07-28
29,2,Marsh Flats,,Lands,3,1,Melira Pod,Lyserg,275 tix,$ 885,241570,2014-07-28,Modern Daily #7313485,modern,modern-daily-7313485,modern-daily-7313485-2014-07-28
30,2,Misty Rainforest,,Lands,3,1,Melira Pod,Lyserg,275 tix,$ 885,241570,2014-07-28,Modern Daily #7313485,modern,modern-daily-7313485,modern-daily-7313485-2014-07-28
31,2,Overgrown Tomb,,Lands,3,1,Melira Pod,Lyserg,275 tix,$ 885,241570,2014-07-28,Modern Daily #7313485,modern,modern-daily-7313485,modern-daily-7313485-2014-07-28
32,4,Razorverge Thicket,,Lands,3,1,Melira Pod,Lyserg,275 tix,$ 885,241570,2014-07-28,Modern Daily #7313485,modern,modern-daily-7313485,modern-daily-7313485-2014-07-28
33,1,Swamp,,Lands,3,1,Melira Pod,Lyserg,275 tix,$ 885,241570,2014-07-28,Modern Daily #7313485,modern,modern-daily-7313485,modern-daily-7313485-2014-07-28
34,1,Temple Garden,,Lands,3,1,Melira Pod,Lyserg,275 tix,$ 885,241570,2014-07-28,Modern Daily #7313485,modern,modern-daily-7313485,modern-daily-7313485-2014-07-28
35,4,Verdant Catacombs,,Lands,3,1,Melira Pod,Lyserg,275 tix,$ 885,241570,2014-07-28,Modern Daily #7313485,modern,modern-daily-7313485,modern-daily-7313485-2014-07-28
37,1,Path to Exile,,Sideboard,3,1,Melira Pod,Lyserg,275 tix,$ 885,241570,2014-07-28,Modern Daily #7313485,modern,modern-daily-7313485,modern-daily-7313485-2014-07-28
38,2,Thoughtseize,,Sideboard,3,1,Melira Pod,Lyserg,275 tix,$ 885,241570,2014-07-28,Modern Daily #7313485,modern,modern-daily-7313485,modern-daily-7313485-2014-07-28
39,1,Qasali Pridemage,,Sideboard,3,1,Melira Pod,Lyserg,275 tix,$ 885,241570,2014-07-28,Modern Daily #7313485,modern,modern-daily-7313485,modern-daily-7313485-2014-07-28
40,1,Dismember,,Sideboard,3,1,Melira Pod,Lyserg,275 tix,$ 885,241570,2014-07-28,Modern Daily #7313485,modern,modern-daily-7313485,modern-daily-7313485-2014-07-28
41,1,Eidolon of Rhetoric,,Sideboard,3,1,Melira Pod,Lyserg,275 tix,$ 885,241570,2014-07-28,Modern Daily #7313485,modern,modern-daily-7313485,modern-daily-7313485-2014-07-28
42,1,Maelstrom Pulse,,Sideboard,3,1,Melira Pod,Lyserg,275 tix,$ 885,241570,2014-07-28,Modern Daily #7313485,modern,modern-daily-7313485,modern-daily-7313485-2014-07-28
43,1,Orzhov Pontiff,,Sideboard,3,1,Melira Pod,Lyserg,275 tix,$ 885,241570,2014-07-28,Modern Daily #7313485,modern,modern-daily-7313485,modern-daily-7313485-2014-07-28
44,1,Sin Collector,,Sideboard,3,1,Melira Pod,Lyserg,275 tix,$ 885,241570,2014-07-28,Modern Daily #7313485,modern,modern-daily-7313485,modern-daily-7313485-2014-07-28
45,1,Entomber Exarch,,Sideboard,3,1,Melira Pod,Lyserg,275 tix,$ 885,241570,2014-07-28,Modern Daily #7313485,modern,modern-daily-7313485,modern-daily-7313485-2014-07-28
46,1,"Linvala, Keeper of Silence",,Sideboard,3,1,Melira Pod,Lyserg,275 tix,$ 885,241570,2014-07-28,Modern Daily #7313485,modern,modern-daily-7313485,modern-daily-7313485-2014-07-28
47,1,Nekrataal,,Sideboard,3,1,Melira Pod,Lyserg,275 tix,$ 885,241570,2014-07-28,Modern Daily #7313485,modern,modern-daily-7313485,modern-daily-7313485-2014-07-28
48,2,Fracturing Gust,,Sideboard,3,1,Melira Pod,Lyserg,275 tix,$ 885,241570,2014-07-28,Modern Daily #7313485,modern,modern-daily-7313485,modern-daily-7313485-2014-07-28
49,1,"Sigarda, Host of Herons",,Sideboard,3,1,Melira Pod,Lyserg,275 tix,$ 885,241570,2014-07-28,Modern Daily #7313485,modern,modern-daily-7313485,modern-daily-7313485-2014-07-28
1,4,Goblin Guide,,Creatures,3,1,Mono R Burn,senrabselim,219 tix,$ 562,241562,2014-07-28,Modern Daily #7313485,modern,modern-daily-7313485,modern-daily-7313485-2014-07-28
2,3,Grim Lavamancer,,Creatures,3,1,Mono R Burn,senrabselim,219 tix,$ 562,241562,2014-07-28,Modern Daily #7313485,modern,modern-daily-7313485,modern-daily-7313485-2014-07-28
3,4,Eidolon of the Great Revel,,Creatures,3,1,Mono R Burn,senrabselim,219 tix,$ 562,241562,2014-07-28,Modern Daily #7313485,modern,modern-daily-7313485,modern-daily-7313485-2014-07-28
5,4,Lava Spike,,Spells,3,1,Mono R Burn,senrabselim,219 tix,$ 562,241562,2014-07-28,Modern Daily #7313485,modern,modern-daily-7313485,modern-daily-7313485-2014-07-28
6,4,Lightning Bolt,,Spells,3,1,Mono R Burn,senrabselim,219 tix,$ 562,241562,2014-07-28,Modern Daily #7313485,modern,modern-daily-7313485,modern-daily-7313485-2014-07-28
7,4,Shard Volley,,Spells,3,1,Mono R Burn,senrabselim,219 tix,$ 562,241562,2014-07-28,Modern Daily #7313485,modern,modern-daily-7313485,modern-daily-7313485-2014-07-28
8,4,Searing Blaze,,Spells,3,1,Mono R Burn,senrabselim,219 tix,$ 562,241562,2014-07-28,Modern Daily #7313485,modern,modern-daily-7313485,modern-daily-7313485-2014-07-28
9,2,Searing Blood,,Spells,3,1,Mono R Burn,senrabselim,219 tix,$ 562,241562,2014-07-28,Modern Daily #7313485,modern,modern-daily-7313485,modern-daily-7313485-2014-07-28
10,4,Skullcrack,,Spells,3,1,Mono R Burn,senrabselim,219 tix,$ 562,241562,2014-07-28,Modern Daily #7313485,modern,modern-daily-7313485,modern-daily-7313485-2014-07-28
11,3,Flames of the Blood Hand,,Spells,3,1,Mono R Burn,senrabselim,219 tix,$ 562,241562,2014-07-28,Modern Daily #7313485,modern,modern-daily-7313485,modern-daily-7313485-2014-07-28
12,4,Rift Bolt,,Spells,3,1,Mono R Burn,senrabselim,219 tix,$ 562,241562,2014-07-28,Modern Daily #7313485,modern,modern-daily-7313485,modern-daily-7313485-2014-07-28
14,3,Arid Mesa,,Lands,3,1,Mono R Burn,senrabselim,219 tix,$ 562,241562,2014-07-28,Modern Daily #7313485,modern,modern-daily-7313485,modern-daily-7313485-2014-07-28
15,15,Mountain,,Lands,3,1,Mono R Burn,senrabselim,219 tix,$ 562,241562,2014-07-28,Modern Daily #7313485,modern,modern-daily-7313485,modern-daily-7313485-2014-07-28
16,2,Scalding Tarn,,Lands,3,1,Mono R Burn,senrabselim,219 tix,$ 562,241562,2014-07-28,Modern Daily #7313485,modern,modern-daily-7313485,modern-daily-7313485-2014-07-28
18,2,Shattering Spree,,Sideboard,3,1,Mono R Burn,senrabselim,219 tix,$ 562,241562,2014-07-28,Modern Daily #7313485,modern,modern-daily-7313485,modern-daily-7313485-2014-07-28
19,3,Dragon's Claw,,Sideboard,3,1,Mono R Burn,senrabselim,219 tix,$ 562,241562,2014-07-28,Modern Daily #7313485,modern,modern-daily-7313485,modern-daily-7313485-2014-07-28
20,2,Searing Blood,,Sideboard,3,1,Mono R Burn,senrabselim,219 tix,$ 562,241562,2014-07-28,Modern Daily #7313485,modern,modern-daily-7313485,modern-daily-7313485-2014-07-28
21,2,Smash to Smithereens,,Sideboard,3,1,Mono R Burn,senrabselim,219 tix,$ 562,241562,2014-07-28,Modern Daily #7313485,modern,modern-daily-7313485,modern-daily-7313485-2014-07-28
22,3,Blood Moon,,Sideboard,3,1,Mono R Burn,senrabselim,219 tix,$ 562,241562,2014-07-28,Modern Daily #7313485,modern,modern-daily-7313485,modern-daily-7313485-2014-07-28
23,3,Dismember,,Sideboard,3,1,Mono R Burn,senrabselim,219 tix,$ 562,241562,2014-07-28,Modern Daily #7313485,modern,modern-daily-7313485,modern-daily-7313485-2014-07-28
1,4,Goblin Guide,,Creatures,3,1,Mono R Burn,Jarriola9611,172 tix,$ 561,241572,2014-07-28,Modern Daily #7313485,modern,modern-daily-7313485,modern-daily-7313485-2014-07-28
2,3,Grim Lavamancer,,Creatures,3,1,Mono R Burn,Jarriola9611,172 tix,$ 561,241572,2014-07-28,Modern Daily #7313485,modern,modern-daily-7313485,modern-daily-7313485-2014-07-28
3,4,Vexing Devil,,Creatures,3,1,Mono R Burn,Jarriola9611,172 tix,$ 561,241572,2014-07-28,Modern Daily #7313485,modern,modern-daily-7313485,modern-daily-7313485-2014-07-28
4,4,Eidolon of the Great Revel,,Creatures,3,1,Mono R Burn,Jarriola9611,172 tix,$ 561,241572,2014-07-28,Modern Daily #7313485,modern,modern-daily-7313485,modern-daily-7313485-2014-07-28
6,4,Lava Spike,,Spells,3,1,Mono R Burn,Jarriola9611,172 tix,$ 561,241572,2014-07-28,Modern Daily #7313485,modern,modern-daily-7313485,modern-daily-7313485-2014-07-28
7,4,Lightning Bolt,,Spells,3,1,Mono R Burn,Jarriola9611,172 tix,$ 561,241572,2014-07-28,Modern Daily #7313485,modern,modern-daily-7313485,modern-daily-7313485-2014-07-28
8,1,Magma Jet,,Spells,3,1,Mono R Burn,Jarriola9611,172 tix,$ 561,241572,2014-07-28,Modern Daily #7313485,modern,modern-daily-7313485,modern-daily-7313485-2014-07-28
9,4,Searing Blaze,,Spells,3,1,Mono R Burn,Jarriola9611,172 tix,$ 561,241572,2014-07-28,Modern Daily #7313485,modern,modern-daily-7313485,modern-daily-7313485-2014-07-28
10,1,Searing Blood,,Spells,3,1,Mono R Burn,Jarriola9611,172 tix,$ 561,241572,2014-07-28,Modern Daily #7313485,modern,modern-daily-7313485,modern-daily-7313485-2014-07-28
11,4,Skullcrack,,Spells,3,1,Mono R Burn,Jarriola9611,172 tix,$ 561,241572,2014-07-28,Modern Daily #7313485,modern,modern-daily-7313485,modern-daily-7313485-2014-07-28
12,3,Flames of the Blood Hand,,Spells,3,1,Mono R Burn,Jarriola9611,172 tix,$ 561,241572,2014-07-28,Modern Daily #7313485,modern,modern-daily-7313485,modern-daily-7313485-2014-07-28
13,4,Rift Bolt,,Spells,3,1,Mono R Burn,Jarriola9611,172 tix,$ 561,241572,2014-07-28,Modern Daily #7313485,modern,modern-daily-7313485,modern-daily-7313485-2014-07-28
15,16,Mountain,,Lands,3,1,Mono R Burn,Jarriola9611,172 tix,$ 561,241572,2014-07-28,Modern Daily #7313485,modern,modern-daily-7313485,modern-daily-7313485-2014-07-28
16,4,Scalding Tarn,,Lands,3,1,Mono R Burn,Jarriola9611,172 tix,$ 561,241572,2014-07-28,Modern Daily #7313485,modern,modern-daily-7313485,modern-daily-7313485-2014-07-28
18,2,Relic of Progenitus,,Sideboard,3,1,Mono R Burn,Jarriola9611,172 tix,$ 561,241572,2014-07-28,Modern Daily #7313485,modern,modern-daily-7313485,modern-daily-7313485-2014-07-28
19,2,Combust,,Sideboard,3,1,Mono R Burn,Jarriola9611,172 tix,$ 561,241572,2014-07-28,Modern Daily #7313485,modern,modern-daily-7313485,modern-daily-7313485-2014-07-28
20,1,Magma Jet,,Sideboard,3,1,Mono R Burn,Jarriola9611,172 tix,$ 561,241572,2014-07-28,Modern Daily #7313485,modern,modern-daily-7313485,modern-daily-7313485-2014-07-28
21,2,Searing Blood,,Sideboard,3,1,Mono R Burn,Jarriola9611,172 tix,$ 561,241572,2014-07-28,Modern Daily #7313485,modern,modern-daily-7313485,modern-daily-7313485-2014-07-28
22,3,Smash to Smithereens,,Sideboard,3,1,Mono R Burn,Jarriola9611,172 tix,$ 561,241572,2014-07-28,Modern Daily #7313485,modern,modern-daily-7313485,modern-daily-7313485-2014-07-28
23,1,Flames of the Blood Hand,,Sideboard,3,1,Mono R Burn,Jarriola9611,172 tix,$ 561,241572,2014-07-28,Modern Daily #7313485,modern,modern-daily-7313485,modern-daily-7313485-2014-07-28
24,4,Molten Rain,,Sideboard,3,1,Mono R Burn,Jarriola9611,172 tix,$ 561,241572,2014-07-28,Modern Daily #7313485,modern,modern-daily-7313485,modern-daily-7313485-2014-07-28
1,2,Treasure Mage,,Creatures,3,1,Mono U Tron,Taviscaron,54 tix,$ 237,241568,2014-07-28,Modern Daily #7313485,modern,modern-daily-7313485,modern-daily-7313485-2014-07-28
2,3,Solemn Simulacrum,,Creatures,3,1,Mono U Tron,Taviscaron,54 tix,$ 237,241568,2014-07-28,Modern Daily #7313485,modern,modern-daily-7313485,modern-daily-7313485-2014-07-28
3,2,Wurmcoil Engine,,Creatures,3,1,Mono U Tron,Taviscaron,54 tix,$ 237,241568,2014-07-28,Modern Daily #7313485,modern,modern-daily-7313485,modern-daily-7313485-2014-07-28
4,1,Platinum Angel,,Creatures,3,1,Mono U Tron,Taviscaron,54 tix,$ 237,241568,2014-07-28,Modern Daily #7313485,modern,modern-daily-7313485,modern-daily-7313485-2014-07-28
5,1,Sundering Titan,,Creatures,3,1,Mono U Tron,Taviscaron,54 tix,$ 237,241568,2014-07-28,Modern Daily #7313485,modern,modern-daily-7313485,modern-daily-7313485-2014-07-28
7,4,Condescend,,Spells,3,1,Mono U Tron,Taviscaron,54 tix,$ 237,241568,2014-07-28,Modern Daily #7313485,modern,modern-daily-7313485,modern-daily-7313485-2014-07-28
8,3,Repeal,,Spells,3,1,Mono U Tron,Taviscaron,54 tix,$ 237,241568,2014-07-28,Modern Daily #7313485,modern,modern-daily-7313485,modern-daily-7313485-2014-07-28
9,1,Spell Burst,,Spells,3,1,Mono U Tron,Taviscaron,54 tix,$ 237,241568,2014-07-28,Modern Daily #7313485,modern,modern-daily-7313485,modern-daily-7313485-2014-07-28
10,1,Cyclonic Rift,,Spells,3,1,Mono U Tron,Taviscaron,54 tix,$ 237,241568,2014-07-28,Modern Daily #7313485,modern,modern-daily-7313485,modern-daily-7313485-2014-07-28
11,4,Remand,,Spells,3,1,Mono U Tron,Taviscaron,54 tix,$ 237,241568,2014-07-28,Modern Daily #7313485,modern,modern-daily-7313485,modern-daily-7313485-2014-07-28
12,4,Thirst for Knowledge,,Spells,3,1,Mono U Tron,Taviscaron,54 tix,$ 237,241568,2014-07-28,Modern Daily #7313485,modern,modern-daily-7313485,modern-daily-7313485-2014-07-28
14,4,Expedition Map,,Artifacts,3,1,Mono U Tron,Taviscaron,54 tix,$ 237,241568,2014-07-28,Modern Daily #7313485,modern,modern-daily-7313485,modern-daily-7313485-2014-07-28
15,3,Dimir Signet,,Artifacts,3,1,Mono U Tron,Taviscaron,54 tix,$ 237,241568,2014-07-28,Modern Daily #7313485,modern,modern-daily-7313485,modern-daily-7313485-2014-07-28
16,1,Oblivion Stone,,Artifacts,3,1,Mono U Tron,Taviscaron,54 tix,$ 237,241568,2014-07-28,Modern Daily #7313485,modern,modern-daily-7313485,modern-daily-7313485-2014-07-28
17,2,Mindslaver,,Artifacts,3,1,Mono U Tron,Taviscaron,54 tix,$ 237,241568,2014-07-28,Modern Daily #7313485,modern,modern-daily-7313485,modern-daily-7313485-2014-07-28
19,1,Academy Ruins,,Lands,3,1,Mono U Tron,Taviscaron,54 tix,$ 237,241568,2014-07-28,Modern Daily #7313485,modern,modern-daily-7313485,modern-daily-7313485-2014-07-28
20,8,Island,,Lands,3,1,Mono U Tron,Taviscaron,54 tix,$ 237,241568,2014-07-28,Modern Daily #7313485,modern,modern-daily-7313485,modern-daily-7313485-2014-07-28
21,1,"Oboro, Palace in the Clouds",,Lands,3,1,Mono U Tron,Taviscaron,54 tix,$ 237,241568,2014-07-28,Modern Daily #7313485,modern,modern-daily-7313485,modern-daily-7313485-2014-07-28
22,1,Tectonic Edge,,Lands,3,1,Mono U Tron,Taviscaron,54 tix,$ 237,241568,2014-07-28,Modern Daily #7313485,modern,modern-daily-7313485,modern-daily-7313485-2014-07-28
23,1,Urza's Factory,,Lands,3,1,Mono U Tron,Taviscaron,54 tix,$ 237,241568,2014-07-28,Modern Daily #7313485,modern,modern-daily-7313485,modern-daily-7313485-2014-07-28
24,4,Urza's Mine,,Lands,3,1,Mono U Tron,Taviscaron,54 tix,$ 237,241568,2014-07-28,Modern Daily #7313485,modern,modern-daily-7313485,modern-daily-7313485-2014-07-28
25,4,Urza's Power Plant,,Lands,3,1,Mono U Tron,Taviscaron,54 tix,$ 237,241568,2014-07-28,Modern Daily #7313485,modern,modern-daily-7313485,modern-daily-7313485-2014-07-28
26,4,Urza's Tower,,Lands,3,1,Mono U Tron,Taviscaron,54 tix,$ 237,241568,2014-07-28,Modern Daily #7313485,modern,modern-daily-7313485,modern-daily-7313485-2014-07-28
28,2,Relic of Progenitus,,Sideboard,3,1,Mono U Tron,Taviscaron,54 tix,$ 237,241568,2014-07-28,Modern Daily #7313485,modern,modern-daily-7313485,modern-daily-7313485-2014-07-28
29,3,Spell Pierce,,Sideboard,3,1,Mono U Tron,Taviscaron,54 tix,$ 237,241568,2014-07-28,Modern Daily #7313485,modern,modern-daily-7313485,modern-daily-7313485-2014-07-28
30,1,Cyclonic Rift,,Sideboard,3,1,Mono U Tron,Taviscaron,54 tix,$ 237,241568,2014-07-28,Modern Daily #7313485,modern,modern-daily-7313485,modern-daily-7313485-2014-07-28
31,3,Squelch,,Sideboard,3,1,Mono U Tron,Taviscaron,54 tix,$ 237,241568,2014-07-28,Modern Daily #7313485,modern,modern-daily-7313485,modern-daily-7313485-2014-07-28
32,2,Bottle Gnomes,,Sideboard,3,1,Mono U Tron,Taviscaron,54 tix,$ 237,241568,2014-07-28,Modern Daily #7313485,modern,modern-daily-7313485,modern-daily-7313485-2014-07-28
33,2,Dismember,,Sideboard,3,1,Mono U Tron,Taviscaron,54 tix,$ 237,241568,2014-07-28,Modern Daily #7313485,modern,modern-daily-7313485,modern-daily-7313485-2014-07-28
34,2,Aetherize,,Sideboard,3,1,Mono U Tron,Taviscaron,54 tix,$ 237,241568,2014-07-28,Modern Daily #7313485,modern,modern-daily-7313485,modern-daily-7313485-2014-07-28
1,4,Hellspark Elemental,,Creatures,3,1,RDW,Gozzito,15 tix,$ 89,241561,2014-07-28,Modern Daily #7313485,modern,modern-daily-7313485,modern-daily-7313485-2014-07-28
3,4,Lava Spike,,Spells,3,1,RDW,Gozzito,15 tix,$ 89,241561,2014-07-28,Modern Daily #7313485,modern,modern-daily-7313485,modern-daily-7313485-2014-07-28
4,4,Lightning Bolt,,Spells,3,1,RDW,Gozzito,15 tix,$ 89,241561,2014-07-28,Modern Daily #7313485,modern,modern-daily-7313485,modern-daily-7313485-2014-07-28
5,2,Shard Volley,,Spells,3,1,RDW,Gozzito,15 tix,$ 89,241561,2014-07-28,Modern Daily #7313485,modern,modern-daily-7313485,modern-daily-7313485-2014-07-28
6,3,Lightning Strike,,Spells,3,1,RDW,Gozzito,15 tix,$ 89,241561,2014-07-28,Modern Daily #7313485,modern,modern-daily-7313485,modern-daily-7313485-2014-07-28
7,2,Magma Jet,,Spells,3,1,RDW,Gozzito,15 tix,$ 89,241561,2014-07-28,Modern Daily #7313485,modern,modern-daily-7313485,modern-daily-7313485-2014-07-28
8,4,Searing Blaze,,Spells,3,1,RDW,Gozzito,15 tix,$ 89,241561,2014-07-28,Modern Daily #7313485,modern,modern-daily-7313485,modern-daily-7313485-2014-07-28
9,4,Searing Blood,,Spells,3,1,RDW,Gozzito,15 tix,$ 89,241561,2014-07-28,Modern Daily #7313485,modern,modern-daily-7313485,modern-daily-7313485-2014-07-28
10,4,Skullcrack,,Spells,3,1,RDW,Gozzito,15 tix,$ 89,241561,2014-07-28,Modern Daily #7313485,modern,modern-daily-7313485,modern-daily-7313485-2014-07-28
11,4,Flames of the Blood Hand,,Spells,3,1,RDW,Gozzito,15 tix,$ 89,241561,2014-07-28,Modern Daily #7313485,modern,modern-daily-7313485,modern-daily-7313485-2014-07-28
12,1,Molten Rain,,Spells,3,1,RDW,Gozzito,15 tix,$ 89,241561,2014-07-28,Modern Daily #7313485,modern,modern-daily-7313485,modern-daily-7313485-2014-07-28
13,4,Rift Bolt,,Spells,3,1,RDW,Gozzito,15 tix,$ 89,241561,2014-07-28,Modern Daily #7313485,modern,modern-daily-7313485,modern-daily-7313485-2014-07-28
15,20,Mountain,,Lands,3,1,RDW,Gozzito,15 tix,$ 89,241561,2014-07-28,Modern Daily #7313485,modern,modern-daily-7313485,modern-daily-7313485-2014-07-28
17,1,Electrickery,,Sideboard,3,1,RDW,Gozzito,15 tix,$ 89,241561,2014-07-28,Modern Daily #7313485,modern,modern-daily-7313485,modern-daily-7313485-2014-07-28
18,2,Relic of Progenitus,,Sideboard,3,1,RDW,Gozzito,15 tix,$ 89,241561,2014-07-28,Modern Daily #7313485,modern,modern-daily-7313485,modern-daily-7313485-2014-07-28
19,3,Combust,,Sideboard,3,1,RDW,Gozzito,15 tix,$ 89,241561,2014-07-28,Modern Daily #7313485,modern,modern-daily-7313485,modern-daily-7313485-2014-07-28
20,2,Dragon's Claw,,Sideboard,3,1,RDW,Gozzito,15 tix,$ 89,241561,2014-07-28,Modern Daily #7313485,modern,modern-daily-7313485,modern-daily-7313485-2014-07-28
21,1,Glacial Ray,,Sideboard,3,1,RDW,Gozzito,15 tix,$ 89,241561,2014-07-28,Modern Daily #7313485,modern,modern-daily-7313485,modern-daily-7313485-2014-07-28
22,3,Smash to Smithereens,,Sideboard,3,1,RDW,Gozzito,15 tix,$ 89,241561,2014-07-28,Modern Daily #7313485,modern,modern-daily-7313485,modern-daily-7313485-2014-07-28
23,3,Molten Rain,,Sideboard,3,1,RDW,Gozzito,15 tix,$ 89,241561,2014-07-28,Modern Daily #7313485,modern,modern-daily-7313485,modern-daily-7313485-2014-07-28
1,1,Spellskite,,Creatures,3,1,RG Tron,HesturkG,251 tix,$ 792,241563,2014-07-28,Modern Daily #7313485,modern,modern-daily-7313485,modern-daily-7313485-2014-07-28
2,3,Wurmcoil Engine,,Creatures,3,1,RG Tron,HesturkG,251 tix,$ 792,241563,2014-07-28,Modern Daily #7313485,modern,modern-daily-7313485,modern-daily-7313485-2014-07-28
3,2,Sundering Titan,,Creatures,3,1,RG Tron,HesturkG,251 tix,$ 792,241563,2014-07-28,Modern Daily #7313485,modern,modern-daily-7313485,modern-daily-7313485-2014-07-28
4,1,"Ulamog, the Infinite Gyre",,Creatures,3,1,RG Tron,HesturkG,251 tix,$ 792,241563,2014-07-28,Modern Daily #7313485,modern,modern-daily-7313485,modern-daily-7313485-2014-07-28
6,4,Karn Liberated,,Planeswalkers,3,1,RG Tron,HesturkG,251 tix,$ 792,241563,2014-07-28,Modern Daily #7313485,modern,modern-daily-7313485,modern-daily-7313485-2014-07-28
8,4,Ancient Stirrings,,Spells,3,1,RG Tron,HesturkG,251 tix,$ 792,241563,2014-07-28,Modern Daily #7313485,modern,modern-daily-7313485,modern-daily-7313485-2014-07-28
9,4,Sylvan Scrying,,Spells,3,1,RG Tron,HesturkG,251 tix,$ 792,241563,2014-07-28,Modern Daily #7313485,modern,modern-daily-7313485,modern-daily-7313485-2014-07-28
10,1,Firespout,,Spells,3,1,RG Tron,HesturkG,251 tix,$ 792,241563,2014-07-28,Modern Daily #7313485,modern,modern-daily-7313485,modern-daily-7313485-2014-07-28
11,1,All Is Dust,,Spells,3,1,RG Tron,HesturkG,251 tix,$ 792,241563,2014-07-28,Modern Daily #7313485,modern,modern-daily-7313485,modern-daily-7313485-2014-07-28
13,4,Chromatic Sphere,,Artifacts,3,1,RG Tron,HesturkG,251 tix,$ 792,241563,2014-07-28,Modern Daily #7313485,modern,modern-daily-7313485,modern-daily-7313485-2014-07-28
14,4,Chromatic Star,,Artifacts,3,1,RG Tron,HesturkG,251 tix,$ 792,241563,2014-07-28,Modern Daily #7313485,modern,modern-daily-7313485,modern-daily-7313485-2014-07-28
15,4,Expedition Map,,Artifacts,3,1,RG Tron,HesturkG,251 tix,$ 792,241563,2014-07-28,Modern Daily #7313485,modern,modern-daily-7313485,modern-daily-7313485-2014-07-28
16,3,Relic of Progenitus,,Artifacts,3,1,RG Tron,HesturkG,251 tix,$ 792,241563,2014-07-28,Modern Daily #7313485,modern,modern-daily-7313485,modern-daily-7313485-2014-07-28
17,4,Oblivion Stone,,Artifacts,3,1,RG Tron,HesturkG,251 tix,$ 792,241563,2014-07-28,Modern Daily #7313485,modern,modern-daily-7313485,modern-daily-7313485-2014-07-28
19,1,Cavern of Souls,,Lands,3,1,RG Tron,HesturkG,251 tix,$ 792,241563,2014-07-28,Modern Daily #7313485,modern,modern-daily-7313485,modern-daily-7313485-2014-07-28
20,1,Eye of Ugin,,Lands,3,1,RG Tron,HesturkG,251 tix,$ 792,241563,2014-07-28,Modern Daily #7313485,modern,modern-daily-7313485,modern-daily-7313485-2014-07-28
21,2,Forest,,Lands,3,1,RG Tron,HesturkG,251 tix,$ 792,241563,2014-07-28,Modern Daily #7313485,modern,modern-daily-7313485,modern-daily-7313485-2014-07-28
22,2,Ghost Quarter,,Lands,3,1,RG Tron,HesturkG,251 tix,$ 792,241563,2014-07-28,Modern Daily #7313485,modern,modern-daily-7313485,modern-daily-7313485-2014-07-28
23,2,Grove of the Burnwillows,,Lands,3,1,RG Tron,HesturkG,251 tix,$ 792,241563,2014-07-28,Modern Daily #7313485,modern,modern-daily-7313485,modern-daily-7313485-2014-07-28
24,4,Urza's Mine,,Lands,3,1,RG Tron,HesturkG,251 tix,$ 792,241563,2014-07-28,Modern Daily #7313485,modern,modern-daily-7313485,modern-daily-7313485-2014-07-28
25,4,Urza's Power Plant,,Lands,3,1,RG Tron,HesturkG,251 tix,$ 792,241563,2014-07-28,Modern Daily #7313485,modern,modern-daily-7313485,modern-daily-7313485-2014-07-28
26,4,Urza's Tower,,Lands,3,1,RG Tron,HesturkG,251 tix,$ 792,241563,2014-07-28,Modern Daily #7313485,modern,modern-daily-7313485,modern-daily-7313485-2014-07-28
28,4,Nature's Claim,,Sideboard,3,1,RG Tron,HesturkG,251 tix,$ 792,241563,2014-07-28,Modern Daily #7313485,modern,modern-daily-7313485,modern-daily-7313485-2014-07-28
29,1,Vandalblast,,Sideboard,3,1,RG Tron,HesturkG,251 tix,$ 792,241563,2014-07-28,Modern Daily #7313485,modern,modern-daily-7313485,modern-daily-7313485-2014-07-28
30,2,Combust,,Sideboard,3,1,RG Tron,HesturkG,251 tix,$ 792,241563,2014-07-28,Modern Daily #7313485,modern,modern-daily-7313485,modern-daily-7313485-2014-07-28
31,3,Defense Grid,,Sideboard,3,1,RG Tron,HesturkG,251 tix,$ 792,241563,2014-07-28,Modern Daily #7313485,modern,modern-daily-7313485,modern-daily-7313485-2014-07-28
32,2,Pyroclasm,,Sideboard,3,1,RG Tron,HesturkG,251 tix,$ 792,241563,2014-07-28,Modern Daily #7313485,modern,modern-daily-7313485,modern-daily-7313485-2014-07-28
33,1,Spellskite,,Sideboard,3,1,RG Tron,HesturkG,251 tix,$ 792,241563,2014-07-28,Modern Daily #7313485,modern,modern-daily-7313485,modern-daily-7313485-2014-07-28
34,1,Mindslaver,,Sideboard,3,1,RG Tron,HesturkG,251 tix,$ 792,241563,2014-07-28,Modern Daily #7313485,modern,modern-daily-7313485,modern-daily-7313485-2014-07-28
35,1,Wurmcoil Engine,,Sideboard,3,1,RG Tron,HesturkG,251 tix,$ 792,241563,2014-07-28,Modern Daily #7313485,modern,modern-daily-7313485,modern-daily-7313485-2014-07-28
1,4,Dryad Militant,,Creatures,3,1,Stompy,Gavinmack,60 tix,$ 141,241567,2014-07-28,Modern Daily #7313485,modern,modern-daily-7313485,modern-daily-7313485-2014-07-28
2,4,Experiment One,,Creatures,3,1,Stompy,Gavinmack,60 tix,$ 141,241567,2014-07-28,Modern Daily #7313485,modern,modern-daily-7313485,modern-daily-7313485-2014-07-28
3,3,Kalonian Tusker,,Creatures,3,1,Stompy,Gavinmack,60 tix,$ 141,241567,2014-07-28,Modern Daily #7313485,modern,modern-daily-7313485,modern-daily-7313485-2014-07-28
4,3,Scavenging Ooze,,Creatures,3,1,Stompy,Gavinmack,60 tix,$ 141,241567,2014-07-28,Modern Daily #7313485,modern,modern-daily-7313485,modern-daily-7313485-2014-07-28
5,4,Strangleroot Geist,,Creatures,3,1,Stompy,Gavinmack,60 tix,$ 141,241567,2014-07-28,Modern Daily #7313485,modern,modern-daily-7313485,modern-daily-7313485-2014-07-28
6,1,Dungrove Elder,,Creatures,3,1,Stompy,Gavinmack,60 tix,$ 141,241567,2014-07-28,Modern Daily #7313485,modern,modern-daily-7313485,modern-daily-7313485-2014-07-28
7,4,Leatherback Baloth,,Creatures,3,1,Stompy,Gavinmack,60 tix,$ 141,241567,2014-07-28,Modern Daily #7313485,modern,modern-daily-7313485,modern-daily-7313485-2014-07-28
8,1,"Thrun, the Last Troll",,Creatures,3,1,Stompy,Gavinmack,60 tix,$ 141,241567,2014-07-28,Modern Daily #7313485,modern,modern-daily-7313485,modern-daily-7313485-2014-07-28
10,1,Garruk Relentless,,Planeswalkers,3,1,Stompy,Gavinmack,60 tix,$ 141,241567,2014-07-28,Modern Daily #7313485,modern,modern-daily-7313485,modern-daily-7313485-2014-07-28
11,1,"Garruk, Primal Hunter",,Planeswalkers,3,1,Stompy,Gavinmack,60 tix,$ 141,241567,2014-07-28,Modern Daily #7313485,modern,modern-daily-7313485,modern-daily-7313485-2014-07-28
13,2,Mutagenic Growth,,Spells,3,1,Stompy,Gavinmack,60 tix,$ 141,241567,2014-07-28,Modern Daily #7313485,modern,modern-daily-7313485,modern-daily-7313485-2014-07-28
14,3,Vines of Vastwood,,Spells,3,1,Stompy,Gavinmack,60 tix,$ 141,241567,2014-07-28,Modern Daily #7313485,modern,modern-daily-7313485,modern-daily-7313485-2014-07-28
15,2,Beast Within,,Spells,3,1,Stompy,Gavinmack,60 tix,$ 141,241567,2014-07-28,Modern Daily #7313485,modern,modern-daily-7313485,modern-daily-7313485-2014-07-28
16,2,Dismember,,Spells,3,1,Stompy,Gavinmack,60 tix,$ 141,241567,2014-07-28,Modern Daily #7313485,modern,modern-daily-7313485,modern-daily-7313485-2014-07-28
18,4,Rancor,,Enchantments,3,1,Stompy,Gavinmack,60 tix,$ 141,241567,2014-07-28,Modern Daily #7313485,modern,modern-daily-7313485,modern-daily-7313485-2014-07-28
20,20,Forest,,Lands,3,1,Stompy,Gavinmack,60 tix,$ 141,241567,2014-07-28,Modern Daily #7313485,modern,modern-daily-7313485,modern-daily-7313485-2014-07-28
21,1,Treetop Village,,Lands,3,1,Stompy,Gavinmack,60 tix,$ 141,241567,2014-07-28,Modern Daily #7313485,modern,modern-daily-7313485,modern-daily-7313485-2014-07-28
23,1,Relic of Progenitus,,Sideboard,3,1,Stompy,Gavinmack,60 tix,$ 141,241567,2014-07-28,Modern Daily #7313485,modern,modern-daily-7313485,modern-daily-7313485-2014-07-28
24,2,Back to Nature,,Sideboard,3,1,Stompy,Gavinmack,60 tix,$ 141,241567,2014-07-28,Modern Daily #7313485,modern,modern-daily-7313485,modern-daily-7313485-2014-07-28
25,1,Ratchet Bomb,,Sideboard,3,1,Stompy,Gavinmack,60 tix,$ 141,241567,2014-07-28,Modern Daily #7313485,modern,modern-daily-7313485,modern-daily-7313485-2014-07-28
26,1,Torpor Orb,,Sideboard,3,1,Stompy,Gavinmack,60 tix,$ 141,241567,2014-07-28,Modern Daily #7313485,modern,modern-daily-7313485,modern-daily-7313485-2014-07-28
27,1,Bow of Nylea,,Sideboard,3,1,Stompy,Gavinmack,60 tix,$ 141,241567,2014-07-28,Modern Daily #7313485,modern,modern-daily-7313485,modern-daily-7313485-2014-07-28
28,2,Choke,,Sideboard,3,1,Stompy,Gavinmack,60 tix,$ 141,241567,2014-07-28,Modern Daily #7313485,modern,modern-daily-7313485,modern-daily-7313485-2014-07-28
29,1,Kitchen Finks,,Sideboard,3,1,Stompy,Gavinmack,60 tix,$ 141,241567,2014-07-28,Modern Daily #7313485,modern,modern-daily-7313485,modern-daily-7313485-2014-07-28
30,2,Krosan Grip,,Sideboard,3,1,Stompy,Gavinmack,60 tix,$ 141,241567,2014-07-28,Modern Daily #7313485,modern,modern-daily-7313485,modern-daily-7313485-2014-07-28
31,1,Sword of Light and Shadow,,Sideboard,3,1,Stompy,Gavinmack,60 tix,$ 141,241567,2014-07-28,Modern Daily #7313485,modern,modern-daily-7313485,modern-daily-7313485-2014-07-28
32,1,Creeping Corrosion,,Sideboard,3,1,Stompy,Gavinmack,60 tix,$ 141,241567,2014-07-28,Modern Daily #7313485,modern,modern-daily-7313485,modern-daily-7313485-2014-07-28
33,2,Obstinate Baloth,,Sideboard,3,1,Stompy,Gavinmack,60 tix,$ 141,241567,2014-07-28,Modern Daily #7313485,modern,modern-daily-7313485,modern-daily-7313485-2014-07-28
1,4,Delver of Secrets,,Creatures,3,1,UR Delver,BoilersMakers342000,252 tix,"$ 1,001",241558,2014-07-28,Modern Daily #7313485,modern,modern-daily-7313485,modern-daily-7313485-2014-07-28
2,2,Grim Lavamancer,,Creatures,3,1,UR Delver,BoilersMakers342000,252 tix,"$ 1,001",241558,2014-07-28,Modern Daily #7313485,modern,modern-daily-7313485,modern-daily-7313485-2014-07-28
3,4,Snapcaster Mage,,Creatures,3,1,UR Delver,BoilersMakers342000,252 tix,"$ 1,001",241558,2014-07-28,Modern Daily #7313485,modern,modern-daily-7313485,modern-daily-7313485-2014-07-28
4,4,Young Pyromancer,,Creatures,3,1,UR Delver,BoilersMakers342000,252 tix,"$ 1,001",241558,2014-07-28,Modern Daily #7313485,modern,modern-daily-7313485,modern-daily-7313485-2014-07-28
6,4,Gitaxian Probe,,Spells,3,1,UR Delver,BoilersMakers342000,252 tix,"$ 1,001",241558,2014-07-28,Modern Daily #7313485,modern,modern-daily-7313485,modern-daily-7313485-2014-07-28
7,4,Lightning Bolt,,Spells,3,1,UR Delver,BoilersMakers342000,252 tix,"$ 1,001",241558,2014-07-28,Modern Daily #7313485,modern,modern-daily-7313485,modern-daily-7313485-2014-07-28
8,2,Pillar of Flame,,Spells,3,1,UR Delver,BoilersMakers342000,252 tix,"$ 1,001",241558,2014-07-28,Modern Daily #7313485,modern,modern-daily-7313485,modern-daily-7313485-2014-07-28
9,4,Serum Visions,,Spells,3,1,UR Delver,BoilersMakers342000,252 tix,"$ 1,001",241558,2014-07-28,Modern Daily #7313485,modern,modern-daily-7313485,modern-daily-7313485-2014-07-28
10,1,Spell Pierce,,Spells,3,1,UR Delver,BoilersMakers342000,252 tix,"$ 1,001",241558,2014-07-28,Modern Daily #7313485,modern,modern-daily-7313485,modern-daily-7313485-2014-07-28
11,2,Spell Snare,,Spells,3,1,UR Delver,BoilersMakers342000,252 tix,"$ 1,001",241558,2014-07-28,Modern Daily #7313485,modern,modern-daily-7313485,modern-daily-7313485-2014-07-28
12,2,Vapor Snag,,Spells,3,1,UR Delver,BoilersMakers342000,252 tix,"$ 1,001",241558,2014-07-28,Modern Daily #7313485,modern,modern-daily-7313485,modern-daily-7313485-2014-07-28
13,3,Mana Leak,,Spells,3,1,UR Delver,BoilersMakers342000,252 tix,"$ 1,001",241558,2014-07-28,Modern Daily #7313485,modern,modern-daily-7313485,modern-daily-7313485-2014-07-28
14,3,Remand,,Spells,3,1,UR Delver,BoilersMakers342000,252 tix,"$ 1,001",241558,2014-07-28,Modern Daily #7313485,modern,modern-daily-7313485,modern-daily-7313485-2014-07-28
15,1,Electrolyze,,Spells,3,1,UR Delver,BoilersMakers342000,252 tix,"$ 1,001",241558,2014-07-28,Modern Daily #7313485,modern,modern-daily-7313485,modern-daily-7313485-2014-07-28
17,1,Sword of Fire and Ice,,Artifacts,3,1,UR Delver,BoilersMakers342000,252 tix,"$ 1,001",241558,2014-07-28,Modern Daily #7313485,modern,modern-daily-7313485,modern-daily-7313485-2014-07-28
19,6,Island,,Lands,3,1,UR Delver,BoilersMakers342000,252 tix,"$ 1,001",241558,2014-07-28,Modern Daily #7313485,modern,modern-daily-7313485,modern-daily-7313485-2014-07-28
20,2,Mountain,,Lands,3,1,UR Delver,BoilersMakers342000,252 tix,"$ 1,001",241558,2014-07-28,Modern Daily #7313485,modern,modern-daily-7313485,modern-daily-7313485-2014-07-28
21,4,Scalding Tarn,,Lands,3,1,UR Delver,BoilersMakers342000,252 tix,"$ 1,001",241558,2014-07-28,Modern Daily #7313485,modern,modern-daily-7313485,modern-daily-7313485-2014-07-28
22,4,Steam Vents,,Lands,3,1,UR Delver,BoilersMakers342000,252 tix,"$ 1,001",241558,2014-07-28,Modern Daily #7313485,modern,modern-daily-7313485,modern-daily-7313485-2014-07-28
23,3,Sulfur Falls,,Lands,3,1,UR Delver,BoilersMakers342000,252 tix,"$ 1,001",241558,2014-07-28,Modern Daily #7313485,modern,modern-daily-7313485,modern-daily-7313485-2014-07-28
25,1,Engineered Explosives,,Sideboard,3,1,UR Delver,BoilersMakers342000,252 tix,"$ 1,001",241558,2014-07-28,Modern Daily #7313485,modern,modern-daily-7313485,modern-daily-7313485-2014-07-28
26,2,Relic of Progenitus,,Sideboard,3,1,UR Delver,BoilersMakers342000,252 tix,"$ 1,001",241558,2014-07-28,Modern Daily #7313485,modern,modern-daily-7313485,modern-daily-7313485-2014-07-28
27,2,Shattering Spree,,Sideboard,3,1,UR Delver,BoilersMakers342000,252 tix,"$ 1,001",241558,2014-07-28,Modern Daily #7313485,modern,modern-daily-7313485,modern-daily-7313485-2014-07-28
28,2,Combust,,Sideboard,3,1,UR Delver,BoilersMakers342000,252 tix,"$ 1,001",241558,2014-07-28,Modern Daily #7313485,modern,modern-daily-7313485,modern-daily-7313485-2014-07-28
29,2,Spellskite,,Sideboard,3,1,UR Delver,BoilersMakers342000,252 tix,"$ 1,001",241558,2014-07-28,Modern Daily #7313485,modern,modern-daily-7313485,modern-daily-7313485-2014-07-28
30,2,Blood Moon,,Sideboard,3,1,UR Delver,BoilersMakers342000,252 tix,"$ 1,001",241558,2014-07-28,Modern Daily #7313485,modern,modern-daily-7313485,modern-daily-7313485-2014-07-28
31,2,Counterflux,,Sideboard,3,1,UR Delver,BoilersMakers342000,252 tix,"$ 1,001",241558,2014-07-28,Modern Daily #7313485,modern,modern-daily-7313485,modern-daily-7313485-2014-07-28
32,1,Izzet Staticaster,,Sideboard,3,1,UR Delver,BoilersMakers342000,252 tix,"$ 1,001",241558,2014-07-28,Modern Daily #7313485,modern,modern-daily-7313485,modern-daily-7313485-2014-07-28
33,1,Threads of Disloyalty,,Sideboard,3,1,UR Delver,BoilersMakers342000,252 tix,"$ 1,001",241558,2014-07-28,Modern Daily #7313485,modern,modern-daily-7313485,modern-daily-7313485-2014-07-28
1,4,Goblin Electromancer,,Creatures,3,1,UR Storm,nthull,123 tix,$ 358,241573,2014-07-28,Modern Daily #7313485,modern,modern-daily-7313485,modern-daily-7313485-2014-07-28
3,4,Gitaxian Probe,,Spells,3,1,UR Storm,nthull,123 tix,$ 358,241573,2014-07-28,Modern Daily #7313485,modern,modern-daily-7313485,modern-daily-7313485-2014-07-28
4,4,Serum Visions,,Spells,3,1,UR Storm,nthull,123 tix,$ 358,241573,2014-07-28,Modern Daily #7313485,modern,modern-daily-7313485,modern-daily-7313485-2014-07-28
5,4,Sleight of Hand,,Spells,3,1,UR Storm,nthull,123 tix,$ 358,241573,2014-07-28,Modern Daily #7313485,modern,modern-daily-7313485,modern-daily-7313485-2014-07-28
6,4,Thought Scour,,Spells,3,1,UR Storm,nthull,123 tix,$ 358,241573,2014-07-28,Modern Daily #7313485,modern,modern-daily-7313485,modern-daily-7313485-2014-07-28
7,3,Desperate Ravings,,Spells,3,1,UR Storm,nthull,123 tix,$ 358,241573,2014-07-28,Modern Daily #7313485,modern,modern-daily-7313485,modern-daily-7313485-2014-07-28
8,4,Desperate Ritual,,Spells,3,1,UR Storm,nthull,123 tix,$ 358,241573,2014-07-28,Modern Daily #7313485,modern,modern-daily-7313485,modern-daily-7313485-2014-07-28
9,2,Grapeshot,,Spells,3,1,UR Storm,nthull,123 tix,$ 358,241573,2014-07-28,Modern Daily #7313485,modern,modern-daily-7313485,modern-daily-7313485-2014-07-28
10,4,Manamorphose,,Spells,3,1,UR Storm,nthull,123 tix,$ 358,241573,2014-07-28,Modern Daily #7313485,modern,modern-daily-7313485,modern-daily-7313485-2014-07-28
11,4,Pyretic Ritual,,Spells,3,1,UR Storm,nthull,123 tix,$ 358,241573,2014-07-28,Modern Daily #7313485,modern,modern-daily-7313485,modern-daily-7313485-2014-07-28
12,3,Past in Flames,,Spells,3,1,UR Storm,nthull,123 tix,$ 358,241573,2014-07-28,Modern Daily #7313485,modern,modern-daily-7313485,modern-daily-7313485-2014-07-28
14,4,Pyromancer Ascension,,Enchantments,3,1,UR Storm,nthull,123 tix,$ 358,241573,2014-07-28,Modern Daily #7313485,modern,modern-daily-7313485,modern-daily-7313485-2014-07-28
16,5,Island,,Lands,3,1,UR Storm,nthull,123 tix,$ 358,241573,2014-07-28,Modern Daily #7313485,modern,modern-daily-7313485,modern-daily-7313485-2014-07-28
17,2,Mountain,,Lands,3,1,UR Storm,nthull,123 tix,$ 358,241573,2014-07-28,Modern Daily #7313485,modern,modern-daily-7313485,modern-daily-7313485-2014-07-28
18,1,Scalding Tarn,,Lands,3,1,UR Storm,nthull,123 tix,$ 358,241573,2014-07-28,Modern Daily #7313485,modern,modern-daily-7313485,modern-daily-7313485-2014-07-28
19,4,Shivan Reef,,Lands,3,1,UR Storm,nthull,123 tix,$ 358,241573,2014-07-28,Modern Daily #7313485,modern,modern-daily-7313485,modern-daily-7313485-2014-07-28
20,4,Steam Vents,,Lands,3,1,UR Storm,nthull,123 tix,$ 358,241573,2014-07-28,Modern Daily #7313485,modern,modern-daily-7313485,modern-daily-7313485-2014-07-28
22,4,Lightning Bolt,,Sideboard,3,1,UR Storm,nthull,123 tix,$ 358,241573,2014-07-28,Modern Daily #7313485,modern,modern-daily-7313485,modern-daily-7313485-2014-07-28
23,1,Shattering Spree,,Sideboard,3,1,UR Storm,nthull,123 tix,$ 358,241573,2014-07-28,Modern Daily #7313485,modern,modern-daily-7313485,modern-daily-7313485-2014-07-28
24,1,Spell Pierce,,Sideboard,3,1,UR Storm,nthull,123 tix,$ 358,241573,2014-07-28,Modern Daily #7313485,modern,modern-daily-7313485,modern-daily-7313485-2014-07-28
25,1,Echoing Truth,,Sideboard,3,1,UR Storm,nthull,123 tix,$ 358,241573,2014-07-28,Modern Daily #7313485,modern,modern-daily-7313485,modern-daily-7313485-2014-07-28
26,3,Blood Moon,,Sideboard,3,1,UR Storm,nthull,123 tix,$ 358,241573,2014-07-28,Modern Daily #7313485,modern,modern-daily-7313485,modern-daily-7313485-2014-07-28
27,3,Empty the Warrens,,Sideboard,3,1,UR Storm,nthull,123 tix,$ 358,241573,2014-07-28,Modern Daily #7313485,modern,modern-daily-7313485,modern-daily-7313485-2014-07-28
28,2,Shatterstorm,,Sideboard,3,1,UR Storm,nthull,123 tix,$ 358,241573,2014-07-28,Modern Daily #7313485,modern,modern-daily-7313485,modern-daily-7313485-2014-07-28
1,4,Goblin Electromancer,,Creatures,3,1,UR Storm,zkiihne,68 tix,$ 241,241575,2014-07-28,Modern Daily #7313485,modern,modern-daily-7313485,modern-daily-7313485-2014-07-28
3,4,Gitaxian Probe,,Spells,3,1,UR Storm,zkiihne,68 tix,$ 241,241575,2014-07-28,Modern Daily #7313485,modern,modern-daily-7313485,modern-daily-7313485-2014-07-28
4,4,Serum Visions,,Spells,3,1,UR Storm,zkiihne,68 tix,$ 241,241575,2014-07-28,Modern Daily #7313485,modern,modern-daily-7313485,modern-daily-7313485-2014-07-28
5,4,Sleight of Hand,,Spells,3,1,UR Storm,zkiihne,68 tix,$ 241,241575,2014-07-28,Modern Daily #7313485,modern,modern-daily-7313485,modern-daily-7313485-2014-07-28
6,4,Thought Scour,,Spells,3,1,UR Storm,zkiihne,68 tix,$ 241,241575,2014-07-28,Modern Daily #7313485,modern,modern-daily-7313485,modern-daily-7313485-2014-07-28
7,2,Desperate Ravings,,Spells,3,1,UR Storm,zkiihne,68 tix,$ 241,241575,2014-07-28,Modern Daily #7313485,modern,modern-daily-7313485,modern-daily-7313485-2014-07-28
8,4,Desperate Ritual,,Spells,3,1,UR Storm,zkiihne,68 tix,$ 241,241575,2014-07-28,Modern Daily #7313485,modern,modern-daily-7313485,modern-daily-7313485-2014-07-28
9,2,Grapeshot,,Spells,3,1,UR Storm,zkiihne,68 tix,$ 241,241575,2014-07-28,Modern Daily #7313485,modern,modern-daily-7313485,modern-daily-7313485-2014-07-28
10,4,Manamorphose,,Spells,3,1,UR Storm,zkiihne,68 tix,$ 241,241575,2014-07-28,Modern Daily #7313485,modern,modern-daily-7313485,modern-daily-7313485-2014-07-28
11,4,Pyretic Ritual,,Spells,3,1,UR Storm,zkiihne,68 tix,$ 241,241575,2014-07-28,Modern Daily #7313485,modern,modern-daily-7313485,modern-daily-7313485-2014-07-28
12,3,Past in Flames,,Spells,3,1,UR Storm,zkiihne,68 tix,$ 241,241575,2014-07-28,Modern Daily #7313485,modern,modern-daily-7313485,modern-daily-7313485-2014-07-28
14,4,Pyromancer Ascension,,Enchantments,3,1,UR Storm,zkiihne,68 tix,$ 241,241575,2014-07-28,Modern Daily #7313485,modern,modern-daily-7313485,modern-daily-7313485-2014-07-28
16,5,Island,,Lands,3,1,UR Storm,zkiihne,68 tix,$ 241,241575,2014-07-28,Modern Daily #7313485,modern,modern-daily-7313485,modern-daily-7313485-2014-07-28
17,4,Mountain,,Lands,3,1,UR Storm,zkiihne,68 tix,$ 241,241575,2014-07-28,Modern Daily #7313485,modern,modern-daily-7313485,modern-daily-7313485-2014-07-28
18,4,Steam Vents,,Lands,3,1,UR Storm,zkiihne,68 tix,$ 241,241575,2014-07-28,Modern Daily #7313485,modern,modern-daily-7313485,modern-daily-7313485-2014-07-28
19,4,Sulfur Falls,,Lands,3,1,UR Storm,zkiihne,68 tix,$ 241,241575,2014-07-28,Modern Daily #7313485,modern,modern-daily-7313485,modern-daily-7313485-2014-07-28
21,2,Flame Slash,,Sideboard,3,1,UR Storm,zkiihne,68 tix,$ 241,241575,2014-07-28,Modern Daily #7313485,modern,modern-daily-7313485,modern-daily-7313485-2014-07-28
22,3,Vandalblast,,Sideboard,3,1,UR Storm,zkiihne,68 tix,$ 241,241575,2014-07-28,Modern Daily #7313485,modern,modern-daily-7313485,modern-daily-7313485-2014-07-28
23,2,Defense Grid,,Sideboard,3,1,UR Storm,zkiihne,68 tix,$ 241,241575,2014-07-28,Modern Daily #7313485,modern,modern-daily-7313485,modern-daily-7313485-2014-07-28
24,3,Echoing Truth,,Sideboard,3,1,UR Storm,zkiihne,68 tix,$ 241,241575,2014-07-28,Modern Daily #7313485,modern,modern-daily-7313485,modern-daily-7313485-2014-07-28
25,3,Empty the Warrens,,Sideboard,3,1,UR Storm,zkiihne,68 tix,$ 241,241575,2014-07-28,Modern Daily #7313485,modern,modern-daily-7313485,modern-daily-7313485-2014-07-28
26,2,"Keranos, God of Storms",,Sideboard,3,1,UR Storm,zkiihne,68 tix,$ 241,241575,2014-07-28,Modern Daily #7313485,modern,modern-daily-7313485,modern-daily-7313485-2014-07-28
1,4,Snapcaster Mage,,Creatures,3,1,UWR Control,BobCat,374 tix,"$ 1,361",241569,2014-07-28,Modern Daily #7313485,modern,modern-daily-7313485,modern-daily-7313485-2014-07-28
2,4,Geist of Saint Traft,,Creatures,3,1,UWR Control,BobCat,374 tix,"$ 1,361",241569,2014-07-28,Modern Daily #7313485,modern,modern-daily-7313485,modern-daily-7313485-2014-07-28
3,2,Vendilion Clique,,Creatures,3,1,UWR Control,BobCat,374 tix,"$ 1,361",241569,2014-07-28,Modern Daily #7313485,modern,modern-daily-7313485,modern-daily-7313485-2014-07-28
4,2,Restoration Angel,,Creatures,3,1,UWR Control,BobCat,374 tix,"$ 1,361",241569,2014-07-28,Modern Daily #7313485,modern,modern-daily-7313485,modern-daily-7313485-2014-07-28
5,1,"Keranos, God of Storms",,Creatures,3,1,UWR Control,BobCat,374 tix,"$ 1,361",241569,2014-07-28,Modern Daily #7313485,modern,modern-daily-7313485,modern-daily-7313485-2014-07-28
7,2,"Elspeth, Knight-Errant",,Planeswalkers,3,1,UWR Control,BobCat,374 tix,"$ 1,361",241569,2014-07-28,Modern Daily #7313485,modern,modern-daily-7313485,modern-daily-7313485-2014-07-28
9,4,Lightning Bolt,,Spells,3,1,UWR Control,BobCat,374 tix,"$ 1,361",241569,2014-07-28,Modern Daily #7313485,modern,modern-daily-7313485,modern-daily-7313485-2014-07-28
10,4,Path to Exile,,Spells,3,1,UWR Control,BobCat,374 tix,"$ 1,361",241569,2014-07-28,Modern Daily #7313485,modern,modern-daily-7313485,modern-daily-7313485-2014-07-28
11,4,Lightning Helix,,Spells,3,1,UWR Control,BobCat,374 tix,"$ 1,361",241569,2014-07-28,Modern Daily #7313485,modern,modern-daily-7313485,modern-daily-7313485-2014-07-28
12,2,Mana Leak,,Spells,3,1,UWR Control,BobCat,374 tix,"$ 1,361",241569,2014-07-28,Modern Daily #7313485,modern,modern-daily-7313485,modern-daily-7313485-2014-07-28
13,4,Remand,,Spells,3,1,UWR Control,BobCat,374 tix,"$ 1,361",241569,2014-07-28,Modern Daily #7313485,modern,modern-daily-7313485,modern-daily-7313485-2014-07-28
14,2,Electrolyze,,Spells,3,1,UWR Control,BobCat,374 tix,"$ 1,361",241569,2014-07-28,Modern Daily #7313485,modern,modern-daily-7313485,modern-daily-7313485-2014-07-28
16,3,Arid Mesa,,Lands,3,1,UWR Control,BobCat,374 tix,"$ 1,361",241569,2014-07-28,Modern Daily #7313485,modern,modern-daily-7313485,modern-daily-7313485-2014-07-28
17,4,Celestial Colonnade,,Lands,3,1,UWR Control,BobCat,374 tix,"$ 1,361",241569,2014-07-28,Modern Daily #7313485,modern,modern-daily-7313485,modern-daily-7313485-2014-07-28
18,1,Eiganjo Castle,,Lands,3,1,UWR Control,BobCat,374 tix,"$ 1,361",241569,2014-07-28,Modern Daily #7313485,modern,modern-daily-7313485,modern-daily-7313485-2014-07-28
19,2,Hallowed Fountain,,Lands,3,1,UWR Control,BobCat,374 tix,"$ 1,361",241569,2014-07-28,Modern Daily #7313485,modern,modern-daily-7313485,modern-daily-7313485-2014-07-28
20,2,Island,,Lands,3,1,UWR Control,BobCat,374 tix,"$ 1,361",241569,2014-07-28,Modern Daily #7313485,modern,modern-daily-7313485,modern-daily-7313485-2014-07-28
21,1,Mountain,,Lands,3,1,UWR Control,BobCat,374 tix,"$ 1,361",241569,2014-07-28,Modern Daily #7313485,modern,modern-daily-7313485,modern-daily-7313485-2014-07-28
22,1,Plains,,Lands,3,1,UWR Control,BobCat,374 tix,"$ 1,361",241569,2014-07-28,Modern Daily #7313485,modern,modern-daily-7313485,modern-daily-7313485-2014-07-28
23,1,Sacred Foundry,,Lands,3,1,UWR Control,BobCat,374 tix,"$ 1,361",241569,2014-07-28,Modern Daily #7313485,modern,modern-daily-7313485,modern-daily-7313485-2014-07-28
24,4,Scalding Tarn,,Lands,3,1,UWR Control,BobCat,374 tix,"$ 1,361",241569,2014-07-28,Modern Daily #7313485,modern,modern-daily-7313485,modern-daily-7313485-2014-07-28
25,2,Steam Vents,,Lands,3,1,UWR Control,BobCat,374 tix,"$ 1,361",241569,2014-07-28,Modern Daily #7313485,modern,modern-daily-7313485,modern-daily-7313485-2014-07-28
26,1,Sulfur Falls,,Lands,3,1,UWR Control,BobCat,374 tix,"$ 1,361",241569,2014-07-28,Modern Daily #7313485,modern,modern-daily-7313485,modern-daily-7313485-2014-07-28
27,3,Tectonic Edge,,Lands,3,1,UWR Control,BobCat,374 tix,"$ 1,361",241569,2014-07-28,Modern Daily #7313485,modern,modern-daily-7313485,modern-daily-7313485-2014-07-28
29,1,Engineered Explosives,,Sideboard,3,1,UWR Control,BobCat,374 tix,"$ 1,361",241569,2014-07-28,Modern Daily #7313485,modern,modern-daily-7313485,modern-daily-7313485-2014-07-28
30,1,Wear & Tear,,Sideboard,3,1,UWR Control,BobCat,374 tix,"$ 1,361",241569,2014-07-28,Modern Daily #7313485,modern,modern-daily-7313485,modern-daily-7313485-2014-07-28
31,2,Magma Spray,,Sideboard,3,1,UWR Control,BobCat,374 tix,"$ 1,361",241569,2014-07-28,Modern Daily #7313485,modern,modern-daily-7313485,modern-daily-7313485-2014-07-28
32,2,Relic of Progenitus,,Sideboard,3,1,UWR Control,BobCat,374 tix,"$ 1,361",241569,2014-07-28,Modern Daily #7313485,modern,modern-daily-7313485,modern-daily-7313485-2014-07-28
33,1,Negate,,Sideboard,3,1,UWR Control,BobCat,374 tix,"$ 1,361",241569,2014-07-28,Modern Daily #7313485,modern,modern-daily-7313485,modern-daily-7313485-2014-07-28
34,2,Stony Silence,,Sideboard,3,1,UWR Control,BobCat,374 tix,"$ 1,361",241569,2014-07-28,Modern Daily #7313485,modern,modern-daily-7313485,modern-daily-7313485-2014-07-28
35,2,Aven Mindcensor,,Sideboard,3,1,UWR Control,BobCat,374 tix,"$ 1,361",241569,2014-07-28,Modern Daily #7313485,modern,modern-daily-7313485,modern-daily-7313485-2014-07-28
36,2,Counterflux,,Sideboard,3,1,UWR Control,BobCat,374 tix,"$ 1,361",241569,2014-07-28,Modern Daily #7313485,modern,modern-daily-7313485,modern-daily-7313485-2014-07-28
37,1,Wrath of God,,Sideboard,3,1,UWR Control,BobCat,374 tix,"$ 1,361",241569,2014-07-28,Modern Daily #7313485,modern,modern-daily-7313485,modern-daily-7313485-2014-07-28
38,1,Batterskull,,Sideboard,3,1,UWR Control,BobCat,374 tix,"$ 1,361",241569,2014-07-28,Modern Daily #7313485,modern,modern-daily-7313485,modern-daily-7313485-2014-07-28
1,4,Dark Confidant,,Creatures,4,0,Dead Guy Ale,kingsammycat,248 tix,"$ 1,198",241481,2014-07-27,Modern Daily #7313448,modern,modern-daily-7313448,modern-daily-7313448-2014-07-27
2,4,Pack Rat,,Creatures,4,0,Dead Guy Ale,kingsammycat,248 tix,"$ 1,198",241481,2014-07-27,Modern Daily #7313448,modern,modern-daily-7313448,modern-daily-7313448-2014-07-27
3,3,"Brimaz, King of Oreskos",,Creatures,4,0,Dead Guy Ale,kingsammycat,248 tix,"$ 1,198",241481,2014-07-27,Modern Daily #7313448,modern,modern-daily-7313448,modern-daily-7313448-2014-07-27
4,2,Baneslayer Angel,,Creatures,4,0,Dead Guy Ale,kingsammycat,248 tix,"$ 1,198",241481,2014-07-27,Modern Daily #7313448,modern,modern-daily-7313448,modern-daily-7313448-2014-07-27
6,1,"Sorin, Lord of Innistrad",,Planeswalkers,4,0,Dead Guy Ale,kingsammycat,248 tix,"$ 1,198",241481,2014-07-27,Modern Daily #7313448,modern,modern-daily-7313448,modern-daily-7313448-2014-07-27
8,1,Slaughter Pact,,Spells,4,0,Dead Guy Ale,kingsammycat,248 tix,"$ 1,198",241481,2014-07-27,Modern Daily #7313448,modern,modern-daily-7313448,modern-daily-7313448-2014-07-27
9,2,Darkblast,,Spells,4,0,Dead Guy Ale,kingsammycat,248 tix,"$ 1,198",241481,2014-07-27,Modern Daily #7313448,modern,modern-daily-7313448,modern-daily-7313448-2014-07-27
10,3,Inquisition of Kozilek,,Spells,4,0,Dead Guy Ale,kingsammycat,248 tix,"$ 1,198",241481,2014-07-27,Modern Daily #7313448,modern,modern-daily-7313448,modern-daily-7313448-2014-07-27
11,4,Path to Exile,,Spells,4,0,Dead Guy Ale,kingsammycat,248 tix,"$ 1,198",241481,2014-07-27,Modern Daily #7313448,modern,modern-daily-7313448,modern-daily-7313448-2014-07-27
12,4,Thoughtseize,,Spells,4,0,Dead Guy Ale,kingsammycat,248 tix,"$ 1,198",241481,2014-07-27,Modern Daily #7313448,modern,modern-daily-7313448,modern-daily-7313448-2014-07-27
13,1,Doom Blade,,Spells,4,0,Dead Guy Ale,kingsammycat,248 tix,"$ 1,198",241481,2014-07-27,Modern Daily #7313448,modern,modern-daily-7313448,modern-daily-7313448-2014-07-27
14,4,Lingering Souls,,Spells,4,0,Dead Guy Ale,kingsammycat,248 tix,"$ 1,198",241481,2014-07-27,Modern Daily #7313448,modern,modern-daily-7313448,modern-daily-7313448-2014-07-27
16,1,Sword of Fire and Ice,,Artifacts,4,0,Dead Guy Ale,kingsammycat,248 tix,"$ 1,198",241481,2014-07-27,Modern Daily #7313448,modern,modern-daily-7313448,modern-daily-7313448-2014-07-27
17,1,Sword of War and Peace,,Artifacts,4,0,Dead Guy Ale,kingsammycat,248 tix,"$ 1,198",241481,2014-07-27,Modern Daily #7313448,modern,modern-daily-7313448,modern-daily-7313448-2014-07-27
19,1,Phyrexian Arena,,Enchantments,4,0,Dead Guy Ale,kingsammycat,248 tix,"$ 1,198",241481,2014-07-27,Modern Daily #7313448,modern,modern-daily-7313448,modern-daily-7313448-2014-07-27
21,2,Arid Mesa,,Lands,4,0,Dead Guy Ale,kingsammycat,248 tix,"$ 1,198",241481,2014-07-27,Modern Daily #7313448,modern,modern-daily-7313448,modern-daily-7313448-2014-07-27
22,4,Godless Shrine,,Lands,4,0,Dead Guy Ale,kingsammycat,248 tix,"$ 1,198",241481,2014-07-27,Modern Daily #7313448,modern,modern-daily-7313448,modern-daily-7313448-2014-07-27
23,1,Isolated Chapel,,Lands,4,0,Dead Guy Ale,kingsammycat,248 tix,"$ 1,198",241481,2014-07-27,Modern Daily #7313448,modern,modern-daily-7313448,modern-daily-7313448-2014-07-27
24,4,Marsh Flats,,Lands,4,0,Dead Guy Ale,kingsammycat,248 tix,"$ 1,198",241481,2014-07-27,Modern Daily #7313448,modern,modern-daily-7313448,modern-daily-7313448-2014-07-27
25,3,Mutavault,,Lands,4,0,Dead Guy Ale,kingsammycat,248 tix,"$ 1,198",241481,2014-07-27,Modern Daily #7313448,modern,modern-daily-7313448,modern-daily-7313448-2014-07-27
26,2,Plains,,Lands,4,0,Dead Guy Ale,kingsammycat,248 tix,"$ 1,198",241481,2014-07-27,Modern Daily #7313448,modern,modern-daily-7313448,modern-daily-7313448-2014-07-27
27,2,Swamp,,Lands,4,0,Dead Guy Ale,kingsammycat,248 tix,"$ 1,198",241481,2014-07-27,Modern Daily #7313448,modern,modern-daily-7313448,modern-daily-7313448-2014-07-27
28,2,Tectonic Edge,,Lands,4,0,Dead Guy Ale,kingsammycat,248 tix,"$ 1,198",241481,2014-07-27,Modern Daily #7313448,modern,modern-daily-7313448,modern-daily-7313448-2014-07-27
29,2,Temple of Silence,,Lands,4,0,Dead Guy Ale,kingsammycat,248 tix,"$ 1,198",241481,2014-07-27,Modern Daily #7313448,modern,modern-daily-7313448,modern-daily-7313448-2014-07-27
30,1,"Urborg, Tomb of Yawgmoth",,Lands,4,0,Dead Guy Ale,kingsammycat,248 tix,"$ 1,198",241481,2014-07-27,Modern Daily #7313448,modern,modern-daily-7313448,modern-daily-7313448-2014-07-27
31,1,Vault of the Archangel,,Lands,4,0,Dead Guy Ale,kingsammycat,248 tix,"$ 1,198",241481,2014-07-27,Modern Daily #7313448,modern,modern-daily-7313448,modern-daily-7313448-2014-07-27
33,3,Relic of Progenitus,,Sideboard,4,0,Dead Guy Ale,kingsammycat,248 tix,"$ 1,198",241481,2014-07-27,Modern Daily #7313448,modern,modern-daily-7313448,modern-daily-7313448-2014-07-27
34,2,Blood Artist,,Sideboard,4,0,Dead Guy Ale,kingsammycat,248 tix,"$ 1,198",241481,2014-07-27,Modern Daily #7313448,modern,modern-daily-7313448,modern-daily-7313448-2014-07-27
35,1,Disenchant,,Sideboard,4,0,Dead Guy Ale,kingsammycat,248 tix,"$ 1,198",241481,2014-07-27,Modern Daily #7313448,modern,modern-daily-7313448,modern-daily-7313448-2014-07-27
36,1,Stony Silence,,Sideboard,4,0,Dead Guy Ale,kingsammycat,248 tix,"$ 1,198",241481,2014-07-27,Modern Daily #7313448,modern,modern-daily-7313448,modern-daily-7313448-2014-07-27
37,3,Fulminator Mage,,Sideboard,4,0,Dead Guy Ale,kingsammycat,248 tix,"$ 1,198",241481,2014-07-27,Modern Daily #7313448,modern,modern-daily-7313448,modern-daily-7313448-2014-07-27
38,3,Leyline of Sanctity,,Sideboard,4,0,Dead Guy Ale,kingsammycat,248 tix,"$ 1,198",241481,2014-07-27,Modern Daily #7313448,modern,modern-daily-7313448,modern-daily-7313448-2014-07-27
39,2,Wrath of God,,Sideboard,4,0,Dead Guy Ale,kingsammycat,248 tix,"$ 1,198",241481,2014-07-27,Modern Daily #7313448,modern,modern-daily-7313448,modern-daily-7313448-2014-07-27
1,4,Goblin Guide,,Creatures,4,0,RDW,Turboschaf,39 tix,$ 199,241479,2014-07-27,Modern Daily #7313448,modern,modern-daily-7313448,modern-daily-7313448-2014-07-27
2,4,Grim Lavamancer,,Creatures,4,0,RDW,Turboschaf,39 tix,$ 199,241479,2014-07-27,Modern Daily #7313448,modern,modern-daily-7313448,modern-daily-7313448-2014-07-27
3,2,Mogg Fanatic,,Creatures,4,0,RDW,Turboschaf,39 tix,$ 199,241479,2014-07-27,Modern Daily #7313448,modern,modern-daily-7313448,modern-daily-7313448-2014-07-27
5,1,Burst Lightning,,Spells,4,0,RDW,Turboschaf,39 tix,$ 199,241479,2014-07-27,Modern Daily #7313448,modern,modern-daily-7313448,modern-daily-7313448-2014-07-27
6,1,Forked Bolt,,Spells,4,0,RDW,Turboschaf,39 tix,$ 199,241479,2014-07-27,Modern Daily #7313448,modern,modern-daily-7313448,modern-daily-7313448-2014-07-27
7,4,Lava Spike,,Spells,4,0,RDW,Turboschaf,39 tix,$ 199,241479,2014-07-27,Modern Daily #7313448,modern,modern-daily-7313448,modern-daily-7313448-2014-07-27
8,4,Lightning Bolt,,Spells,4,0,RDW,Turboschaf,39 tix,$ 199,241479,2014-07-27,Modern Daily #7313448,modern,modern-daily-7313448,modern-daily-7313448-2014-07-27
9,4,Shard Volley,,Spells,4,0,RDW,Turboschaf,39 tix,$ 199,241479,2014-07-27,Modern Daily #7313448,modern,modern-daily-7313448,modern-daily-7313448-2014-07-27
10,1,Magma Jet,,Spells,4,0,RDW,Turboschaf,39 tix,$ 199,241479,2014-07-27,Modern Daily #7313448,modern,modern-daily-7313448,modern-daily-7313448-2014-07-27
11,3,Searing Blaze,,Spells,4,0,RDW,Turboschaf,39 tix,$ 199,241479,2014-07-27,Modern Daily #7313448,modern,modern-daily-7313448,modern-daily-7313448-2014-07-27
12,4,Searing Blood,,Spells,4,0,RDW,Turboschaf,39 tix,$ 199,241479,2014-07-27,Modern Daily #7313448,modern,modern-daily-7313448,modern-daily-7313448-2014-07-27
13,4,Skullcrack,,Spells,4,0,RDW,Turboschaf,39 tix,$ 199,241479,2014-07-27,Modern Daily #7313448,modern,modern-daily-7313448,modern-daily-7313448-2014-07-27
14,4,Rift Bolt,,Spells,4,0,RDW,Turboschaf,39 tix,$ 199,241479,2014-07-27,Modern Daily #7313448,modern,modern-daily-7313448,modern-daily-7313448-2014-07-27
16,1,Keldon Megaliths,,Lands,4,0,RDW,Turboschaf,39 tix,$ 199,241479,2014-07-27,Modern Daily #7313448,modern,modern-daily-7313448,modern-daily-7313448-2014-07-27
17,19,Mountain,,Lands,4,0,RDW,Turboschaf,39 tix,$ 199,241479,2014-07-27,Modern Daily #7313448,modern,modern-daily-7313448,modern-daily-7313448-2014-07-27
19,4,Relic of Progenitus,,Sideboard,4,0,RDW,Turboschaf,39 tix,$ 199,241479,2014-07-27,Modern Daily #7313448,modern,modern-daily-7313448,modern-daily-7313448-2014-07-27
20,2,Combust,,Sideboard,4,0,RDW,Turboschaf,39 tix,$ 199,241479,2014-07-27,Modern Daily #7313448,modern,modern-daily-7313448,modern-daily-7313448-2014-07-27
21,2,Satyr Firedancer,,Sideboard,4,0,RDW,Turboschaf,39 tix,$ 199,241479,2014-07-27,Modern Daily #7313448,modern,modern-daily-7313448,modern-daily-7313448-2014-07-27
22,3,Smash to Smithereens,,Sideboard,4,0,RDW,Turboschaf,39 tix,$ 199,241479,2014-07-27,Modern Daily #7313448,modern,modern-daily-7313448,modern-daily-7313448-2014-07-27
23,2,Flamebreak,,Sideboard,4,0,RDW,Turboschaf,39 tix,$ 199,241479,2014-07-27,Modern Daily #7313448,modern,modern-daily-7313448,modern-daily-7313448-2014-07-27
24,2,Flames of the Blood Hand,,Sideboard,4,0,RDW,Turboschaf,39 tix,$ 199,241479,2014-07-27,Modern Daily #7313448,modern,modern-daily-7313448,modern-daily-7313448-2014-07-27
1,4,Sakura-Tribe Elder,,Creatures,4,0,Scapeshift,Legalt,278 tix,"$ 1,034",241478,2014-07-27,Modern Daily #7313448,modern,modern-daily-7313448,modern-daily-7313448-2014-07-27
2,2,Snapcaster Mage,,Creatures,4,0,Scapeshift,Legalt,278 tix,"$ 1,034",241478,2014-07-27,Modern Daily #7313448,modern,modern-daily-7313448,modern-daily-7313448-2014-07-27
4,2,Repeal,,Spells,4,0,Scapeshift,Legalt,278 tix,"$ 1,034",241478,2014-07-27,Modern Daily #7313448,modern,modern-daily-7313448,modern-daily-7313448-2014-07-27
5,4,Serum Visions,,Spells,4,0,Scapeshift,Legalt,278 tix,"$ 1,034",241478,2014-07-27,Modern Daily #7313448,modern,modern-daily-7313448,modern-daily-7313448-2014-07-27
6,2,Izzet Charm,,Spells,4,0,Scapeshift,Legalt,278 tix,"$ 1,034",241478,2014-07-27,Modern Daily #7313448,modern,modern-daily-7313448,modern-daily-7313448-2014-07-27
7,4,Remand,,Spells,4,0,Scapeshift,Legalt,278 tix,"$ 1,034",241478,2014-07-27,Modern Daily #7313448,modern,modern-daily-7313448,modern-daily-7313448-2014-07-27
8,4,Worldly Counsel,,Spells,4,0,Scapeshift,Legalt,278 tix,"$ 1,034",241478,2014-07-27,Modern Daily #7313448,modern,modern-daily-7313448,modern-daily-7313448-2014-07-27
9,2,Electrolyze,,Spells,4,0,Scapeshift,Legalt,278 tix,"$ 1,034",241478,2014-07-27,Modern Daily #7313448,modern,modern-daily-7313448,modern-daily-7313448-2014-07-27
10,4,Search for Tomorrow,,Spells,4,0,Scapeshift,Legalt,278 tix,"$ 1,034",241478,2014-07-27,Modern Daily #7313448,modern,modern-daily-7313448,modern-daily-7313448-2014-07-27
11,4,Cryptic Command,,Spells,4,0,Scapeshift,Legalt,278 tix,"$ 1,034",241478,2014-07-27,Modern Daily #7313448,modern,modern-daily-7313448,modern-daily-7313448-2014-07-27
12,4,Scapeshift,,Spells,4,0,Scapeshift,Legalt,278 tix,"$ 1,034",241478,2014-07-27,Modern Daily #7313448,modern,modern-daily-7313448,modern-daily-7313448-2014-07-27
14,2,Breeding Pool,,Lands,4,0,Scapeshift,Legalt,278 tix,"$ 1,034",241478,2014-07-27,Modern Daily #7313448,modern,modern-daily-7313448,modern-daily-7313448-2014-07-27
15,1,Flooded Grove,,Lands,4,0,Scapeshift,Legalt,278 tix,"$ 1,034",241478,2014-07-27,Modern Daily #7313448,modern,modern-daily-7313448,modern-daily-7313448-2014-07-27
16,2,Forest,,Lands,4,0,Scapeshift,Legalt,278 tix,"$ 1,034",241478,2014-07-27,Modern Daily #7313448,modern,modern-daily-7313448,modern-daily-7313448-2014-07-27
17,3,Island,,Lands,4,0,Scapeshift,Legalt,278 tix,"$ 1,034",241478,2014-07-27,Modern Daily #7313448,modern,modern-daily-7313448,modern-daily-7313448-2014-07-27
18,4,Misty Rainforest,,Lands,4,0,Scapeshift,Legalt,278 tix,"$ 1,034",241478,2014-07-27,Modern Daily #7313448,modern,modern-daily-7313448,modern-daily-7313448-2014-07-27
19,2,Mountain,,Lands,4,0,Scapeshift,Legalt,278 tix,"$ 1,034",241478,2014-07-27,Modern Daily #7313448,modern,modern-daily-7313448,modern-daily-7313448-2014-07-27
20,4,Steam Vents,,Lands,4,0,Scapeshift,Legalt,278 tix,"$ 1,034",241478,2014-07-27,Modern Daily #7313448,modern,modern-daily-7313448,modern-daily-7313448-2014-07-27
21,4,Stomping Ground,,Lands,4,0,Scapeshift,Legalt,278 tix,"$ 1,034",241478,2014-07-27,Modern Daily #7313448,modern,modern-daily-7313448,modern-daily-7313448-2014-07-27
22,2,"Valakut, the Molten Pinnacle",,Lands,4,0,Scapeshift,Legalt,278 tix,"$ 1,034",241478,2014-07-27,Modern Daily #7313448,modern,modern-daily-7313448,modern-daily-7313448-2014-07-27
24,1,Engineered Explosives,,Sideboard,4,0,Scapeshift,Legalt,278 tix,"$ 1,034",241478,2014-07-27,Modern Daily #7313448,modern,modern-daily-7313448,modern-daily-7313448-2014-07-27
25,1,Nature's Claim,,Sideboard,4,0,Scapeshift,Legalt,278 tix,"$ 1,034",241478,2014-07-27,Modern Daily #7313448,modern,modern-daily-7313448,modern-daily-7313448-2014-07-27
26,1,Ancient Grudge,,Sideboard,4,0,Scapeshift,Legalt,278 tix,"$ 1,034",241478,2014-07-27,Modern Daily #7313448,modern,modern-daily-7313448,modern-daily-7313448-2014-07-27
27,1,Combust,,Sideboard,4,0,Scapeshift,Legalt,278 tix,"$ 1,034",241478,2014-07-27,Modern Daily #7313448,modern,modern-daily-7313448,modern-daily-7313448-2014-07-27
28,1,Negate,,Sideboard,4,0,Scapeshift,Legalt,278 tix,"$ 1,034",241478,2014-07-27,Modern Daily #7313448,modern,modern-daily-7313448,modern-daily-7313448-2014-07-27
29,2,Anger of the Gods,,Sideboard,4,0,Scapeshift,Legalt,278 tix,"$ 1,034",241478,2014-07-27,Modern Daily #7313448,modern,modern-daily-7313448,modern-daily-7313448-2014-07-27
30,1,Counterflux,,Sideboard,4,0,Scapeshift,Legalt,278 tix,"$ 1,034",241478,2014-07-27,Modern Daily #7313448,modern,modern-daily-7313448,modern-daily-7313448-2014-07-27
31,2,Obstinate Baloth,,Sideboard,4,0,Scapeshift,Legalt,278 tix,"$ 1,034",241478,2014-07-27,Modern Daily #7313448,modern,modern-daily-7313448,modern-daily-7313448-2014-07-27
32,1,Shatterstorm,,Sideboard,4,0,Scapeshift,Legalt,278 tix,"$ 1,034",241478,2014-07-27,Modern Daily #7313448,modern,modern-daily-7313448,modern-daily-7313448-2014-07-27
33,1,Batterskull,,Sideboard,4,0,Scapeshift,Legalt,278 tix,"$ 1,034",241478,2014-07-27,Modern Daily #7313448,modern,modern-daily-7313448,modern-daily-7313448-2014-07-27
34,1,"Teferi, Mage of Zhalfir",,Sideboard,4,0,Scapeshift,Legalt,278 tix,"$ 1,034",241478,2014-07-27,Modern Daily #7313448,modern,modern-daily-7313448,modern-daily-7313448-2014-07-27
35,2,Inferno Titan,,Sideboard,4,0,Scapeshift,Legalt,278 tix,"$ 1,034",241478,2014-07-27,Modern Daily #7313448,modern,modern-daily-7313448,modern-daily-7313448-2014-07-27
1,4,Delver of Secrets,,Creatures,4,0,UR Delver,bradyoo,176 tix,$ 827,241480,2014-07-27,Modern Daily #7313448,modern,modern-daily-7313448,modern-daily-7313448-2014-07-27
2,2,Grim Lavamancer,,Creatures,4,0,UR Delver,bradyoo,176 tix,$ 827,241480,2014-07-27,Modern Daily #7313448,modern,modern-daily-7313448,modern-daily-7313448-2014-07-27
3,4,Snapcaster Mage,,Creatures,4,0,UR Delver,bradyoo,176 tix,$ 827,241480,2014-07-27,Modern Daily #7313448,modern,modern-daily-7313448,modern-daily-7313448-2014-07-27
4,4,Young Pyromancer,,Creatures,4,0,UR Delver,bradyoo,176 tix,$ 827,241480,2014-07-27,Modern Daily #7313448,modern,modern-daily-7313448,modern-daily-7313448-2014-07-27
6,4,Gitaxian Probe,,Spells,4,0,UR Delver,bradyoo,176 tix,$ 827,241480,2014-07-27,Modern Daily #7313448,modern,modern-daily-7313448,modern-daily-7313448-2014-07-27
7,4,Lightning Bolt,,Spells,4,0,UR Delver,bradyoo,176 tix,$ 827,241480,2014-07-27,Modern Daily #7313448,modern,modern-daily-7313448,modern-daily-7313448-2014-07-27
8,2,Pillar of Flame,,Spells,4,0,UR Delver,bradyoo,176 tix,$ 827,241480,2014-07-27,Modern Daily #7313448,modern,modern-daily-7313448,modern-daily-7313448-2014-07-27
9,4,Serum Visions,,Spells,4,0,UR Delver,bradyoo,176 tix,$ 827,241480,2014-07-27,Modern Daily #7313448,modern,modern-daily-7313448,modern-daily-7313448-2014-07-27
10,1,Spell Snare,,Spells,4,0,UR Delver,bradyoo,176 tix,$ 827,241480,2014-07-27,Modern Daily #7313448,modern,modern-daily-7313448,modern-daily-7313448-2014-07-27
11,3,Vapor Snag,,Spells,4,0,UR Delver,bradyoo,176 tix,$ 827,241480,2014-07-27,Modern Daily #7313448,modern,modern-daily-7313448,modern-daily-7313448-2014-07-27
12,2,Mana Leak,,Spells,4,0,UR Delver,bradyoo,176 tix,$ 827,241480,2014-07-27,Modern Daily #7313448,modern,modern-daily-7313448,modern-daily-7313448-2014-07-27
13,4,Remand,,Spells,4,0,UR Delver,bradyoo,176 tix,$ 827,241480,2014-07-27,Modern Daily #7313448,modern,modern-daily-7313448,modern-daily-7313448-2014-07-27
14,3,Electrolyze,,Spells,4,0,UR Delver,bradyoo,176 tix,$ 827,241480,2014-07-27,Modern Daily #7313448,modern,modern-daily-7313448,modern-daily-7313448-2014-07-27
16,1,Arid Mesa,,Lands,4,0,UR Delver,bradyoo,176 tix,$ 827,241480,2014-07-27,Modern Daily #7313448,modern,modern-daily-7313448,modern-daily-7313448-2014-07-27
17,1,Desolate Lighthouse,,Lands,4,0,UR Delver,bradyoo,176 tix,$ 827,241480,2014-07-27,Modern Daily #7313448,modern,modern-daily-7313448,modern-daily-7313448-2014-07-27
18,5,Island,,Lands,4,0,UR Delver,bradyoo,176 tix,$ 827,241480,2014-07-27,Modern Daily #7313448,modern,modern-daily-7313448,modern-daily-7313448-2014-07-27
19,2,Mountain,,Lands,4,0,UR Delver,bradyoo,176 tix,$ 827,241480,2014-07-27,Modern Daily #7313448,modern,modern-daily-7313448,modern-daily-7313448-2014-07-27
20,4,Scalding Tarn,,Lands,4,0,UR Delver,bradyoo,176 tix,$ 827,241480,2014-07-27,Modern Daily #7313448,modern,modern-daily-7313448,modern-daily-7313448-2014-07-27
21,4,Steam Vents,,Lands,4,0,UR Delver,bradyoo,176 tix,$ 827,241480,2014-07-27,Modern Daily #7313448,modern,modern-daily-7313448,modern-daily-7313448-2014-07-27
22,2,Sulfur Falls,,Lands,4,0,UR Delver,bradyoo,176 tix,$ 827,241480,2014-07-27,Modern Daily #7313448,modern,modern-daily-7313448,modern-daily-7313448-2014-07-27
24,1,Dispel,,Sideboard,4,0,UR Delver,bradyoo,176 tix,$ 827,241480,2014-07-27,Modern Daily #7313448,modern,modern-daily-7313448,modern-daily-7313448-2014-07-27
25,2,Relic of Progenitus,,Sideboard,4,0,UR Delver,bradyoo,176 tix,$ 827,241480,2014-07-27,Modern Daily #7313448,modern,modern-daily-7313448,modern-daily-7313448-2014-07-27
26,3,Combust,,Sideboard,4,0,UR Delver,bradyoo,176 tix,$ 827,241480,2014-07-27,Modern Daily #7313448,modern,modern-daily-7313448,modern-daily-7313448-2014-07-27
27,2,Negate,,Sideboard,4,0,UR Delver,bradyoo,176 tix,$ 827,241480,2014-07-27,Modern Daily #7313448,modern,modern-daily-7313448,modern-daily-7313448-2014-07-27
28,2,Spellstutter Sprite,,Sideboard,4,0,UR Delver,bradyoo,176 tix,$ 827,241480,2014-07-27,Modern Daily #7313448,modern,modern-daily-7313448,modern-daily-7313448-2014-07-27
29,1,Izzet Staticaster,,Sideboard,4,0,UR Delver,bradyoo,176 tix,$ 827,241480,2014-07-27,Modern Daily #7313448,modern,modern-daily-7313448,modern-daily-7313448-2014-07-27
30,2,Molten Rain,,Sideboard,4,0,UR Delver,bradyoo,176 tix,$ 827,241480,2014-07-27,Modern Daily #7313448,modern,modern-daily-7313448,modern-daily-7313448-2014-07-27
31,2,Shatterstorm,,Sideboard,4,0,UR Delver,bradyoo,176 tix,$ 827,241480,2014-07-27,Modern Daily #7313448,modern,modern-daily-7313448,modern-daily-7313448-2014-07-27
1,2,Memnite,,Creatures,3,1,Affinity,WhiteStripe,400 tix,$ 968,241484,2014-07-27,Modern Daily #7313448,modern,modern-daily-7313448,modern-daily-7313448-2014-07-27
2,4,Ornithopter,,Creatures,3,1,Affinity,WhiteStripe,400 tix,$ 968,241484,2014-07-27,Modern Daily #7313448,modern,modern-daily-7313448,modern-daily-7313448-2014-07-27
3,4,Signal Pest,,Creatures,3,1,Affinity,WhiteStripe,400 tix,$ 968,241484,2014-07-27,Modern Daily #7313448,modern,modern-daily-7313448,modern-daily-7313448-2014-07-27
4,4,Arcbound Ravager,,Creatures,3,1,Affinity,WhiteStripe,400 tix,$ 968,241484,2014-07-27,Modern Daily #7313448,modern,modern-daily-7313448,modern-daily-7313448-2014-07-27
5,4,Steel Overseer,,Creatures,3,1,Affinity,WhiteStripe,400 tix,$ 968,241484,2014-07-27,Modern Daily #7313448,modern,modern-daily-7313448,modern-daily-7313448-2014-07-27
6,4,Vault Skirge,,Creatures,3,1,Affinity,WhiteStripe,400 tix,$ 968,241484,2014-07-27,Modern Daily #7313448,modern,modern-daily-7313448,modern-daily-7313448-2014-07-27
7,3,Etched Champion,,Creatures,3,1,Affinity,WhiteStripe,400 tix,$ 968,241484,2014-07-27,Modern Daily #7313448,modern,modern-daily-7313448,modern-daily-7313448-2014-07-27
8,1,Master of Etherium,,Creatures,3,1,Affinity,WhiteStripe,400 tix,$ 968,241484,2014-07-27,Modern Daily #7313448,modern,modern-daily-7313448,modern-daily-7313448-2014-07-27
10,2,Thoughtseize,,Spells,3,1,Affinity,WhiteStripe,400 tix,$ 968,241484,2014-07-27,Modern Daily #7313448,modern,modern-daily-7313448,modern-daily-7313448-2014-07-27
11,2,Thoughtcast,,Spells,3,1,Affinity,WhiteStripe,400 tix,$ 968,241484,2014-07-27,Modern Daily #7313448,modern,modern-daily-7313448,modern-daily-7313448-2014-07-27
13,4,Mox Opal,,Artifacts,3,1,Affinity,WhiteStripe,400 tix,$ 968,241484,2014-07-27,Modern Daily #7313448,modern,modern-daily-7313448,modern-daily-7313448-2014-07-27
14,1,Welding Jar,,Artifacts,3,1,Affinity,WhiteStripe,400 tix,$ 968,241484,2014-07-27,Modern Daily #7313448,modern,modern-daily-7313448,modern-daily-7313448-2014-07-27
15,4,Springleaf Drum,,Artifacts,3,1,Affinity,WhiteStripe,400 tix,$ 968,241484,2014-07-27,Modern Daily #7313448,modern,modern-daily-7313448,modern-daily-7313448-2014-07-27
16,4,Cranial Plating,,Artifacts,3,1,Affinity,WhiteStripe,400 tix,$ 968,241484,2014-07-27,Modern Daily #7313448,modern,modern-daily-7313448,modern-daily-7313448-2014-07-27
18,4,Blinkmoth Nexus,,Lands,3,1,Affinity,WhiteStripe,400 tix,$ 968,241484,2014-07-27,Modern Daily #7313448,modern,modern-daily-7313448,modern-daily-7313448-2014-07-27
19,4,Darksteel Citadel,,Lands,3,1,Affinity,WhiteStripe,400 tix,$ 968,241484,2014-07-27,Modern Daily #7313448,modern,modern-daily-7313448,modern-daily-7313448-2014-07-27
20,4,Glimmervoid,,Lands,3,1,Affinity,WhiteStripe,400 tix,$ 968,241484,2014-07-27,Modern Daily #7313448,modern,modern-daily-7313448,modern-daily-7313448-2014-07-27
21,4,Inkmoth Nexus,,Lands,3,1,Affinity,WhiteStripe,400 tix,$ 968,241484,2014-07-27,Modern Daily #7313448,modern,modern-daily-7313448,modern-daily-7313448-2014-07-27
22,1,Swamp,,Lands,3,1,Affinity,WhiteStripe,400 tix,$ 968,241484,2014-07-27,Modern Daily #7313448,modern,modern-daily-7313448,modern-daily-7313448-2014-07-27
24,1,Tormod's Crypt,,Sideboard,3,1,Affinity,WhiteStripe,400 tix,$ 968,241484,2014-07-27,Modern Daily #7313448,modern,modern-daily-7313448,modern-daily-7313448-2014-07-27
25,1,Grafdigger's Cage,,Sideboard,3,1,Affinity,WhiteStripe,400 tix,$ 968,241484,2014-07-27,Modern Daily #7313448,modern,modern-daily-7313448,modern-daily-7313448-2014-07-27
26,1,Gut Shot,,Sideboard,3,1,Affinity,WhiteStripe,400 tix,$ 968,241484,2014-07-27,Modern Daily #7313448,modern,modern-daily-7313448,modern-daily-7313448-2014-07-27
27,1,Thoughtseize,,Sideboard,3,1,Affinity,WhiteStripe,400 tix,$ 968,241484,2014-07-27,Modern Daily #7313448,modern,modern-daily-7313448,modern-daily-7313448-2014-07-27
28,2,Ancient Grudge,,Sideboard,3,1,Affinity,WhiteStripe,400 tix,$ 968,241484,2014-07-27,Modern Daily #7313448,modern,modern-daily-7313448,modern-daily-7313448-2014-07-27
29,2,Spellskite,,Sideboard,3,1,Affinity,WhiteStripe,400 tix,$ 968,241484,2014-07-27,Modern Daily #7313448,modern,modern-daily-7313448,modern-daily-7313448-2014-07-27
30,2,Whipflare,,Sideboard,3,1,Affinity,WhiteStripe,400 tix,$ 968,241484,2014-07-27,Modern Daily #7313448,modern,modern-daily-7313448,modern-daily-7313448-2014-07-27
31,1,Blood Moon,,Sideboard,3,1,Affinity,WhiteStripe,400 tix,$ 968,241484,2014-07-27,Modern Daily #7313448,modern,modern-daily-7313448,modern-daily-7313448-2014-07-27
32,1,Dismember,,Sideboard,3,1,Affinity,WhiteStripe,400 tix,$ 968,241484,2014-07-27,Modern Daily #7313448,modern,modern-daily-7313448,modern-daily-7313448-2014-07-27
33,1,Etched Champion,,Sideboard,3,1,Affinity,WhiteStripe,400 tix,$ 968,241484,2014-07-27,Modern Daily #7313448,modern,modern-daily-7313448,modern-daily-7313448-2014-07-27
34,1,Master of Etherium,,Sideboard,3,1,Affinity,WhiteStripe,400 tix,$ 968,241484,2014-07-27,Modern Daily #7313448,modern,modern-daily-7313448,modern-daily-7313448-2014-07-27
35,1,Rule of Law,,Sideboard,3,1,Affinity,WhiteStripe,400 tix,$ 968,241484,2014-07-27,Modern Daily #7313448,modern,modern-daily-7313448,modern-daily-7313448-2014-07-27
1,3,Memnite,,Creatures,3,1,Affinity,OlleR,389 tix,$ 938,241492,2014-07-27,Modern Daily #7313448,modern,modern-daily-7313448,modern-daily-7313448-2014-07-27
2,4,Ornithopter,,Creatures,3,1,Affinity,OlleR,389 tix,$ 938,241492,2014-07-27,Modern Daily #7313448,modern,modern-daily-7313448,modern-daily-7313448-2014-07-27
3,4,Signal Pest,,Creatures,3,1,Affinity,OlleR,389 tix,$ 938,241492,2014-07-27,Modern Daily #7313448,modern,modern-daily-7313448,modern-daily-7313448-2014-07-27
4,4,Arcbound Ravager,,Creatures,3,1,Affinity,OlleR,389 tix,$ 938,241492,2014-07-27,Modern Daily #7313448,modern,modern-daily-7313448,modern-daily-7313448-2014-07-27
5,3,Steel Overseer,,Creatures,3,1,Affinity,OlleR,389 tix,$ 938,241492,2014-07-27,Modern Daily #7313448,modern,modern-daily-7313448,modern-daily-7313448-2014-07-27
6,4,Vault Skirge,,Creatures,3,1,Affinity,OlleR,389 tix,$ 938,241492,2014-07-27,Modern Daily #7313448,modern,modern-daily-7313448,modern-daily-7313448-2014-07-27
7,2,Etched Champion,,Creatures,3,1,Affinity,OlleR,389 tix,$ 938,241492,2014-07-27,Modern Daily #7313448,modern,modern-daily-7313448,modern-daily-7313448-2014-07-27
8,2,Master of Etherium,,Creatures,3,1,Affinity,OlleR,389 tix,$ 938,241492,2014-07-27,Modern Daily #7313448,modern,modern-daily-7313448,modern-daily-7313448-2014-07-27
10,2,Galvanic Blast,,Spells,3,1,Affinity,OlleR,389 tix,$ 938,241492,2014-07-27,Modern Daily #7313448,modern,modern-daily-7313448,modern-daily-7313448-2014-07-27
11,1,Thoughtcast,,Spells,3,1,Affinity,OlleR,389 tix,$ 938,241492,2014-07-27,Modern Daily #7313448,modern,modern-daily-7313448,modern-daily-7313448-2014-07-27
13,4,Mox Opal,,Artifacts,3,1,Affinity,OlleR,389 tix,$ 938,241492,2014-07-27,Modern Daily #7313448,modern,modern-daily-7313448,modern-daily-7313448-2014-07-27
14,4,Springleaf Drum,,Artifacts,3,1,Affinity,OlleR,389 tix,$ 938,241492,2014-07-27,Modern Daily #7313448,modern,modern-daily-7313448,modern-daily-7313448-2014-07-27
15,4,Cranial Plating,,Artifacts,3,1,Affinity,OlleR,389 tix,$ 938,241492,2014-07-27,Modern Daily #7313448,modern,modern-daily-7313448,modern-daily-7313448-2014-07-27
17,2,Ensoul Artifact,,Enchantments,3,1,Affinity,OlleR,389 tix,$ 938,241492,2014-07-27,Modern Daily #7313448,modern,modern-daily-7313448,modern-daily-7313448-2014-07-27
19,4,Blinkmoth Nexus,,Lands,3,1,Affinity,OlleR,389 tix,$ 938,241492,2014-07-27,Modern Daily #7313448,modern,modern-daily-7313448,modern-daily-7313448-2014-07-27
20,4,Darksteel Citadel,,Lands,3,1,Affinity,OlleR,389 tix,$ 938,241492,2014-07-27,Modern Daily #7313448,modern,modern-daily-7313448,modern-daily-7313448-2014-07-27
21,4,Glimmervoid,,Lands,3,1,Affinity,OlleR,389 tix,$ 938,241492,2014-07-27,Modern Daily #7313448,modern,modern-daily-7313448,modern-daily-7313448-2014-07-27
22,4,Inkmoth Nexus,,Lands,3,1,Affinity,OlleR,389 tix,$ 938,241492,2014-07-27,Modern Daily #7313448,modern,modern-daily-7313448,modern-daily-7313448-2014-07-27
23,1,Island,,Lands,3,1,Affinity,OlleR,389 tix,$ 938,241492,2014-07-27,Modern Daily #7313448,modern,modern-daily-7313448,modern-daily-7313448-2014-07-27
25,1,Galvanic Blast,,Sideboard,3,1,Affinity,OlleR,389 tix,$ 938,241492,2014-07-27,Modern Daily #7313448,modern,modern-daily-7313448,modern-daily-7313448-2014-07-27
26,1,Grafdigger's Cage,,Sideboard,3,1,Affinity,OlleR,389 tix,$ 938,241492,2014-07-27,Modern Daily #7313448,modern,modern-daily-7313448,modern-daily-7313448-2014-07-27
27,1,Spell Pierce,,Sideboard,3,1,Affinity,OlleR,389 tix,$ 938,241492,2014-07-27,Modern Daily #7313448,modern,modern-daily-7313448,modern-daily-7313448-2014-07-27
28,2,Thoughtseize,,Sideboard,3,1,Affinity,OlleR,389 tix,$ 938,241492,2014-07-27,Modern Daily #7313448,modern,modern-daily-7313448,modern-daily-7313448-2014-07-27
29,2,Ancient Grudge,,Sideboard,3,1,Affinity,OlleR,389 tix,$ 938,241492,2014-07-27,Modern Daily #7313448,modern,modern-daily-7313448,modern-daily-7313448-2014-07-27
30,2,Spellskite,,Sideboard,3,1,Affinity,OlleR,389 tix,$ 938,241492,2014-07-27,Modern Daily #7313448,modern,modern-daily-7313448,modern-daily-7313448-2014-07-27
31,1,Whipflare,,Sideboard,3,1,Affinity,OlleR,389 tix,$ 938,241492,2014-07-27,Modern Daily #7313448,modern,modern-daily-7313448,modern-daily-7313448-2014-07-27
32,1,Blood Moon,,Sideboard,3,1,Affinity,OlleR,389 tix,$ 938,241492,2014-07-27,Modern Daily #7313448,modern,modern-daily-7313448,modern-daily-7313448-2014-07-27
33,2,Etched Champion,,Sideboard,3,1,Affinity,OlleR,389 tix,$ 938,241492,2014-07-27,Modern Daily #7313448,modern,modern-daily-7313448,modern-daily-7313448-2014-07-27
34,1,Master of Etherium,,Sideboard,3,1,Affinity,OlleR,389 tix,$ 938,241492,2014-07-27,Modern Daily #7313448,modern,modern-daily-7313448,modern-daily-7313448-2014-07-27
35,1,Rule of Law,,Sideboard,3,1,Affinity,OlleR,389 tix,$ 938,241492,2014-07-27,Modern Daily #7313448,modern,modern-daily-7313448,modern-daily-7313448-2014-07-27
1,4,Memnite,,Creatures,3,1,Affinity,zbishop,106 tix,$ 495,241493,2014-07-27,Modern Daily #7313448,modern,modern-daily-7313448,modern-daily-7313448-2014-07-27
2,4,Ornithopter,,Creatures,3,1,Affinity,zbishop,106 tix,$ 495,241493,2014-07-27,Modern Daily #7313448,modern,modern-daily-7313448,modern-daily-7313448-2014-07-27
3,4,Signal Pest,,Creatures,3,1,Affinity,zbishop,106 tix,$ 495,241493,2014-07-27,Modern Daily #7313448,modern,modern-daily-7313448,modern-daily-7313448-2014-07-27
4,4,Arcbound Ravager,,Creatures,3,1,Affinity,zbishop,106 tix,$ 495,241493,2014-07-27,Modern Daily #7313448,modern,modern-daily-7313448,modern-daily-7313448-2014-07-27
5,4,Steel Overseer,,Creatures,3,1,Affinity,zbishop,106 tix,$ 495,241493,2014-07-27,Modern Daily #7313448,modern,modern-daily-7313448,modern-daily-7313448-2014-07-27
6,4,Vault Skirge,,Creatures,3,1,Affinity,zbishop,106 tix,$ 495,241493,2014-07-27,Modern Daily #7313448,modern,modern-daily-7313448,modern-daily-7313448-2014-07-27
7,2,Etched Champion,,Creatures,3,1,Affinity,zbishop,106 tix,$ 495,241493,2014-07-27,Modern Daily #7313448,modern,modern-daily-7313448,modern-daily-7313448-2014-07-27
8,2,Master of Etherium,,Creatures,3,1,Affinity,zbishop,106 tix,$ 495,241493,2014-07-27,Modern Daily #7313448,modern,modern-daily-7313448,modern-daily-7313448-2014-07-27
10,3,Thoughtcast,,Spells,3,1,Affinity,zbishop,106 tix,$ 495,241493,2014-07-27,Modern Daily #7313448,modern,modern-daily-7313448,modern-daily-7313448-2014-07-27
12,2,Welding Jar,,Artifacts,3,1,Affinity,zbishop,106 tix,$ 495,241493,2014-07-27,Modern Daily #7313448,modern,modern-daily-7313448,modern-daily-7313448-2014-07-27
13,4,Springleaf Drum,,Artifacts,3,1,Affinity,zbishop,106 tix,$ 495,241493,2014-07-27,Modern Daily #7313448,modern,modern-daily-7313448,modern-daily-7313448-2014-07-27
14,4,Cranial Plating,,Artifacts,3,1,Affinity,zbishop,106 tix,$ 495,241493,2014-07-27,Modern Daily #7313448,modern,modern-daily-7313448,modern-daily-7313448-2014-07-27
16,4,Blinkmoth Nexus,,Lands,3,1,Affinity,zbishop,106 tix,$ 495,241493,2014-07-27,Modern Daily #7313448,modern,modern-daily-7313448,modern-daily-7313448-2014-07-27
17,4,Darksteel Citadel,,Lands,3,1,Affinity,zbishop,106 tix,$ 495,241493,2014-07-27,Modern Daily #7313448,modern,modern-daily-7313448,modern-daily-7313448-2014-07-27
18,4,Glimmervoid,,Lands,3,1,Affinity,zbishop,106 tix,$ 495,241493,2014-07-27,Modern Daily #7313448,modern,modern-daily-7313448,modern-daily-7313448-2014-07-27
19,4,Inkmoth Nexus,,Lands,3,1,Affinity,zbishop,106 tix,$ 495,241493,2014-07-27,Modern Daily #7313448,modern,modern-daily-7313448,modern-daily-7313448-2014-07-27
20,3,Island,,Lands,3,1,Affinity,zbishop,106 tix,$ 495,241493,2014-07-27,Modern Daily #7313448,modern,modern-daily-7313448,modern-daily-7313448-2014-07-27
22,1,Ghost Quarter,,Sideboard,3,1,Affinity,zbishop,106 tix,$ 495,241493,2014-07-27,Modern Daily #7313448,modern,modern-daily-7313448,modern-daily-7313448-2014-07-27
23,1,Wear & Tear,,Sideboard,3,1,Affinity,zbishop,106 tix,$ 495,241493,2014-07-27,Modern Daily #7313448,modern,modern-daily-7313448,modern-daily-7313448-2014-07-27
24,1,Welding Jar,,Sideboard,3,1,Affinity,zbishop,106 tix,$ 495,241493,2014-07-27,Modern Daily #7313448,modern,modern-daily-7313448,modern-daily-7313448-2014-07-27
25,2,Galvanic Blast,,Sideboard,3,1,Affinity,zbishop,106 tix,$ 495,241493,2014-07-27,Modern Daily #7313448,modern,modern-daily-7313448,modern-daily-7313448-2014-07-27
26,2,Relic of Progenitus,,Sideboard,3,1,Affinity,zbishop,106 tix,$ 495,241493,2014-07-27,Modern Daily #7313448,modern,modern-daily-7313448,modern-daily-7313448-2014-07-27
27,2,Spell Pierce,,Sideboard,3,1,Affinity,zbishop,106 tix,$ 495,241493,2014-07-27,Modern Daily #7313448,modern,modern-daily-7313448,modern-daily-7313448-2014-07-27
28,2,Ancient Grudge,,Sideboard,3,1,Affinity,zbishop,106 tix,$ 495,241493,2014-07-27,Modern Daily #7313448,modern,modern-daily-7313448,modern-daily-7313448-2014-07-27
29,1,Whipflare,,Sideboard,3,1,Affinity,zbishop,106 tix,$ 495,241493,2014-07-27,Modern Daily #7313448,modern,modern-daily-7313448,modern-daily-7313448-2014-07-27
30,2,Etched Champion,,Sideboard,3,1,Affinity,zbishop,106 tix,$ 495,241493,2014-07-27,Modern Daily #7313448,modern,modern-daily-7313448,modern-daily-7313448-2014-07-27
31,1,Rule of Law,,Sideboard,3,1,Affinity,zbishop,106 tix,$ 495,241493,2014-07-27,Modern Daily #7313448,modern,modern-daily-7313448,modern-daily-7313448-2014-07-27
1,4,Goblin Guide,,Creatures,3,1,Burn,shardless,84 tix,$ 236,241495,2014-07-27,Modern Daily #7313448,modern,modern-daily-7313448,modern-daily-7313448-2014-07-27
2,4,Vexing Devil,,Creatures,3,1,Burn,shardless,84 tix,$ 236,241495,2014-07-27,Modern Daily #7313448,modern,modern-daily-7313448,modern-daily-7313448-2014-07-27
3,4,Eidolon of the Great Revel,,Creatures,3,1,Burn,shardless,84 tix,$ 236,241495,2014-07-27,Modern Daily #7313448,modern,modern-daily-7313448,modern-daily-7313448-2014-07-27
4,2,Kargan Dragonlord,,Creatures,3,1,Burn,shardless,84 tix,$ 236,241495,2014-07-27,Modern Daily #7313448,modern,modern-daily-7313448,modern-daily-7313448-2014-07-27
6,4,Lava Spike,,Spells,3,1,Burn,shardless,84 tix,$ 236,241495,2014-07-27,Modern Daily #7313448,modern,modern-daily-7313448,modern-daily-7313448-2014-07-27
7,4,Lightning Bolt,,Spells,3,1,Burn,shardless,84 tix,$ 236,241495,2014-07-27,Modern Daily #7313448,modern,modern-daily-7313448,modern-daily-7313448-2014-07-27
8,2,Searing Blaze,,Spells,3,1,Burn,shardless,84 tix,$ 236,241495,2014-07-27,Modern Daily #7313448,modern,modern-daily-7313448,modern-daily-7313448-2014-07-27
9,4,Skullcrack,,Spells,3,1,Burn,shardless,84 tix,$ 236,241495,2014-07-27,Modern Daily #7313448,modern,modern-daily-7313448,modern-daily-7313448-2014-07-27
10,4,Flames of the Blood Hand,,Spells,3,1,Burn,shardless,84 tix,$ 236,241495,2014-07-27,Modern Daily #7313448,modern,modern-daily-7313448,modern-daily-7313448-2014-07-27
11,4,Rift Bolt,,Spells,3,1,Burn,shardless,84 tix,$ 236,241495,2014-07-27,Modern Daily #7313448,modern,modern-daily-7313448,modern-daily-7313448-2014-07-27
13,4,Shrine of Burning Rage,,Artifacts,3,1,Burn,shardless,84 tix,$ 236,241495,2014-07-27,Modern Daily #7313448,modern,modern-daily-7313448,modern-daily-7313448-2014-07-27
15,20,Mountain,,Lands,3,1,Burn,shardless,84 tix,$ 236,241495,2014-07-27,Modern Daily #7313448,modern,modern-daily-7313448,modern-daily-7313448-2014-07-27
17,3,Combust,,Sideboard,3,1,Burn,shardless,84 tix,$ 236,241495,2014-07-27,Modern Daily #7313448,modern,modern-daily-7313448,modern-daily-7313448-2014-07-27
18,2,Searing Blaze,,Sideboard,3,1,Burn,shardless,84 tix,$ 236,241495,2014-07-27,Modern Daily #7313448,modern,modern-daily-7313448,modern-daily-7313448-2014-07-27
19,3,Smash to Smithereens,,Sideboard,3,1,Burn,shardless,84 tix,$ 236,241495,2014-07-27,Modern Daily #7313448,modern,modern-daily-7313448,modern-daily-7313448-2014-07-27
20,1,Anger of the Gods,,Sideboard,3,1,Burn,shardless,84 tix,$ 236,241495,2014-07-27,Modern Daily #7313448,modern,modern-daily-7313448,modern-daily-7313448-2014-07-27
21,3,Molten Rain,,Sideboard,3,1,Burn,shardless,84 tix,$ 236,241495,2014-07-27,Modern Daily #7313448,modern,modern-daily-7313448,modern-daily-7313448-2014-07-27
22,3,Ricochet Trap,,Sideboard,3,1,Burn,shardless,84 tix,$ 236,241495,2014-07-27,Modern Daily #7313448,modern,modern-daily-7313448,modern-daily-7313448-2014-07-27
1,4,Dark Confidant,,Creatures,3,1,Junk,_Tilt_,579 tix,"$ 1,880",241487,2014-07-27,Modern Daily #7313448,modern,modern-daily-7313448,modern-daily-7313448-2014-07-27
2,4,Scavenging Ooze,,Creatures,3,1,Junk,_Tilt_,579 tix,"$ 1,880",241487,2014-07-27,Modern Daily #7313448,modern,modern-daily-7313448,modern-daily-7313448-2014-07-27
3,4,Tarmogoyf,,Creatures,3,1,Junk,_Tilt_,579 tix,"$ 1,880",241487,2014-07-27,Modern Daily #7313448,modern,modern-daily-7313448,modern-daily-7313448-2014-07-27
5,4,Liliana of the Veil,,Planeswalkers,3,1,Junk,_Tilt_,579 tix,"$ 1,880",241487,2014-07-27,Modern Daily #7313448,modern,modern-daily-7313448,modern-daily-7313448-2014-07-27
7,1,Slaughter Pact,,Spells,3,1,Junk,_Tilt_,579 tix,"$ 1,880",241487,2014-07-27,Modern Daily #7313448,modern,modern-daily-7313448,modern-daily-7313448-2014-07-27
8,4,Inquisition of Kozilek,,Spells,3,1,Junk,_Tilt_,579 tix,"$ 1,880",241487,2014-07-27,Modern Daily #7313448,modern,modern-daily-7313448,modern-daily-7313448-2014-07-27
9,3,Thoughtseize,,Spells,3,1,Junk,_Tilt_,579 tix,"$ 1,880",241487,2014-07-27,Modern Daily #7313448,modern,modern-daily-7313448,modern-daily-7313448-2014-07-27
10,4,Abrupt Decay,,Spells,3,1,Junk,_Tilt_,579 tix,"$ 1,880",241487,2014-07-27,Modern Daily #7313448,modern,modern-daily-7313448,modern-daily-7313448-2014-07-27
11,2,Dismember,,Spells,3,1,Junk,_Tilt_,579 tix,"$ 1,880",241487,2014-07-27,Modern Daily #7313448,modern,modern-daily-7313448,modern-daily-7313448-2014-07-27
12,4,Lingering Souls,,Spells,3,1,Junk,_Tilt_,579 tix,"$ 1,880",241487,2014-07-27,Modern Daily #7313448,modern,modern-daily-7313448,modern-daily-7313448-2014-07-27
13,2,Maelstrom Pulse,,Spells,3,1,Junk,_Tilt_,579 tix,"$ 1,880",241487,2014-07-27,Modern Daily #7313448,modern,modern-daily-7313448,modern-daily-7313448-2014-07-27
15,1,Forest,,Lands,3,1,Junk,_Tilt_,579 tix,"$ 1,880",241487,2014-07-27,Modern Daily #7313448,modern,modern-daily-7313448,modern-daily-7313448-2014-07-27
16,1,Godless Shrine,,Lands,3,1,Junk,_Tilt_,579 tix,"$ 1,880",241487,2014-07-27,Modern Daily #7313448,modern,modern-daily-7313448,modern-daily-7313448-2014-07-27
17,2,Marsh Flats,,Lands,3,1,Junk,_Tilt_,579 tix,"$ 1,880",241487,2014-07-27,Modern Daily #7313448,modern,modern-daily-7313448,modern-daily-7313448-2014-07-27
18,1,Misty Rainforest,,Lands,3,1,Junk,_Tilt_,579 tix,"$ 1,880",241487,2014-07-27,Modern Daily #7313448,modern,modern-daily-7313448,modern-daily-7313448-2014-07-27
19,2,Overgrown Tomb,,Lands,3,1,Junk,_Tilt_,579 tix,"$ 1,880",241487,2014-07-27,Modern Daily #7313448,modern,modern-daily-7313448,modern-daily-7313448-2014-07-27
20,3,Stirring Wildwood,,Lands,3,1,Junk,_Tilt_,579 tix,"$ 1,880",241487,2014-07-27,Modern Daily #7313448,modern,modern-daily-7313448,modern-daily-7313448-2014-07-27
21,2,Swamp,,Lands,3,1,Junk,_Tilt_,579 tix,"$ 1,880",241487,2014-07-27,Modern Daily #7313448,modern,modern-daily-7313448,modern-daily-7313448-2014-07-27
22,1,Temple Garden,,Lands,3,1,Junk,_Tilt_,579 tix,"$ 1,880",241487,2014-07-27,Modern Daily #7313448,modern,modern-daily-7313448,modern-daily-7313448-2014-07-27
23,4,Treetop Village,,Lands,3,1,Junk,_Tilt_,579 tix,"$ 1,880",241487,2014-07-27,Modern Daily #7313448,modern,modern-daily-7313448,modern-daily-7313448-2014-07-27
24,2,Twilight Mire,,Lands,3,1,Junk,_Tilt_,579 tix,"$ 1,880",241487,2014-07-27,Modern Daily #7313448,modern,modern-daily-7313448,modern-daily-7313448-2014-07-27
25,1,"Urborg, Tomb of Yawgmoth",,Lands,3,1,Junk,_Tilt_,579 tix,"$ 1,880",241487,2014-07-27,Modern Daily #7313448,modern,modern-daily-7313448,modern-daily-7313448-2014-07-27
26,4,Verdant Catacombs,,Lands,3,1,Junk,_Tilt_,579 tix,"$ 1,880",241487,2014-07-27,Modern Daily #7313448,modern,modern-daily-7313448,modern-daily-7313448-2014-07-27
28,2,Golgari Charm,,Sideboard,3,1,Junk,_Tilt_,579 tix,"$ 1,880",241487,2014-07-27,Modern Daily #7313448,modern,modern-daily-7313448,modern-daily-7313448-2014-07-27
29,2,Seal of Primordium,,Sideboard,3,1,Junk,_Tilt_,579 tix,"$ 1,880",241487,2014-07-27,Modern Daily #7313448,modern,modern-daily-7313448,modern-daily-7313448-2014-07-27
30,1,Stony Silence,,Sideboard,3,1,Junk,_Tilt_,579 tix,"$ 1,880",241487,2014-07-27,Modern Daily #7313448,modern,modern-daily-7313448,modern-daily-7313448-2014-07-27
31,1,Drown in Sorrow,,Sideboard,3,1,Junk,_Tilt_,579 tix,"$ 1,880",241487,2014-07-27,Modern Daily #7313448,modern,modern-daily-7313448,modern-daily-7313448-2014-07-27
32,4,Fulminator Mage,,Sideboard,3,1,Junk,_Tilt_,579 tix,"$ 1,880",241487,2014-07-27,Modern Daily #7313448,modern,modern-daily-7313448,modern-daily-7313448-2014-07-27
33,3,Lifebane Zombie,,Sideboard,3,1,Junk,_Tilt_,579 tix,"$ 1,880",241487,2014-07-27,Modern Daily #7313448,modern,modern-daily-7313448,modern-daily-7313448-2014-07-27
34,2,Creeping Corrosion,,Sideboard,3,1,Junk,_Tilt_,579 tix,"$ 1,880",241487,2014-07-27,Modern Daily #7313448,modern,modern-daily-7313448,modern-daily-7313448-2014-07-27
1,4,Lord of Atlantis,,Creatures,3,1,Merfolk,manukoka,214 tix,$ 537,241488,2014-07-27,Modern Daily #7313448,modern,modern-daily-7313448,modern-daily-7313448-2014-07-27
2,4,Master of the Pearl Trident,,Creatures,3,1,Merfolk,manukoka,214 tix,$ 537,241488,2014-07-27,Modern Daily #7313448,modern,modern-daily-7313448,modern-daily-7313448-2014-07-27
3,3,Phantasmal Image,,Creatures,3,1,Merfolk,manukoka,214 tix,$ 537,241488,2014-07-27,Modern Daily #7313448,modern,modern-daily-7313448,modern-daily-7313448-2014-07-27
4,4,Silvergill Adept,,Creatures,3,1,Merfolk,manukoka,214 tix,$ 537,241488,2014-07-27,Modern Daily #7313448,modern,modern-daily-7313448,modern-daily-7313448-2014-07-27
5,2,Tidebinder Mage,,Creatures,3,1,Merfolk,manukoka,214 tix,$ 537,241488,2014-07-27,Modern Daily #7313448,modern,modern-daily-7313448,modern-daily-7313448-2014-07-27
6,1,"Kira, Great Glass-Spinner",,Creatures,3,1,Merfolk,manukoka,214 tix,$ 537,241488,2014-07-27,Modern Daily #7313448,modern,modern-daily-7313448,modern-daily-7313448-2014-07-27
7,4,Merrow Reejerey,,Creatures,3,1,Merfolk,manukoka,214 tix,$ 537,241488,2014-07-27,Modern Daily #7313448,modern,modern-daily-7313448,modern-daily-7313448-2014-07-27
8,1,"Thassa, God of the Sea",,Creatures,3,1,Merfolk,manukoka,214 tix,$ 537,241488,2014-07-27,Modern Daily #7313448,modern,modern-daily-7313448,modern-daily-7313448-2014-07-27
9,3,Master of Waves,,Creatures,3,1,Merfolk,manukoka,214 tix,$ 537,241488,2014-07-27,Modern Daily #7313448,modern,modern-daily-7313448,modern-daily-7313448-2014-07-27
11,2,Spell Pierce,,Spells,3,1,Merfolk,manukoka,214 tix,$ 537,241488,2014-07-27,Modern Daily #7313448,modern,modern-daily-7313448,modern-daily-7313448-2014-07-27
12,4,Vapor Snag,,Spells,3,1,Merfolk,manukoka,214 tix,$ 537,241488,2014-07-27,Modern Daily #7313448,modern,modern-daily-7313448,modern-daily-7313448-2014-07-27
14,4,Aether Vial,,Artifacts,3,1,Merfolk,manukoka,214 tix,$ 537,241488,2014-07-27,Modern Daily #7313448,modern,modern-daily-7313448,modern-daily-7313448-2014-07-27
16,4,Spreading Seas,,Enchantments,3,1,Merfolk,manukoka,214 tix,$ 537,241488,2014-07-27,Modern Daily #7313448,modern,modern-daily-7313448,modern-daily-7313448-2014-07-27
18,2,Cavern of Souls,,Lands,3,1,Merfolk,manukoka,214 tix,$ 537,241488,2014-07-27,Modern Daily #7313448,modern,modern-daily-7313448,modern-daily-7313448-2014-07-27
19,14,Island,,Lands,3,1,Merfolk,manukoka,214 tix,$ 537,241488,2014-07-27,Modern Daily #7313448,modern,modern-daily-7313448,modern-daily-7313448-2014-07-27
20,4,Mutavault,,Lands,3,1,Merfolk,manukoka,214 tix,$ 537,241488,2014-07-27,Modern Daily #7313448,modern,modern-daily-7313448,modern-daily-7313448-2014-07-27
22,2,Tectonic Edge,,Sideboard,3,1,Merfolk,manukoka,214 tix,$ 537,241488,2014-07-27,Modern Daily #7313448,modern,modern-daily-7313448,modern-daily-7313448-2014-07-27
23,2,Grafdigger's Cage,,Sideboard,3,1,Merfolk,manukoka,214 tix,$ 537,241488,2014-07-27,Modern Daily #7313448,modern,modern-daily-7313448,modern-daily-7313448-2014-07-27
24,1,Relic of Progenitus,,Sideboard,3,1,Merfolk,manukoka,214 tix,$ 537,241488,2014-07-27,Modern Daily #7313448,modern,modern-daily-7313448,modern-daily-7313448-2014-07-27
25,1,Swan Song,,Sideboard,3,1,Merfolk,manukoka,214 tix,$ 537,241488,2014-07-27,Modern Daily #7313448,modern,modern-daily-7313448,modern-daily-7313448-2014-07-27
26,2,Echoing Truth,,Sideboard,3,1,Merfolk,manukoka,214 tix,$ 537,241488,2014-07-27,Modern Daily #7313448,modern,modern-daily-7313448,modern-daily-7313448-2014-07-27
27,1,Negate,,Sideboard,3,1,Merfolk,manukoka,214 tix,$ 537,241488,2014-07-27,Modern Daily #7313448,modern,modern-daily-7313448,modern-daily-7313448-2014-07-27
28,2,Tidebinder Mage,,Sideboard,3,1,Merfolk,manukoka,214 tix,$ 537,241488,2014-07-27,Modern Daily #7313448,modern,modern-daily-7313448,modern-daily-7313448-2014-07-27
29,1,Unified Will,,Sideboard,3,1,Merfolk,manukoka,214 tix,$ 537,241488,2014-07-27,Modern Daily #7313448,modern,modern-daily-7313448,modern-daily-7313448-2014-07-27
30,2,Dismember,,Sideboard,3,1,Merfolk,manukoka,214 tix,$ 537,241488,2014-07-27,Modern Daily #7313448,modern,modern-daily-7313448,modern-daily-7313448-2014-07-27
31,1,"Kira, Great Glass-Spinner",,Sideboard,3,1,Merfolk,manukoka,214 tix,$ 537,241488,2014-07-27,Modern Daily #7313448,modern,modern-daily-7313448,modern-daily-7313448-2014-07-27
1,4,Snapcaster Mage,,Creatures,3,1,Pyromancer Twin,tennisStar99,250 tix,"$ 1,017",241486,2014-07-27,Modern Daily #7313448,modern,modern-daily-7313448,modern-daily-7313448-2014-07-27
2,4,Young Pyromancer,,Creatures,3,1,Pyromancer Twin,tennisStar99,250 tix,"$ 1,017",241486,2014-07-27,Modern Daily #7313448,modern,modern-daily-7313448,modern-daily-7313448-2014-07-27
3,4,Deceiver Exarch,,Creatures,3,1,Pyromancer Twin,tennisStar99,250 tix,"$ 1,017",241486,2014-07-27,Modern Daily #7313448,modern,modern-daily-7313448,modern-daily-7313448-2014-07-27
5,4,Gitaxian Probe,,Spells,3,1,Pyromancer Twin,tennisStar99,250 tix,"$ 1,017",241486,2014-07-27,Modern Daily #7313448,modern,modern-daily-7313448,modern-daily-7313448-2014-07-27
6,4,Lightning Bolt,,Spells,3,1,Pyromancer Twin,tennisStar99,250 tix,"$ 1,017",241486,2014-07-27,Modern Daily #7313448,modern,modern-daily-7313448,modern-daily-7313448-2014-07-27
7,4,Serum Visions,,Spells,3,1,Pyromancer Twin,tennisStar99,250 tix,"$ 1,017",241486,2014-07-27,Modern Daily #7313448,modern,modern-daily-7313448,modern-daily-7313448-2014-07-27
8,2,Sleight of Hand,,Spells,3,1,Pyromancer Twin,tennisStar99,250 tix,"$ 1,017",241486,2014-07-27,Modern Daily #7313448,modern,modern-daily-7313448,modern-daily-7313448-2014-07-27
9,2,Spell Snare,,Spells,3,1,Pyromancer Twin,tennisStar99,250 tix,"$ 1,017",241486,2014-07-27,Modern Daily #7313448,modern,modern-daily-7313448,modern-daily-7313448-2014-07-27
10,4,Remand,,Spells,3,1,Pyromancer Twin,tennisStar99,250 tix,"$ 1,017",241486,2014-07-27,Modern Daily #7313448,modern,modern-daily-7313448,modern-daily-7313448-2014-07-27
11,2,Cryptic Command,,Spells,3,1,Pyromancer Twin,tennisStar99,250 tix,"$ 1,017",241486,2014-07-27,Modern Daily #7313448,modern,modern-daily-7313448,modern-daily-7313448-2014-07-27
13,4,Splinter Twin,,Enchantments,3,1,Pyromancer Twin,tennisStar99,250 tix,"$ 1,017",241486,2014-07-27,Modern Daily #7313448,modern,modern-daily-7313448,modern-daily-7313448-2014-07-27
15,5,Island,,Lands,3,1,Pyromancer Twin,tennisStar99,250 tix,"$ 1,017",241486,2014-07-27,Modern Daily #7313448,modern,modern-daily-7313448,modern-daily-7313448-2014-07-27
16,2,Misty Rainforest,,Lands,3,1,Pyromancer Twin,tennisStar99,250 tix,"$ 1,017",241486,2014-07-27,Modern Daily #7313448,modern,modern-daily-7313448,modern-daily-7313448-2014-07-27
17,1,Mountain,,Lands,3,1,Pyromancer Twin,tennisStar99,250 tix,"$ 1,017",241486,2014-07-27,Modern Daily #7313448,modern,modern-daily-7313448,modern-daily-7313448-2014-07-27
18,3,Mutavault,,Lands,3,1,Pyromancer Twin,tennisStar99,250 tix,"$ 1,017",241486,2014-07-27,Modern Daily #7313448,modern,modern-daily-7313448,modern-daily-7313448-2014-07-27
19,3,Scalding Tarn,,Lands,3,1,Pyromancer Twin,tennisStar99,250 tix,"$ 1,017",241486,2014-07-27,Modern Daily #7313448,modern,modern-daily-7313448,modern-daily-7313448-2014-07-27
20,3,Steam Vents,,Lands,3,1,Pyromancer Twin,tennisStar99,250 tix,"$ 1,017",241486,2014-07-27,Modern Daily #7313448,modern,modern-daily-7313448,modern-daily-7313448-2014-07-27
21,1,Stomping Ground,,Lands,3,1,Pyromancer Twin,tennisStar99,250 tix,"$ 1,017",241486,2014-07-27,Modern Daily #7313448,modern,modern-daily-7313448,modern-daily-7313448-2014-07-27
22,4,Sulfur Falls,,Lands,3,1,Pyromancer Twin,tennisStar99,250 tix,"$ 1,017",241486,2014-07-27,Modern Daily #7313448,modern,modern-daily-7313448,modern-daily-7313448-2014-07-27
24,1,Engineered Explosives,,Sideboard,3,1,Pyromancer Twin,tennisStar99,250 tix,"$ 1,017",241486,2014-07-27,Modern Daily #7313448,modern,modern-daily-7313448,modern-daily-7313448-2014-07-27
25,1,Dispel,,Sideboard,3,1,Pyromancer Twin,tennisStar99,250 tix,"$ 1,017",241486,2014-07-27,Modern Daily #7313448,modern,modern-daily-7313448,modern-daily-7313448-2014-07-27
26,2,Ancient Grudge,,Sideboard,3,1,Pyromancer Twin,tennisStar99,250 tix,"$ 1,017",241486,2014-07-27,Modern Daily #7313448,modern,modern-daily-7313448,modern-daily-7313448-2014-07-27
27,1,Negate,,Sideboard,3,1,Pyromancer Twin,tennisStar99,250 tix,"$ 1,017",241486,2014-07-27,Modern Daily #7313448,modern,modern-daily-7313448,modern-daily-7313448-2014-07-27
28,1,Spellskite,,Sideboard,3,1,Pyromancer Twin,tennisStar99,250 tix,"$ 1,017",241486,2014-07-27,Modern Daily #7313448,modern,modern-daily-7313448,modern-daily-7313448-2014-07-27
29,1,Counterflux,,Sideboard,3,1,Pyromancer Twin,tennisStar99,250 tix,"$ 1,017",241486,2014-07-27,Modern Daily #7313448,modern,modern-daily-7313448,modern-daily-7313448-2014-07-27
30,1,Electrolyze,,Sideboard,3,1,Pyromancer Twin,tennisStar99,250 tix,"$ 1,017",241486,2014-07-27,Modern Daily #7313448,modern,modern-daily-7313448,modern-daily-7313448-2014-07-27
31,1,Izzet Staticaster,,Sideboard,3,1,Pyromancer Twin,tennisStar99,250 tix,"$ 1,017",241486,2014-07-27,Modern Daily #7313448,modern,modern-daily-7313448,modern-daily-7313448-2014-07-27
32,4,Stone Rain,,Sideboard,3,1,Pyromancer Twin,tennisStar99,250 tix,"$ 1,017",241486,2014-07-27,Modern Daily #7313448,modern,modern-daily-7313448,modern-daily-7313448-2014-07-27
33,1,Shatterstorm,,Sideboard,3,1,Pyromancer Twin,tennisStar99,250 tix,"$ 1,017",241486,2014-07-27,Modern Daily #7313448,modern,modern-daily-7313448,modern-daily-7313448-2014-07-27
34,1,Batterskull,,Sideboard,3,1,Pyromancer Twin,tennisStar99,250 tix,"$ 1,017",241486,2014-07-27,Modern Daily #7313448,modern,modern-daily-7313448,modern-daily-7313448-2014-07-27
1,4,Goblin Guide,,Creatures,3,1,RDW,jonathanalbiaque,152 tix,$ 706,241489,2014-07-27,Modern Daily #7313448,modern,modern-daily-7313448,modern-daily-7313448-2014-07-27
2,2,Spark Elemental,,Creatures,3,1,RDW,jonathanalbiaque,152 tix,$ 706,241489,2014-07-27,Modern Daily #7313448,modern,modern-daily-7313448,modern-daily-7313448-2014-07-27
3,3,Vexing Devil,,Creatures,3,1,RDW,jonathanalbiaque,152 tix,$ 706,241489,2014-07-27,Modern Daily #7313448,modern,modern-daily-7313448,modern-daily-7313448-2014-07-27
4,4,Hellspark Elemental,,Creatures,3,1,RDW,jonathanalbiaque,152 tix,$ 706,241489,2014-07-27,Modern Daily #7313448,modern,modern-daily-7313448,modern-daily-7313448-2014-07-27
6,4,Lava Spike,,Spells,3,1,RDW,jonathanalbiaque,152 tix,$ 706,241489,2014-07-27,Modern Daily #7313448,modern,modern-daily-7313448,modern-daily-7313448-2014-07-27
7,4,Lightning Bolt,,Spells,3,1,RDW,jonathanalbiaque,152 tix,$ 706,241489,2014-07-27,Modern Daily #7313448,modern,modern-daily-7313448,modern-daily-7313448-2014-07-27
8,3,Shard Volley,,Spells,3,1,RDW,jonathanalbiaque,152 tix,$ 706,241489,2014-07-27,Modern Daily #7313448,modern,modern-daily-7313448,modern-daily-7313448-2014-07-27
9,2,Lightning Helix,,Spells,3,1,RDW,jonathanalbiaque,152 tix,$ 706,241489,2014-07-27,Modern Daily #7313448,modern,modern-daily-7313448,modern-daily-7313448-2014-07-27
10,4,Searing Blaze,,Spells,3,1,RDW,jonathanalbiaque,152 tix,$ 706,241489,2014-07-27,Modern Daily #7313448,modern,modern-daily-7313448,modern-daily-7313448-2014-07-27
11,4,Skullcrack,,Spells,3,1,RDW,jonathanalbiaque,152 tix,$ 706,241489,2014-07-27,Modern Daily #7313448,modern,modern-daily-7313448,modern-daily-7313448-2014-07-27
12,2,Flames of the Blood Hand,,Spells,3,1,RDW,jonathanalbiaque,152 tix,$ 706,241489,2014-07-27,Modern Daily #7313448,modern,modern-daily-7313448,modern-daily-7313448-2014-07-27
13,4,Rift Bolt,,Spells,3,1,RDW,jonathanalbiaque,152 tix,$ 706,241489,2014-07-27,Modern Daily #7313448,modern,modern-daily-7313448,modern-daily-7313448-2014-07-27
14,1,Thunderous Wrath,,Spells,3,1,RDW,jonathanalbiaque,152 tix,$ 706,241489,2014-07-27,Modern Daily #7313448,modern,modern-daily-7313448,modern-daily-7313448-2014-07-27
16,4,Arid Mesa,,Lands,3,1,RDW,jonathanalbiaque,152 tix,$ 706,241489,2014-07-27,Modern Daily #7313448,modern,modern-daily-7313448,modern-daily-7313448-2014-07-27
17,9,Mountain,,Lands,3,1,RDW,jonathanalbiaque,152 tix,$ 706,241489,2014-07-27,Modern Daily #7313448,modern,modern-daily-7313448,modern-daily-7313448-2014-07-27
18,2,Sacred Foundry,,Lands,3,1,RDW,jonathanalbiaque,152 tix,$ 706,241489,2014-07-27,Modern Daily #7313448,modern,modern-daily-7313448,modern-daily-7313448-2014-07-27
19,4,Scalding Tarn,,Lands,3,1,RDW,jonathanalbiaque,152 tix,$ 706,241489,2014-07-27,Modern Daily #7313448,modern,modern-daily-7313448,modern-daily-7313448-2014-07-27
21,2,Combust,,Sideboard,3,1,RDW,jonathanalbiaque,152 tix,$ 706,241489,2014-07-27,Modern Daily #7313448,modern,modern-daily-7313448,modern-daily-7313448-2014-07-27
22,1,Dragon's Claw,,Sideboard,3,1,RDW,jonathanalbiaque,152 tix,$ 706,241489,2014-07-27,Modern Daily #7313448,modern,modern-daily-7313448,modern-daily-7313448-2014-07-27
23,2,Lightning Helix,,Sideboard,3,1,RDW,jonathanalbiaque,152 tix,$ 706,241489,2014-07-27,Modern Daily #7313448,modern,modern-daily-7313448,modern-daily-7313448-2014-07-27
24,2,Satyr Firedancer,,Sideboard,3,1,RDW,jonathanalbiaque,152 tix,$ 706,241489,2014-07-27,Modern Daily #7313448,modern,modern-daily-7313448,modern-daily-7313448-2014-07-27
25,2,Searing Blood,,Sideboard,3,1,RDW,jonathanalbiaque,152 tix,$ 706,241489,2014-07-27,Modern Daily #7313448,modern,modern-daily-7313448,modern-daily-7313448-2014-07-27
26,2,Smash to Smithereens,,Sideboard,3,1,RDW,jonathanalbiaque,152 tix,$ 706,241489,2014-07-27,Modern Daily #7313448,modern,modern-daily-7313448,modern-daily-7313448-2014-07-27
27,2,Suppression Field,,Sideboard,3,1,RDW,jonathanalbiaque,152 tix,$ 706,241489,2014-07-27,Modern Daily #7313448,modern,modern-daily-7313448,modern-daily-7313448-2014-07-27
28,2,Molten Rain,,Sideboard,3,1,RDW,jonathanalbiaque,152 tix,$ 706,241489,2014-07-27,Modern Daily #7313448,modern,modern-daily-7313448,modern-daily-7313448-2014-07-27
1,2,Spellskite,,Creatures,3,1,RG Tron,Falkoneye,289 tix,$ 841,241490,2014-07-27,Modern Daily #7313448,modern,modern-daily-7313448,modern-daily-7313448-2014-07-27
2,3,Wurmcoil Engine,,Creatures,3,1,RG Tron,Falkoneye,289 tix,$ 841,241490,2014-07-27,Modern Daily #7313448,modern,modern-daily-7313448,modern-daily-7313448-2014-07-27
3,1,Sundering Titan,,Creatures,3,1,RG Tron,Falkoneye,289 tix,$ 841,241490,2014-07-27,Modern Daily #7313448,modern,modern-daily-7313448,modern-daily-7313448-2014-07-27
4,1,"Emrakul, the Aeons Torn",,Creatures,3,1,RG Tron,Falkoneye,289 tix,$ 841,241490,2014-07-27,Modern Daily #7313448,modern,modern-daily-7313448,modern-daily-7313448-2014-07-27
6,4,Karn Liberated,,Planeswalkers,3,1,RG Tron,Falkoneye,289 tix,$ 841,241490,2014-07-27,Modern Daily #7313448,modern,modern-daily-7313448,modern-daily-7313448-2014-07-27
8,4,Ancient Stirrings,,Spells,3,1,RG Tron,Falkoneye,289 tix,$ 841,241490,2014-07-27,Modern Daily #7313448,modern,modern-daily-7313448,modern-daily-7313448-2014-07-27
9,2,Pyroclasm,,Spells,3,1,RG Tron,Falkoneye,289 tix,$ 841,241490,2014-07-27,Modern Daily #7313448,modern,modern-daily-7313448,modern-daily-7313448-2014-07-27
10,4,Sylvan Scrying,,Spells,3,1,RG Tron,Falkoneye,289 tix,$ 841,241490,2014-07-27,Modern Daily #7313448,modern,modern-daily-7313448,modern-daily-7313448-2014-07-27
12,4,Chromatic Sphere,,Artifacts,3,1,RG Tron,Falkoneye,289 tix,$ 841,241490,2014-07-27,Modern Daily #7313448,modern,modern-daily-7313448,modern-daily-7313448-2014-07-27
13,4,Chromatic Star,,Artifacts,3,1,RG Tron,Falkoneye,289 tix,$ 841,241490,2014-07-27,Modern Daily #7313448,modern,modern-daily-7313448,modern-daily-7313448-2014-07-27
14,4,Expedition Map,,Artifacts,3,1,RG Tron,Falkoneye,289 tix,$ 841,241490,2014-07-27,Modern Daily #7313448,modern,modern-daily-7313448,modern-daily-7313448-2014-07-27
15,2,Relic of Progenitus,,Artifacts,3,1,RG Tron,Falkoneye,289 tix,$ 841,241490,2014-07-27,Modern Daily #7313448,modern,modern-daily-7313448,modern-daily-7313448-2014-07-27
16,4,Oblivion Stone,,Artifacts,3,1,RG Tron,Falkoneye,289 tix,$ 841,241490,2014-07-27,Modern Daily #7313448,modern,modern-daily-7313448,modern-daily-7313448-2014-07-27
18,1,Cavern of Souls,,Lands,3,1,RG Tron,Falkoneye,289 tix,$ 841,241490,2014-07-27,Modern Daily #7313448,modern,modern-daily-7313448,modern-daily-7313448-2014-07-27
19,1,Eye of Ugin,,Lands,3,1,RG Tron,Falkoneye,289 tix,$ 841,241490,2014-07-27,Modern Daily #7313448,modern,modern-daily-7313448,modern-daily-7313448-2014-07-27
20,1,Forest,,Lands,3,1,RG Tron,Falkoneye,289 tix,$ 841,241490,2014-07-27,Modern Daily #7313448,modern,modern-daily-7313448,modern-daily-7313448-2014-07-27
21,2,Ghost Quarter,,Lands,3,1,RG Tron,Falkoneye,289 tix,$ 841,241490,2014-07-27,Modern Daily #7313448,modern,modern-daily-7313448,modern-daily-7313448-2014-07-27
22,4,Grove of the Burnwillows,,Lands,3,1,RG Tron,Falkoneye,289 tix,$ 841,241490,2014-07-27,Modern Daily #7313448,modern,modern-daily-7313448,modern-daily-7313448-2014-07-27
23,4,Urza's Mine,,Lands,3,1,RG Tron,Falkoneye,289 tix,$ 841,241490,2014-07-27,Modern Daily #7313448,modern,modern-daily-7313448,modern-daily-7313448-2014-07-27
24,4,Urza's Power Plant,,Lands,3,1,RG Tron,Falkoneye,289 tix,$ 841,241490,2014-07-27,Modern Daily #7313448,modern,modern-daily-7313448,modern-daily-7313448-2014-07-27
25,4,Urza's Tower,,Lands,3,1,RG Tron,Falkoneye,289 tix,$ 841,241490,2014-07-27,Modern Daily #7313448,modern,modern-daily-7313448,modern-daily-7313448-2014-07-27
27,3,Nature's Claim,,Sideboard,3,1,RG Tron,Falkoneye,289 tix,$ 841,241490,2014-07-27,Modern Daily #7313448,modern,modern-daily-7313448,modern-daily-7313448-2014-07-27
28,1,Relic of Progenitus,,Sideboard,3,1,RG Tron,Falkoneye,289 tix,$ 841,241490,2014-07-27,Modern Daily #7313448,modern,modern-daily-7313448,modern-daily-7313448-2014-07-27
29,2,Combust,,Sideboard,3,1,RG Tron,Falkoneye,289 tix,$ 841,241490,2014-07-27,Modern Daily #7313448,modern,modern-daily-7313448,modern-daily-7313448-2014-07-27
30,2,Defense Grid,,Sideboard,3,1,RG Tron,Falkoneye,289 tix,$ 841,241490,2014-07-27,Modern Daily #7313448,modern,modern-daily-7313448,modern-daily-7313448-2014-07-27
31,2,Pyroclasm,,Sideboard,3,1,RG Tron,Falkoneye,289 tix,$ 841,241490,2014-07-27,Modern Daily #7313448,modern,modern-daily-7313448,modern-daily-7313448-2014-07-27
32,1,Torpor Orb,,Sideboard,3,1,RG Tron,Falkoneye,289 tix,$ 841,241490,2014-07-27,Modern Daily #7313448,modern,modern-daily-7313448,modern-daily-7313448-2014-07-27
33,2,Boil,,Sideboard,3,1,RG Tron,Falkoneye,289 tix,$ 841,241490,2014-07-27,Modern Daily #7313448,modern,modern-daily-7313448,modern-daily-7313448-2014-07-27
34,1,Wurmcoil Engine,,Sideboard,3,1,RG Tron,Falkoneye,289 tix,$ 841,241490,2014-07-27,Modern Daily #7313448,modern,modern-daily-7313448,modern-daily-7313448-2014-07-27
35,1,"Ulamog, the Infinite Gyre",,Sideboard,3,1,RG Tron,Falkoneye,289 tix,$ 841,241490,2014-07-27,Modern Daily #7313448,modern,modern-daily-7313448,modern-daily-7313448-2014-07-27
1,4,Sakura-Tribe Elder,,Creatures,3,1,Scapetwin,Tjolnar3,177 tix,$ 751,241483,2014-07-27,Modern Daily #7313448,modern,modern-daily-7313448,modern-daily-7313448-2014-07-27
2,3,Wall of Omens,,Creatures,3,1,Scapetwin,Tjolnar3,177 tix,$ 751,241483,2014-07-27,Modern Daily #7313448,modern,modern-daily-7313448,modern-daily-7313448-2014-07-27
3,2,Eternal Witness,,Creatures,3,1,Scapetwin,Tjolnar3,177 tix,$ 751,241483,2014-07-27,Modern Daily #7313448,modern,modern-daily-7313448,modern-daily-7313448-2014-07-27
4,2,Huntmaster of the Fells,,Creatures,3,1,Scapetwin,Tjolnar3,177 tix,$ 751,241483,2014-07-27,Modern Daily #7313448,modern,modern-daily-7313448,modern-daily-7313448-2014-07-27
5,4,Restoration Angel,,Creatures,3,1,Scapetwin,Tjolnar3,177 tix,$ 751,241483,2014-07-27,Modern Daily #7313448,modern,modern-daily-7313448,modern-daily-7313448-2014-07-27
6,3,"Kiki-Jiki, Mirror Breaker",,Creatures,3,1,Scapetwin,Tjolnar3,177 tix,$ 751,241483,2014-07-27,Modern Daily #7313448,modern,modern-daily-7313448,modern-daily-7313448-2014-07-27
8,2,Gitaxian Probe,,Spells,3,1,Scapetwin,Tjolnar3,177 tix,$ 751,241483,2014-07-27,Modern Daily #7313448,modern,modern-daily-7313448,modern-daily-7313448-2014-07-27
9,4,Path to Exile,,Spells,3,1,Scapetwin,Tjolnar3,177 tix,$ 751,241483,2014-07-27,Modern Daily #7313448,modern,modern-daily-7313448,modern-daily-7313448-2014-07-27
10,2,Lightning Helix,,Spells,3,1,Scapetwin,Tjolnar3,177 tix,$ 751,241483,2014-07-27,Modern Daily #7313448,modern,modern-daily-7313448,modern-daily-7313448-2014-07-27
11,1,Fiery Justice,,Spells,3,1,Scapetwin,Tjolnar3,177 tix,$ 751,241483,2014-07-27,Modern Daily #7313448,modern,modern-daily-7313448,modern-daily-7313448-2014-07-27
12,4,Search for Tomorrow,,Spells,3,1,Scapetwin,Tjolnar3,177 tix,$ 751,241483,2014-07-27,Modern Daily #7313448,modern,modern-daily-7313448,modern-daily-7313448-2014-07-27
13,4,Scapeshift,,Spells,3,1,Scapetwin,Tjolnar3,177 tix,$ 751,241483,2014-07-27,Modern Daily #7313448,modern,modern-daily-7313448,modern-daily-7313448-2014-07-27
15,4,Arid Mesa,,Lands,3,1,Scapetwin,Tjolnar3,177 tix,$ 751,241483,2014-07-27,Modern Daily #7313448,modern,modern-daily-7313448,modern-daily-7313448-2014-07-27
16,3,Forest,,Lands,3,1,Scapetwin,Tjolnar3,177 tix,$ 751,241483,2014-07-27,Modern Daily #7313448,modern,modern-daily-7313448,modern-daily-7313448-2014-07-27
17,5,Mountain,,Lands,3,1,Scapetwin,Tjolnar3,177 tix,$ 751,241483,2014-07-27,Modern Daily #7313448,modern,modern-daily-7313448,modern-daily-7313448-2014-07-27
18,2,Plains,,Lands,3,1,Scapetwin,Tjolnar3,177 tix,$ 751,241483,2014-07-27,Modern Daily #7313448,modern,modern-daily-7313448,modern-daily-7313448-2014-07-27
19,3,Sacred Foundry,,Lands,3,1,Scapetwin,Tjolnar3,177 tix,$ 751,241483,2014-07-27,Modern Daily #7313448,modern,modern-daily-7313448,modern-daily-7313448-2014-07-27
20,4,Stomping Ground,,Lands,3,1,Scapetwin,Tjolnar3,177 tix,$ 751,241483,2014-07-27,Modern Daily #7313448,modern,modern-daily-7313448,modern-daily-7313448-2014-07-27
21,1,Temple Garden,,Lands,3,1,Scapetwin,Tjolnar3,177 tix,$ 751,241483,2014-07-27,Modern Daily #7313448,modern,modern-daily-7313448,modern-daily-7313448-2014-07-27
22,2,"Valakut, the Molten Pinnacle",,Lands,3,1,Scapetwin,Tjolnar3,177 tix,$ 751,241483,2014-07-27,Modern Daily #7313448,modern,modern-daily-7313448,modern-daily-7313448-2014-07-27
23,1,Verdant Catacombs,,Lands,3,1,Scapetwin,Tjolnar3,177 tix,$ 751,241483,2014-07-27,Modern Daily #7313448,modern,modern-daily-7313448,modern-daily-7313448-2014-07-27
25,2,Nature's Claim,,Sideboard,3,1,Scapetwin,Tjolnar3,177 tix,$ 751,241483,2014-07-27,Modern Daily #7313448,modern,modern-daily-7313448,modern-daily-7313448-2014-07-27
26,4,Silence,,Sideboard,3,1,Scapetwin,Tjolnar3,177 tix,$ 751,241483,2014-07-27,Modern Daily #7313448,modern,modern-daily-7313448,modern-daily-7313448-2014-07-27
27,3,Rest in Peace,,Sideboard,3,1,Scapetwin,Tjolnar3,177 tix,$ 751,241483,2014-07-27,Modern Daily #7313448,modern,modern-daily-7313448,modern-daily-7313448-2014-07-27
28,2,Stony Silence,,Sideboard,3,1,Scapetwin,Tjolnar3,177 tix,$ 751,241483,2014-07-27,Modern Daily #7313448,modern,modern-daily-7313448,modern-daily-7313448-2014-07-27
29,2,Anger of the Gods,,Sideboard,3,1,Scapetwin,Tjolnar3,177 tix,$ 751,241483,2014-07-27,Modern Daily #7313448,modern,modern-daily-7313448,modern-daily-7313448-2014-07-27
30,2,Sowing Salt,,Sideboard,3,1,Scapetwin,Tjolnar3,177 tix,$ 751,241483,2014-07-27,Modern Daily #7313448,modern,modern-daily-7313448,modern-daily-7313448-2014-07-27
1,4,Martyr of Sands,,Creatures,3,1,Soul Sisters,Naemen,59 tix,$ 160,241482,2014-07-27,Modern Daily #7313448,modern,modern-daily-7313448,modern-daily-7313448-2014-07-27
2,4,Serra Ascendant,,Creatures,3,1,Soul Sisters,Naemen,59 tix,$ 160,241482,2014-07-27,Modern Daily #7313448,modern,modern-daily-7313448,modern-daily-7313448-2014-07-27
3,4,Soul Warden,,Creatures,3,1,Soul Sisters,Naemen,59 tix,$ 160,241482,2014-07-27,Modern Daily #7313448,modern,modern-daily-7313448,modern-daily-7313448-2014-07-27
4,4,Soul's Attendant,,Creatures,3,1,Soul Sisters,Naemen,59 tix,$ 160,241482,2014-07-27,Modern Daily #7313448,modern,modern-daily-7313448,modern-daily-7313448-2014-07-27
5,4,Ajani's Pridemate,,Creatures,3,1,Soul Sisters,Naemen,59 tix,$ 160,241482,2014-07-27,Modern Daily #7313448,modern,modern-daily-7313448,modern-daily-7313448-2014-07-27
6,4,Squadron Hawk,,Creatures,3,1,Soul Sisters,Naemen,59 tix,$ 160,241482,2014-07-27,Modern Daily #7313448,modern,modern-daily-7313448,modern-daily-7313448-2014-07-27
7,4,Ranger of Eos,,Creatures,3,1,Soul Sisters,Naemen,59 tix,$ 160,241482,2014-07-27,Modern Daily #7313448,modern,modern-daily-7313448,modern-daily-7313448-2014-07-27
9,3,Path to Exile,,Spells,3,1,Soul Sisters,Naemen,59 tix,$ 160,241482,2014-07-27,Modern Daily #7313448,modern,modern-daily-7313448,modern-daily-7313448-2014-07-27
10,4,Spectral Procession,,Spells,3,1,Soul Sisters,Naemen,59 tix,$ 160,241482,2014-07-27,Modern Daily #7313448,modern,modern-daily-7313448,modern-daily-7313448-2014-07-27
12,3,Honor of the Pure,,Enchantments,3,1,Soul Sisters,Naemen,59 tix,$ 160,241482,2014-07-27,Modern Daily #7313448,modern,modern-daily-7313448,modern-daily-7313448-2014-07-27
14,1,Flagstones of Trokair,,Lands,3,1,Soul Sisters,Naemen,59 tix,$ 160,241482,2014-07-27,Modern Daily #7313448,modern,modern-daily-7313448,modern-daily-7313448-2014-07-27
15,19,Plains,,Lands,3,1,Soul Sisters,Naemen,59 tix,$ 160,241482,2014-07-27,Modern Daily #7313448,modern,modern-daily-7313448,modern-daily-7313448-2014-07-27
16,2,Rogue's Passage,,Lands,3,1,Soul Sisters,Naemen,59 tix,$ 160,241482,2014-07-27,Modern Daily #7313448,modern,modern-daily-7313448,modern-daily-7313448-2014-07-27
18,4,Brave the Elements,,Sideboard,3,1,Soul Sisters,Naemen,59 tix,$ 160,241482,2014-07-27,Modern Daily #7313448,modern,modern-daily-7313448,modern-daily-7313448-2014-07-27
19,2,Grafdigger's Cage,,Sideboard,3,1,Soul Sisters,Naemen,59 tix,$ 160,241482,2014-07-27,Modern Daily #7313448,modern,modern-daily-7313448,modern-daily-7313448-2014-07-27
20,2,Rest in Peace,,Sideboard,3,1,Soul Sisters,Naemen,59 tix,$ 160,241482,2014-07-27,Modern Daily #7313448,modern,modern-daily-7313448,modern-daily-7313448-2014-07-27
21,4,Stony Silence,,Sideboard,3,1,Soul Sisters,Naemen,59 tix,$ 160,241482,2014-07-27,Modern Daily #7313448,modern,modern-daily-7313448,modern-daily-7313448-2014-07-27
22,1,Aven Mindcensor,,Sideboard,3,1,Soul Sisters,Naemen,59 tix,$ 160,241482,2014-07-27,Modern Daily #7313448,modern,modern-daily-7313448,modern-daily-7313448-2014-07-27
23,2,Ghostly Prison,,Sideboard,3,1,Soul Sisters,Naemen,59 tix,$ 160,241482,2014-07-27,Modern Daily #7313448,modern,modern-daily-7313448,modern-daily-7313448-2014-07-27
1,2,Grim Lavamancer,,Creatures,3,1,Splinter Twin,Buddhist,289 tix,"$ 1,080",241494,2014-07-27,Modern Daily #7313448,modern,modern-daily-7313448,modern-daily-7313448-2014-07-27
2,4,Snapcaster Mage,,Creatures,3,1,Splinter Twin,Buddhist,289 tix,"$ 1,080",241494,2014-07-27,Modern Daily #7313448,modern,modern-daily-7313448,modern-daily-7313448-2014-07-27
3,1,Spellskite,,Creatures,3,1,Splinter Twin,Buddhist,289 tix,"$ 1,080",241494,2014-07-27,Modern Daily #7313448,modern,modern-daily-7313448,modern-daily-7313448-2014-07-27
4,3,Deceiver Exarch,,Creatures,3,1,Splinter Twin,Buddhist,289 tix,"$ 1,080",241494,2014-07-27,Modern Daily #7313448,modern,modern-daily-7313448,modern-daily-7313448-2014-07-27
5,3,Pestermite,,Creatures,3,1,Splinter Twin,Buddhist,289 tix,"$ 1,080",241494,2014-07-27,Modern Daily #7313448,modern,modern-daily-7313448,modern-daily-7313448-2014-07-27
6,2,Vendilion Clique,,Creatures,3,1,Splinter Twin,Buddhist,289 tix,"$ 1,080",241494,2014-07-27,Modern Daily #7313448,modern,modern-daily-7313448,modern-daily-7313448-2014-07-27
7,1,"Kiki-Jiki, Mirror Breaker",,Creatures,3,1,Splinter Twin,Buddhist,289 tix,"$ 1,080",241494,2014-07-27,Modern Daily #7313448,modern,modern-daily-7313448,modern-daily-7313448-2014-07-27
9,1,Dispel,,Spells,3,1,Splinter Twin,Buddhist,289 tix,"$ 1,080",241494,2014-07-27,Modern Daily #7313448,modern,modern-daily-7313448,modern-daily-7313448-2014-07-27
10,4,Lightning Bolt,,Spells,3,1,Splinter Twin,Buddhist,289 tix,"$ 1,080",241494,2014-07-27,Modern Daily #7313448,modern,modern-daily-7313448,modern-daily-7313448-2014-07-27
11,4,Serum Visions,,Spells,3,1,Splinter Twin,Buddhist,289 tix,"$ 1,080",241494,2014-07-27,Modern Daily #7313448,modern,modern-daily-7313448,modern-daily-7313448-2014-07-27
12,1,Twisted Image,,Spells,3,1,Splinter Twin,Buddhist,289 tix,"$ 1,080",241494,2014-07-27,Modern Daily #7313448,modern,modern-daily-7313448,modern-daily-7313448-2014-07-27
13,4,Remand,,Spells,3,1,Splinter Twin,Buddhist,289 tix,"$ 1,080",241494,2014-07-27,Modern Daily #7313448,modern,modern-daily-7313448,modern-daily-7313448-2014-07-27
14,1,Electrolyze,,Spells,3,1,Splinter Twin,Buddhist,289 tix,"$ 1,080",241494,2014-07-27,Modern Daily #7313448,modern,modern-daily-7313448,modern-daily-7313448-2014-07-27
15,2,Cryptic Command,,Spells,3,1,Splinter Twin,Buddhist,289 tix,"$ 1,080",241494,2014-07-27,Modern Daily #7313448,modern,modern-daily-7313448,modern-daily-7313448-2014-07-27
17,4,Splinter Twin,,Enchantments,3,1,Splinter Twin,Buddhist,289 tix,"$ 1,080",241494,2014-07-27,Modern Daily #7313448,modern,modern-daily-7313448,modern-daily-7313448-2014-07-27
19,1,Cascade Bluffs,,Lands,3,1,Splinter Twin,Buddhist,289 tix,"$ 1,080",241494,2014-07-27,Modern Daily #7313448,modern,modern-daily-7313448,modern-daily-7313448-2014-07-27
20,1,Desolate Lighthouse,,Lands,3,1,Splinter Twin,Buddhist,289 tix,"$ 1,080",241494,2014-07-27,Modern Daily #7313448,modern,modern-daily-7313448,modern-daily-7313448-2014-07-27
21,4,Island,,Lands,3,1,Splinter Twin,Buddhist,289 tix,"$ 1,080",241494,2014-07-27,Modern Daily #7313448,modern,modern-daily-7313448,modern-daily-7313448-2014-07-27
22,3,Misty Rainforest,,Lands,3,1,Splinter Twin,Buddhist,289 tix,"$ 1,080",241494,2014-07-27,Modern Daily #7313448,modern,modern-daily-7313448,modern-daily-7313448-2014-07-27
23,1,Mountain,,Lands,3,1,Splinter Twin,Buddhist,289 tix,"$ 1,080",241494,2014-07-27,Modern Daily #7313448,modern,modern-daily-7313448,modern-daily-7313448-2014-07-27
24,3,Scalding Tarn,,Lands,3,1,Splinter Twin,Buddhist,289 tix,"$ 1,080",241494,2014-07-27,Modern Daily #7313448,modern,modern-daily-7313448,modern-daily-7313448-2014-07-27
25,4,Steam Vents,,Lands,3,1,Splinter Twin,Buddhist,289 tix,"$ 1,080",241494,2014-07-27,Modern Daily #7313448,modern,modern-daily-7313448,modern-daily-7313448-2014-07-27
26,1,Stomping Ground,,Lands,3,1,Splinter Twin,Buddhist,289 tix,"$ 1,080",241494,2014-07-27,Modern Daily #7313448,modern,modern-daily-7313448,modern-daily-7313448-2014-07-27
27,3,Sulfur Falls,,Lands,3,1,Splinter Twin,Buddhist,289 tix,"$ 1,080",241494,2014-07-27,Modern Daily #7313448,modern,modern-daily-7313448,modern-daily-7313448-2014-07-27
28,2,Tectonic Edge,,Lands,3,1,Splinter Twin,Buddhist,289 tix,"$ 1,080",241494,2014-07-27,Modern Daily #7313448,modern,modern-daily-7313448,modern-daily-7313448-2014-07-27
30,1,Dispel,,Sideboard,3,1,Splinter Twin,Buddhist,289 tix,"$ 1,080",241494,2014-07-27,Modern Daily #7313448,modern,modern-daily-7313448,modern-daily-7313448-2014-07-27
31,2,Relic of Progenitus,,Sideboard,3,1,Splinter Twin,Buddhist,289 tix,"$ 1,080",241494,2014-07-27,Modern Daily #7313448,modern,modern-daily-7313448,modern-daily-7313448-2014-07-27
32,2,Ancient Grudge,,Sideboard,3,1,Splinter Twin,Buddhist,289 tix,"$ 1,080",241494,2014-07-27,Modern Daily #7313448,modern,modern-daily-7313448,modern-daily-7313448-2014-07-27
33,1,Echoing Truth,,Sideboard,3,1,Splinter Twin,Buddhist,289 tix,"$ 1,080",241494,2014-07-27,Modern Daily #7313448,modern,modern-daily-7313448,modern-daily-7313448-2014-07-27
34,1,Spellskite,,Sideboard,3,1,Splinter Twin,Buddhist,289 tix,"$ 1,080",241494,2014-07-27,Modern Daily #7313448,modern,modern-daily-7313448,modern-daily-7313448-2014-07-27
35,2,Anger of the Gods,,Sideboard,3,1,Splinter Twin,Buddhist,289 tix,"$ 1,080",241494,2014-07-27,Modern Daily #7313448,modern,modern-daily-7313448,modern-daily-7313448-2014-07-27
36,2,Blood Moon,,Sideboard,3,1,Splinter Twin,Buddhist,289 tix,"$ 1,080",241494,2014-07-27,Modern Daily #7313448,modern,modern-daily-7313448,modern-daily-7313448-2014-07-27
37,1,Counterflux,,Sideboard,3,1,Splinter Twin,Buddhist,289 tix,"$ 1,080",241494,2014-07-27,Modern Daily #7313448,modern,modern-daily-7313448,modern-daily-7313448-2014-07-27
38,1,Vedalken Shackles,,Sideboard,3,1,Splinter Twin,Buddhist,289 tix,"$ 1,080",241494,2014-07-27,Modern Daily #7313448,modern,modern-daily-7313448,modern-daily-7313448-2014-07-27
39,2,Batterskull,,Sideboard,3,1,Splinter Twin,Buddhist,289 tix,"$ 1,080",241494,2014-07-27,Modern Daily #7313448,modern,modern-daily-7313448,modern-daily-7313448-2014-07-27
1,4,Goblin Electromancer,,Creatures,3,1,UR Storm,aunshi189,58 tix,$ 247,241496,2014-07-27,Modern Daily #7313448,modern,modern-daily-7313448,modern-daily-7313448-2014-07-27
3,4,Gitaxian Probe,,Spells,3,1,UR Storm,aunshi189,58 tix,$ 247,241496,2014-07-27,Modern Daily #7313448,modern,modern-daily-7313448,modern-daily-7313448-2014-07-27
4,4,Serum Visions,,Spells,3,1,UR Storm,aunshi189,58 tix,$ 247,241496,2014-07-27,Modern Daily #7313448,modern,modern-daily-7313448,modern-daily-7313448-2014-07-27
5,4,Sleight of Hand,,Spells,3,1,UR Storm,aunshi189,58 tix,$ 247,241496,2014-07-27,Modern Daily #7313448,modern,modern-daily-7313448,modern-daily-7313448-2014-07-27
6,4,Thought Scour,,Spells,3,1,UR Storm,aunshi189,58 tix,$ 247,241496,2014-07-27,Modern Daily #7313448,modern,modern-daily-7313448,modern-daily-7313448-2014-07-27
7,3,Desperate Ravings,,Spells,3,1,UR Storm,aunshi189,58 tix,$ 247,241496,2014-07-27,Modern Daily #7313448,modern,modern-daily-7313448,modern-daily-7313448-2014-07-27
8,4,Desperate Ritual,,Spells,3,1,UR Storm,aunshi189,58 tix,$ 247,241496,2014-07-27,Modern Daily #7313448,modern,modern-daily-7313448,modern-daily-7313448-2014-07-27
9,2,Grapeshot,,Spells,3,1,UR Storm,aunshi189,58 tix,$ 247,241496,2014-07-27,Modern Daily #7313448,modern,modern-daily-7313448,modern-daily-7313448-2014-07-27
10,4,Manamorphose,,Spells,3,1,UR Storm,aunshi189,58 tix,$ 247,241496,2014-07-27,Modern Daily #7313448,modern,modern-daily-7313448,modern-daily-7313448-2014-07-27
11,4,Pyretic Ritual,,Spells,3,1,UR Storm,aunshi189,58 tix,$ 247,241496,2014-07-27,Modern Daily #7313448,modern,modern-daily-7313448,modern-daily-7313448-2014-07-27
12,3,Past in Flames,,Spells,3,1,UR Storm,aunshi189,58 tix,$ 247,241496,2014-07-27,Modern Daily #7313448,modern,modern-daily-7313448,modern-daily-7313448-2014-07-27
14,4,Pyromancer Ascension,,Enchantments,3,1,UR Storm,aunshi189,58 tix,$ 247,241496,2014-07-27,Modern Daily #7313448,modern,modern-daily-7313448,modern-daily-7313448-2014-07-27
16,8,Island,,Lands,3,1,UR Storm,aunshi189,58 tix,$ 247,241496,2014-07-27,Modern Daily #7313448,modern,modern-daily-7313448,modern-daily-7313448-2014-07-27
17,1,Mountain,,Lands,3,1,UR Storm,aunshi189,58 tix,$ 247,241496,2014-07-27,Modern Daily #7313448,modern,modern-daily-7313448,modern-daily-7313448-2014-07-27
18,3,Shivan Reef,,Lands,3,1,UR Storm,aunshi189,58 tix,$ 247,241496,2014-07-27,Modern Daily #7313448,modern,modern-daily-7313448,modern-daily-7313448-2014-07-27
19,4,Steam Vents,,Lands,3,1,UR Storm,aunshi189,58 tix,$ 247,241496,2014-07-27,Modern Daily #7313448,modern,modern-daily-7313448,modern-daily-7313448-2014-07-27
21,2,Dispel,,Sideboard,3,1,UR Storm,aunshi189,58 tix,$ 247,241496,2014-07-27,Modern Daily #7313448,modern,modern-daily-7313448,modern-daily-7313448-2014-07-27
22,3,Lightning Bolt,,Sideboard,3,1,UR Storm,aunshi189,58 tix,$ 247,241496,2014-07-27,Modern Daily #7313448,modern,modern-daily-7313448,modern-daily-7313448-2014-07-27
23,3,Shattering Spree,,Sideboard,3,1,UR Storm,aunshi189,58 tix,$ 247,241496,2014-07-27,Modern Daily #7313448,modern,modern-daily-7313448,modern-daily-7313448-2014-07-27
24,1,Combust,,Sideboard,3,1,UR Storm,aunshi189,58 tix,$ 247,241496,2014-07-27,Modern Daily #7313448,modern,modern-daily-7313448,modern-daily-7313448-2014-07-27
25,1,Echoing Truth,,Sideboard,3,1,UR Storm,aunshi189,58 tix,$ 247,241496,2014-07-27,Modern Daily #7313448,modern,modern-daily-7313448,modern-daily-7313448-2014-07-27
26,2,Anger of the Gods,,Sideboard,3,1,UR Storm,aunshi189,58 tix,$ 247,241496,2014-07-27,Modern Daily #7313448,modern,modern-daily-7313448,modern-daily-7313448-2014-07-27
27,3,Empty the Warrens,,Sideboard,3,1,UR Storm,aunshi189,58 tix,$ 247,241496,2014-07-27,Modern Daily #7313448,modern,modern-daily-7313448,modern-daily-7313448-2014-07-27
1,4,Snapcaster Mage,,Creatures,3,1,UWR Control,shifukato,296 tix,"$ 1,284",241485,2014-07-27,Modern Daily #7313448,modern,modern-daily-7313448,modern-daily-7313448-2014-07-27
2,1,"Keranos, God of Storms",,Creatures,3,1,UWR Control,shifukato,296 tix,"$ 1,284",241485,2014-07-27,Modern Daily #7313448,modern,modern-daily-7313448,modern-daily-7313448-2014-07-27
4,1,Ajani Vengeant,,Planeswalkers,3,1,UWR Control,shifukato,296 tix,"$ 1,284",241485,2014-07-27,Modern Daily #7313448,modern,modern-daily-7313448,modern-daily-7313448-2014-07-27
6,4,Lightning Bolt,,Spells,3,1,UWR Control,shifukato,296 tix,"$ 1,284",241485,2014-07-27,Modern Daily #7313448,modern,modern-daily-7313448,modern-daily-7313448-2014-07-27
7,4,Path to Exile,,Spells,3,1,UWR Control,shifukato,296 tix,"$ 1,284",241485,2014-07-27,Modern Daily #7313448,modern,modern-daily-7313448,modern-daily-7313448-2014-07-27
8,2,Spell Snare,,Spells,3,1,UWR Control,shifukato,296 tix,"$ 1,284",241485,2014-07-27,Modern Daily #7313448,modern,modern-daily-7313448,modern-daily-7313448-2014-07-27
9,2,Lightning Helix,,Spells,3,1,UWR Control,shifukato,296 tix,"$ 1,284",241485,2014-07-27,Modern Daily #7313448,modern,modern-daily-7313448,modern-daily-7313448-2014-07-27
10,3,Mana Leak,,Spells,3,1,UWR Control,shifukato,296 tix,"$ 1,284",241485,2014-07-27,Modern Daily #7313448,modern,modern-daily-7313448,modern-daily-7313448-2014-07-27
11,2,Remand,,Spells,3,1,UWR Control,shifukato,296 tix,"$ 1,284",241485,2014-07-27,Modern Daily #7313448,modern,modern-daily-7313448,modern-daily-7313448-2014-07-27
12,1,Shadow of Doubt,,Spells,3,1,UWR Control,shifukato,296 tix,"$ 1,284",241485,2014-07-27,Modern Daily #7313448,modern,modern-daily-7313448,modern-daily-7313448-2014-07-27
13,4,Electrolyze,,Spells,3,1,UWR Control,shifukato,296 tix,"$ 1,284",241485,2014-07-27,Modern Daily #7313448,modern,modern-daily-7313448,modern-daily-7313448-2014-07-27
14,1,Sphinx's Revelation,,Spells,3,1,UWR Control,shifukato,296 tix,"$ 1,284",241485,2014-07-27,Modern Daily #7313448,modern,modern-daily-7313448,modern-daily-7313448-2014-07-27
15,3,Cryptic Command,,Spells,3,1,UWR Control,shifukato,296 tix,"$ 1,284",241485,2014-07-27,Modern Daily #7313448,modern,modern-daily-7313448,modern-daily-7313448-2014-07-27
16,2,Wrath of God,,Spells,3,1,UWR Control,shifukato,296 tix,"$ 1,284",241485,2014-07-27,Modern Daily #7313448,modern,modern-daily-7313448,modern-daily-7313448-2014-07-27
18,3,Arid Mesa,,Lands,3,1,UWR Control,shifukato,296 tix,"$ 1,284",241485,2014-07-27,Modern Daily #7313448,modern,modern-daily-7313448,modern-daily-7313448-2014-07-27
19,4,Celestial Colonnade,,Lands,3,1,UWR Control,shifukato,296 tix,"$ 1,284",241485,2014-07-27,Modern Daily #7313448,modern,modern-daily-7313448,modern-daily-7313448-2014-07-27
20,1,Glacial Fortress,,Lands,3,1,UWR Control,shifukato,296 tix,"$ 1,284",241485,2014-07-27,Modern Daily #7313448,modern,modern-daily-7313448,modern-daily-7313448-2014-07-27
21,2,Hallowed Fountain,,Lands,3,1,UWR Control,shifukato,296 tix,"$ 1,284",241485,2014-07-27,Modern Daily #7313448,modern,modern-daily-7313448,modern-daily-7313448-2014-07-27
22,3,Island,,Lands,3,1,UWR Control,shifukato,296 tix,"$ 1,284",241485,2014-07-27,Modern Daily #7313448,modern,modern-daily-7313448,modern-daily-7313448-2014-07-27
23,1,Mountain,,Lands,3,1,UWR Control,shifukato,296 tix,"$ 1,284",241485,2014-07-27,Modern Daily #7313448,modern,modern-daily-7313448,modern-daily-7313448-2014-07-27
24,1,Plains,,Lands,3,1,UWR Control,shifukato,296 tix,"$ 1,284",241485,2014-07-27,Modern Daily #7313448,modern,modern-daily-7313448,modern-daily-7313448-2014-07-27
25,1,Sacred Foundry,,Lands,3,1,UWR Control,shifukato,296 tix,"$ 1,284",241485,2014-07-27,Modern Daily #7313448,modern,modern-daily-7313448,modern-daily-7313448-2014-07-27
26,3,Scalding Tarn,,Lands,3,1,UWR Control,shifukato,296 tix,"$ 1,284",241485,2014-07-27,Modern Daily #7313448,modern,modern-daily-7313448,modern-daily-7313448-2014-07-27
27,2,Steam Vents,,Lands,3,1,UWR Control,shifukato,296 tix,"$ 1,284",241485,2014-07-27,Modern Daily #7313448,modern,modern-daily-7313448,modern-daily-7313448-2014-07-27
28,2,Sulfur Falls,,Lands,3,1,UWR Control,shifukato,296 tix,"$ 1,284",241485,2014-07-27,Modern Daily #7313448,modern,modern-daily-7313448,modern-daily-7313448-2014-07-27
29,3,Tectonic Edge,,Lands,3,1,UWR Control,shifukato,296 tix,"$ 1,284",241485,2014-07-27,Modern Daily #7313448,modern,modern-daily-7313448,modern-daily-7313448-2014-07-27
31,2,Wear & Tear,,Sideboard,3,1,UWR Control,shifukato,296 tix,"$ 1,284",241485,2014-07-27,Modern Daily #7313448,modern,modern-daily-7313448,modern-daily-7313448-2014-07-27
32,2,Porphyry Nodes,,Sideboard,3,1,UWR Control,shifukato,296 tix,"$ 1,284",241485,2014-07-27,Modern Daily #7313448,modern,modern-daily-7313448,modern-daily-7313448-2014-07-27
33,2,Relic of Progenitus,,Sideboard,3,1,UWR Control,shifukato,296 tix,"$ 1,284",241485,2014-07-27,Modern Daily #7313448,modern,modern-daily-7313448,modern-daily-7313448-2014-07-27
34,1,Celestial Purge,,Sideboard,3,1,UWR Control,shifukato,296 tix,"$ 1,284",241485,2014-07-27,Modern Daily #7313448,modern,modern-daily-7313448,modern-daily-7313448-2014-07-27
35,2,Spellskite,,Sideboard,3,1,UWR Control,shifukato,296 tix,"$ 1,284",241485,2014-07-27,Modern Daily #7313448,modern,modern-daily-7313448,modern-daily-7313448-2014-07-27
36,2,Stony Silence,,Sideboard,3,1,UWR Control,shifukato,296 tix,"$ 1,284",241485,2014-07-27,Modern Daily #7313448,modern,modern-daily-7313448,modern-daily-7313448-2014-07-27
37,2,Counterflux,,Sideboard,3,1,UWR Control,shifukato,296 tix,"$ 1,284",241485,2014-07-27,Modern Daily #7313448,modern,modern-daily-7313448,modern-daily-7313448-2014-07-27
38,1,Crucible of Worlds,,Sideboard,3,1,UWR Control,shifukato,296 tix,"$ 1,284",241485,2014-07-27,Modern Daily #7313448,modern,modern-daily-7313448,modern-daily-7313448-2014-07-27
39,1,Batterskull,,Sideboard,3,1,UWR Control,shifukato,296 tix,"$ 1,284",241485,2014-07-27,Modern Daily #7313448,modern,modern-daily-7313448,modern-daily-7313448-2014-07-27
1,4,Snapcaster Mage,,Creatures,3,1,UWR Control,Lyvz,375 tix,"$ 1,388",241491,2014-07-27,Modern Daily #7313448,modern,modern-daily-7313448,modern-daily-7313448-2014-07-27
2,4,Geist of Saint Traft,,Creatures,3,1,UWR Control,Lyvz,375 tix,"$ 1,388",241491,2014-07-27,Modern Daily #7313448,modern,modern-daily-7313448,modern-daily-7313448-2014-07-27
3,2,Vendilion Clique,,Creatures,3,1,UWR Control,Lyvz,375 tix,"$ 1,388",241491,2014-07-27,Modern Daily #7313448,modern,modern-daily-7313448,modern-daily-7313448-2014-07-27
4,2,Restoration Angel,,Creatures,3,1,UWR Control,Lyvz,375 tix,"$ 1,388",241491,2014-07-27,Modern Daily #7313448,modern,modern-daily-7313448,modern-daily-7313448-2014-07-27
6,2,"Elspeth, Knight-Errant",,Planeswalkers,3,1,UWR Control,Lyvz,375 tix,"$ 1,388",241491,2014-07-27,Modern Daily #7313448,modern,modern-daily-7313448,modern-daily-7313448-2014-07-27
8,4,Lightning Bolt,,Spells,3,1,UWR Control,Lyvz,375 tix,"$ 1,388",241491,2014-07-27,Modern Daily #7313448,modern,modern-daily-7313448,modern-daily-7313448-2014-07-27
9,4,Path to Exile,,Spells,3,1,UWR Control,Lyvz,375 tix,"$ 1,388",241491,2014-07-27,Modern Daily #7313448,modern,modern-daily-7313448,modern-daily-7313448-2014-07-27
10,3,Lightning Helix,,Spells,3,1,UWR Control,Lyvz,375 tix,"$ 1,388",241491,2014-07-27,Modern Daily #7313448,modern,modern-daily-7313448,modern-daily-7313448-2014-07-27
11,2,Mana Leak,,Spells,3,1,UWR Control,Lyvz,375 tix,"$ 1,388",241491,2014-07-27,Modern Daily #7313448,modern,modern-daily-7313448,modern-daily-7313448-2014-07-27
12,4,Remand,,Spells,3,1,UWR Control,Lyvz,375 tix,"$ 1,388",241491,2014-07-27,Modern Daily #7313448,modern,modern-daily-7313448,modern-daily-7313448-2014-07-27
13,2,Electrolyze,,Spells,3,1,UWR Control,Lyvz,375 tix,"$ 1,388",241491,2014-07-27,Modern Daily #7313448,modern,modern-daily-7313448,modern-daily-7313448-2014-07-27
14,1,Cryptic Command,,Spells,3,1,UWR Control,Lyvz,375 tix,"$ 1,388",241491,2014-07-27,Modern Daily #7313448,modern,modern-daily-7313448,modern-daily-7313448-2014-07-27
16,1,Batterskull,,Artifacts,3,1,UWR Control,Lyvz,375 tix,"$ 1,388",241491,2014-07-27,Modern Daily #7313448,modern,modern-daily-7313448,modern-daily-7313448-2014-07-27
18,4,Arid Mesa,,Lands,3,1,UWR Control,Lyvz,375 tix,"$ 1,388",241491,2014-07-27,Modern Daily #7313448,modern,modern-daily-7313448,modern-daily-7313448-2014-07-27
19,4,Celestial Colonnade,,Lands,3,1,UWR Control,Lyvz,375 tix,"$ 1,388",241491,2014-07-27,Modern Daily #7313448,modern,modern-daily-7313448,modern-daily-7313448-2014-07-27
20,1,Eiganjo Castle,,Lands,3,1,UWR Control,Lyvz,375 tix,"$ 1,388",241491,2014-07-27,Modern Daily #7313448,modern,modern-daily-7313448,modern-daily-7313448-2014-07-27
21,2,Ghost Quarter,,Lands,3,1,UWR Control,Lyvz,375 tix,"$ 1,388",241491,2014-07-27,Modern Daily #7313448,modern,modern-daily-7313448,modern-daily-7313448-2014-07-27
22,1,Hallowed Fountain,,Lands,3,1,UWR Control,Lyvz,375 tix,"$ 1,388",241491,2014-07-27,Modern Daily #7313448,modern,modern-daily-7313448,modern-daily-7313448-2014-07-27
23,2,Island,,Lands,3,1,UWR Control,Lyvz,375 tix,"$ 1,388",241491,2014-07-27,Modern Daily #7313448,modern,modern-daily-7313448,modern-daily-7313448-2014-07-27
24,1,Moorland Haunt,,Lands,3,1,UWR Control,Lyvz,375 tix,"$ 1,388",241491,2014-07-27,Modern Daily #7313448,modern,modern-daily-7313448,modern-daily-7313448-2014-07-27
25,1,Mountain,,Lands,3,1,UWR Control,Lyvz,375 tix,"$ 1,388",241491,2014-07-27,Modern Daily #7313448,modern,modern-daily-7313448,modern-daily-7313448-2014-07-27
26,1,Plains,,Lands,3,1,UWR Control,Lyvz,375 tix,"$ 1,388",241491,2014-07-27,Modern Daily #7313448,modern,modern-daily-7313448,modern-daily-7313448-2014-07-27
27,1,Sacred Foundry,,Lands,3,1,UWR Control,Lyvz,375 tix,"$ 1,388",241491,2014-07-27,Modern Daily #7313448,modern,modern-daily-7313448,modern-daily-7313448-2014-07-27
28,4,Scalding Tarn,,Lands,3,1,UWR Control,Lyvz,375 tix,"$ 1,388",241491,2014-07-27,Modern Daily #7313448,modern,modern-daily-7313448,modern-daily-7313448-2014-07-27
29,2,Steam Vents,,Lands,3,1,UWR Control,Lyvz,375 tix,"$ 1,388",241491,2014-07-27,Modern Daily #7313448,modern,modern-daily-7313448,modern-daily-7313448-2014-07-27
30,1,Sulfur Falls,,Lands,3,1,UWR Control,Lyvz,375 tix,"$ 1,388",241491,2014-07-27,Modern Daily #7313448,modern,modern-daily-7313448,modern-daily-7313448-2014-07-27
32,1,Engineered Explosives,,Sideboard,3,1,UWR Control,Lyvz,375 tix,"$ 1,388",241491,2014-07-27,Modern Daily #7313448,modern,modern-daily-7313448,modern-daily-7313448-2014-07-27
33,1,Wear & Tear,,Sideboard,3,1,UWR Control,Lyvz,375 tix,"$ 1,388",241491,2014-07-27,Modern Daily #7313448,modern,modern-daily-7313448,modern-daily-7313448-2014-07-27
34,2,Pillar of Flame,,Sideboard,3,1,UWR Control,Lyvz,375 tix,"$ 1,388",241491,2014-07-27,Modern Daily #7313448,modern,modern-daily-7313448,modern-daily-7313448-2014-07-27
35,1,Celestial Purge,,Sideboard,3,1,UWR Control,Lyvz,375 tix,"$ 1,388",241491,2014-07-27,Modern Daily #7313448,modern,modern-daily-7313448,modern-daily-7313448-2014-07-27
36,1,Combust,,Sideboard,3,1,UWR Control,Lyvz,375 tix,"$ 1,388",241491,2014-07-27,Modern Daily #7313448,modern,modern-daily-7313448,modern-daily-7313448-2014-07-27
37,1,Anger of the Gods,,Sideboard,3,1,UWR Control,Lyvz,375 tix,"$ 1,388",241491,2014-07-27,Modern Daily #7313448,modern,modern-daily-7313448,modern-daily-7313448-2014-07-27
38,3,Aven Mindcensor,,Sideboard,3,1,UWR Control,Lyvz,375 tix,"$ 1,388",241491,2014-07-27,Modern Daily #7313448,modern,modern-daily-7313448,modern-daily-7313448-2014-07-27
39,1,Counterflux,,Sideboard,3,1,UWR Control,Lyvz,375 tix,"$ 1,388",241491,2014-07-27,Modern Daily #7313448,modern,modern-daily-7313448,modern-daily-7313448-2014-07-27
40,4,Molten Rain,,Sideboard,3,1,UWR Control,Lyvz,375 tix,"$ 1,388",241491,2014-07-27,Modern Daily #7313448,modern,modern-daily-7313448,modern-daily-7313448-2014-07-27
1,4,Dark Confidant,,Creatures,4,0,Junk,_Tilt_,579 tix,"$ 1,880",241430,2014-07-26,Modern Daily #7313404,modern,modern-daily-7313404,modern-daily-7313404-2014-07-26
2,4,Scavenging Ooze,,Creatures,4,0,Junk,_Tilt_,579 tix,"$ 1,880",241430,2014-07-26,Modern Daily #7313404,modern,modern-daily-7313404,modern-daily-7313404-2014-07-26
3,4,Tarmogoyf,,Creatures,4,0,Junk,_Tilt_,579 tix,"$ 1,880",241430,2014-07-26,Modern Daily #7313404,modern,modern-daily-7313404,modern-daily-7313404-2014-07-26
5,4,Liliana of the Veil,,Planeswalkers,4,0,Junk,_Tilt_,579 tix,"$ 1,880",241430,2014-07-26,Modern Daily #7313404,modern,modern-daily-7313404,modern-daily-7313404-2014-07-26
7,1,Slaughter Pact,,Spells,4,0,Junk,_Tilt_,579 tix,"$ 1,880",241430,2014-07-26,Modern Daily #7313404,modern,modern-daily-7313404,modern-daily-7313404-2014-07-26
8,4,Inquisition of Kozilek,,Spells,4,0,Junk,_Tilt_,579 tix,"$ 1,880",241430,2014-07-26,Modern Daily #7313404,modern,modern-daily-7313404,modern-daily-7313404-2014-07-26
9,3,Thoughtseize,,Spells,4,0,Junk,_Tilt_,579 tix,"$ 1,880",241430,2014-07-26,Modern Daily #7313404,modern,modern-daily-7313404,modern-daily-7313404-2014-07-26
10,4,Abrupt Decay,,Spells,4,0,Junk,_Tilt_,579 tix,"$ 1,880",241430,2014-07-26,Modern Daily #7313404,modern,modern-daily-7313404,modern-daily-7313404-2014-07-26
11,2,Dismember,,Spells,4,0,Junk,_Tilt_,579 tix,"$ 1,880",241430,2014-07-26,Modern Daily #7313404,modern,modern-daily-7313404,modern-daily-7313404-2014-07-26
12,4,Lingering Souls,,Spells,4,0,Junk,_Tilt_,579 tix,"$ 1,880",241430,2014-07-26,Modern Daily #7313404,modern,modern-daily-7313404,modern-daily-7313404-2014-07-26
13,2,Maelstrom Pulse,,Spells,4,0,Junk,_Tilt_,579 tix,"$ 1,880",241430,2014-07-26,Modern Daily #7313404,modern,modern-daily-7313404,modern-daily-7313404-2014-07-26
15,1,Forest,,Lands,4,0,Junk,_Tilt_,579 tix,"$ 1,880",241430,2014-07-26,Modern Daily #7313404,modern,modern-daily-7313404,modern-daily-7313404-2014-07-26
16,1,Godless Shrine,,Lands,4,0,Junk,_Tilt_,579 tix,"$ 1,880",241430,2014-07-26,Modern Daily #7313404,modern,modern-daily-7313404,modern-daily-7313404-2014-07-26
17,2,Marsh Flats,,Lands,4,0,Junk,_Tilt_,579 tix,"$ 1,880",241430,2014-07-26,Modern Daily #7313404,modern,modern-daily-7313404,modern-daily-7313404-2014-07-26
18,1,Misty Rainforest,,Lands,4,0,Junk,_Tilt_,579 tix,"$ 1,880",241430,2014-07-26,Modern Daily #7313404,modern,modern-daily-7313404,modern-daily-7313404-2014-07-26
19,2,Overgrown Tomb,,Lands,4,0,Junk,_Tilt_,579 tix,"$ 1,880",241430,2014-07-26,Modern Daily #7313404,modern,modern-daily-7313404,modern-daily-7313404-2014-07-26
20,3,Stirring Wildwood,,Lands,4,0,Junk,_Tilt_,579 tix,"$ 1,880",241430,2014-07-26,Modern Daily #7313404,modern,modern-daily-7313404,modern-daily-7313404-2014-07-26
21,2,Swamp,,Lands,4,0,Junk,_Tilt_,579 tix,"$ 1,880",241430,2014-07-26,Modern Daily #7313404,modern,modern-daily-7313404,modern-daily-7313404-2014-07-26
22,1,Temple Garden,,Lands,4,0,Junk,_Tilt_,579 tix,"$ 1,880",241430,2014-07-26,Modern Daily #7313404,modern,modern-daily-7313404,modern-daily-7313404-2014-07-26
23,4,Treetop Village,,Lands,4,0,Junk,_Tilt_,579 tix,"$ 1,880",241430,2014-07-26,Modern Daily #7313404,modern,modern-daily-7313404,modern-daily-7313404-2014-07-26
24,2,Twilight Mire,,Lands,4,0,Junk,_Tilt_,579 tix,"$ 1,880",241430,2014-07-26,Modern Daily #7313404,modern,modern-daily-7313404,modern-daily-7313404-2014-07-26
25,1,"Urborg, Tomb of Yawgmoth",,Lands,4,0,Junk,_Tilt_,579 tix,"$ 1,880",241430,2014-07-26,Modern Daily #7313404,modern,modern-daily-7313404,modern-daily-7313404-2014-07-26
26,4,Verdant Catacombs,,Lands,4,0,Junk,_Tilt_,579 tix,"$ 1,880",241430,2014-07-26,Modern Daily #7313404,modern,modern-daily-7313404,modern-daily-7313404-2014-07-26
28,2,Golgari Charm,,Sideboard,4,0,Junk,_Tilt_,579 tix,"$ 1,880",241430,2014-07-26,Modern Daily #7313404,modern,modern-daily-7313404,modern-daily-7313404-2014-07-26
29,2,Seal of Primordium,,Sideboard,4,0,Junk,_Tilt_,579 tix,"$ 1,880",241430,2014-07-26,Modern Daily #7313404,modern,modern-daily-7313404,modern-daily-7313404-2014-07-26
30,1,Stony Silence,,Sideboard,4,0,Junk,_Tilt_,579 tix,"$ 1,880",241430,2014-07-26,Modern Daily #7313404,modern,modern-daily-7313404,modern-daily-7313404-2014-07-26
31,1,Drown in Sorrow,,Sideboard,4,0,Junk,_Tilt_,579 tix,"$ 1,880",241430,2014-07-26,Modern Daily #7313404,modern,modern-daily-7313404,modern-daily-7313404-2014-07-26
32,4,Fulminator Mage,,Sideboard,4,0,Junk,_Tilt_,579 tix,"$ 1,880",241430,2014-07-26,Modern Daily #7313404,modern,modern-daily-7313404,modern-daily-7313404-2014-07-26
33,3,Lifebane Zombie,,Sideboard,4,0,Junk,_Tilt_,579 tix,"$ 1,880",241430,2014-07-26,Modern Daily #7313404,modern,modern-daily-7313404,modern-daily-7313404-2014-07-26
34,2,Creeping Corrosion,,Sideboard,4,0,Junk,_Tilt_,579 tix,"$ 1,880",241430,2014-07-26,Modern Daily #7313404,modern,modern-daily-7313404,modern-daily-7313404-2014-07-26
1,4,Birds of Paradise,,Creatures,4,0,Kiki Pod,dk640,309 tix,$ 792,241427,2014-07-26,Modern Daily #7313404,modern,modern-daily-7313404,modern-daily-7313404-2014-07-26
2,4,Noble Hierarch,,Creatures,4,0,Kiki Pod,dk640,309 tix,$ 792,241427,2014-07-26,Modern Daily #7313404,modern,modern-daily-7313404,modern-daily-7313404-2014-07-26
3,1,Phantasmal Image,,Creatures,4,0,Kiki Pod,dk640,309 tix,$ 792,241427,2014-07-26,Modern Daily #7313404,modern,modern-daily-7313404,modern-daily-7313404-2014-07-26
4,1,Qasali Pridemage,,Creatures,4,0,Kiki Pod,dk640,309 tix,$ 792,241427,2014-07-26,Modern Daily #7313404,modern,modern-daily-7313404,modern-daily-7313404-2014-07-26
5,1,Scavenging Ooze,,Creatures,4,0,Kiki Pod,dk640,309 tix,$ 792,241427,2014-07-26,Modern Daily #7313404,modern,modern-daily-7313404,modern-daily-7313404-2014-07-26
6,1,Spellskite,,Creatures,4,0,Kiki Pod,dk640,309 tix,$ 792,241427,2014-07-26,Modern Daily #7313404,modern,modern-daily-7313404,modern-daily-7313404-2014-07-26
7,2,Voice of Resurgence,,Creatures,4,0,Kiki Pod,dk640,309 tix,$ 792,241427,2014-07-26,Modern Daily #7313404,modern,modern-daily-7313404,modern-daily-7313404-2014-07-26
8,1,Wall of Roots,,Creatures,4,0,Kiki Pod,dk640,309 tix,$ 792,241427,2014-07-26,Modern Daily #7313404,modern,modern-daily-7313404,modern-daily-7313404-2014-07-26
9,1,Deceiver Exarch,,Creatures,4,0,Kiki Pod,dk640,309 tix,$ 792,241427,2014-07-26,Modern Daily #7313404,modern,modern-daily-7313404,modern-daily-7313404-2014-07-26
10,1,Eternal Witness,,Creatures,4,0,Kiki Pod,dk640,309 tix,$ 792,241427,2014-07-26,Modern Daily #7313404,modern,modern-daily-7313404,modern-daily-7313404-2014-07-26
11,3,Kitchen Finks,,Creatures,4,0,Kiki Pod,dk640,309 tix,$ 792,241427,2014-07-26,Modern Daily #7313404,modern,modern-daily-7313404,modern-daily-7313404-2014-07-26
12,1,Glen Elendra Archmage,,Creatures,4,0,Kiki Pod,dk640,309 tix,$ 792,241427,2014-07-26,Modern Daily #7313404,modern,modern-daily-7313404,modern-daily-7313404-2014-07-26
13,1,"Linvala, Keeper of Silence",,Creatures,4,0,Kiki Pod,dk640,309 tix,$ 792,241427,2014-07-26,Modern Daily #7313404,modern,modern-daily-7313404,modern-daily-7313404-2014-07-26
14,1,Murderous Redcap,,Creatures,4,0,Kiki Pod,dk640,309 tix,$ 792,241427,2014-07-26,Modern Daily #7313404,modern,modern-daily-7313404,modern-daily-7313404-2014-07-26
15,3,Restoration Angel,,Creatures,4,0,Kiki Pod,dk640,309 tix,$ 792,241427,2014-07-26,Modern Daily #7313404,modern,modern-daily-7313404,modern-daily-7313404-2014-07-26
16,2,"Kiki-Jiki, Mirror Breaker",,Creatures,4,0,Kiki Pod,dk640,309 tix,$ 792,241427,2014-07-26,Modern Daily #7313404,modern,modern-daily-7313404,modern-daily-7313404-2014-07-26
17,1,Zealous Conscripts,,Creatures,4,0,Kiki Pod,dk640,309 tix,$ 792,241427,2014-07-26,Modern Daily #7313404,modern,modern-daily-7313404,modern-daily-7313404-2014-07-26
19,2,Path to Exile,,Spells,4,0,Kiki Pod,dk640,309 tix,$ 792,241427,2014-07-26,Modern Daily #7313404,modern,modern-daily-7313404,modern-daily-7313404-2014-07-26
20,2,Chord of Calling,,Spells,4,0,Kiki Pod,dk640,309 tix,$ 792,241427,2014-07-26,Modern Daily #7313404,modern,modern-daily-7313404,modern-daily-7313404-2014-07-26
22,4,Birthing Pod,,Artifacts,4,0,Kiki Pod,dk640,309 tix,$ 792,241427,2014-07-26,Modern Daily #7313404,modern,modern-daily-7313404,modern-daily-7313404-2014-07-26
24,4,Arid Mesa,,Lands,4,0,Kiki Pod,dk640,309 tix,$ 792,241427,2014-07-26,Modern Daily #7313404,modern,modern-daily-7313404,modern-daily-7313404-2014-07-26
25,1,Breeding Pool,,Lands,4,0,Kiki Pod,dk640,309 tix,$ 792,241427,2014-07-26,Modern Daily #7313404,modern,modern-daily-7313404,modern-daily-7313404-2014-07-26
26,1,Fire-Lit Thicket,,Lands,4,0,Kiki Pod,dk640,309 tix,$ 792,241427,2014-07-26,Modern Daily #7313404,modern,modern-daily-7313404,modern-daily-7313404-2014-07-26
27,2,Forest,,Lands,4,0,Kiki Pod,dk640,309 tix,$ 792,241427,2014-07-26,Modern Daily #7313404,modern,modern-daily-7313404,modern-daily-7313404-2014-07-26
28,2,Gavony Township,,Lands,4,0,Kiki Pod,dk640,309 tix,$ 792,241427,2014-07-26,Modern Daily #7313404,modern,modern-daily-7313404,modern-daily-7313404-2014-07-26
29,4,Grove of the Burnwillows,,Lands,4,0,Kiki Pod,dk640,309 tix,$ 792,241427,2014-07-26,Modern Daily #7313404,modern,modern-daily-7313404,modern-daily-7313404-2014-07-26
30,1,Hallowed Fountain,,Lands,4,0,Kiki Pod,dk640,309 tix,$ 792,241427,2014-07-26,Modern Daily #7313404,modern,modern-daily-7313404,modern-daily-7313404-2014-07-26
31,3,Misty Rainforest,,Lands,4,0,Kiki Pod,dk640,309 tix,$ 792,241427,2014-07-26,Modern Daily #7313404,modern,modern-daily-7313404,modern-daily-7313404-2014-07-26
32,1,Plains,,Lands,4,0,Kiki Pod,dk640,309 tix,$ 792,241427,2014-07-26,Modern Daily #7313404,modern,modern-daily-7313404,modern-daily-7313404-2014-07-26
33,1,Sacred Foundry,,Lands,4,0,Kiki Pod,dk640,309 tix,$ 792,241427,2014-07-26,Modern Daily #7313404,modern,modern-daily-7313404,modern-daily-7313404-2014-07-26
34,1,Steam Vents,,Lands,4,0,Kiki Pod,dk640,309 tix,$ 792,241427,2014-07-26,Modern Daily #7313404,modern,modern-daily-7313404,modern-daily-7313404-2014-07-26
35,1,Stomping Ground,,Lands,4,0,Kiki Pod,dk640,309 tix,$ 792,241427,2014-07-26,Modern Daily #7313404,modern,modern-daily-7313404,modern-daily-7313404-2014-07-26
36,1,Temple Garden,,Lands,4,0,Kiki Pod,dk640,309 tix,$ 792,241427,2014-07-26,Modern Daily #7313404,modern,modern-daily-7313404,modern-daily-7313404-2014-07-26
38,1,Combust,,Sideboard,4,0,Kiki Pod,dk640,309 tix,$ 792,241427,2014-07-26,Modern Daily #7313404,modern,modern-daily-7313404,modern-daily-7313404-2014-07-26
39,1,"Kataki, War's Wage",,Sideboard,4,0,Kiki Pod,dk640,309 tix,$ 792,241427,2014-07-26,Modern Daily #7313404,modern,modern-daily-7313404,modern-daily-7313404-2014-07-26
40,2,Negate,,Sideboard,4,0,Kiki Pod,dk640,309 tix,$ 792,241427,2014-07-26,Modern Daily #7313404,modern,modern-daily-7313404,modern-daily-7313404-2014-07-26
41,1,"Thalia, Guardian of Thraben",,Sideboard,4,0,Kiki Pod,dk640,309 tix,$ 792,241427,2014-07-26,Modern Daily #7313404,modern,modern-daily-7313404,modern-daily-7313404-2014-07-26
42,1,Aven Mindcensor,,Sideboard,4,0,Kiki Pod,dk640,309 tix,$ 792,241427,2014-07-26,Modern Daily #7313404,modern,modern-daily-7313404,modern-daily-7313404-2014-07-26
43,1,Eidolon of Rhetoric,,Sideboard,4,0,Kiki Pod,dk640,309 tix,$ 792,241427,2014-07-26,Modern Daily #7313404,modern,modern-daily-7313404,modern-daily-7313404-2014-07-26
44,1,Harmonic Sliver,,Sideboard,4,0,Kiki Pod,dk640,309 tix,$ 792,241427,2014-07-26,Modern Daily #7313404,modern,modern-daily-7313404,modern-daily-7313404-2014-07-26
45,1,Izzet Staticaster,,Sideboard,4,0,Kiki Pod,dk640,309 tix,$ 792,241427,2014-07-26,Modern Daily #7313404,modern,modern-daily-7313404,modern-daily-7313404-2014-07-26
46,1,Avalanche Riders,,Sideboard,4,0,Kiki Pod,dk640,309 tix,$ 792,241427,2014-07-26,Modern Daily #7313404,modern,modern-daily-7313404,modern-daily-7313404-2014-07-26
47,1,Loxodon Hierarch,,Sideboard,4,0,Kiki Pod,dk640,309 tix,$ 792,241427,2014-07-26,Modern Daily #7313404,modern,modern-daily-7313404,modern-daily-7313404-2014-07-26
48,1,Shatterstorm,,Sideboard,4,0,Kiki Pod,dk640,309 tix,$ 792,241427,2014-07-26,Modern Daily #7313404,modern,modern-daily-7313404,modern-daily-7313404-2014-07-26
49,1,Sowing Salt,,Sideboard,4,0,Kiki Pod,dk640,309 tix,$ 792,241427,2014-07-26,Modern Daily #7313404,modern,modern-daily-7313404,modern-daily-7313404-2014-07-26
50,1,"Thrun, the Last Troll",,Sideboard,4,0,Kiki Pod,dk640,309 tix,$ 792,241427,2014-07-26,Modern Daily #7313404,modern,modern-daily-7313404,modern-daily-7313404-2014-07-26
51,1,"Sigarda, Host of Herons",,Sideboard,4,0,Kiki Pod,dk640,309 tix,$ 792,241427,2014-07-26,Modern Daily #7313404,modern,modern-daily-7313404,modern-daily-7313404-2014-07-26
1,4,Goblin Guide,,Creatures,4,0,Mono R Burn,suitedspades,242 tix,$ 645,241428,2014-07-26,Modern Daily #7313404,modern,modern-daily-7313404,modern-daily-7313404-2014-07-26
2,3,Grim Lavamancer,,Creatures,4,0,Mono R Burn,suitedspades,242 tix,$ 645,241428,2014-07-26,Modern Daily #7313404,modern,modern-daily-7313404,modern-daily-7313404-2014-07-26
3,4,Eidolon of the Great Revel,,Creatures,4,0,Mono R Burn,suitedspades,242 tix,$ 645,241428,2014-07-26,Modern Daily #7313404,modern,modern-daily-7313404,modern-daily-7313404-2014-07-26
5,4,Lava Spike,,Spells,4,0,Mono R Burn,suitedspades,242 tix,$ 645,241428,2014-07-26,Modern Daily #7313404,modern,modern-daily-7313404,modern-daily-7313404-2014-07-26
6,4,Lightning Bolt,,Spells,4,0,Mono R Burn,suitedspades,242 tix,$ 645,241428,2014-07-26,Modern Daily #7313404,modern,modern-daily-7313404,modern-daily-7313404-2014-07-26
7,4,Shard Volley,,Spells,4,0,Mono R Burn,suitedspades,242 tix,$ 645,241428,2014-07-26,Modern Daily #7313404,modern,modern-daily-7313404,modern-daily-7313404-2014-07-26
8,4,Searing Blaze,,Spells,4,0,Mono R Burn,suitedspades,242 tix,$ 645,241428,2014-07-26,Modern Daily #7313404,modern,modern-daily-7313404,modern-daily-7313404-2014-07-26
9,1,Searing Blood,,Spells,4,0,Mono R Burn,suitedspades,242 tix,$ 645,241428,2014-07-26,Modern Daily #7313404,modern,modern-daily-7313404,modern-daily-7313404-2014-07-26
10,4,Skullcrack,,Spells,4,0,Mono R Burn,suitedspades,242 tix,$ 645,241428,2014-07-26,Modern Daily #7313404,modern,modern-daily-7313404,modern-daily-7313404-2014-07-26
11,4,Flames of the Blood Hand,,Spells,4,0,Mono R Burn,suitedspades,242 tix,$ 645,241428,2014-07-26,Modern Daily #7313404,modern,modern-daily-7313404,modern-daily-7313404-2014-07-26
12,4,Rift Bolt,,Spells,4,0,Mono R Burn,suitedspades,242 tix,$ 645,241428,2014-07-26,Modern Daily #7313404,modern,modern-daily-7313404,modern-daily-7313404-2014-07-26
14,1,Arid Mesa,,Lands,4,0,Mono R Burn,suitedspades,242 tix,$ 645,241428,2014-07-26,Modern Daily #7313404,modern,modern-daily-7313404,modern-daily-7313404-2014-07-26
15,15,Mountain,,Lands,4,0,Mono R Burn,suitedspades,242 tix,$ 645,241428,2014-07-26,Modern Daily #7313404,modern,modern-daily-7313404,modern-daily-7313404-2014-07-26
16,4,Scalding Tarn,,Lands,4,0,Mono R Burn,suitedspades,242 tix,$ 645,241428,2014-07-26,Modern Daily #7313404,modern,modern-daily-7313404,modern-daily-7313404-2014-07-26
18,2,Shattering Spree,,Sideboard,4,0,Mono R Burn,suitedspades,242 tix,$ 645,241428,2014-07-26,Modern Daily #7313404,modern,modern-daily-7313404,modern-daily-7313404-2014-07-26
19,3,Dragon's Claw,,Sideboard,4,0,Mono R Burn,suitedspades,242 tix,$ 645,241428,2014-07-26,Modern Daily #7313404,modern,modern-daily-7313404,modern-daily-7313404-2014-07-26
20,3,Searing Blood,,Sideboard,4,0,Mono R Burn,suitedspades,242 tix,$ 645,241428,2014-07-26,Modern Daily #7313404,modern,modern-daily-7313404,modern-daily-7313404-2014-07-26
21,1,Smash to Smithereens,,Sideboard,4,0,Mono R Burn,suitedspades,242 tix,$ 645,241428,2014-07-26,Modern Daily #7313404,modern,modern-daily-7313404,modern-daily-7313404-2014-07-26
22,3,Blood Moon,,Sideboard,4,0,Mono R Burn,suitedspades,242 tix,$ 645,241428,2014-07-26,Modern Daily #7313404,modern,modern-daily-7313404,modern-daily-7313404-2014-07-26
23,3,Dismember,,Sideboard,4,0,Mono R Burn,suitedspades,242 tix,$ 645,241428,2014-07-26,Modern Daily #7313404,modern,modern-daily-7313404,modern-daily-7313404-2014-07-26
1,4,Delver of Secrets,,Creatures,4,0,UR Delver,RainbowSlushy,109 tix,$ 571,241429,2014-07-26,Modern Daily #7313404,modern,modern-daily-7313404,modern-daily-7313404-2014-07-26
2,2,Grim Lavamancer,,Creatures,4,0,UR Delver,RainbowSlushy,109 tix,$ 571,241429,2014-07-26,Modern Daily #7313404,modern,modern-daily-7313404,modern-daily-7313404-2014-07-26
3,4,Snapcaster Mage,,Creatures,4,0,UR Delver,RainbowSlushy,109 tix,$ 571,241429,2014-07-26,Modern Daily #7313404,modern,modern-daily-7313404,modern-daily-7313404-2014-07-26
4,4,Young Pyromancer,,Creatures,4,0,UR Delver,RainbowSlushy,109 tix,$ 571,241429,2014-07-26,Modern Daily #7313404,modern,modern-daily-7313404,modern-daily-7313404-2014-07-26
6,4,Gitaxian Probe,,Spells,4,0,UR Delver,RainbowSlushy,109 tix,$ 571,241429,2014-07-26,Modern Daily #7313404,modern,modern-daily-7313404,modern-daily-7313404-2014-07-26
7,4,Lightning Bolt,,Spells,4,0,UR Delver,RainbowSlushy,109 tix,$ 571,241429,2014-07-26,Modern Daily #7313404,modern,modern-daily-7313404,modern-daily-7313404-2014-07-26
8,2,Pillar of Flame,,Spells,4,0,UR Delver,RainbowSlushy,109 tix,$ 571,241429,2014-07-26,Modern Daily #7313404,modern,modern-daily-7313404,modern-daily-7313404-2014-07-26
9,4,Serum Visions,,Spells,4,0,UR Delver,RainbowSlushy,109 tix,$ 571,241429,2014-07-26,Modern Daily #7313404,modern,modern-daily-7313404,modern-daily-7313404-2014-07-26
10,3,Spell Snare,,Spells,4,0,UR Delver,RainbowSlushy,109 tix,$ 571,241429,2014-07-26,Modern Daily #7313404,modern,modern-daily-7313404,modern-daily-7313404-2014-07-26
11,3,Vapor Snag,,Spells,4,0,UR Delver,RainbowSlushy,109 tix,$ 571,241429,2014-07-26,Modern Daily #7313404,modern,modern-daily-7313404,modern-daily-7313404-2014-07-26
12,3,Mana Leak,,Spells,4,0,UR Delver,RainbowSlushy,109 tix,$ 571,241429,2014-07-26,Modern Daily #7313404,modern,modern-daily-7313404,modern-daily-7313404-2014-07-26
13,2,Remand,,Spells,4,0,UR Delver,RainbowSlushy,109 tix,$ 571,241429,2014-07-26,Modern Daily #7313404,modern,modern-daily-7313404,modern-daily-7313404-2014-07-26
14,2,Electrolyze,,Spells,4,0,UR Delver,RainbowSlushy,109 tix,$ 571,241429,2014-07-26,Modern Daily #7313404,modern,modern-daily-7313404,modern-daily-7313404-2014-07-26
16,6,Island,,Lands,4,0,UR Delver,RainbowSlushy,109 tix,$ 571,241429,2014-07-26,Modern Daily #7313404,modern,modern-daily-7313404,modern-daily-7313404-2014-07-26
17,2,Misty Rainforest,,Lands,4,0,UR Delver,RainbowSlushy,109 tix,$ 571,241429,2014-07-26,Modern Daily #7313404,modern,modern-daily-7313404,modern-daily-7313404-2014-07-26
18,3,Mountain,,Lands,4,0,UR Delver,RainbowSlushy,109 tix,$ 571,241429,2014-07-26,Modern Daily #7313404,modern,modern-daily-7313404,modern-daily-7313404-2014-07-26
19,4,Steam Vents,,Lands,4,0,UR Delver,RainbowSlushy,109 tix,$ 571,241429,2014-07-26,Modern Daily #7313404,modern,modern-daily-7313404,modern-daily-7313404-2014-07-26
20,4,Sulfur Falls,,Lands,4,0,UR Delver,RainbowSlushy,109 tix,$ 571,241429,2014-07-26,Modern Daily #7313404,modern,modern-daily-7313404,modern-daily-7313404-2014-07-26
22,2,Dispel,,Sideboard,4,0,UR Delver,RainbowSlushy,109 tix,$ 571,241429,2014-07-26,Modern Daily #7313404,modern,modern-daily-7313404,modern-daily-7313404-2014-07-26
23,1,Pillar of Flame,,Sideboard,4,0,UR Delver,RainbowSlushy,109 tix,$ 571,241429,2014-07-26,Modern Daily #7313404,modern,modern-daily-7313404,modern-daily-7313404-2014-07-26
24,2,Relic of Progenitus,,Sideboard,4,0,UR Delver,RainbowSlushy,109 tix,$ 571,241429,2014-07-26,Modern Daily #7313404,modern,modern-daily-7313404,modern-daily-7313404-2014-07-26
25,1,Spell Pierce,,Sideboard,4,0,UR Delver,RainbowSlushy,109 tix,$ 571,241429,2014-07-26,Modern Daily #7313404,modern,modern-daily-7313404,modern-daily-7313404-2014-07-26
26,1,Twisted Image,,Sideboard,4,0,UR Delver,RainbowSlushy,109 tix,$ 571,241429,2014-07-26,Modern Daily #7313404,modern,modern-daily-7313404,modern-daily-7313404-2014-07-26
27,2,Combust,,Sideboard,4,0,UR Delver,RainbowSlushy,109 tix,$ 571,241429,2014-07-26,Modern Daily #7313404,modern,modern-daily-7313404,modern-daily-7313404-2014-07-26
28,1,Negate,,Sideboard,4,0,UR Delver,RainbowSlushy,109 tix,$ 571,241429,2014-07-26,Modern Daily #7313404,modern,modern-daily-7313404,modern-daily-7313404-2014-07-26
29,3,Molten Rain,,Sideboard,4,0,UR Delver,RainbowSlushy,109 tix,$ 571,241429,2014-07-26,Modern Daily #7313404,modern,modern-daily-7313404,modern-daily-7313404-2014-07-26
30,2,Shatterstorm,,Sideboard,4,0,UR Delver,RainbowSlushy,109 tix,$ 571,241429,2014-07-26,Modern Daily #7313404,modern,modern-daily-7313404,modern-daily-7313404-2014-07-26
1,4,Goblin Guide,,Creatures,3,1,Burn,videor,86 tix,$ 237,241442,2014-07-26,Modern Daily #7313404,modern,modern-daily-7313404,modern-daily-7313404-2014-07-26
2,4,Vexing Devil,,Creatures,3,1,Burn,videor,86 tix,$ 237,241442,2014-07-26,Modern Daily #7313404,modern,modern-daily-7313404,modern-daily-7313404-2014-07-26
3,4,Eidolon of the Great Revel,,Creatures,3,1,Burn,videor,86 tix,$ 237,241442,2014-07-26,Modern Daily #7313404,modern,modern-daily-7313404,modern-daily-7313404-2014-07-26
5,4,Lava Spike,,Spells,3,1,Burn,videor,86 tix,$ 237,241442,2014-07-26,Modern Daily #7313404,modern,modern-daily-7313404,modern-daily-7313404-2014-07-26
6,4,Lightning Bolt,,Spells,3,1,Burn,videor,86 tix,$ 237,241442,2014-07-26,Modern Daily #7313404,modern,modern-daily-7313404,modern-daily-7313404-2014-07-26
7,4,Shard Volley,,Spells,3,1,Burn,videor,86 tix,$ 237,241442,2014-07-26,Modern Daily #7313404,modern,modern-daily-7313404,modern-daily-7313404-2014-07-26
8,4,Searing Blaze,,Spells,3,1,Burn,videor,86 tix,$ 237,241442,2014-07-26,Modern Daily #7313404,modern,modern-daily-7313404,modern-daily-7313404-2014-07-26
9,4,Skullcrack,,Spells,3,1,Burn,videor,86 tix,$ 237,241442,2014-07-26,Modern Daily #7313404,modern,modern-daily-7313404,modern-daily-7313404-2014-07-26
10,4,Flames of the Blood Hand,,Spells,3,1,Burn,videor,86 tix,$ 237,241442,2014-07-26,Modern Daily #7313404,modern,modern-daily-7313404,modern-daily-7313404-2014-07-26
11,4,Rift Bolt,,Spells,3,1,Burn,videor,86 tix,$ 237,241442,2014-07-26,Modern Daily #7313404,modern,modern-daily-7313404,modern-daily-7313404-2014-07-26
13,20,Mountain,,Lands,3,1,Burn,videor,86 tix,$ 237,241442,2014-07-26,Modern Daily #7313404,modern,modern-daily-7313404,modern-daily-7313404-2014-07-26
15,3,Relic of Progenitus,,Sideboard,3,1,Burn,videor,86 tix,$ 237,241442,2014-07-26,Modern Daily #7313404,modern,modern-daily-7313404,modern-daily-7313404-2014-07-26
16,4,Combust,,Sideboard,3,1,Burn,videor,86 tix,$ 237,241442,2014-07-26,Modern Daily #7313404,modern,modern-daily-7313404,modern-daily-7313404-2014-07-26
17,2,Searing Blood,,Sideboard,3,1,Burn,videor,86 tix,$ 237,241442,2014-07-26,Modern Daily #7313404,modern,modern-daily-7313404,modern-daily-7313404-2014-07-26
18,4,Smash to Smithereens,,Sideboard,3,1,Burn,videor,86 tix,$ 237,241442,2014-07-26,Modern Daily #7313404,modern,modern-daily-7313404,modern-daily-7313404-2014-07-26
19,2,Molten Rain,,Sideboard,3,1,Burn,videor,86 tix,$ 237,241442,2014-07-26,Modern Daily #7313404,modern,modern-daily-7313404,modern-daily-7313404-2014-07-26
1,4,Goblin Guide,,Creatures,3,1,Burn,ryoko1337,82 tix,$ 194,241443,2014-07-26,Modern Daily #7313404,modern,modern-daily-7313404,modern-daily-7313404-2014-07-26
2,4,Eidolon of the Great Revel,,Creatures,3,1,Burn,ryoko1337,82 tix,$ 194,241443,2014-07-26,Modern Daily #7313404,modern,modern-daily-7313404,modern-daily-7313404-2014-07-26
3,4,Hellspark Elemental,,Creatures,3,1,Burn,ryoko1337,82 tix,$ 194,241443,2014-07-26,Modern Daily #7313404,modern,modern-daily-7313404,modern-daily-7313404-2014-07-26
5,4,Lava Spike,,Spells,3,1,Burn,ryoko1337,82 tix,$ 194,241443,2014-07-26,Modern Daily #7313404,modern,modern-daily-7313404,modern-daily-7313404-2014-07-26
6,4,Lightning Bolt,,Spells,3,1,Burn,ryoko1337,82 tix,$ 194,241443,2014-07-26,Modern Daily #7313404,modern,modern-daily-7313404,modern-daily-7313404-2014-07-26
7,2,Shard Volley,,Spells,3,1,Burn,ryoko1337,82 tix,$ 194,241443,2014-07-26,Modern Daily #7313404,modern,modern-daily-7313404,modern-daily-7313404-2014-07-26
8,2,Magma Jet,,Spells,3,1,Burn,ryoko1337,82 tix,$ 194,241443,2014-07-26,Modern Daily #7313404,modern,modern-daily-7313404,modern-daily-7313404-2014-07-26
9,4,Searing Blood,,Spells,3,1,Burn,ryoko1337,82 tix,$ 194,241443,2014-07-26,Modern Daily #7313404,modern,modern-daily-7313404,modern-daily-7313404-2014-07-26
10,4,Skullcrack,,Spells,3,1,Burn,ryoko1337,82 tix,$ 194,241443,2014-07-26,Modern Daily #7313404,modern,modern-daily-7313404,modern-daily-7313404-2014-07-26
11,4,Flames of the Blood Hand,,Spells,3,1,Burn,ryoko1337,82 tix,$ 194,241443,2014-07-26,Modern Daily #7313404,modern,modern-daily-7313404,modern-daily-7313404-2014-07-26
12,4,Rift Bolt,,Spells,3,1,Burn,ryoko1337,82 tix,$ 194,241443,2014-07-26,Modern Daily #7313404,modern,modern-daily-7313404,modern-daily-7313404-2014-07-26
14,20,Mountain,,Lands,3,1,Burn,ryoko1337,82 tix,$ 194,241443,2014-07-26,Modern Daily #7313404,modern,modern-daily-7313404,modern-daily-7313404-2014-07-26
16,2,Relic of Progenitus,,Sideboard,3,1,Burn,ryoko1337,82 tix,$ 194,241443,2014-07-26,Modern Daily #7313404,modern,modern-daily-7313404,modern-daily-7313404-2014-07-26
17,3,Combust,,Sideboard,3,1,Burn,ryoko1337,82 tix,$ 194,241443,2014-07-26,Modern Daily #7313404,modern,modern-daily-7313404,modern-daily-7313404-2014-07-26
18,2,Dragon's Claw,,Sideboard,3,1,Burn,ryoko1337,82 tix,$ 194,241443,2014-07-26,Modern Daily #7313404,modern,modern-daily-7313404,modern-daily-7313404-2014-07-26
19,1,Searing Blaze,,Sideboard,3,1,Burn,ryoko1337,82 tix,$ 194,241443,2014-07-26,Modern Daily #7313404,modern,modern-daily-7313404,modern-daily-7313404-2014-07-26
20,3,Smash to Smithereens,,Sideboard,3,1,Burn,ryoko1337,82 tix,$ 194,241443,2014-07-26,Modern Daily #7313404,modern,modern-daily-7313404,modern-daily-7313404-2014-07-26
21,4,Molten Rain,,Sideboard,3,1,Burn,ryoko1337,82 tix,$ 194,241443,2014-07-26,Modern Daily #7313404,modern,modern-daily-7313404,modern-daily-7313404-2014-07-26
1,4,Dryad Militant,,Creatures,3,1,Death & Taxes,buddaf,121 tix,$ 457,241433,2014-07-26,Modern Daily #7313404,modern,modern-daily-7313404,modern-daily-7313404-2014-07-26
2,4,Leonin Arbiter,,Creatures,3,1,Death & Taxes,buddaf,121 tix,$ 457,241433,2014-07-26,Modern Daily #7313404,modern,modern-daily-7313404,modern-daily-7313404-2014-07-26
3,4,"Thalia, Guardian of Thraben",,Creatures,3,1,Death & Taxes,buddaf,121 tix,$ 457,241433,2014-07-26,Modern Daily #7313404,modern,modern-daily-7313404,modern-daily-7313404-2014-07-26
4,4,Blade Splicer,,Creatures,3,1,Death & Taxes,buddaf,121 tix,$ 457,241433,2014-07-26,Modern Daily #7313404,modern,modern-daily-7313404,modern-daily-7313404-2014-07-26
5,4,Flickerwisp,,Creatures,3,1,Death & Taxes,buddaf,121 tix,$ 457,241433,2014-07-26,Modern Daily #7313404,modern,modern-daily-7313404,modern-daily-7313404-2014-07-26
6,3,Kitchen Finks,,Creatures,3,1,Death & Taxes,buddaf,121 tix,$ 457,241433,2014-07-26,Modern Daily #7313404,modern,modern-daily-7313404,modern-daily-7313404-2014-07-26
7,3,Mirran Crusader,,Creatures,3,1,Death & Taxes,buddaf,121 tix,$ 457,241433,2014-07-26,Modern Daily #7313404,modern,modern-daily-7313404,modern-daily-7313404-2014-07-26
8,4,Restoration Angel,,Creatures,3,1,Death & Taxes,buddaf,121 tix,$ 457,241433,2014-07-26,Modern Daily #7313404,modern,modern-daily-7313404,modern-daily-7313404-2014-07-26
10,4,Path to Exile,,Spells,3,1,Death & Taxes,buddaf,121 tix,$ 457,241433,2014-07-26,Modern Daily #7313404,modern,modern-daily-7313404,modern-daily-7313404-2014-07-26
12,4,Aether Vial,,Artifacts,3,1,Death & Taxes,buddaf,121 tix,$ 457,241433,2014-07-26,Modern Daily #7313404,modern,modern-daily-7313404,modern-daily-7313404-2014-07-26
14,1,Eiganjo Castle,,Lands,3,1,Death & Taxes,buddaf,121 tix,$ 457,241433,2014-07-26,Modern Daily #7313404,modern,modern-daily-7313404,modern-daily-7313404-2014-07-26
15,4,Flagstones of Trokair,,Lands,3,1,Death & Taxes,buddaf,121 tix,$ 457,241433,2014-07-26,Modern Daily #7313404,modern,modern-daily-7313404,modern-daily-7313404-2014-07-26
16,4,Ghost Quarter,,Lands,3,1,Death & Taxes,buddaf,121 tix,$ 457,241433,2014-07-26,Modern Daily #7313404,modern,modern-daily-7313404,modern-daily-7313404-2014-07-26
17,9,Plains,,Lands,3,1,Death & Taxes,buddaf,121 tix,$ 457,241433,2014-07-26,Modern Daily #7313404,modern,modern-daily-7313404,modern-daily-7313404-2014-07-26
18,4,Tectonic Edge,,Lands,3,1,Death & Taxes,buddaf,121 tix,$ 457,241433,2014-07-26,Modern Daily #7313404,modern,modern-daily-7313404,modern-daily-7313404-2014-07-26
20,2,Relic of Progenitus,,Sideboard,3,1,Death & Taxes,buddaf,121 tix,$ 457,241433,2014-07-26,Modern Daily #7313404,modern,modern-daily-7313404,modern-daily-7313404-2014-07-26
21,3,Ethersworn Canonist,,Sideboard,3,1,Death & Taxes,buddaf,121 tix,$ 457,241433,2014-07-26,Modern Daily #7313404,modern,modern-daily-7313404,modern-daily-7313404-2014-07-26
22,2,"Kataki, War's Wage",,Sideboard,3,1,Death & Taxes,buddaf,121 tix,$ 457,241433,2014-07-26,Modern Daily #7313404,modern,modern-daily-7313404,modern-daily-7313404-2014-07-26
23,2,Kor Firewalker,,Sideboard,3,1,Death & Taxes,buddaf,121 tix,$ 457,241433,2014-07-26,Modern Daily #7313404,modern,modern-daily-7313404,modern-daily-7313404-2014-07-26
24,3,Ratchet Bomb,,Sideboard,3,1,Death & Taxes,buddaf,121 tix,$ 457,241433,2014-07-26,Modern Daily #7313404,modern,modern-daily-7313404,modern-daily-7313404-2014-07-26
25,1,Dismember,,Sideboard,3,1,Death & Taxes,buddaf,121 tix,$ 457,241433,2014-07-26,Modern Daily #7313404,modern,modern-daily-7313404,modern-daily-7313404-2014-07-26
26,2,Ghostly Prison,,Sideboard,3,1,Death & Taxes,buddaf,121 tix,$ 457,241433,2014-07-26,Modern Daily #7313404,modern,modern-daily-7313404,modern-daily-7313404-2014-07-26
1,3,Spellstutter Sprite,,Creatures,3,1,Faeries,Vinzlar,231 tix,$ 886,241431,2014-07-26,Modern Daily #7313404,modern,modern-daily-7313404,modern-daily-7313404-2014-07-26
2,4,Vendilion Clique,,Creatures,3,1,Faeries,Vinzlar,231 tix,$ 886,241431,2014-07-26,Modern Daily #7313404,modern,modern-daily-7313404,modern-daily-7313404-2014-07-26
3,4,Mistbind Clique,,Creatures,3,1,Faeries,Vinzlar,231 tix,$ 886,241431,2014-07-26,Modern Daily #7313404,modern,modern-daily-7313404,modern-daily-7313404-2014-07-26
5,1,Inquisition of Kozilek,,Spells,3,1,Faeries,Vinzlar,231 tix,$ 886,241431,2014-07-26,Modern Daily #7313404,modern,modern-daily-7313404,modern-daily-7313404-2014-07-26
6,1,Peppersmoke,,Spells,3,1,Faeries,Vinzlar,231 tix,$ 886,241431,2014-07-26,Modern Daily #7313404,modern,modern-daily-7313404,modern-daily-7313404-2014-07-26
7,1,Serum Visions,,Spells,3,1,Faeries,Vinzlar,231 tix,$ 886,241431,2014-07-26,Modern Daily #7313404,modern,modern-daily-7313404,modern-daily-7313404-2014-07-26
8,1,Spell Snare,,Spells,3,1,Faeries,Vinzlar,231 tix,$ 886,241431,2014-07-26,Modern Daily #7313404,modern,modern-daily-7313404,modern-daily-7313404-2014-07-26
9,3,Thoughtseize,,Spells,3,1,Faeries,Vinzlar,231 tix,$ 886,241431,2014-07-26,Modern Daily #7313404,modern,modern-daily-7313404,modern-daily-7313404-2014-07-26
10,1,Go for the Throat,,Spells,3,1,Faeries,Vinzlar,231 tix,$ 886,241431,2014-07-26,Modern Daily #7313404,modern,modern-daily-7313404,modern-daily-7313404-2014-07-26
11,3,Remand,,Spells,3,1,Faeries,Vinzlar,231 tix,$ 886,241431,2014-07-26,Modern Daily #7313404,modern,modern-daily-7313404,modern-daily-7313404-2014-07-26
12,1,Dismember,,Spells,3,1,Faeries,Vinzlar,231 tix,$ 886,241431,2014-07-26,Modern Daily #7313404,modern,modern-daily-7313404,modern-daily-7313404-2014-07-26
13,4,Cryptic Command,,Spells,3,1,Faeries,Vinzlar,231 tix,$ 886,241431,2014-07-26,Modern Daily #7313404,modern,modern-daily-7313404,modern-daily-7313404-2014-07-26
14,3,Time Warp,,Spells,3,1,Faeries,Vinzlar,231 tix,$ 886,241431,2014-07-26,Modern Daily #7313404,modern,modern-daily-7313404,modern-daily-7313404-2014-07-26
16,4,Bitterblossom,,Enchantments,3,1,Faeries,Vinzlar,231 tix,$ 886,241431,2014-07-26,Modern Daily #7313404,modern,modern-daily-7313404,modern-daily-7313404-2014-07-26
18,4,Creeping Tar Pit,,Lands,3,1,Faeries,Vinzlar,231 tix,$ 886,241431,2014-07-26,Modern Daily #7313404,modern,modern-daily-7313404,modern-daily-7313404-2014-07-26
19,3,Darkslick Shores,,Lands,3,1,Faeries,Vinzlar,231 tix,$ 886,241431,2014-07-26,Modern Daily #7313404,modern,modern-daily-7313404,modern-daily-7313404-2014-07-26
20,4,Island,,Lands,3,1,Faeries,Vinzlar,231 tix,$ 886,241431,2014-07-26,Modern Daily #7313404,modern,modern-daily-7313404,modern-daily-7313404-2014-07-26
21,4,Mutavault,,Lands,3,1,Faeries,Vinzlar,231 tix,$ 886,241431,2014-07-26,Modern Daily #7313404,modern,modern-daily-7313404,modern-daily-7313404-2014-07-26
22,4,River of Tears,,Lands,3,1,Faeries,Vinzlar,231 tix,$ 886,241431,2014-07-26,Modern Daily #7313404,modern,modern-daily-7313404,modern-daily-7313404-2014-07-26
23,4,Secluded Glen,,Lands,3,1,Faeries,Vinzlar,231 tix,$ 886,241431,2014-07-26,Modern Daily #7313404,modern,modern-daily-7313404,modern-daily-7313404-2014-07-26
24,1,Tectonic Edge,,Lands,3,1,Faeries,Vinzlar,231 tix,$ 886,241431,2014-07-26,Modern Daily #7313404,modern,modern-daily-7313404,modern-daily-7313404-2014-07-26
25,2,Watery Grave,,Lands,3,1,Faeries,Vinzlar,231 tix,$ 886,241431,2014-07-26,Modern Daily #7313404,modern,modern-daily-7313404,modern-daily-7313404-2014-07-26
27,1,Inquisition of Kozilek,,Sideboard,3,1,Faeries,Vinzlar,231 tix,$ 886,241431,2014-07-26,Modern Daily #7313404,modern,modern-daily-7313404,modern-daily-7313404-2014-07-26
28,1,Spell Snare,,Sideboard,3,1,Faeries,Vinzlar,231 tix,$ 886,241431,2014-07-26,Modern Daily #7313404,modern,modern-daily-7313404,modern-daily-7313404-2014-07-26
29,1,Doom Blade,,Sideboard,3,1,Faeries,Vinzlar,231 tix,$ 886,241431,2014-07-26,Modern Daily #7313404,modern,modern-daily-7313404,modern-daily-7313404-2014-07-26
30,1,Hurkyl's Recall,,Sideboard,3,1,Faeries,Vinzlar,231 tix,$ 886,241431,2014-07-26,Modern Daily #7313404,modern,modern-daily-7313404,modern-daily-7313404-2014-07-26
31,1,Mana Leak,,Sideboard,3,1,Faeries,Vinzlar,231 tix,$ 886,241431,2014-07-26,Modern Daily #7313404,modern,modern-daily-7313404,modern-daily-7313404-2014-07-26
32,1,Marsh Casualties,,Sideboard,3,1,Faeries,Vinzlar,231 tix,$ 886,241431,2014-07-26,Modern Daily #7313404,modern,modern-daily-7313404,modern-daily-7313404-2014-07-26
33,1,Smother,,Sideboard,3,1,Faeries,Vinzlar,231 tix,$ 886,241431,2014-07-26,Modern Daily #7313404,modern,modern-daily-7313404,modern-daily-7313404-2014-07-26
34,1,Spellstutter Sprite,,Sideboard,3,1,Faeries,Vinzlar,231 tix,$ 886,241431,2014-07-26,Modern Daily #7313404,modern,modern-daily-7313404,modern-daily-7313404-2014-07-26
35,2,Hibernation,,Sideboard,3,1,Faeries,Vinzlar,231 tix,$ 886,241431,2014-07-26,Modern Daily #7313404,modern,modern-daily-7313404,modern-daily-7313404-2014-07-26
36,1,Glen Elendra Archmage,,Sideboard,3,1,Faeries,Vinzlar,231 tix,$ 886,241431,2014-07-26,Modern Daily #7313404,modern,modern-daily-7313404,modern-daily-7313404-2014-07-26
37,3,Sower of Temptation,,Sideboard,3,1,Faeries,Vinzlar,231 tix,$ 886,241431,2014-07-26,Modern Daily #7313404,modern,modern-daily-7313404,modern-daily-7313404-2014-07-26
38,1,Wurmcoil Engine,,Sideboard,3,1,Faeries,Vinzlar,231 tix,$ 886,241431,2014-07-26,Modern Daily #7313404,modern,modern-daily-7313404,modern-daily-7313404-2014-07-26
1,4,Dark Confidant,,Creatures,3,1,Junk,prolepsis9,624 tix,"$ 2,003",241432,2014-07-26,Modern Daily #7313404,modern,modern-daily-7313404,modern-daily-7313404-2014-07-26
2,3,Scavenging Ooze,,Creatures,3,1,Junk,prolepsis9,624 tix,"$ 2,003",241432,2014-07-26,Modern Daily #7313404,modern,modern-daily-7313404,modern-daily-7313404-2014-07-26
3,4,Tarmogoyf,,Creatures,3,1,Junk,prolepsis9,624 tix,"$ 2,003",241432,2014-07-26,Modern Daily #7313404,modern,modern-daily-7313404,modern-daily-7313404-2014-07-26
5,4,Liliana of the Veil,,Planeswalkers,3,1,Junk,prolepsis9,624 tix,"$ 2,003",241432,2014-07-26,Modern Daily #7313404,modern,modern-daily-7313404,modern-daily-7313404-2014-07-26
7,2,Slaughter Pact,,Spells,3,1,Junk,prolepsis9,624 tix,"$ 2,003",241432,2014-07-26,Modern Daily #7313404,modern,modern-daily-7313404,modern-daily-7313404-2014-07-26
8,3,Inquisition of Kozilek,,Spells,3,1,Junk,prolepsis9,624 tix,"$ 2,003",241432,2014-07-26,Modern Daily #7313404,modern,modern-daily-7313404,modern-daily-7313404-2014-07-26
9,4,Thoughtseize,,Spells,3,1,Junk,prolepsis9,624 tix,"$ 2,003",241432,2014-07-26,Modern Daily #7313404,modern,modern-daily-7313404,modern-daily-7313404-2014-07-26
10,4,Abrupt Decay,,Spells,3,1,Junk,prolepsis9,624 tix,"$ 2,003",241432,2014-07-26,Modern Daily #7313404,modern,modern-daily-7313404,modern-daily-7313404-2014-07-26
11,2,Dismember,,Spells,3,1,Junk,prolepsis9,624 tix,"$ 2,003",241432,2014-07-26,Modern Daily #7313404,modern,modern-daily-7313404,modern-daily-7313404-2014-07-26
12,3,Lingering Souls,,Spells,3,1,Junk,prolepsis9,624 tix,"$ 2,003",241432,2014-07-26,Modern Daily #7313404,modern,modern-daily-7313404,modern-daily-7313404-2014-07-26
13,2,Maelstrom Pulse,,Spells,3,1,Junk,prolepsis9,624 tix,"$ 2,003",241432,2014-07-26,Modern Daily #7313404,modern,modern-daily-7313404,modern-daily-7313404-2014-07-26
15,1,Forest,,Lands,3,1,Junk,prolepsis9,624 tix,"$ 2,003",241432,2014-07-26,Modern Daily #7313404,modern,modern-daily-7313404,modern-daily-7313404-2014-07-26
16,1,Godless Shrine,,Lands,3,1,Junk,prolepsis9,624 tix,"$ 2,003",241432,2014-07-26,Modern Daily #7313404,modern,modern-daily-7313404,modern-daily-7313404-2014-07-26
17,4,Marsh Flats,,Lands,3,1,Junk,prolepsis9,624 tix,"$ 2,003",241432,2014-07-26,Modern Daily #7313404,modern,modern-daily-7313404,modern-daily-7313404-2014-07-26
18,2,Overgrown Tomb,,Lands,3,1,Junk,prolepsis9,624 tix,"$ 2,003",241432,2014-07-26,Modern Daily #7313404,modern,modern-daily-7313404,modern-daily-7313404-2014-07-26
19,1,Stirring Wildwood,,Lands,3,1,Junk,prolepsis9,624 tix,"$ 2,003",241432,2014-07-26,Modern Daily #7313404,modern,modern-daily-7313404,modern-daily-7313404-2014-07-26
20,2,Swamp,,Lands,3,1,Junk,prolepsis9,624 tix,"$ 2,003",241432,2014-07-26,Modern Daily #7313404,modern,modern-daily-7313404,modern-daily-7313404-2014-07-26
21,4,Tectonic Edge,,Lands,3,1,Junk,prolepsis9,624 tix,"$ 2,003",241432,2014-07-26,Modern Daily #7313404,modern,modern-daily-7313404,modern-daily-7313404-2014-07-26
22,1,Temple Garden,,Lands,3,1,Junk,prolepsis9,624 tix,"$ 2,003",241432,2014-07-26,Modern Daily #7313404,modern,modern-daily-7313404,modern-daily-7313404-2014-07-26
23,3,Treetop Village,,Lands,3,1,Junk,prolepsis9,624 tix,"$ 2,003",241432,2014-07-26,Modern Daily #7313404,modern,modern-daily-7313404,modern-daily-7313404-2014-07-26
24,1,Twilight Mire,,Lands,3,1,Junk,prolepsis9,624 tix,"$ 2,003",241432,2014-07-26,Modern Daily #7313404,modern,modern-daily-7313404,modern-daily-7313404-2014-07-26
25,1,"Urborg, Tomb of Yawgmoth",,Lands,3,1,Junk,prolepsis9,624 tix,"$ 2,003",241432,2014-07-26,Modern Daily #7313404,modern,modern-daily-7313404,modern-daily-7313404-2014-07-26
26,4,Verdant Catacombs,,Lands,3,1,Junk,prolepsis9,624 tix,"$ 2,003",241432,2014-07-26,Modern Daily #7313404,modern,modern-daily-7313404,modern-daily-7313404-2014-07-26
28,1,Engineered Explosives,,Sideboard,3,1,Junk,prolepsis9,624 tix,"$ 2,003",241432,2014-07-26,Modern Daily #7313404,modern,modern-daily-7313404,modern-daily-7313404-2014-07-26
29,2,Grafdigger's Cage,,Sideboard,3,1,Junk,prolepsis9,624 tix,"$ 2,003",241432,2014-07-26,Modern Daily #7313404,modern,modern-daily-7313404,modern-daily-7313404-2014-07-26
30,2,Stony Silence,,Sideboard,3,1,Junk,prolepsis9,624 tix,"$ 2,003",241432,2014-07-26,Modern Daily #7313404,modern,modern-daily-7313404,modern-daily-7313404-2014-07-26
31,1,Aven Mindcensor,,Sideboard,3,1,Junk,prolepsis9,624 tix,"$ 2,003",241432,2014-07-26,Modern Daily #7313404,modern,modern-daily-7313404,modern-daily-7313404-2014-07-26
32,3,Fulminator Mage,,Sideboard,3,1,Junk,prolepsis9,624 tix,"$ 2,003",241432,2014-07-26,Modern Daily #7313404,modern,modern-daily-7313404,modern-daily-7313404-2014-07-26
33,2,Kitchen Finks,,Sideboard,3,1,Junk,prolepsis9,624 tix,"$ 2,003",241432,2014-07-26,Modern Daily #7313404,modern,modern-daily-7313404,modern-daily-7313404-2014-07-26
34,2,Lifebane Zombie,,Sideboard,3,1,Junk,prolepsis9,624 tix,"$ 2,003",241432,2014-07-26,Modern Daily #7313404,modern,modern-daily-7313404,modern-daily-7313404-2014-07-26
35,1,Lingering Souls,,Sideboard,3,1,Junk,prolepsis9,624 tix,"$ 2,003",241432,2014-07-26,Modern Daily #7313404,modern,modern-daily-7313404,modern-daily-7313404-2014-07-26
36,1,Creeping Corrosion,,Sideboard,3,1,Junk,prolepsis9,624 tix,"$ 2,003",241432,2014-07-26,Modern Daily #7313404,modern,modern-daily-7313404,modern-daily-7313404-2014-07-26
1,4,Dark Confidant,,Creatures,3,1,Junk,therock988,573 tix,"$ 1,857",241434,2014-07-26,Modern Daily #7313404,modern,modern-daily-7313404,modern-daily-7313404-2014-07-26
2,4,Scavenging Ooze,,Creatures,3,1,Junk,therock988,573 tix,"$ 1,857",241434,2014-07-26,Modern Daily #7313404,modern,modern-daily-7313404,modern-daily-7313404-2014-07-26
3,4,Tarmogoyf,,Creatures,3,1,Junk,therock988,573 tix,"$ 1,857",241434,2014-07-26,Modern Daily #7313404,modern,modern-daily-7313404,modern-daily-7313404-2014-07-26
5,4,Liliana of the Veil,,Planeswalkers,3,1,Junk,therock988,573 tix,"$ 1,857",241434,2014-07-26,Modern Daily #7313404,modern,modern-daily-7313404,modern-daily-7313404-2014-07-26
7,2,Slaughter Pact,,Spells,3,1,Junk,therock988,573 tix,"$ 1,857",241434,2014-07-26,Modern Daily #7313404,modern,modern-daily-7313404,modern-daily-7313404-2014-07-26
8,1,Disfigure,,Spells,3,1,Junk,therock988,573 tix,"$ 1,857",241434,2014-07-26,Modern Daily #7313404,modern,modern-daily-7313404,modern-daily-7313404-2014-07-26
9,3,Inquisition of Kozilek,,Spells,3,1,Junk,therock988,573 tix,"$ 1,857",241434,2014-07-26,Modern Daily #7313404,modern,modern-daily-7313404,modern-daily-7313404-2014-07-26
10,4,Thoughtseize,,Spells,3,1,Junk,therock988,573 tix,"$ 1,857",241434,2014-07-26,Modern Daily #7313404,modern,modern-daily-7313404,modern-daily-7313404-2014-07-26
11,4,Abrupt Decay,,Spells,3,1,Junk,therock988,573 tix,"$ 1,857",241434,2014-07-26,Modern Daily #7313404,modern,modern-daily-7313404,modern-daily-7313404-2014-07-26
12,1,Dismember,,Spells,3,1,Junk,therock988,573 tix,"$ 1,857",241434,2014-07-26,Modern Daily #7313404,modern,modern-daily-7313404,modern-daily-7313404-2014-07-26
13,4,Lingering Souls,,Spells,3,1,Junk,therock988,573 tix,"$ 1,857",241434,2014-07-26,Modern Daily #7313404,modern,modern-daily-7313404,modern-daily-7313404-2014-07-26
14,1,Maelstrom Pulse,,Spells,3,1,Junk,therock988,573 tix,"$ 1,857",241434,2014-07-26,Modern Daily #7313404,modern,modern-daily-7313404,modern-daily-7313404-2014-07-26
16,2,Forest,,Lands,3,1,Junk,therock988,573 tix,"$ 1,857",241434,2014-07-26,Modern Daily #7313404,modern,modern-daily-7313404,modern-daily-7313404-2014-07-26
17,1,Godless Shrine,,Lands,3,1,Junk,therock988,573 tix,"$ 1,857",241434,2014-07-26,Modern Daily #7313404,modern,modern-daily-7313404,modern-daily-7313404-2014-07-26
18,3,Marsh Flats,,Lands,3,1,Junk,therock988,573 tix,"$ 1,857",241434,2014-07-26,Modern Daily #7313404,modern,modern-daily-7313404,modern-daily-7313404-2014-07-26
19,2,Overgrown Tomb,,Lands,3,1,Junk,therock988,573 tix,"$ 1,857",241434,2014-07-26,Modern Daily #7313404,modern,modern-daily-7313404,modern-daily-7313404-2014-07-26
20,2,Swamp,,Lands,3,1,Junk,therock988,573 tix,"$ 1,857",241434,2014-07-26,Modern Daily #7313404,modern,modern-daily-7313404,modern-daily-7313404-2014-07-26
21,3,Tectonic Edge,,Lands,3,1,Junk,therock988,573 tix,"$ 1,857",241434,2014-07-26,Modern Daily #7313404,modern,modern-daily-7313404,modern-daily-7313404-2014-07-26
22,1,Temple Garden,,Lands,3,1,Junk,therock988,573 tix,"$ 1,857",241434,2014-07-26,Modern Daily #7313404,modern,modern-daily-7313404,modern-daily-7313404-2014-07-26
23,4,Treetop Village,,Lands,3,1,Junk,therock988,573 tix,"$ 1,857",241434,2014-07-26,Modern Daily #7313404,modern,modern-daily-7313404,modern-daily-7313404-2014-07-26
24,2,Twilight Mire,,Lands,3,1,Junk,therock988,573 tix,"$ 1,857",241434,2014-07-26,Modern Daily #7313404,modern,modern-daily-7313404,modern-daily-7313404-2014-07-26
25,4,Verdant Catacombs,,Lands,3,1,Junk,therock988,573 tix,"$ 1,857",241434,2014-07-26,Modern Daily #7313404,modern,modern-daily-7313404,modern-daily-7313404-2014-07-26
27,1,Disfigure,,Sideboard,3,1,Junk,therock988,573 tix,"$ 1,857",241434,2014-07-26,Modern Daily #7313404,modern,modern-daily-7313404,modern-daily-7313404-2014-07-26
28,1,Grafdigger's Cage,,Sideboard,3,1,Junk,therock988,573 tix,"$ 1,857",241434,2014-07-26,Modern Daily #7313404,modern,modern-daily-7313404,modern-daily-7313404-2014-07-26
29,1,Inquisition of Kozilek,,Sideboard,3,1,Junk,therock988,573 tix,"$ 1,857",241434,2014-07-26,Modern Daily #7313404,modern,modern-daily-7313404,modern-daily-7313404-2014-07-26
30,1,Golgari Charm,,Sideboard,3,1,Junk,therock988,573 tix,"$ 1,857",241434,2014-07-26,Modern Daily #7313404,modern,modern-daily-7313404,modern-daily-7313404-2014-07-26
31,3,Stony Silence,,Sideboard,3,1,Junk,therock988,573 tix,"$ 1,857",241434,2014-07-26,Modern Daily #7313404,modern,modern-daily-7313404,modern-daily-7313404-2014-07-26
32,1,Bow of Nylea,,Sideboard,3,1,Junk,therock988,573 tix,"$ 1,857",241434,2014-07-26,Modern Daily #7313404,modern,modern-daily-7313404,modern-daily-7313404-2014-07-26
33,2,Drown in Sorrow,,Sideboard,3,1,Junk,therock988,573 tix,"$ 1,857",241434,2014-07-26,Modern Daily #7313404,modern,modern-daily-7313404,modern-daily-7313404-2014-07-26
34,3,Fulminator Mage,,Sideboard,3,1,Junk,therock988,573 tix,"$ 1,857",241434,2014-07-26,Modern Daily #7313404,modern,modern-daily-7313404,modern-daily-7313404-2014-07-26
35,1,"Sorin, Lord of Innistrad",,Sideboard,3,1,Junk,therock988,573 tix,"$ 1,857",241434,2014-07-26,Modern Daily #7313404,modern,modern-daily-7313404,modern-daily-7313404-2014-07-26
36,1,"Thrun, the Last Troll",,Sideboard,3,1,Junk,therock988,573 tix,"$ 1,857",241434,2014-07-26,Modern Daily #7313404,modern,modern-daily-7313404,modern-daily-7313404-2014-07-26
1,4,Birds of Paradise,,Creatures,3,1,Melira Pod,Gallatin,256 tix,$ 849,241437,2014-07-26,Modern Daily #7313404,modern,modern-daily-7313404,modern-daily-7313404-2014-07-26
2,3,Noble Hierarch,,Creatures,3,1,Melira Pod,Gallatin,256 tix,$ 849,241437,2014-07-26,Modern Daily #7313404,modern,modern-daily-7313404,modern-daily-7313404-2014-07-26
3,1,Viscera Seer,,Creatures,3,1,Melira Pod,Gallatin,256 tix,$ 849,241437,2014-07-26,Modern Daily #7313404,modern,modern-daily-7313404,modern-daily-7313404-2014-07-26
4,1,"Melira, Sylvok Outcast",,Creatures,3,1,Melira Pod,Gallatin,256 tix,$ 849,241437,2014-07-26,Modern Daily #7313404,modern,modern-daily-7313404,modern-daily-7313404-2014-07-26
5,1,Qasali Pridemage,,Creatures,3,1,Melira Pod,Gallatin,256 tix,$ 849,241437,2014-07-26,Modern Daily #7313404,modern,modern-daily-7313404,modern-daily-7313404-2014-07-26
6,1,Scavenging Ooze,,Creatures,3,1,Melira Pod,Gallatin,256 tix,$ 849,241437,2014-07-26,Modern Daily #7313404,modern,modern-daily-7313404,modern-daily-7313404-2014-07-26
7,1,Spellskite,,Creatures,3,1,Melira Pod,Gallatin,256 tix,$ 849,241437,2014-07-26,Modern Daily #7313404,modern,modern-daily-7313404,modern-daily-7313404-2014-07-26
8,2,Voice of Resurgence,,Creatures,3,1,Melira Pod,Gallatin,256 tix,$ 849,241437,2014-07-26,Modern Daily #7313404,modern,modern-daily-7313404,modern-daily-7313404-2014-07-26
9,1,Wall of Roots,,Creatures,3,1,Melira Pod,Gallatin,256 tix,$ 849,241437,2014-07-26,Modern Daily #7313404,modern,modern-daily-7313404,modern-daily-7313404-2014-07-26
10,1,Eternal Witness,,Creatures,3,1,Melira Pod,Gallatin,256 tix,$ 849,241437,2014-07-26,Modern Daily #7313404,modern,modern-daily-7313404,modern-daily-7313404-2014-07-26
11,1,Kitchen Finks,,Creatures,3,1,Melira Pod,Gallatin,256 tix,$ 849,241437,2014-07-26,Modern Daily #7313404,modern,modern-daily-7313404,modern-daily-7313404-2014-07-26
12,1,Orzhov Pontiff,,Creatures,3,1,Melira Pod,Gallatin,256 tix,$ 849,241437,2014-07-26,Modern Daily #7313404,modern,modern-daily-7313404,modern-daily-7313404-2014-07-26
13,1,Reclamation Sage,,Creatures,3,1,Melira Pod,Gallatin,256 tix,$ 849,241437,2014-07-26,Modern Daily #7313404,modern,modern-daily-7313404,modern-daily-7313404-2014-07-26
14,1,Sin Collector,,Creatures,3,1,Melira Pod,Gallatin,256 tix,$ 849,241437,2014-07-26,Modern Daily #7313404,modern,modern-daily-7313404,modern-daily-7313404-2014-07-26
15,1,Spike Feeder,,Creatures,3,1,Melira Pod,Gallatin,256 tix,$ 849,241437,2014-07-26,Modern Daily #7313404,modern,modern-daily-7313404,modern-daily-7313404-2014-07-26
16,1,"Linvala, Keeper of Silence",,Creatures,3,1,Melira Pod,Gallatin,256 tix,$ 849,241437,2014-07-26,Modern Daily #7313404,modern,modern-daily-7313404,modern-daily-7313404-2014-07-26
17,1,Murderous Redcap,,Creatures,3,1,Melira Pod,Gallatin,256 tix,$ 849,241437,2014-07-26,Modern Daily #7313404,modern,modern-daily-7313404,modern-daily-7313404-2014-07-26
18,1,Ranger of Eos,,Creatures,3,1,Melira Pod,Gallatin,256 tix,$ 849,241437,2014-07-26,Modern Daily #7313404,modern,modern-daily-7313404,modern-daily-7313404-2014-07-26
19,1,"Thrun, the Last Troll",,Creatures,3,1,Melira Pod,Gallatin,256 tix,$ 849,241437,2014-07-26,Modern Daily #7313404,modern,modern-daily-7313404,modern-daily-7313404-2014-07-26
20,1,Archangel of Thune,,Creatures,3,1,Melira Pod,Gallatin,256 tix,$ 849,241437,2014-07-26,Modern Daily #7313404,modern,modern-daily-7313404,modern-daily-7313404-2014-07-26
21,1,Reveillark,,Creatures,3,1,Melira Pod,Gallatin,256 tix,$ 849,241437,2014-07-26,Modern Daily #7313404,modern,modern-daily-7313404,modern-daily-7313404-2014-07-26
22,1,Shriekmaw,,Creatures,3,1,Melira Pod,Gallatin,256 tix,$ 849,241437,2014-07-26,Modern Daily #7313404,modern,modern-daily-7313404,modern-daily-7313404-2014-07-26
24,2,Abrupt Decay,,Spells,3,1,Melira Pod,Gallatin,256 tix,$ 849,241437,2014-07-26,Modern Daily #7313404,modern,modern-daily-7313404,modern-daily-7313404-2014-07-26
25,3,Chord of Calling,,Spells,3,1,Melira Pod,Gallatin,256 tix,$ 849,241437,2014-07-26,Modern Daily #7313404,modern,modern-daily-7313404,modern-daily-7313404-2014-07-26
27,4,Birthing Pod,,Artifacts,3,1,Melira Pod,Gallatin,256 tix,$ 849,241437,2014-07-26,Modern Daily #7313404,modern,modern-daily-7313404,modern-daily-7313404-2014-07-26
29,3,Forest,,Lands,3,1,Melira Pod,Gallatin,256 tix,$ 849,241437,2014-07-26,Modern Daily #7313404,modern,modern-daily-7313404,modern-daily-7313404-2014-07-26
30,3,Gavony Township,,Lands,3,1,Melira Pod,Gallatin,256 tix,$ 849,241437,2014-07-26,Modern Daily #7313404,modern,modern-daily-7313404,modern-daily-7313404-2014-07-26
31,1,Godless Shrine,,Lands,3,1,Melira Pod,Gallatin,256 tix,$ 849,241437,2014-07-26,Modern Daily #7313404,modern,modern-daily-7313404,modern-daily-7313404-2014-07-26
32,4,Misty Rainforest,,Lands,3,1,Melira Pod,Gallatin,256 tix,$ 849,241437,2014-07-26,Modern Daily #7313404,modern,modern-daily-7313404,modern-daily-7313404-2014-07-26
33,2,Overgrown Tomb,,Lands,3,1,Melira Pod,Gallatin,256 tix,$ 849,241437,2014-07-26,Modern Daily #7313404,modern,modern-daily-7313404,modern-daily-7313404-2014-07-26
34,3,Razorverge Thicket,,Lands,3,1,Melira Pod,Gallatin,256 tix,$ 849,241437,2014-07-26,Modern Daily #7313404,modern,modern-daily-7313404,modern-daily-7313404-2014-07-26
35,1,Swamp,,Lands,3,1,Melira Pod,Gallatin,256 tix,$ 849,241437,2014-07-26,Modern Daily #7313404,modern,modern-daily-7313404,modern-daily-7313404-2014-07-26
36,2,Temple Garden,,Lands,3,1,Melira Pod,Gallatin,256 tix,$ 849,241437,2014-07-26,Modern Daily #7313404,modern,modern-daily-7313404,modern-daily-7313404-2014-07-26
37,4,Verdant Catacombs,,Lands,3,1,Melira Pod,Gallatin,256 tix,$ 849,241437,2014-07-26,Modern Daily #7313404,modern,modern-daily-7313404,modern-daily-7313404-2014-07-26
39,1,Slaughter Pact,,Sideboard,3,1,Melira Pod,Gallatin,256 tix,$ 849,241437,2014-07-26,Modern Daily #7313404,modern,modern-daily-7313404,modern-daily-7313404-2014-07-26
40,1,Burrenton Forge-Tender,,Sideboard,3,1,Melira Pod,Gallatin,256 tix,$ 849,241437,2014-07-26,Modern Daily #7313404,modern,modern-daily-7313404,modern-daily-7313404-2014-07-26
41,2,Path to Exile,,Sideboard,3,1,Melira Pod,Gallatin,256 tix,$ 849,241437,2014-07-26,Modern Daily #7313404,modern,modern-daily-7313404,modern-daily-7313404-2014-07-26
42,3,Thoughtseize,,Sideboard,3,1,Melira Pod,Gallatin,256 tix,$ 849,241437,2014-07-26,Modern Daily #7313404,modern,modern-daily-7313404,modern-daily-7313404-2014-07-26
43,1,"Kataki, War's Wage",,Sideboard,3,1,Melira Pod,Gallatin,256 tix,$ 849,241437,2014-07-26,Modern Daily #7313404,modern,modern-daily-7313404,modern-daily-7313404-2014-07-26
44,1,Aven Mindcensor,,Sideboard,3,1,Melira Pod,Gallatin,256 tix,$ 849,241437,2014-07-26,Modern Daily #7313404,modern,modern-daily-7313404,modern-daily-7313404-2014-07-26
45,1,Dismember,,Sideboard,3,1,Melira Pod,Gallatin,256 tix,$ 849,241437,2014-07-26,Modern Daily #7313404,modern,modern-daily-7313404,modern-daily-7313404-2014-07-26
46,1,Eidolon of Rhetoric,,Sideboard,3,1,Melira Pod,Gallatin,256 tix,$ 849,241437,2014-07-26,Modern Daily #7313404,modern,modern-daily-7313404,modern-daily-7313404-2014-07-26
47,2,Creeping Corrosion,,Sideboard,3,1,Melira Pod,Gallatin,256 tix,$ 849,241437,2014-07-26,Modern Daily #7313404,modern,modern-daily-7313404,modern-daily-7313404-2014-07-26
48,1,Entomber Exarch,,Sideboard,3,1,Melira Pod,Gallatin,256 tix,$ 849,241437,2014-07-26,Modern Daily #7313404,modern,modern-daily-7313404,modern-daily-7313404-2014-07-26
49,1,"Linvala, Keeper of Silence",,Sideboard,3,1,Melira Pod,Gallatin,256 tix,$ 849,241437,2014-07-26,Modern Daily #7313404,modern,modern-daily-7313404,modern-daily-7313404-2014-07-26
1,4,Birds of Paradise,,Creatures,3,1,Melira Pod,Kzrds,252 tix,$ 793,241438,2014-07-26,Modern Daily #7313404,modern,modern-daily-7313404,modern-daily-7313404-2014-07-26
2,3,Noble Hierarch,,Creatures,3,1,Melira Pod,Kzrds,252 tix,$ 793,241438,2014-07-26,Modern Daily #7313404,modern,modern-daily-7313404,modern-daily-7313404-2014-07-26
3,1,Viscera Seer,,Creatures,3,1,Melira Pod,Kzrds,252 tix,$ 793,241438,2014-07-26,Modern Daily #7313404,modern,modern-daily-7313404,modern-daily-7313404-2014-07-26
4,1,"Melira, Sylvok Outcast",,Creatures,3,1,Melira Pod,Kzrds,252 tix,$ 793,241438,2014-07-26,Modern Daily #7313404,modern,modern-daily-7313404,modern-daily-7313404-2014-07-26
5,1,Qasali Pridemage,,Creatures,3,1,Melira Pod,Kzrds,252 tix,$ 793,241438,2014-07-26,Modern Daily #7313404,modern,modern-daily-7313404,modern-daily-7313404-2014-07-26
6,1,Scavenging Ooze,,Creatures,3,1,Melira Pod,Kzrds,252 tix,$ 793,241438,2014-07-26,Modern Daily #7313404,modern,modern-daily-7313404,modern-daily-7313404-2014-07-26
7,1,Spellskite,,Creatures,3,1,Melira Pod,Kzrds,252 tix,$ 793,241438,2014-07-26,Modern Daily #7313404,modern,modern-daily-7313404,modern-daily-7313404-2014-07-26
8,3,Voice of Resurgence,,Creatures,3,1,Melira Pod,Kzrds,252 tix,$ 793,241438,2014-07-26,Modern Daily #7313404,modern,modern-daily-7313404,modern-daily-7313404-2014-07-26
9,1,Wall of Roots,,Creatures,3,1,Melira Pod,Kzrds,252 tix,$ 793,241438,2014-07-26,Modern Daily #7313404,modern,modern-daily-7313404,modern-daily-7313404-2014-07-26
10,1,Eternal Witness,,Creatures,3,1,Melira Pod,Kzrds,252 tix,$ 793,241438,2014-07-26,Modern Daily #7313404,modern,modern-daily-7313404,modern-daily-7313404-2014-07-26
11,4,Kitchen Finks,,Creatures,3,1,Melira Pod,Kzrds,252 tix,$ 793,241438,2014-07-26,Modern Daily #7313404,modern,modern-daily-7313404,modern-daily-7313404-2014-07-26
12,1,Orzhov Pontiff,,Creatures,3,1,Melira Pod,Kzrds,252 tix,$ 793,241438,2014-07-26,Modern Daily #7313404,modern,modern-daily-7313404,modern-daily-7313404-2014-07-26
13,1,Spike Feeder,,Creatures,3,1,Melira Pod,Kzrds,252 tix,$ 793,241438,2014-07-26,Modern Daily #7313404,modern,modern-daily-7313404,modern-daily-7313404-2014-07-26
14,1,"Linvala, Keeper of Silence",,Creatures,3,1,Melira Pod,Kzrds,252 tix,$ 793,241438,2014-07-26,Modern Daily #7313404,modern,modern-daily-7313404,modern-daily-7313404-2014-07-26
15,1,Murderous Redcap,,Creatures,3,1,Melira Pod,Kzrds,252 tix,$ 793,241438,2014-07-26,Modern Daily #7313404,modern,modern-daily-7313404,modern-daily-7313404-2014-07-26
16,1,Ranger of Eos,,Creatures,3,1,Melira Pod,Kzrds,252 tix,$ 793,241438,2014-07-26,Modern Daily #7313404,modern,modern-daily-7313404,modern-daily-7313404-2014-07-26
17,1,Archangel of Thune,,Creatures,3,1,Melira Pod,Kzrds,252 tix,$ 793,241438,2014-07-26,Modern Daily #7313404,modern,modern-daily-7313404,modern-daily-7313404-2014-07-26
18,1,Reveillark,,Creatures,3,1,Melira Pod,Kzrds,252 tix,$ 793,241438,2014-07-26,Modern Daily #7313404,modern,modern-daily-7313404,modern-daily-7313404-2014-07-26
19,1,Shriekmaw,,Creatures,3,1,Melira Pod,Kzrds,252 tix,$ 793,241438,2014-07-26,Modern Daily #7313404,modern,modern-daily-7313404,modern-daily-7313404-2014-07-26
21,2,Abrupt Decay,,Spells,3,1,Melira Pod,Kzrds,252 tix,$ 793,241438,2014-07-26,Modern Daily #7313404,modern,modern-daily-7313404,modern-daily-7313404-2014-07-26
22,2,Chord of Calling,,Spells,3,1,Melira Pod,Kzrds,252 tix,$ 793,241438,2014-07-26,Modern Daily #7313404,modern,modern-daily-7313404,modern-daily-7313404-2014-07-26
24,4,Birthing Pod,,Artifacts,3,1,Melira Pod,Kzrds,252 tix,$ 793,241438,2014-07-26,Modern Daily #7313404,modern,modern-daily-7313404,modern-daily-7313404-2014-07-26
26,4,Forest,,Lands,3,1,Melira Pod,Kzrds,252 tix,$ 793,241438,2014-07-26,Modern Daily #7313404,modern,modern-daily-7313404,modern-daily-7313404-2014-07-26
27,3,Gavony Township,,Lands,3,1,Melira Pod,Kzrds,252 tix,$ 793,241438,2014-07-26,Modern Daily #7313404,modern,modern-daily-7313404,modern-daily-7313404-2014-07-26
28,1,Godless Shrine,,Lands,3,1,Melira Pod,Kzrds,252 tix,$ 793,241438,2014-07-26,Modern Daily #7313404,modern,modern-daily-7313404,modern-daily-7313404-2014-07-26
29,2,Misty Rainforest,,Lands,3,1,Melira Pod,Kzrds,252 tix,$ 793,241438,2014-07-26,Modern Daily #7313404,modern,modern-daily-7313404,modern-daily-7313404-2014-07-26
30,2,Overgrown Tomb,,Lands,3,1,Melira Pod,Kzrds,252 tix,$ 793,241438,2014-07-26,Modern Daily #7313404,modern,modern-daily-7313404,modern-daily-7313404-2014-07-26
31,1,Plains,,Lands,3,1,Melira Pod,Kzrds,252 tix,$ 793,241438,2014-07-26,Modern Daily #7313404,modern,modern-daily-7313404,modern-daily-7313404-2014-07-26
32,3,Razorverge Thicket,,Lands,3,1,Melira Pod,Kzrds,252 tix,$ 793,241438,2014-07-26,Modern Daily #7313404,modern,modern-daily-7313404,modern-daily-7313404-2014-07-26
33,1,Swamp,,Lands,3,1,Melira Pod,Kzrds,252 tix,$ 793,241438,2014-07-26,Modern Daily #7313404,modern,modern-daily-7313404,modern-daily-7313404-2014-07-26
34,1,Temple Garden,,Lands,3,1,Melira Pod,Kzrds,252 tix,$ 793,241438,2014-07-26,Modern Daily #7313404,modern,modern-daily-7313404,modern-daily-7313404-2014-07-26
35,4,Verdant Catacombs,,Lands,3,1,Melira Pod,Kzrds,252 tix,$ 793,241438,2014-07-26,Modern Daily #7313404,modern,modern-daily-7313404,modern-daily-7313404-2014-07-26
36,1,Woodland Cemetery,,Lands,3,1,Melira Pod,Kzrds,252 tix,$ 793,241438,2014-07-26,Modern Daily #7313404,modern,modern-daily-7313404,modern-daily-7313404-2014-07-26
38,1,Slaughter Pact,,Sideboard,3,1,Melira Pod,Kzrds,252 tix,$ 793,241438,2014-07-26,Modern Daily #7313404,modern,modern-daily-7313404,modern-daily-7313404-2014-07-26
39,1,Path to Exile,,Sideboard,3,1,Melira Pod,Kzrds,252 tix,$ 793,241438,2014-07-26,Modern Daily #7313404,modern,modern-daily-7313404,modern-daily-7313404-2014-07-26
40,4,Thoughtseize,,Sideboard,3,1,Melira Pod,Kzrds,252 tix,$ 793,241438,2014-07-26,Modern Daily #7313404,modern,modern-daily-7313404,modern-daily-7313404-2014-07-26
41,1,Ethersworn Canonist,,Sideboard,3,1,Melira Pod,Kzrds,252 tix,$ 793,241438,2014-07-26,Modern Daily #7313404,modern,modern-daily-7313404,modern-daily-7313404-2014-07-26
42,1,"Kataki, War's Wage",,Sideboard,3,1,Melira Pod,Kzrds,252 tix,$ 793,241438,2014-07-26,Modern Daily #7313404,modern,modern-daily-7313404,modern-daily-7313404-2014-07-26
43,1,Scavenging Ooze,,Sideboard,3,1,Melira Pod,Kzrds,252 tix,$ 793,241438,2014-07-26,Modern Daily #7313404,modern,modern-daily-7313404,modern-daily-7313404-2014-07-26
44,1,Aven Mindcensor,,Sideboard,3,1,Melira Pod,Kzrds,252 tix,$ 793,241438,2014-07-26,Modern Daily #7313404,modern,modern-daily-7313404,modern-daily-7313404-2014-07-26
45,1,Harmonic Sliver,,Sideboard,3,1,Melira Pod,Kzrds,252 tix,$ 793,241438,2014-07-26,Modern Daily #7313404,modern,modern-daily-7313404,modern-daily-7313404-2014-07-26
46,1,Sin Collector,,Sideboard,3,1,Melira Pod,Kzrds,252 tix,$ 793,241438,2014-07-26,Modern Daily #7313404,modern,modern-daily-7313404,modern-daily-7313404-2014-07-26
47,1,Entomber Exarch,,Sideboard,3,1,Melira Pod,Kzrds,252 tix,$ 793,241438,2014-07-26,Modern Daily #7313404,modern,modern-daily-7313404,modern-daily-7313404-2014-07-26
48,1,Obstinate Baloth,,Sideboard,3,1,Melira Pod,Kzrds,252 tix,$ 793,241438,2014-07-26,Modern Daily #7313404,modern,modern-daily-7313404,modern-daily-7313404-2014-07-26
49,1,"Thrun, the Last Troll",,Sideboard,3,1,Melira Pod,Kzrds,252 tix,$ 793,241438,2014-07-26,Modern Daily #7313404,modern,modern-daily-7313404,modern-daily-7313404-2014-07-26
1,4,Birds of Paradise,,Creatures,3,1,Melira Pod,ht991122,237 tix,$ 819,241441,2014-07-26,Modern Daily #7313404,modern,modern-daily-7313404,modern-daily-7313404-2014-07-26
2,3,Noble Hierarch,,Creatures,3,1,Melira Pod,ht991122,237 tix,$ 819,241441,2014-07-26,Modern Daily #7313404,modern,modern-daily-7313404,modern-daily-7313404-2014-07-26
3,2,Viscera Seer,,Creatures,3,1,Melira Pod,ht991122,237 tix,$ 819,241441,2014-07-26,Modern Daily #7313404,modern,modern-daily-7313404,modern-daily-7313404-2014-07-26
4,3,"Melira, Sylvok Outcast",,Creatures,3,1,Melira Pod,ht991122,237 tix,$ 819,241441,2014-07-26,Modern Daily #7313404,modern,modern-daily-7313404,modern-daily-7313404-2014-07-26
5,1,Qasali Pridemage,,Creatures,3,1,Melira Pod,ht991122,237 tix,$ 819,241441,2014-07-26,Modern Daily #7313404,modern,modern-daily-7313404,modern-daily-7313404-2014-07-26
6,1,Scavenging Ooze,,Creatures,3,1,Melira Pod,ht991122,237 tix,$ 819,241441,2014-07-26,Modern Daily #7313404,modern,modern-daily-7313404,modern-daily-7313404-2014-07-26
7,3,Wall of Roots,,Creatures,3,1,Melira Pod,ht991122,237 tix,$ 819,241441,2014-07-26,Modern Daily #7313404,modern,modern-daily-7313404,modern-daily-7313404-2014-07-26
8,1,Aven Mindcensor,,Creatures,3,1,Melira Pod,ht991122,237 tix,$ 819,241441,2014-07-26,Modern Daily #7313404,modern,modern-daily-7313404,modern-daily-7313404-2014-07-26
9,4,Kitchen Finks,,Creatures,3,1,Melira Pod,ht991122,237 tix,$ 819,241441,2014-07-26,Modern Daily #7313404,modern,modern-daily-7313404,modern-daily-7313404-2014-07-26
10,1,Orzhov Pontiff,,Creatures,3,1,Melira Pod,ht991122,237 tix,$ 819,241441,2014-07-26,Modern Daily #7313404,modern,modern-daily-7313404,modern-daily-7313404-2014-07-26
11,2,Murderous Redcap,,Creatures,3,1,Melira Pod,ht991122,237 tix,$ 819,241441,2014-07-26,Modern Daily #7313404,modern,modern-daily-7313404,modern-daily-7313404-2014-07-26
12,1,Ranger of Eos,,Creatures,3,1,Melira Pod,ht991122,237 tix,$ 819,241441,2014-07-26,Modern Daily #7313404,modern,modern-daily-7313404,modern-daily-7313404-2014-07-26
13,1,Reveillark,,Creatures,3,1,Melira Pod,ht991122,237 tix,$ 819,241441,2014-07-26,Modern Daily #7313404,modern,modern-daily-7313404,modern-daily-7313404-2014-07-26
14,1,Shriekmaw,,Creatures,3,1,Melira Pod,ht991122,237 tix,$ 819,241441,2014-07-26,Modern Daily #7313404,modern,modern-daily-7313404,modern-daily-7313404-2014-07-26
16,2,Abrupt Decay,,Spells,3,1,Melira Pod,ht991122,237 tix,$ 819,241441,2014-07-26,Modern Daily #7313404,modern,modern-daily-7313404,modern-daily-7313404-2014-07-26
17,4,Chord of Calling,,Spells,3,1,Melira Pod,ht991122,237 tix,$ 819,241441,2014-07-26,Modern Daily #7313404,modern,modern-daily-7313404,modern-daily-7313404-2014-07-26
19,4,Birthing Pod,,Artifacts,3,1,Melira Pod,ht991122,237 tix,$ 819,241441,2014-07-26,Modern Daily #7313404,modern,modern-daily-7313404,modern-daily-7313404-2014-07-26
21,2,Forest,,Lands,3,1,Melira Pod,ht991122,237 tix,$ 819,241441,2014-07-26,Modern Daily #7313404,modern,modern-daily-7313404,modern-daily-7313404-2014-07-26
22,3,Gavony Township,,Lands,3,1,Melira Pod,ht991122,237 tix,$ 819,241441,2014-07-26,Modern Daily #7313404,modern,modern-daily-7313404,modern-daily-7313404-2014-07-26
23,1,Godless Shrine,,Lands,3,1,Melira Pod,ht991122,237 tix,$ 819,241441,2014-07-26,Modern Daily #7313404,modern,modern-daily-7313404,modern-daily-7313404-2014-07-26
24,1,Marsh Flats,,Lands,3,1,Melira Pod,ht991122,237 tix,$ 819,241441,2014-07-26,Modern Daily #7313404,modern,modern-daily-7313404,modern-daily-7313404-2014-07-26
25,4,Misty Rainforest,,Lands,3,1,Melira Pod,ht991122,237 tix,$ 819,241441,2014-07-26,Modern Daily #7313404,modern,modern-daily-7313404,modern-daily-7313404-2014-07-26
26,2,Overgrown Tomb,,Lands,3,1,Melira Pod,ht991122,237 tix,$ 819,241441,2014-07-26,Modern Daily #7313404,modern,modern-daily-7313404,modern-daily-7313404-2014-07-26
27,2,Razorverge Thicket,,Lands,3,1,Melira Pod,ht991122,237 tix,$ 819,241441,2014-07-26,Modern Daily #7313404,modern,modern-daily-7313404,modern-daily-7313404-2014-07-26
28,1,Swamp,,Lands,3,1,Melira Pod,ht991122,237 tix,$ 819,241441,2014-07-26,Modern Daily #7313404,modern,modern-daily-7313404,modern-daily-7313404-2014-07-26
29,1,Temple Garden,,Lands,3,1,Melira Pod,ht991122,237 tix,$ 819,241441,2014-07-26,Modern Daily #7313404,modern,modern-daily-7313404,modern-daily-7313404-2014-07-26
30,4,Verdant Catacombs,,Lands,3,1,Melira Pod,ht991122,237 tix,$ 819,241441,2014-07-26,Modern Daily #7313404,modern,modern-daily-7313404,modern-daily-7313404-2014-07-26
31,1,Woodland Cemetery,,Lands,3,1,Melira Pod,ht991122,237 tix,$ 819,241441,2014-07-26,Modern Daily #7313404,modern,modern-daily-7313404,modern-daily-7313404-2014-07-26
33,2,Slaughter Pact,,Sideboard,3,1,Melira Pod,ht991122,237 tix,$ 819,241441,2014-07-26,Modern Daily #7313404,modern,modern-daily-7313404,modern-daily-7313404-2014-07-26
34,1,Burrenton Forge-Tender,,Sideboard,3,1,Melira Pod,ht991122,237 tix,$ 819,241441,2014-07-26,Modern Daily #7313404,modern,modern-daily-7313404,modern-daily-7313404-2014-07-26
35,2,Duress,,Sideboard,3,1,Melira Pod,ht991122,237 tix,$ 819,241441,2014-07-26,Modern Daily #7313404,modern,modern-daily-7313404,modern-daily-7313404-2014-07-26
36,2,Thoughtseize,,Sideboard,3,1,Melira Pod,ht991122,237 tix,$ 819,241441,2014-07-26,Modern Daily #7313404,modern,modern-daily-7313404,modern-daily-7313404-2014-07-26
37,1,Abrupt Decay,,Sideboard,3,1,Melira Pod,ht991122,237 tix,$ 819,241441,2014-07-26,Modern Daily #7313404,modern,modern-daily-7313404,modern-daily-7313404-2014-07-26
38,1,Ethersworn Canonist,,Sideboard,3,1,Melira Pod,ht991122,237 tix,$ 819,241441,2014-07-26,Modern Daily #7313404,modern,modern-daily-7313404,modern-daily-7313404-2014-07-26
39,1,"Kataki, War's Wage",,Sideboard,3,1,Melira Pod,ht991122,237 tix,$ 819,241441,2014-07-26,Modern Daily #7313404,modern,modern-daily-7313404,modern-daily-7313404-2014-07-26
40,1,Lone Missionary,,Sideboard,3,1,Melira Pod,ht991122,237 tix,$ 819,241441,2014-07-26,Modern Daily #7313404,modern,modern-daily-7313404,modern-daily-7313404-2014-07-26
41,1,Harmonic Sliver,,Sideboard,3,1,Melira Pod,ht991122,237 tix,$ 819,241441,2014-07-26,Modern Daily #7313404,modern,modern-daily-7313404,modern-daily-7313404-2014-07-26
42,1,Sin Collector,,Sideboard,3,1,Melira Pod,ht991122,237 tix,$ 819,241441,2014-07-26,Modern Daily #7313404,modern,modern-daily-7313404,modern-daily-7313404-2014-07-26
43,1,"Linvala, Keeper of Silence",,Sideboard,3,1,Melira Pod,ht991122,237 tix,$ 819,241441,2014-07-26,Modern Daily #7313404,modern,modern-daily-7313404,modern-daily-7313404-2014-07-26
44,1,Obstinate Baloth,,Sideboard,3,1,Melira Pod,ht991122,237 tix,$ 819,241441,2014-07-26,Modern Daily #7313404,modern,modern-daily-7313404,modern-daily-7313404-2014-07-26
1,4,Snapcaster Mage,,Creatures,3,1,Pyromancer Twin,tennisStar99,247 tix,"$ 1,024",241440,2014-07-26,Modern Daily #7313404,modern,modern-daily-7313404,modern-daily-7313404-2014-07-26
2,4,Young Pyromancer,,Creatures,3,1,Pyromancer Twin,tennisStar99,247 tix,"$ 1,024",241440,2014-07-26,Modern Daily #7313404,modern,modern-daily-7313404,modern-daily-7313404-2014-07-26
3,4,Deceiver Exarch,,Creatures,3,1,Pyromancer Twin,tennisStar99,247 tix,"$ 1,024",241440,2014-07-26,Modern Daily #7313404,modern,modern-daily-7313404,modern-daily-7313404-2014-07-26
5,4,Gitaxian Probe,,Spells,3,1,Pyromancer Twin,tennisStar99,247 tix,"$ 1,024",241440,2014-07-26,Modern Daily #7313404,modern,modern-daily-7313404,modern-daily-7313404-2014-07-26
6,4,Lightning Bolt,,Spells,3,1,Pyromancer Twin,tennisStar99,247 tix,"$ 1,024",241440,2014-07-26,Modern Daily #7313404,modern,modern-daily-7313404,modern-daily-7313404-2014-07-26
7,4,Serum Visions,,Spells,3,1,Pyromancer Twin,tennisStar99,247 tix,"$ 1,024",241440,2014-07-26,Modern Daily #7313404,modern,modern-daily-7313404,modern-daily-7313404-2014-07-26
8,2,Sleight of Hand,,Spells,3,1,Pyromancer Twin,tennisStar99,247 tix,"$ 1,024",241440,2014-07-26,Modern Daily #7313404,modern,modern-daily-7313404,modern-daily-7313404-2014-07-26
9,4,Remand,,Spells,3,1,Pyromancer Twin,tennisStar99,247 tix,"$ 1,024",241440,2014-07-26,Modern Daily #7313404,modern,modern-daily-7313404,modern-daily-7313404-2014-07-26
10,2,Cryptic Command,,Spells,3,1,Pyromancer Twin,tennisStar99,247 tix,"$ 1,024",241440,2014-07-26,Modern Daily #7313404,modern,modern-daily-7313404,modern-daily-7313404-2014-07-26
12,2,Vedalken Shackles,,Artifacts,3,1,Pyromancer Twin,tennisStar99,247 tix,"$ 1,024",241440,2014-07-26,Modern Daily #7313404,modern,modern-daily-7313404,modern-daily-7313404-2014-07-26
14,4,Splinter Twin,,Enchantments,3,1,Pyromancer Twin,tennisStar99,247 tix,"$ 1,024",241440,2014-07-26,Modern Daily #7313404,modern,modern-daily-7313404,modern-daily-7313404-2014-07-26
16,1,Breeding Pool,,Lands,3,1,Pyromancer Twin,tennisStar99,247 tix,"$ 1,024",241440,2014-07-26,Modern Daily #7313404,modern,modern-daily-7313404,modern-daily-7313404-2014-07-26
17,7,Island,,Lands,3,1,Pyromancer Twin,tennisStar99,247 tix,"$ 1,024",241440,2014-07-26,Modern Daily #7313404,modern,modern-daily-7313404,modern-daily-7313404-2014-07-26
18,2,Misty Rainforest,,Lands,3,1,Pyromancer Twin,tennisStar99,247 tix,"$ 1,024",241440,2014-07-26,Modern Daily #7313404,modern,modern-daily-7313404,modern-daily-7313404-2014-07-26
19,1,Mountain,,Lands,3,1,Pyromancer Twin,tennisStar99,247 tix,"$ 1,024",241440,2014-07-26,Modern Daily #7313404,modern,modern-daily-7313404,modern-daily-7313404-2014-07-26
20,3,Mutavault,,Lands,3,1,Pyromancer Twin,tennisStar99,247 tix,"$ 1,024",241440,2014-07-26,Modern Daily #7313404,modern,modern-daily-7313404,modern-daily-7313404-2014-07-26
21,3,Scalding Tarn,,Lands,3,1,Pyromancer Twin,tennisStar99,247 tix,"$ 1,024",241440,2014-07-26,Modern Daily #7313404,modern,modern-daily-7313404,modern-daily-7313404-2014-07-26
22,4,Steam Vents,,Lands,3,1,Pyromancer Twin,tennisStar99,247 tix,"$ 1,024",241440,2014-07-26,Modern Daily #7313404,modern,modern-daily-7313404,modern-daily-7313404-2014-07-26
23,1,Sulfur Falls,,Lands,3,1,Pyromancer Twin,tennisStar99,247 tix,"$ 1,024",241440,2014-07-26,Modern Daily #7313404,modern,modern-daily-7313404,modern-daily-7313404-2014-07-26
25,1,Engineered Explosives,,Sideboard,3,1,Pyromancer Twin,tennisStar99,247 tix,"$ 1,024",241440,2014-07-26,Modern Daily #7313404,modern,modern-daily-7313404,modern-daily-7313404-2014-07-26
26,1,Dispel,,Sideboard,3,1,Pyromancer Twin,tennisStar99,247 tix,"$ 1,024",241440,2014-07-26,Modern Daily #7313404,modern,modern-daily-7313404,modern-daily-7313404-2014-07-26
27,2,Ancient Grudge,,Sideboard,3,1,Pyromancer Twin,tennisStar99,247 tix,"$ 1,024",241440,2014-07-26,Modern Daily #7313404,modern,modern-daily-7313404,modern-daily-7313404-2014-07-26
28,1,Negate,,Sideboard,3,1,Pyromancer Twin,tennisStar99,247 tix,"$ 1,024",241440,2014-07-26,Modern Daily #7313404,modern,modern-daily-7313404,modern-daily-7313404-2014-07-26
29,1,Spellskite,,Sideboard,3,1,Pyromancer Twin,tennisStar99,247 tix,"$ 1,024",241440,2014-07-26,Modern Daily #7313404,modern,modern-daily-7313404,modern-daily-7313404-2014-07-26
30,1,Counterflux,,Sideboard,3,1,Pyromancer Twin,tennisStar99,247 tix,"$ 1,024",241440,2014-07-26,Modern Daily #7313404,modern,modern-daily-7313404,modern-daily-7313404-2014-07-26
31,1,Electrolyze,,Sideboard,3,1,Pyromancer Twin,tennisStar99,247 tix,"$ 1,024",241440,2014-07-26,Modern Daily #7313404,modern,modern-daily-7313404,modern-daily-7313404-2014-07-26
32,1,Izzet Staticaster,,Sideboard,3,1,Pyromancer Twin,tennisStar99,247 tix,"$ 1,024",241440,2014-07-26,Modern Daily #7313404,modern,modern-daily-7313404,modern-daily-7313404-2014-07-26
33,4,Stone Rain,,Sideboard,3,1,Pyromancer Twin,tennisStar99,247 tix,"$ 1,024",241440,2014-07-26,Modern Daily #7313404,modern,modern-daily-7313404,modern-daily-7313404-2014-07-26
34,1,Batterskull,,Sideboard,3,1,Pyromancer Twin,tennisStar99,247 tix,"$ 1,024",241440,2014-07-26,Modern Daily #7313404,modern,modern-daily-7313404,modern-daily-7313404-2014-07-26
1,4,Delver of Secrets,,Creatures,3,1,UR Delver,bashfor1,286 tix,$ 980,241435,2014-07-26,Modern Daily #7313404,modern,modern-daily-7313404,modern-daily-7313404-2014-07-26
2,2,Grim Lavamancer,,Creatures,3,1,UR Delver,bashfor1,286 tix,$ 980,241435,2014-07-26,Modern Daily #7313404,modern,modern-daily-7313404,modern-daily-7313404-2014-07-26
3,4,Snapcaster Mage,,Creatures,3,1,UR Delver,bashfor1,286 tix,$ 980,241435,2014-07-26,Modern Daily #7313404,modern,modern-daily-7313404,modern-daily-7313404-2014-07-26
4,4,Young Pyromancer,,Creatures,3,1,UR Delver,bashfor1,286 tix,$ 980,241435,2014-07-26,Modern Daily #7313404,modern,modern-daily-7313404,modern-daily-7313404-2014-07-26
5,2,Vendilion Clique,,Creatures,3,1,UR Delver,bashfor1,286 tix,$ 980,241435,2014-07-26,Modern Daily #7313404,modern,modern-daily-7313404,modern-daily-7313404-2014-07-26
7,1,Burst Lightning,,Spells,3,1,UR Delver,bashfor1,286 tix,$ 980,241435,2014-07-26,Modern Daily #7313404,modern,modern-daily-7313404,modern-daily-7313404-2014-07-26
8,4,Gitaxian Probe,,Spells,3,1,UR Delver,bashfor1,286 tix,$ 980,241435,2014-07-26,Modern Daily #7313404,modern,modern-daily-7313404,modern-daily-7313404-2014-07-26
9,4,Lightning Bolt,,Spells,3,1,UR Delver,bashfor1,286 tix,$ 980,241435,2014-07-26,Modern Daily #7313404,modern,modern-daily-7313404,modern-daily-7313404-2014-07-26
10,1,Pillar of Flame,,Spells,3,1,UR Delver,bashfor1,286 tix,$ 980,241435,2014-07-26,Modern Daily #7313404,modern,modern-daily-7313404,modern-daily-7313404-2014-07-26
11,4,Serum Visions,,Spells,3,1,UR Delver,bashfor1,286 tix,$ 980,241435,2014-07-26,Modern Daily #7313404,modern,modern-daily-7313404,modern-daily-7313404-2014-07-26
12,2,Spell Snare,,Spells,3,1,UR Delver,bashfor1,286 tix,$ 980,241435,2014-07-26,Modern Daily #7313404,modern,modern-daily-7313404,modern-daily-7313404-2014-07-26
13,2,Vapor Snag,,Spells,3,1,UR Delver,bashfor1,286 tix,$ 980,241435,2014-07-26,Modern Daily #7313404,modern,modern-daily-7313404,modern-daily-7313404-2014-07-26
14,2,Mana Leak,,Spells,3,1,UR Delver,bashfor1,286 tix,$ 980,241435,2014-07-26,Modern Daily #7313404,modern,modern-daily-7313404,modern-daily-7313404-2014-07-26
15,4,Remand,,Spells,3,1,UR Delver,bashfor1,286 tix,$ 980,241435,2014-07-26,Modern Daily #7313404,modern,modern-daily-7313404,modern-daily-7313404-2014-07-26
16,1,Electrolyze,,Spells,3,1,UR Delver,bashfor1,286 tix,$ 980,241435,2014-07-26,Modern Daily #7313404,modern,modern-daily-7313404,modern-daily-7313404-2014-07-26
18,7,Island,,Lands,3,1,UR Delver,bashfor1,286 tix,$ 980,241435,2014-07-26,Modern Daily #7313404,modern,modern-daily-7313404,modern-daily-7313404-2014-07-26
19,1,Mountain,,Lands,3,1,UR Delver,bashfor1,286 tix,$ 980,241435,2014-07-26,Modern Daily #7313404,modern,modern-daily-7313404,modern-daily-7313404-2014-07-26
20,4,Scalding Tarn,,Lands,3,1,UR Delver,bashfor1,286 tix,$ 980,241435,2014-07-26,Modern Daily #7313404,modern,modern-daily-7313404,modern-daily-7313404-2014-07-26
21,4,Steam Vents,,Lands,3,1,UR Delver,bashfor1,286 tix,$ 980,241435,2014-07-26,Modern Daily #7313404,modern,modern-daily-7313404,modern-daily-7313404-2014-07-26
22,3,Sulfur Falls,,Lands,3,1,UR Delver,bashfor1,286 tix,$ 980,241435,2014-07-26,Modern Daily #7313404,modern,modern-daily-7313404,modern-daily-7313404-2014-07-26
24,1,Engineered Explosives,,Sideboard,3,1,UR Delver,bashfor1,286 tix,$ 980,241435,2014-07-26,Modern Daily #7313404,modern,modern-daily-7313404,modern-daily-7313404-2014-07-26
25,2,Dispel,,Sideboard,3,1,UR Delver,bashfor1,286 tix,$ 980,241435,2014-07-26,Modern Daily #7313404,modern,modern-daily-7313404,modern-daily-7313404-2014-07-26
26,1,Relic of Progenitus,,Sideboard,3,1,UR Delver,bashfor1,286 tix,$ 980,241435,2014-07-26,Modern Daily #7313404,modern,modern-daily-7313404,modern-daily-7313404-2014-07-26
27,2,Vandalblast,,Sideboard,3,1,UR Delver,bashfor1,286 tix,$ 980,241435,2014-07-26,Modern Daily #7313404,modern,modern-daily-7313404,modern-daily-7313404-2014-07-26
28,1,Negate,,Sideboard,3,1,UR Delver,bashfor1,286 tix,$ 980,241435,2014-07-26,Modern Daily #7313404,modern,modern-daily-7313404,modern-daily-7313404-2014-07-26
29,1,Spellskite,,Sideboard,3,1,UR Delver,bashfor1,286 tix,$ 980,241435,2014-07-26,Modern Daily #7313404,modern,modern-daily-7313404,modern-daily-7313404-2014-07-26
30,3,Blood Moon,,Sideboard,3,1,UR Delver,bashfor1,286 tix,$ 980,241435,2014-07-26,Modern Daily #7313404,modern,modern-daily-7313404,modern-daily-7313404-2014-07-26
31,1,Electrolyze,,Sideboard,3,1,UR Delver,bashfor1,286 tix,$ 980,241435,2014-07-26,Modern Daily #7313404,modern,modern-daily-7313404,modern-daily-7313404-2014-07-26
32,2,Shatterstorm,,Sideboard,3,1,UR Delver,bashfor1,286 tix,$ 980,241435,2014-07-26,Modern Daily #7313404,modern,modern-daily-7313404,modern-daily-7313404-2014-07-26
33,1,Sowing Salt,,Sideboard,3,1,UR Delver,bashfor1,286 tix,$ 980,241435,2014-07-26,Modern Daily #7313404,modern,modern-daily-7313404,modern-daily-7313404-2014-07-26
1,4,Goblin Electromancer,,Creatures,3,1,UR Storm,Right_Seid_MTG,163 tix,$ 621,241439,2014-07-26,Modern Daily #7313404,modern,modern-daily-7313404,modern-daily-7313404-2014-07-26
3,4,Gitaxian Probe,,Spells,3,1,UR Storm,Right_Seid_MTG,163 tix,$ 621,241439,2014-07-26,Modern Daily #7313404,modern,modern-daily-7313404,modern-daily-7313404-2014-07-26
4,4,Serum Visions,,Spells,3,1,UR Storm,Right_Seid_MTG,163 tix,$ 621,241439,2014-07-26,Modern Daily #7313404,modern,modern-daily-7313404,modern-daily-7313404-2014-07-26
5,4,Sleight of Hand,,Spells,3,1,UR Storm,Right_Seid_MTG,163 tix,$ 621,241439,2014-07-26,Modern Daily #7313404,modern,modern-daily-7313404,modern-daily-7313404-2014-07-26
6,4,Thought Scour,,Spells,3,1,UR Storm,Right_Seid_MTG,163 tix,$ 621,241439,2014-07-26,Modern Daily #7313404,modern,modern-daily-7313404,modern-daily-7313404-2014-07-26
7,3,Desperate Ravings,,Spells,3,1,UR Storm,Right_Seid_MTG,163 tix,$ 621,241439,2014-07-26,Modern Daily #7313404,modern,modern-daily-7313404,modern-daily-7313404-2014-07-26
8,4,Desperate Ritual,,Spells,3,1,UR Storm,Right_Seid_MTG,163 tix,$ 621,241439,2014-07-26,Modern Daily #7313404,modern,modern-daily-7313404,modern-daily-7313404-2014-07-26
9,2,Grapeshot,,Spells,3,1,UR Storm,Right_Seid_MTG,163 tix,$ 621,241439,2014-07-26,Modern Daily #7313404,modern,modern-daily-7313404,modern-daily-7313404-2014-07-26
10,4,Manamorphose,,Spells,3,1,UR Storm,Right_Seid_MTG,163 tix,$ 621,241439,2014-07-26,Modern Daily #7313404,modern,modern-daily-7313404,modern-daily-7313404-2014-07-26
11,4,Pyretic Ritual,,Spells,3,1,UR Storm,Right_Seid_MTG,163 tix,$ 621,241439,2014-07-26,Modern Daily #7313404,modern,modern-daily-7313404,modern-daily-7313404-2014-07-26
12,3,Past in Flames,,Spells,3,1,UR Storm,Right_Seid_MTG,163 tix,$ 621,241439,2014-07-26,Modern Daily #7313404,modern,modern-daily-7313404,modern-daily-7313404-2014-07-26
14,4,Pyromancer Ascension,,Enchantments,3,1,UR Storm,Right_Seid_MTG,163 tix,$ 621,241439,2014-07-26,Modern Daily #7313404,modern,modern-daily-7313404,modern-daily-7313404-2014-07-26
16,3,Island,,Lands,3,1,UR Storm,Right_Seid_MTG,163 tix,$ 621,241439,2014-07-26,Modern Daily #7313404,modern,modern-daily-7313404,modern-daily-7313404-2014-07-26
17,3,Misty Rainforest,,Lands,3,1,UR Storm,Right_Seid_MTG,163 tix,$ 621,241439,2014-07-26,Modern Daily #7313404,modern,modern-daily-7313404,modern-daily-7313404-2014-07-26
18,1,Mountain,,Lands,3,1,UR Storm,Right_Seid_MTG,163 tix,$ 621,241439,2014-07-26,Modern Daily #7313404,modern,modern-daily-7313404,modern-daily-7313404-2014-07-26
19,4,Scalding Tarn,,Lands,3,1,UR Storm,Right_Seid_MTG,163 tix,$ 621,241439,2014-07-26,Modern Daily #7313404,modern,modern-daily-7313404,modern-daily-7313404-2014-07-26
20,3,Shivan Reef,,Lands,3,1,UR Storm,Right_Seid_MTG,163 tix,$ 621,241439,2014-07-26,Modern Daily #7313404,modern,modern-daily-7313404,modern-daily-7313404-2014-07-26
21,2,Steam Vents,,Lands,3,1,UR Storm,Right_Seid_MTG,163 tix,$ 621,241439,2014-07-26,Modern Daily #7313404,modern,modern-daily-7313404,modern-daily-7313404-2014-07-26
23,4,Flame Slash,,Sideboard,3,1,UR Storm,Right_Seid_MTG,163 tix,$ 621,241439,2014-07-26,Modern Daily #7313404,modern,modern-daily-7313404,modern-daily-7313404-2014-07-26
24,2,Defense Grid,,Sideboard,3,1,UR Storm,Right_Seid_MTG,163 tix,$ 621,241439,2014-07-26,Modern Daily #7313404,modern,modern-daily-7313404,modern-daily-7313404-2014-07-26
25,2,Dragon's Claw,,Sideboard,3,1,UR Storm,Right_Seid_MTG,163 tix,$ 621,241439,2014-07-26,Modern Daily #7313404,modern,modern-daily-7313404,modern-daily-7313404-2014-07-26
26,1,Echoing Truth,,Sideboard,3,1,UR Storm,Right_Seid_MTG,163 tix,$ 621,241439,2014-07-26,Modern Daily #7313404,modern,modern-daily-7313404,modern-daily-7313404-2014-07-26
27,3,Empty the Warrens,,Sideboard,3,1,UR Storm,Right_Seid_MTG,163 tix,$ 621,241439,2014-07-26,Modern Daily #7313404,modern,modern-daily-7313404,modern-daily-7313404-2014-07-26
28,3,Shatterstorm,,Sideboard,3,1,UR Storm,Right_Seid_MTG,163 tix,$ 621,241439,2014-07-26,Modern Daily #7313404,modern,modern-daily-7313404,modern-daily-7313404-2014-07-26
1,4,Snapcaster Mage,,Creatures,3,1,UWR Control,abbadon55,335 tix,"$ 1,316",241436,2014-07-26,Modern Daily #7313404,modern,modern-daily-7313404,modern-daily-7313404-2014-07-26
2,2,Vendilion Clique,,Creatures,3,1,UWR Control,abbadon55,335 tix,"$ 1,316",241436,2014-07-26,Modern Daily #7313404,modern,modern-daily-7313404,modern-daily-7313404-2014-07-26
3,4,Restoration Angel,,Creatures,3,1,UWR Control,abbadon55,335 tix,"$ 1,316",241436,2014-07-26,Modern Daily #7313404,modern,modern-daily-7313404,modern-daily-7313404-2014-07-26
5,4,Lightning Bolt,,Spells,3,1,UWR Control,abbadon55,335 tix,"$ 1,316",241436,2014-07-26,Modern Daily #7313404,modern,modern-daily-7313404,modern-daily-7313404-2014-07-26
6,3,Path to Exile,,Spells,3,1,UWR Control,abbadon55,335 tix,"$ 1,316",241436,2014-07-26,Modern Daily #7313404,modern,modern-daily-7313404,modern-daily-7313404-2014-07-26
7,2,Spell Snare,,Spells,3,1,UWR Control,abbadon55,335 tix,"$ 1,316",241436,2014-07-26,Modern Daily #7313404,modern,modern-daily-7313404,modern-daily-7313404-2014-07-26
8,3,Lightning Helix,,Spells,3,1,UWR Control,abbadon55,335 tix,"$ 1,316",241436,2014-07-26,Modern Daily #7313404,modern,modern-daily-7313404,modern-daily-7313404-2014-07-26
9,3,Mana Leak,,Spells,3,1,UWR Control,abbadon55,335 tix,"$ 1,316",241436,2014-07-26,Modern Daily #7313404,modern,modern-daily-7313404,modern-daily-7313404-2014-07-26
10,1,Remand,,Spells,3,1,UWR Control,abbadon55,335 tix,"$ 1,316",241436,2014-07-26,Modern Daily #7313404,modern,modern-daily-7313404,modern-daily-7313404-2014-07-26
11,1,Shadow of Doubt,,Spells,3,1,UWR Control,abbadon55,335 tix,"$ 1,316",241436,2014-07-26,Modern Daily #7313404,modern,modern-daily-7313404,modern-daily-7313404-2014-07-26
12,1,Anger of the Gods,,Spells,3,1,UWR Control,abbadon55,335 tix,"$ 1,316",241436,2014-07-26,Modern Daily #7313404,modern,modern-daily-7313404,modern-daily-7313404-2014-07-26
13,2,Electrolyze,,Spells,3,1,UWR Control,abbadon55,335 tix,"$ 1,316",241436,2014-07-26,Modern Daily #7313404,modern,modern-daily-7313404,modern-daily-7313404-2014-07-26
14,1,Sphinx's Revelation,,Spells,3,1,UWR Control,abbadon55,335 tix,"$ 1,316",241436,2014-07-26,Modern Daily #7313404,modern,modern-daily-7313404,modern-daily-7313404-2014-07-26
15,3,Cryptic Command,,Spells,3,1,UWR Control,abbadon55,335 tix,"$ 1,316",241436,2014-07-26,Modern Daily #7313404,modern,modern-daily-7313404,modern-daily-7313404-2014-07-26
17,4,Arid Mesa,,Lands,3,1,UWR Control,abbadon55,335 tix,"$ 1,316",241436,2014-07-26,Modern Daily #7313404,modern,modern-daily-7313404,modern-daily-7313404-2014-07-26
18,4,Celestial Colonnade,,Lands,3,1,UWR Control,abbadon55,335 tix,"$ 1,316",241436,2014-07-26,Modern Daily #7313404,modern,modern-daily-7313404,modern-daily-7313404-2014-07-26
19,2,Hallowed Fountain,,Lands,3,1,UWR Control,abbadon55,335 tix,"$ 1,316",241436,2014-07-26,Modern Daily #7313404,modern,modern-daily-7313404,modern-daily-7313404-2014-07-26
20,3,Island,,Lands,3,1,UWR Control,abbadon55,335 tix,"$ 1,316",241436,2014-07-26,Modern Daily #7313404,modern,modern-daily-7313404,modern-daily-7313404-2014-07-26
21,1,Mountain,,Lands,3,1,UWR Control,abbadon55,335 tix,"$ 1,316",241436,2014-07-26,Modern Daily #7313404,modern,modern-daily-7313404,modern-daily-7313404-2014-07-26
22,1,Plains,,Lands,3,1,UWR Control,abbadon55,335 tix,"$ 1,316",241436,2014-07-26,Modern Daily #7313404,modern,modern-daily-7313404,modern-daily-7313404-2014-07-26
23,1,Sacred Foundry,,Lands,3,1,UWR Control,abbadon55,335 tix,"$ 1,316",241436,2014-07-26,Modern Daily #7313404,modern,modern-daily-7313404,modern-daily-7313404-2014-07-26
24,4,Scalding Tarn,,Lands,3,1,UWR Control,abbadon55,335 tix,"$ 1,316",241436,2014-07-26,Modern Daily #7313404,modern,modern-daily-7313404,modern-daily-7313404-2014-07-26
25,2,Steam Vents,,Lands,3,1,UWR Control,abbadon55,335 tix,"$ 1,316",241436,2014-07-26,Modern Daily #7313404,modern,modern-daily-7313404,modern-daily-7313404-2014-07-26
26,1,Sulfur Falls,,Lands,3,1,UWR Control,abbadon55,335 tix,"$ 1,316",241436,2014-07-26,Modern Daily #7313404,modern,modern-daily-7313404,modern-daily-7313404-2014-07-26
27,3,Tectonic Edge,,Lands,3,1,UWR Control,abbadon55,335 tix,"$ 1,316",241436,2014-07-26,Modern Daily #7313404,modern,modern-daily-7313404,modern-daily-7313404-2014-07-26
29,1,Wear & Tear,,Sideboard,3,1,UWR Control,abbadon55,335 tix,"$ 1,316",241436,2014-07-26,Modern Daily #7313404,modern,modern-daily-7313404,modern-daily-7313404-2014-07-26
30,2,Celestial Purge,,Sideboard,3,1,UWR Control,abbadon55,335 tix,"$ 1,316",241436,2014-07-26,Modern Daily #7313404,modern,modern-daily-7313404,modern-daily-7313404-2014-07-26
31,2,Negate,,Sideboard,3,1,UWR Control,abbadon55,335 tix,"$ 1,316",241436,2014-07-26,Modern Daily #7313404,modern,modern-daily-7313404,modern-daily-7313404-2014-07-26
32,2,Spellskite,,Sideboard,3,1,UWR Control,abbadon55,335 tix,"$ 1,316",241436,2014-07-26,Modern Daily #7313404,modern,modern-daily-7313404,modern-daily-7313404-2014-07-26
33,2,Stony Silence,,Sideboard,3,1,UWR Control,abbadon55,335 tix,"$ 1,316",241436,2014-07-26,Modern Daily #7313404,modern,modern-daily-7313404,modern-daily-7313404-2014-07-26
34,1,Anger of the Gods,,Sideboard,3,1,UWR Control,abbadon55,335 tix,"$ 1,316",241436,2014-07-26,Modern Daily #7313404,modern,modern-daily-7313404,modern-daily-7313404-2014-07-26
35,1,Aven Mindcensor,,Sideboard,3,1,UWR Control,abbadon55,335 tix,"$ 1,316",241436,2014-07-26,Modern Daily #7313404,modern,modern-daily-7313404,modern-daily-7313404-2014-07-26
36,1,Counterflux,,Sideboard,3,1,UWR Control,abbadon55,335 tix,"$ 1,316",241436,2014-07-26,Modern Daily #7313404,modern,modern-daily-7313404,modern-daily-7313404-2014-07-26
37,1,Ajani Vengeant,,Sideboard,3,1,UWR Control,abbadon55,335 tix,"$ 1,316",241436,2014-07-26,Modern Daily #7313404,modern,modern-daily-7313404,modern-daily-7313404-2014-07-26
38,1,Wrath of God,,Sideboard,3,1,UWR Control,abbadon55,335 tix,"$ 1,316",241436,2014-07-26,Modern Daily #7313404,modern,modern-daily-7313404,modern-daily-7313404-2014-07-26
39,1,"Teferi, Mage of Zhalfir",,Sideboard,3,1,UWR Control,abbadon55,335 tix,"$ 1,316",241436,2014-07-26,Modern Daily #7313404,modern,modern-daily-7313404,modern-daily-7313404-2014-07-26
1,3,Memnite,,Creatures,4,0,Affinity,Ellison,376 tix,$ 932,241368,2014-07-25,Modern Daily #7313337,modern,modern-daily-7313337,modern-daily-7313337-2014-07-25
2,4,Ornithopter,,Creatures,4,0,Affinity,Ellison,376 tix,$ 932,241368,2014-07-25,Modern Daily #7313337,modern,modern-daily-7313337,modern-daily-7313337-2014-07-25
3,4,Signal Pest,,Creatures,4,0,Affinity,Ellison,376 tix,$ 932,241368,2014-07-25,Modern Daily #7313337,modern,modern-daily-7313337,modern-daily-7313337-2014-07-25
4,4,Arcbound Ravager,,Creatures,4,0,Affinity,Ellison,376 tix,$ 932,241368,2014-07-25,Modern Daily #7313337,modern,modern-daily-7313337,modern-daily-7313337-2014-07-25
5,4,Steel Overseer,,Creatures,4,0,Affinity,Ellison,376 tix,$ 932,241368,2014-07-25,Modern Daily #7313337,modern,modern-daily-7313337,modern-daily-7313337-2014-07-25
6,4,Vault Skirge,,Creatures,4,0,Affinity,Ellison,376 tix,$ 932,241368,2014-07-25,Modern Daily #7313337,modern,modern-daily-7313337,modern-daily-7313337-2014-07-25
7,3,Etched Champion,,Creatures,4,0,Affinity,Ellison,376 tix,$ 932,241368,2014-07-25,Modern Daily #7313337,modern,modern-daily-7313337,modern-daily-7313337-2014-07-25
8,1,Master of Etherium,,Creatures,4,0,Affinity,Ellison,376 tix,$ 932,241368,2014-07-25,Modern Daily #7313337,modern,modern-daily-7313337,modern-daily-7313337-2014-07-25
10,2,Thoughtseize,,Spells,4,0,Affinity,Ellison,376 tix,$ 932,241368,2014-07-25,Modern Daily #7313337,modern,modern-daily-7313337,modern-daily-7313337-2014-07-25
11,2,Thoughtcast,,Spells,4,0,Affinity,Ellison,376 tix,$ 932,241368,2014-07-25,Modern Daily #7313337,modern,modern-daily-7313337,modern-daily-7313337-2014-07-25
13,4,Mox Opal,,Artifacts,4,0,Affinity,Ellison,376 tix,$ 932,241368,2014-07-25,Modern Daily #7313337,modern,modern-daily-7313337,modern-daily-7313337-2014-07-25
14,1,Welding Jar,,Artifacts,4,0,Affinity,Ellison,376 tix,$ 932,241368,2014-07-25,Modern Daily #7313337,modern,modern-daily-7313337,modern-daily-7313337-2014-07-25
15,4,Springleaf Drum,,Artifacts,4,0,Affinity,Ellison,376 tix,$ 932,241368,2014-07-25,Modern Daily #7313337,modern,modern-daily-7313337,modern-daily-7313337-2014-07-25
16,4,Cranial Plating,,Artifacts,4,0,Affinity,Ellison,376 tix,$ 932,241368,2014-07-25,Modern Daily #7313337,modern,modern-daily-7313337,modern-daily-7313337-2014-07-25
18,4,Blinkmoth Nexus,,Lands,4,0,Affinity,Ellison,376 tix,$ 932,241368,2014-07-25,Modern Daily #7313337,modern,modern-daily-7313337,modern-daily-7313337-2014-07-25
19,4,Darksteel Citadel,,Lands,4,0,Affinity,Ellison,376 tix,$ 932,241368,2014-07-25,Modern Daily #7313337,modern,modern-daily-7313337,modern-daily-7313337-2014-07-25
20,3,Glimmervoid,,Lands,4,0,Affinity,Ellison,376 tix,$ 932,241368,2014-07-25,Modern Daily #7313337,modern,modern-daily-7313337,modern-daily-7313337-2014-07-25
21,4,Inkmoth Nexus,,Lands,4,0,Affinity,Ellison,376 tix,$ 932,241368,2014-07-25,Modern Daily #7313337,modern,modern-daily-7313337,modern-daily-7313337-2014-07-25
22,1,Island,,Lands,4,0,Affinity,Ellison,376 tix,$ 932,241368,2014-07-25,Modern Daily #7313337,modern,modern-daily-7313337,modern-daily-7313337-2014-07-25
24,1,Wear & Tear,,Sideboard,4,0,Affinity,Ellison,376 tix,$ 932,241368,2014-07-25,Modern Daily #7313337,modern,modern-daily-7313337,modern-daily-7313337-2014-07-25
25,1,Grafdigger's Cage,,Sideboard,4,0,Affinity,Ellison,376 tix,$ 932,241368,2014-07-25,Modern Daily #7313337,modern,modern-daily-7313337,modern-daily-7313337-2014-07-25
26,1,Gut Shot,,Sideboard,4,0,Affinity,Ellison,376 tix,$ 932,241368,2014-07-25,Modern Daily #7313337,modern,modern-daily-7313337,modern-daily-7313337-2014-07-25
27,1,Illness in the Ranks,,Sideboard,4,0,Affinity,Ellison,376 tix,$ 932,241368,2014-07-25,Modern Daily #7313337,modern,modern-daily-7313337,modern-daily-7313337-2014-07-25
28,1,Relic of Progenitus,,Sideboard,4,0,Affinity,Ellison,376 tix,$ 932,241368,2014-07-25,Modern Daily #7313337,modern,modern-daily-7313337,modern-daily-7313337-2014-07-25
29,2,Spell Pierce,,Sideboard,4,0,Affinity,Ellison,376 tix,$ 932,241368,2014-07-25,Modern Daily #7313337,modern,modern-daily-7313337,modern-daily-7313337-2014-07-25
30,1,Thoughtseize,,Sideboard,4,0,Affinity,Ellison,376 tix,$ 932,241368,2014-07-25,Modern Daily #7313337,modern,modern-daily-7313337,modern-daily-7313337-2014-07-25
31,2,Ancient Grudge,,Sideboard,4,0,Affinity,Ellison,376 tix,$ 932,241368,2014-07-25,Modern Daily #7313337,modern,modern-daily-7313337,modern-daily-7313337-2014-07-25
32,1,Ethersworn Canonist,,Sideboard,4,0,Affinity,Ellison,376 tix,$ 932,241368,2014-07-25,Modern Daily #7313337,modern,modern-daily-7313337,modern-daily-7313337-2014-07-25
33,1,Spellskite,,Sideboard,4,0,Affinity,Ellison,376 tix,$ 932,241368,2014-07-25,Modern Daily #7313337,modern,modern-daily-7313337,modern-daily-7313337-2014-07-25
34,1,Whipflare,,Sideboard,4,0,Affinity,Ellison,376 tix,$ 932,241368,2014-07-25,Modern Daily #7313337,modern,modern-daily-7313337,modern-daily-7313337-2014-07-25
35,1,Choke,,Sideboard,4,0,Affinity,Ellison,376 tix,$ 932,241368,2014-07-25,Modern Daily #7313337,modern,modern-daily-7313337,modern-daily-7313337-2014-07-25
36,1,Etched Champion,,Sideboard,4,0,Affinity,Ellison,376 tix,$ 932,241368,2014-07-25,Modern Daily #7313337,modern,modern-daily-7313337,modern-daily-7313337-2014-07-25
1,3,Memnite,,Creatures,4,0,Affinity,DreamWizard,373 tix,$ 902,241372,2014-07-25,Modern Daily #7313337,modern,modern-daily-7313337,modern-daily-7313337-2014-07-25
2,4,Ornithopter,,Creatures,4,0,Affinity,DreamWizard,373 tix,$ 902,241372,2014-07-25,Modern Daily #7313337,modern,modern-daily-7313337,modern-daily-7313337-2014-07-25
3,4,Signal Pest,,Creatures,4,0,Affinity,DreamWizard,373 tix,$ 902,241372,2014-07-25,Modern Daily #7313337,modern,modern-daily-7313337,modern-daily-7313337-2014-07-25
4,4,Arcbound Ravager,,Creatures,4,0,Affinity,DreamWizard,373 tix,$ 902,241372,2014-07-25,Modern Daily #7313337,modern,modern-daily-7313337,modern-daily-7313337-2014-07-25
5,3,Steel Overseer,,Creatures,4,0,Affinity,DreamWizard,373 tix,$ 902,241372,2014-07-25,Modern Daily #7313337,modern,modern-daily-7313337,modern-daily-7313337-2014-07-25
6,4,Vault Skirge,,Creatures,4,0,Affinity,DreamWizard,373 tix,$ 902,241372,2014-07-25,Modern Daily #7313337,modern,modern-daily-7313337,modern-daily-7313337-2014-07-25
7,2,Etched Champion,,Creatures,4,0,Affinity,DreamWizard,373 tix,$ 902,241372,2014-07-25,Modern Daily #7313337,modern,modern-daily-7313337,modern-daily-7313337-2014-07-25
8,2,Master of Etherium,,Creatures,4,0,Affinity,DreamWizard,373 tix,$ 902,241372,2014-07-25,Modern Daily #7313337,modern,modern-daily-7313337,modern-daily-7313337-2014-07-25
10,2,Galvanic Blast,,Spells,4,0,Affinity,DreamWizard,373 tix,$ 902,241372,2014-07-25,Modern Daily #7313337,modern,modern-daily-7313337,modern-daily-7313337-2014-07-25
11,3,Thoughtcast,,Spells,4,0,Affinity,DreamWizard,373 tix,$ 902,241372,2014-07-25,Modern Daily #7313337,modern,modern-daily-7313337,modern-daily-7313337-2014-07-25
13,4,Mox Opal,,Artifacts,4,0,Affinity,DreamWizard,373 tix,$ 902,241372,2014-07-25,Modern Daily #7313337,modern,modern-daily-7313337,modern-daily-7313337-2014-07-25
14,1,Welding Jar,,Artifacts,4,0,Affinity,DreamWizard,373 tix,$ 902,241372,2014-07-25,Modern Daily #7313337,modern,modern-daily-7313337,modern-daily-7313337-2014-07-25
15,4,Springleaf Drum,,Artifacts,4,0,Affinity,DreamWizard,373 tix,$ 902,241372,2014-07-25,Modern Daily #7313337,modern,modern-daily-7313337,modern-daily-7313337-2014-07-25
16,4,Cranial Plating,,Artifacts,4,0,Affinity,DreamWizard,373 tix,$ 902,241372,2014-07-25,Modern Daily #7313337,modern,modern-daily-7313337,modern-daily-7313337-2014-07-25
18,4,Blinkmoth Nexus,,Lands,4,0,Affinity,DreamWizard,373 tix,$ 902,241372,2014-07-25,Modern Daily #7313337,modern,modern-daily-7313337,modern-daily-7313337-2014-07-25
19,4,Darksteel Citadel,,Lands,4,0,Affinity,DreamWizard,373 tix,$ 902,241372,2014-07-25,Modern Daily #7313337,modern,modern-daily-7313337,modern-daily-7313337-2014-07-25
20,3,Glimmervoid,,Lands,4,0,Affinity,DreamWizard,373 tix,$ 902,241372,2014-07-25,Modern Daily #7313337,modern,modern-daily-7313337,modern-daily-7313337-2014-07-25
21,4,Inkmoth Nexus,,Lands,4,0,Affinity,DreamWizard,373 tix,$ 902,241372,2014-07-25,Modern Daily #7313337,modern,modern-daily-7313337,modern-daily-7313337-2014-07-25
22,1,Island,,Lands,4,0,Affinity,DreamWizard,373 tix,$ 902,241372,2014-07-25,Modern Daily #7313337,modern,modern-daily-7313337,modern-daily-7313337-2014-07-25
24,1,Wear & Tear,,Sideboard,4,0,Affinity,DreamWizard,373 tix,$ 902,241372,2014-07-25,Modern Daily #7313337,modern,modern-daily-7313337,modern-daily-7313337-2014-07-25
25,2,Galvanic Blast,,Sideboard,4,0,Affinity,DreamWizard,373 tix,$ 902,241372,2014-07-25,Modern Daily #7313337,modern,modern-daily-7313337,modern-daily-7313337-2014-07-25
26,1,Grafdigger's Cage,,Sideboard,4,0,Affinity,DreamWizard,373 tix,$ 902,241372,2014-07-25,Modern Daily #7313337,modern,modern-daily-7313337,modern-daily-7313337-2014-07-25
27,1,Relic of Progenitus,,Sideboard,4,0,Affinity,DreamWizard,373 tix,$ 902,241372,2014-07-25,Modern Daily #7313337,modern,modern-daily-7313337,modern-daily-7313337-2014-07-25
28,2,Thoughtseize,,Sideboard,4,0,Affinity,DreamWizard,373 tix,$ 902,241372,2014-07-25,Modern Daily #7313337,modern,modern-daily-7313337,modern-daily-7313337-2014-07-25
29,2,Ancient Grudge,,Sideboard,4,0,Affinity,DreamWizard,373 tix,$ 902,241372,2014-07-25,Modern Daily #7313337,modern,modern-daily-7313337,modern-daily-7313337-2014-07-25
30,2,Spellskite,,Sideboard,4,0,Affinity,DreamWizard,373 tix,$ 902,241372,2014-07-25,Modern Daily #7313337,modern,modern-daily-7313337,modern-daily-7313337-2014-07-25
31,1,Torpor Orb,,Sideboard,4,0,Affinity,DreamWizard,373 tix,$ 902,241372,2014-07-25,Modern Daily #7313337,modern,modern-daily-7313337,modern-daily-7313337-2014-07-25
32,1,Whipflare,,Sideboard,4,0,Affinity,DreamWizard,373 tix,$ 902,241372,2014-07-25,Modern Daily #7313337,modern,modern-daily-7313337,modern-daily-7313337-2014-07-25
33,2,Etched Champion,,Sideboard,4,0,Affinity,DreamWizard,373 tix,$ 902,241372,2014-07-25,Modern Daily #7313337,modern,modern-daily-7313337,modern-daily-7313337-2014-07-25
1,4,Birds of Paradise,,Creatures,4,0,Melira Pod,happy_tree_friends,277 tix,$ 856,241369,2014-07-25,Modern Daily #7313337,modern,modern-daily-7313337,modern-daily-7313337-2014-07-25
2,3,Noble Hierarch,,Creatures,4,0,Melira Pod,happy_tree_friends,277 tix,$ 856,241369,2014-07-25,Modern Daily #7313337,modern,modern-daily-7313337,modern-daily-7313337-2014-07-25
3,1,Viscera Seer,,Creatures,4,0,Melira Pod,happy_tree_friends,277 tix,$ 856,241369,2014-07-25,Modern Daily #7313337,modern,modern-daily-7313337,modern-daily-7313337-2014-07-25
4,1,"Melira, Sylvok Outcast",,Creatures,4,0,Melira Pod,happy_tree_friends,277 tix,$ 856,241369,2014-07-25,Modern Daily #7313337,modern,modern-daily-7313337,modern-daily-7313337-2014-07-25
5,1,Qasali Pridemage,,Creatures,4,0,Melira Pod,happy_tree_friends,277 tix,$ 856,241369,2014-07-25,Modern Daily #7313337,modern,modern-daily-7313337,modern-daily-7313337-2014-07-25
6,1,Scavenging Ooze,,Creatures,4,0,Melira Pod,happy_tree_friends,277 tix,$ 856,241369,2014-07-25,Modern Daily #7313337,modern,modern-daily-7313337,modern-daily-7313337-2014-07-25
7,1,Spellskite,,Creatures,4,0,Melira Pod,happy_tree_friends,277 tix,$ 856,241369,2014-07-25,Modern Daily #7313337,modern,modern-daily-7313337,modern-daily-7313337-2014-07-25
8,3,Voice of Resurgence,,Creatures,4,0,Melira Pod,happy_tree_friends,277 tix,$ 856,241369,2014-07-25,Modern Daily #7313337,modern,modern-daily-7313337,modern-daily-7313337-2014-07-25
9,1,Wall of Roots,,Creatures,4,0,Melira Pod,happy_tree_friends,277 tix,$ 856,241369,2014-07-25,Modern Daily #7313337,modern,modern-daily-7313337,modern-daily-7313337-2014-07-25
10,1,Eternal Witness,,Creatures,4,0,Melira Pod,happy_tree_friends,277 tix,$ 856,241369,2014-07-25,Modern Daily #7313337,modern,modern-daily-7313337,modern-daily-7313337-2014-07-25
11,3,Kitchen Finks,,Creatures,4,0,Melira Pod,happy_tree_friends,277 tix,$ 856,241369,2014-07-25,Modern Daily #7313337,modern,modern-daily-7313337,modern-daily-7313337-2014-07-25
12,1,Orzhov Pontiff,,Creatures,4,0,Melira Pod,happy_tree_friends,277 tix,$ 856,241369,2014-07-25,Modern Daily #7313337,modern,modern-daily-7313337,modern-daily-7313337-2014-07-25
13,1,Sin Collector,,Creatures,4,0,Melira Pod,happy_tree_friends,277 tix,$ 856,241369,2014-07-25,Modern Daily #7313337,modern,modern-daily-7313337,modern-daily-7313337-2014-07-25
14,1,"Linvala, Keeper of Silence",,Creatures,4,0,Melira Pod,happy_tree_friends,277 tix,$ 856,241369,2014-07-25,Modern Daily #7313337,modern,modern-daily-7313337,modern-daily-7313337-2014-07-25
15,1,Murderous Redcap,,Creatures,4,0,Melira Pod,happy_tree_friends,277 tix,$ 856,241369,2014-07-25,Modern Daily #7313337,modern,modern-daily-7313337,modern-daily-7313337-2014-07-25
16,1,Phyrexian Metamorph,,Creatures,4,0,Melira Pod,happy_tree_friends,277 tix,$ 856,241369,2014-07-25,Modern Daily #7313337,modern,modern-daily-7313337,modern-daily-7313337-2014-07-25
17,1,Ranger of Eos,,Creatures,4,0,Melira Pod,happy_tree_friends,277 tix,$ 856,241369,2014-07-25,Modern Daily #7313337,modern,modern-daily-7313337,modern-daily-7313337-2014-07-25
18,1,Reveillark,,Creatures,4,0,Melira Pod,happy_tree_friends,277 tix,$ 856,241369,2014-07-25,Modern Daily #7313337,modern,modern-daily-7313337,modern-daily-7313337-2014-07-25
19,1,Shriekmaw,,Creatures,4,0,Melira Pod,happy_tree_friends,277 tix,$ 856,241369,2014-07-25,Modern Daily #7313337,modern,modern-daily-7313337,modern-daily-7313337-2014-07-25
21,2,Abrupt Decay,,Spells,4,0,Melira Pod,happy_tree_friends,277 tix,$ 856,241369,2014-07-25,Modern Daily #7313337,modern,modern-daily-7313337,modern-daily-7313337-2014-07-25
22,3,Chord of Calling,,Spells,4,0,Melira Pod,happy_tree_friends,277 tix,$ 856,241369,2014-07-25,Modern Daily #7313337,modern,modern-daily-7313337,modern-daily-7313337-2014-07-25
24,4,Birthing Pod,,Artifacts,4,0,Melira Pod,happy_tree_friends,277 tix,$ 856,241369,2014-07-25,Modern Daily #7313337,modern,modern-daily-7313337,modern-daily-7313337-2014-07-25
26,3,Forest,,Lands,4,0,Melira Pod,happy_tree_friends,277 tix,$ 856,241369,2014-07-25,Modern Daily #7313337,modern,modern-daily-7313337,modern-daily-7313337-2014-07-25
27,3,Gavony Township,,Lands,4,0,Melira Pod,happy_tree_friends,277 tix,$ 856,241369,2014-07-25,Modern Daily #7313337,modern,modern-daily-7313337,modern-daily-7313337-2014-07-25
28,1,Godless Shrine,,Lands,4,0,Melira Pod,happy_tree_friends,277 tix,$ 856,241369,2014-07-25,Modern Daily #7313337,modern,modern-daily-7313337,modern-daily-7313337-2014-07-25
29,4,Misty Rainforest,,Lands,4,0,Melira Pod,happy_tree_friends,277 tix,$ 856,241369,2014-07-25,Modern Daily #7313337,modern,modern-daily-7313337,modern-daily-7313337-2014-07-25
30,2,Overgrown Tomb,,Lands,4,0,Melira Pod,happy_tree_friends,277 tix,$ 856,241369,2014-07-25,Modern Daily #7313337,modern,modern-daily-7313337,modern-daily-7313337-2014-07-25
31,3,Razorverge Thicket,,Lands,4,0,Melira Pod,happy_tree_friends,277 tix,$ 856,241369,2014-07-25,Modern Daily #7313337,modern,modern-daily-7313337,modern-daily-7313337-2014-07-25
32,1,Swamp,,Lands,4,0,Melira Pod,happy_tree_friends,277 tix,$ 856,241369,2014-07-25,Modern Daily #7313337,modern,modern-daily-7313337,modern-daily-7313337-2014-07-25
33,1,Temple Garden,,Lands,4,0,Melira Pod,happy_tree_friends,277 tix,$ 856,241369,2014-07-25,Modern Daily #7313337,modern,modern-daily-7313337,modern-daily-7313337-2014-07-25
34,4,Verdant Catacombs,,Lands,4,0,Melira Pod,happy_tree_friends,277 tix,$ 856,241369,2014-07-25,Modern Daily #7313337,modern,modern-daily-7313337,modern-daily-7313337-2014-07-25
35,1,Woodland Cemetery,,Lands,4,0,Melira Pod,happy_tree_friends,277 tix,$ 856,241369,2014-07-25,Modern Daily #7313337,modern,modern-daily-7313337,modern-daily-7313337-2014-07-25
37,3,Thoughtseize,,Sideboard,4,0,Melira Pod,happy_tree_friends,277 tix,$ 856,241369,2014-07-25,Modern Daily #7313337,modern,modern-daily-7313337,modern-daily-7313337-2014-07-25
38,1,Viscera Seer,,Sideboard,4,0,Melira Pod,happy_tree_friends,277 tix,$ 856,241369,2014-07-25,Modern Daily #7313337,modern,modern-daily-7313337,modern-daily-7313337-2014-07-25
39,1,"Kataki, War's Wage",,Sideboard,4,0,Melira Pod,happy_tree_friends,277 tix,$ 856,241369,2014-07-25,Modern Daily #7313337,modern,modern-daily-7313337,modern-daily-7313337-2014-07-25
40,1,Scavenging Ooze,,Sideboard,4,0,Melira Pod,happy_tree_friends,277 tix,$ 856,241369,2014-07-25,Modern Daily #7313337,modern,modern-daily-7313337,modern-daily-7313337-2014-07-25
41,2,Dismember,,Sideboard,4,0,Melira Pod,happy_tree_friends,277 tix,$ 856,241369,2014-07-25,Modern Daily #7313337,modern,modern-daily-7313337,modern-daily-7313337-2014-07-25
42,1,Eidolon of Rhetoric,,Sideboard,4,0,Melira Pod,happy_tree_friends,277 tix,$ 856,241369,2014-07-25,Modern Daily #7313337,modern,modern-daily-7313337,modern-daily-7313337-2014-07-25
43,1,Harmonic Sliver,,Sideboard,4,0,Melira Pod,happy_tree_friends,277 tix,$ 856,241369,2014-07-25,Modern Daily #7313337,modern,modern-daily-7313337,modern-daily-7313337-2014-07-25
44,1,Sin Collector,,Sideboard,4,0,Melira Pod,happy_tree_friends,277 tix,$ 856,241369,2014-07-25,Modern Daily #7313337,modern,modern-daily-7313337,modern-daily-7313337-2014-07-25
45,1,Spike Feeder,,Sideboard,4,0,Melira Pod,happy_tree_friends,277 tix,$ 856,241369,2014-07-25,Modern Daily #7313337,modern,modern-daily-7313337,modern-daily-7313337-2014-07-25
46,1,Entomber Exarch,,Sideboard,4,0,Melira Pod,happy_tree_friends,277 tix,$ 856,241369,2014-07-25,Modern Daily #7313337,modern,modern-daily-7313337,modern-daily-7313337-2014-07-25
47,1,Archangel of Thune,,Sideboard,4,0,Melira Pod,happy_tree_friends,277 tix,$ 856,241369,2014-07-25,Modern Daily #7313337,modern,modern-daily-7313337,modern-daily-7313337-2014-07-25
48,1,"Sigarda, Host of Herons",,Sideboard,4,0,Melira Pod,happy_tree_friends,277 tix,$ 856,241369,2014-07-25,Modern Daily #7313337,modern,modern-daily-7313337,modern-daily-7313337-2014-07-25
1,1,Treasure Mage,,Creatures,4,0,Mono U Tron,Naisirc,117 tix,$ 404,241371,2014-07-25,Modern Daily #7313337,modern,modern-daily-7313337,modern-daily-7313337-2014-07-25
2,3,Solemn Simulacrum,,Creatures,4,0,Mono U Tron,Naisirc,117 tix,$ 404,241371,2014-07-25,Modern Daily #7313337,modern,modern-daily-7313337,modern-daily-7313337-2014-07-25
3,3,Wurmcoil Engine,,Creatures,4,0,Mono U Tron,Naisirc,117 tix,$ 404,241371,2014-07-25,Modern Daily #7313337,modern,modern-daily-7313337,modern-daily-7313337-2014-07-25
4,1,Platinum Angel,,Creatures,4,0,Mono U Tron,Naisirc,117 tix,$ 404,241371,2014-07-25,Modern Daily #7313337,modern,modern-daily-7313337,modern-daily-7313337-2014-07-25
5,1,Sundering Titan,,Creatures,4,0,Mono U Tron,Naisirc,117 tix,$ 404,241371,2014-07-25,Modern Daily #7313337,modern,modern-daily-7313337,modern-daily-7313337-2014-07-25
6,1,"Emrakul, the Aeons Torn",,Creatures,4,0,Mono U Tron,Naisirc,117 tix,$ 404,241371,2014-07-25,Modern Daily #7313337,modern,modern-daily-7313337,modern-daily-7313337-2014-07-25
8,4,Condescend,,Spells,4,0,Mono U Tron,Naisirc,117 tix,$ 404,241371,2014-07-25,Modern Daily #7313337,modern,modern-daily-7313337,modern-daily-7313337-2014-07-25
9,3,Repeal,,Spells,4,0,Mono U Tron,Naisirc,117 tix,$ 404,241371,2014-07-25,Modern Daily #7313337,modern,modern-daily-7313337,modern-daily-7313337-2014-07-25
10,1,Spell Burst,,Spells,4,0,Mono U Tron,Naisirc,117 tix,$ 404,241371,2014-07-25,Modern Daily #7313337,modern,modern-daily-7313337,modern-daily-7313337-2014-07-25
11,1,Cyclonic Rift,,Spells,4,0,Mono U Tron,Naisirc,117 tix,$ 404,241371,2014-07-25,Modern Daily #7313337,modern,modern-daily-7313337,modern-daily-7313337-2014-07-25
12,4,Remand,,Spells,4,0,Mono U Tron,Naisirc,117 tix,$ 404,241371,2014-07-25,Modern Daily #7313337,modern,modern-daily-7313337,modern-daily-7313337-2014-07-25
13,4,Thirst for Knowledge,,Spells,4,0,Mono U Tron,Naisirc,117 tix,$ 404,241371,2014-07-25,Modern Daily #7313337,modern,modern-daily-7313337,modern-daily-7313337-2014-07-25
15,4,Expedition Map,,Artifacts,4,0,Mono U Tron,Naisirc,117 tix,$ 404,241371,2014-07-25,Modern Daily #7313337,modern,modern-daily-7313337,modern-daily-7313337-2014-07-25
16,3,Talisman of Dominance,,Artifacts,4,0,Mono U Tron,Naisirc,117 tix,$ 404,241371,2014-07-25,Modern Daily #7313337,modern,modern-daily-7313337,modern-daily-7313337-2014-07-25
17,1,Oblivion Stone,,Artifacts,4,0,Mono U Tron,Naisirc,117 tix,$ 404,241371,2014-07-25,Modern Daily #7313337,modern,modern-daily-7313337,modern-daily-7313337-2014-07-25
18,2,Mindslaver,,Artifacts,4,0,Mono U Tron,Naisirc,117 tix,$ 404,241371,2014-07-25,Modern Daily #7313337,modern,modern-daily-7313337,modern-daily-7313337-2014-07-25
20,1,Academy Ruins,,Lands,4,0,Mono U Tron,Naisirc,117 tix,$ 404,241371,2014-07-25,Modern Daily #7313337,modern,modern-daily-7313337,modern-daily-7313337-2014-07-25
21,1,Eye of Ugin,,Lands,4,0,Mono U Tron,Naisirc,117 tix,$ 404,241371,2014-07-25,Modern Daily #7313337,modern,modern-daily-7313337,modern-daily-7313337-2014-07-25
22,8,Island,,Lands,4,0,Mono U Tron,Naisirc,117 tix,$ 404,241371,2014-07-25,Modern Daily #7313337,modern,modern-daily-7313337,modern-daily-7313337-2014-07-25
23,1,Tectonic Edge,,Lands,4,0,Mono U Tron,Naisirc,117 tix,$ 404,241371,2014-07-25,Modern Daily #7313337,modern,modern-daily-7313337,modern-daily-7313337-2014-07-25
24,4,Urza's Mine,,Lands,4,0,Mono U Tron,Naisirc,117 tix,$ 404,241371,2014-07-25,Modern Daily #7313337,modern,modern-daily-7313337,modern-daily-7313337-2014-07-25
25,4,Urza's Power Plant,,Lands,4,0,Mono U Tron,Naisirc,117 tix,$ 404,241371,2014-07-25,Modern Daily #7313337,modern,modern-daily-7313337,modern-daily-7313337-2014-07-25
26,4,Urza's Tower,,Lands,4,0,Mono U Tron,Naisirc,117 tix,$ 404,241371,2014-07-25,Modern Daily #7313337,modern,modern-daily-7313337,modern-daily-7313337-2014-07-25
28,2,Chalice of the Void,,Sideboard,4,0,Mono U Tron,Naisirc,117 tix,$ 404,241371,2014-07-25,Modern Daily #7313337,modern,modern-daily-7313337,modern-daily-7313337-2014-07-25
29,2,Relic of Progenitus,,Sideboard,4,0,Mono U Tron,Naisirc,117 tix,$ 404,241371,2014-07-25,Modern Daily #7313337,modern,modern-daily-7313337,modern-daily-7313337-2014-07-25
30,1,Spell Pierce,,Sideboard,4,0,Mono U Tron,Naisirc,117 tix,$ 404,241371,2014-07-25,Modern Daily #7313337,modern,modern-daily-7313337,modern-daily-7313337-2014-07-25
31,2,Echoing Truth,,Sideboard,4,0,Mono U Tron,Naisirc,117 tix,$ 404,241371,2014-07-25,Modern Daily #7313337,modern,modern-daily-7313337,modern-daily-7313337-2014-07-25
32,1,Negate,,Sideboard,4,0,Mono U Tron,Naisirc,117 tix,$ 404,241371,2014-07-25,Modern Daily #7313337,modern,modern-daily-7313337,modern-daily-7313337-2014-07-25
33,3,Spreading Seas,,Sideboard,4,0,Mono U Tron,Naisirc,117 tix,$ 404,241371,2014-07-25,Modern Daily #7313337,modern,modern-daily-7313337,modern-daily-7313337-2014-07-25
34,2,Dismember,,Sideboard,4,0,Mono U Tron,Naisirc,117 tix,$ 404,241371,2014-07-25,Modern Daily #7313337,modern,modern-daily-7313337,modern-daily-7313337-2014-07-25
35,2,Hibernation,,Sideboard,4,0,Mono U Tron,Naisirc,117 tix,$ 404,241371,2014-07-25,Modern Daily #7313337,modern,modern-daily-7313337,modern-daily-7313337-2014-07-25
1,4,Delver of Secrets,,Creatures,4,0,UR Delver,betalain,221 tix,$ 960,241370,2014-07-25,Modern Daily #7313337,modern,modern-daily-7313337,modern-daily-7313337-2014-07-25
2,2,Grim Lavamancer,,Creatures,4,0,UR Delver,betalain,221 tix,$ 960,241370,2014-07-25,Modern Daily #7313337,modern,modern-daily-7313337,modern-daily-7313337-2014-07-25
3,4,Snapcaster Mage,,Creatures,4,0,UR Delver,betalain,221 tix,$ 960,241370,2014-07-25,Modern Daily #7313337,modern,modern-daily-7313337,modern-daily-7313337-2014-07-25
4,3,Young Pyromancer,,Creatures,4,0,UR Delver,betalain,221 tix,$ 960,241370,2014-07-25,Modern Daily #7313337,modern,modern-daily-7313337,modern-daily-7313337-2014-07-25
5,1,Illusory Angel,,Creatures,4,0,UR Delver,betalain,221 tix,$ 960,241370,2014-07-25,Modern Daily #7313337,modern,modern-daily-7313337,modern-daily-7313337-2014-07-25
6,1,Vendilion Clique,,Creatures,4,0,UR Delver,betalain,221 tix,$ 960,241370,2014-07-25,Modern Daily #7313337,modern,modern-daily-7313337,modern-daily-7313337-2014-07-25
8,1,Dispel,,Spells,4,0,UR Delver,betalain,221 tix,$ 960,241370,2014-07-25,Modern Daily #7313337,modern,modern-daily-7313337,modern-daily-7313337-2014-07-25
9,4,Gitaxian Probe,,Spells,4,0,UR Delver,betalain,221 tix,$ 960,241370,2014-07-25,Modern Daily #7313337,modern,modern-daily-7313337,modern-daily-7313337-2014-07-25
10,4,Lightning Bolt,,Spells,4,0,UR Delver,betalain,221 tix,$ 960,241370,2014-07-25,Modern Daily #7313337,modern,modern-daily-7313337,modern-daily-7313337-2014-07-25
11,1,Pillar of Flame,,Spells,4,0,UR Delver,betalain,221 tix,$ 960,241370,2014-07-25,Modern Daily #7313337,modern,modern-daily-7313337,modern-daily-7313337-2014-07-25
12,4,Serum Visions,,Spells,4,0,UR Delver,betalain,221 tix,$ 960,241370,2014-07-25,Modern Daily #7313337,modern,modern-daily-7313337,modern-daily-7313337-2014-07-25
13,2,Spell Snare,,Spells,4,0,UR Delver,betalain,221 tix,$ 960,241370,2014-07-25,Modern Daily #7313337,modern,modern-daily-7313337,modern-daily-7313337-2014-07-25
14,2,Vapor Snag,,Spells,4,0,UR Delver,betalain,221 tix,$ 960,241370,2014-07-25,Modern Daily #7313337,modern,modern-daily-7313337,modern-daily-7313337-2014-07-25
15,3,Mana Leak,,Spells,4,0,UR Delver,betalain,221 tix,$ 960,241370,2014-07-25,Modern Daily #7313337,modern,modern-daily-7313337,modern-daily-7313337-2014-07-25
16,3,Remand,,Spells,4,0,UR Delver,betalain,221 tix,$ 960,241370,2014-07-25,Modern Daily #7313337,modern,modern-daily-7313337,modern-daily-7313337-2014-07-25
17,1,Electrolyze,,Spells,4,0,UR Delver,betalain,221 tix,$ 960,241370,2014-07-25,Modern Daily #7313337,modern,modern-daily-7313337,modern-daily-7313337-2014-07-25
19,1,Sword of Light and Shadow,,Artifacts,4,0,UR Delver,betalain,221 tix,$ 960,241370,2014-07-25,Modern Daily #7313337,modern,modern-daily-7313337,modern-daily-7313337-2014-07-25
21,1,Cavern of Souls,,Lands,4,0,UR Delver,betalain,221 tix,$ 960,241370,2014-07-25,Modern Daily #7313337,modern,modern-daily-7313337,modern-daily-7313337-2014-07-25
22,4,Island,,Lands,4,0,UR Delver,betalain,221 tix,$ 960,241370,2014-07-25,Modern Daily #7313337,modern,modern-daily-7313337,modern-daily-7313337-2014-07-25
23,2,Mountain,,Lands,4,0,UR Delver,betalain,221 tix,$ 960,241370,2014-07-25,Modern Daily #7313337,modern,modern-daily-7313337,modern-daily-7313337-2014-07-25
24,4,Scalding Tarn,,Lands,4,0,UR Delver,betalain,221 tix,$ 960,241370,2014-07-25,Modern Daily #7313337,modern,modern-daily-7313337,modern-daily-7313337-2014-07-25
25,1,Snow-Covered Island,,Lands,4,0,UR Delver,betalain,221 tix,$ 960,241370,2014-07-25,Modern Daily #7313337,modern,modern-daily-7313337,modern-daily-7313337-2014-07-25
26,4,Steam Vents,,Lands,4,0,UR Delver,betalain,221 tix,$ 960,241370,2014-07-25,Modern Daily #7313337,modern,modern-daily-7313337,modern-daily-7313337-2014-07-25
27,3,Sulfur Falls,,Lands,4,0,UR Delver,betalain,221 tix,$ 960,241370,2014-07-25,Modern Daily #7313337,modern,modern-daily-7313337,modern-daily-7313337-2014-07-25
29,1,Dispel,,Sideboard,4,0,UR Delver,betalain,221 tix,$ 960,241370,2014-07-25,Modern Daily #7313337,modern,modern-daily-7313337,modern-daily-7313337-2014-07-25
30,2,Relic of Progenitus,,Sideboard,4,0,UR Delver,betalain,221 tix,$ 960,241370,2014-07-25,Modern Daily #7313337,modern,modern-daily-7313337,modern-daily-7313337-2014-07-25
31,1,Shattering Spree,,Sideboard,4,0,UR Delver,betalain,221 tix,$ 960,241370,2014-07-25,Modern Daily #7313337,modern,modern-daily-7313337,modern-daily-7313337-2014-07-25
32,1,Vandalblast,,Sideboard,4,0,UR Delver,betalain,221 tix,$ 960,241370,2014-07-25,Modern Daily #7313337,modern,modern-daily-7313337,modern-daily-7313337-2014-07-25
33,2,Combust,,Sideboard,4,0,UR Delver,betalain,221 tix,$ 960,241370,2014-07-25,Modern Daily #7313337,modern,modern-daily-7313337,modern-daily-7313337-2014-07-25
34,1,Ratchet Bomb,,Sideboard,4,0,UR Delver,betalain,221 tix,$ 960,241370,2014-07-25,Modern Daily #7313337,modern,modern-daily-7313337,modern-daily-7313337-2014-07-25
35,2,Spellskite,,Sideboard,4,0,UR Delver,betalain,221 tix,$ 960,241370,2014-07-25,Modern Daily #7313337,modern,modern-daily-7313337,modern-daily-7313337-2014-07-25
36,2,Counterflux,,Sideboard,4,0,UR Delver,betalain,221 tix,$ 960,241370,2014-07-25,Modern Daily #7313337,modern,modern-daily-7313337,modern-daily-7313337-2014-07-25
37,1,Izzet Staticaster,,Sideboard,4,0,UR Delver,betalain,221 tix,$ 960,241370,2014-07-25,Modern Daily #7313337,modern,modern-daily-7313337,modern-daily-7313337-2014-07-25
38,2,Molten Rain,,Sideboard,4,0,UR Delver,betalain,221 tix,$ 960,241370,2014-07-25,Modern Daily #7313337,modern,modern-daily-7313337,modern-daily-7313337-2014-07-25
1,4,Simian Spirit Guide,,Creatures,3,1,Ad Nauseam,Neeraj,202 tix,$ 704,241376,2014-07-25,Modern Daily #7313337,modern,modern-daily-7313337,modern-daily-7313337-2014-07-25
3,3,Pact of Negation,,Spells,3,1,Ad Nauseam,Neeraj,202 tix,$ 704,241376,2014-07-25,Modern Daily #7313337,modern,modern-daily-7313337,modern-daily-7313337-2014-07-25
4,1,Slaughter Pact,,Spells,3,1,Ad Nauseam,Neeraj,202 tix,$ 704,241376,2014-07-25,Modern Daily #7313337,modern,modern-daily-7313337,modern-daily-7313337-2014-07-25
5,4,Angel's Grace,,Spells,3,1,Ad Nauseam,Neeraj,202 tix,$ 704,241376,2014-07-25,Modern Daily #7313337,modern,modern-daily-7313337,modern-daily-7313337-2014-07-25
6,4,Serum Visions,,Spells,3,1,Ad Nauseam,Neeraj,202 tix,$ 704,241376,2014-07-25,Modern Daily #7313337,modern,modern-daily-7313337,modern-daily-7313337-2014-07-25
7,4,Sleight of Hand,,Spells,3,1,Ad Nauseam,Neeraj,202 tix,$ 704,241376,2014-07-25,Modern Daily #7313337,modern,modern-daily-7313337,modern-daily-7313337-2014-07-25
8,2,Peer Through Depths,,Spells,3,1,Ad Nauseam,Neeraj,202 tix,$ 704,241376,2014-07-25,Modern Daily #7313337,modern,modern-daily-7313337,modern-daily-7313337-2014-07-25
9,1,Lightning Storm,,Spells,3,1,Ad Nauseam,Neeraj,202 tix,$ 704,241376,2014-07-25,Modern Daily #7313337,modern,modern-daily-7313337,modern-daily-7313337-2014-07-25
10,1,Mystical Teachings,,Spells,3,1,Ad Nauseam,Neeraj,202 tix,$ 704,241376,2014-07-25,Modern Daily #7313337,modern,modern-daily-7313337,modern-daily-7313337-2014-07-25
11,4,Ad Nauseam,,Spells,3,1,Ad Nauseam,Neeraj,202 tix,$ 704,241376,2014-07-25,Modern Daily #7313337,modern,modern-daily-7313337,modern-daily-7313337-2014-07-25
13,4,Lotus Bloom,,Artifacts,3,1,Ad Nauseam,Neeraj,202 tix,$ 704,241376,2014-07-25,Modern Daily #7313337,modern,modern-daily-7313337,modern-daily-7313337-2014-07-25
14,1,Conjurer's Bauble,,Artifacts,3,1,Ad Nauseam,Neeraj,202 tix,$ 704,241376,2014-07-25,Modern Daily #7313337,modern,modern-daily-7313337,modern-daily-7313337-2014-07-25
15,4,Pentad Prism,,Artifacts,3,1,Ad Nauseam,Neeraj,202 tix,$ 704,241376,2014-07-25,Modern Daily #7313337,modern,modern-daily-7313337,modern-daily-7313337-2014-07-25
17,3,Phyrexian Unlife,,Enchantments,3,1,Ad Nauseam,Neeraj,202 tix,$ 704,241376,2014-07-25,Modern Daily #7313337,modern,modern-daily-7313337,modern-daily-7313337-2014-07-25
19,1,"Boseiju, Who Shelters All",,Lands,3,1,Ad Nauseam,Neeraj,202 tix,$ 704,241376,2014-07-25,Modern Daily #7313337,modern,modern-daily-7313337,modern-daily-7313337-2014-07-25
20,1,Gemstone Caverns,,Lands,3,1,Ad Nauseam,Neeraj,202 tix,$ 704,241376,2014-07-25,Modern Daily #7313337,modern,modern-daily-7313337,modern-daily-7313337-2014-07-25
21,4,Gemstone Mine,,Lands,3,1,Ad Nauseam,Neeraj,202 tix,$ 704,241376,2014-07-25,Modern Daily #7313337,modern,modern-daily-7313337,modern-daily-7313337-2014-07-25
22,1,Hallowed Fountain,,Lands,3,1,Ad Nauseam,Neeraj,202 tix,$ 704,241376,2014-07-25,Modern Daily #7313337,modern,modern-daily-7313337,modern-daily-7313337-2014-07-25
23,1,Island,,Lands,3,1,Ad Nauseam,Neeraj,202 tix,$ 704,241376,2014-07-25,Modern Daily #7313337,modern,modern-daily-7313337,modern-daily-7313337-2014-07-25
24,2,Marsh Flats,,Lands,3,1,Ad Nauseam,Neeraj,202 tix,$ 704,241376,2014-07-25,Modern Daily #7313337,modern,modern-daily-7313337,modern-daily-7313337-2014-07-25
25,1,Plains,,Lands,3,1,Ad Nauseam,Neeraj,202 tix,$ 704,241376,2014-07-25,Modern Daily #7313337,modern,modern-daily-7313337,modern-daily-7313337-2014-07-25
26,2,Scalding Tarn,,Lands,3,1,Ad Nauseam,Neeraj,202 tix,$ 704,241376,2014-07-25,Modern Daily #7313337,modern,modern-daily-7313337,modern-daily-7313337-2014-07-25
27,1,Seachrome Coast,,Lands,3,1,Ad Nauseam,Neeraj,202 tix,$ 704,241376,2014-07-25,Modern Daily #7313337,modern,modern-daily-7313337,modern-daily-7313337-2014-07-25
28,1,Swamp,,Lands,3,1,Ad Nauseam,Neeraj,202 tix,$ 704,241376,2014-07-25,Modern Daily #7313337,modern,modern-daily-7313337,modern-daily-7313337-2014-07-25
29,2,Temple of Deceit,,Lands,3,1,Ad Nauseam,Neeraj,202 tix,$ 704,241376,2014-07-25,Modern Daily #7313337,modern,modern-daily-7313337,modern-daily-7313337-2014-07-25
30,2,Temple of Enlightenment,,Lands,3,1,Ad Nauseam,Neeraj,202 tix,$ 704,241376,2014-07-25,Modern Daily #7313337,modern,modern-daily-7313337,modern-daily-7313337-2014-07-25
31,1,Watery Grave,,Lands,3,1,Ad Nauseam,Neeraj,202 tix,$ 704,241376,2014-07-25,Modern Daily #7313337,modern,modern-daily-7313337,modern-daily-7313337-2014-07-25
33,1,Slaughter Pact,,Sideboard,3,1,Ad Nauseam,Neeraj,202 tix,$ 704,241376,2014-07-25,Modern Daily #7313337,modern,modern-daily-7313337,modern-daily-7313337-2014-07-25
34,1,Tolaria West,,Sideboard,3,1,Ad Nauseam,Neeraj,202 tix,$ 704,241376,2014-07-25,Modern Daily #7313337,modern,modern-daily-7313337,modern-daily-7313337-2014-07-25
35,1,Tormod's Crypt,,Sideboard,3,1,Ad Nauseam,Neeraj,202 tix,$ 704,241376,2014-07-25,Modern Daily #7313337,modern,modern-daily-7313337,modern-daily-7313337-2014-07-25
36,1,Silence,,Sideboard,3,1,Ad Nauseam,Neeraj,202 tix,$ 704,241376,2014-07-25,Modern Daily #7313337,modern,modern-daily-7313337,modern-daily-7313337-2014-07-25
37,1,Echoing Truth,,Sideboard,3,1,Ad Nauseam,Neeraj,202 tix,$ 704,241376,2014-07-25,Modern Daily #7313337,modern,modern-daily-7313337,modern-daily-7313337-2014-07-25
38,3,Hurkyl's Recall,,Sideboard,3,1,Ad Nauseam,Neeraj,202 tix,$ 704,241376,2014-07-25,Modern Daily #7313337,modern,modern-daily-7313337,modern-daily-7313337-2014-07-25
39,1,Drown in Sorrow,,Sideboard,3,1,Ad Nauseam,Neeraj,202 tix,$ 704,241376,2014-07-25,Modern Daily #7313337,modern,modern-daily-7313337,modern-daily-7313337-2014-07-25
40,1,Phyrexian Unlife,,Sideboard,3,1,Ad Nauseam,Neeraj,202 tix,$ 704,241376,2014-07-25,Modern Daily #7313337,modern,modern-daily-7313337,modern-daily-7313337-2014-07-25
41,3,Leyline of Sanctity,,Sideboard,3,1,Ad Nauseam,Neeraj,202 tix,$ 704,241376,2014-07-25,Modern Daily #7313337,modern,modern-daily-7313337,modern-daily-7313337-2014-07-25
42,1,Patrician's Scorn,,Sideboard,3,1,Ad Nauseam,Neeraj,202 tix,$ 704,241376,2014-07-25,Modern Daily #7313337,modern,modern-daily-7313337,modern-daily-7313337-2014-07-25
43,1,"Teferi, Mage of Zhalfir",,Sideboard,3,1,Ad Nauseam,Neeraj,202 tix,$ 704,241376,2014-07-25,Modern Daily #7313337,modern,modern-daily-7313337,modern-daily-7313337-2014-07-25
1,4,Memnite,,Creatures,3,1,Affinity,walshi4life,424 tix,"$ 1,236",241375,2014-07-25,Modern Daily #7313337,modern,modern-daily-7313337,modern-daily-7313337-2014-07-25
2,4,Ornithopter,,Creatures,3,1,Affinity,walshi4life,424 tix,"$ 1,236",241375,2014-07-25,Modern Daily #7313337,modern,modern-daily-7313337,modern-daily-7313337-2014-07-25
3,4,Signal Pest,,Creatures,3,1,Affinity,walshi4life,424 tix,"$ 1,236",241375,2014-07-25,Modern Daily #7313337,modern,modern-daily-7313337,modern-daily-7313337-2014-07-25
4,4,Arcbound Ravager,,Creatures,3,1,Affinity,walshi4life,424 tix,"$ 1,236",241375,2014-07-25,Modern Daily #7313337,modern,modern-daily-7313337,modern-daily-7313337-2014-07-25
5,4,Dark Confidant,,Creatures,3,1,Affinity,walshi4life,424 tix,"$ 1,236",241375,2014-07-25,Modern Daily #7313337,modern,modern-daily-7313337,modern-daily-7313337-2014-07-25
6,4,Vault Skirge,,Creatures,3,1,Affinity,walshi4life,424 tix,"$ 1,236",241375,2014-07-25,Modern Daily #7313337,modern,modern-daily-7313337,modern-daily-7313337-2014-07-25
7,2,Etched Champion,,Creatures,3,1,Affinity,walshi4life,424 tix,"$ 1,236",241375,2014-07-25,Modern Daily #7313337,modern,modern-daily-7313337,modern-daily-7313337-2014-07-25
9,3,Dispatch,,Spells,3,1,Affinity,walshi4life,424 tix,"$ 1,236",241375,2014-07-25,Modern Daily #7313337,modern,modern-daily-7313337,modern-daily-7313337-2014-07-25
10,3,Galvanic Blast,,Spells,3,1,Affinity,walshi4life,424 tix,"$ 1,236",241375,2014-07-25,Modern Daily #7313337,modern,modern-daily-7313337,modern-daily-7313337-2014-07-25
11,3,Thoughtseize,,Spells,3,1,Affinity,walshi4life,424 tix,"$ 1,236",241375,2014-07-25,Modern Daily #7313337,modern,modern-daily-7313337,modern-daily-7313337-2014-07-25
13,4,Mox Opal,,Artifacts,3,1,Affinity,walshi4life,424 tix,"$ 1,236",241375,2014-07-25,Modern Daily #7313337,modern,modern-daily-7313337,modern-daily-7313337-2014-07-25
14,2,Springleaf Drum,,Artifacts,3,1,Affinity,walshi4life,424 tix,"$ 1,236",241375,2014-07-25,Modern Daily #7313337,modern,modern-daily-7313337,modern-daily-7313337-2014-07-25
15,4,Cranial Plating,,Artifacts,3,1,Affinity,walshi4life,424 tix,"$ 1,236",241375,2014-07-25,Modern Daily #7313337,modern,modern-daily-7313337,modern-daily-7313337-2014-07-25
17,4,Blinkmoth Nexus,,Lands,3,1,Affinity,walshi4life,424 tix,"$ 1,236",241375,2014-07-25,Modern Daily #7313337,modern,modern-daily-7313337,modern-daily-7313337-2014-07-25
18,2,City of Brass,,Lands,3,1,Affinity,walshi4life,424 tix,"$ 1,236",241375,2014-07-25,Modern Daily #7313337,modern,modern-daily-7313337,modern-daily-7313337-2014-07-25
19,1,Darksteel Citadel,,Lands,3,1,Affinity,walshi4life,424 tix,"$ 1,236",241375,2014-07-25,Modern Daily #7313337,modern,modern-daily-7313337,modern-daily-7313337-2014-07-25
20,4,Glimmervoid,,Lands,3,1,Affinity,walshi4life,424 tix,"$ 1,236",241375,2014-07-25,Modern Daily #7313337,modern,modern-daily-7313337,modern-daily-7313337-2014-07-25
21,4,Inkmoth Nexus,,Lands,3,1,Affinity,walshi4life,424 tix,"$ 1,236",241375,2014-07-25,Modern Daily #7313337,modern,modern-daily-7313337,modern-daily-7313337-2014-07-25
23,1,City of Brass,,Sideboard,3,1,Affinity,walshi4life,424 tix,"$ 1,236",241375,2014-07-25,Modern Daily #7313337,modern,modern-daily-7313337,modern-daily-7313337-2014-07-25
24,1,Dispatch,,Sideboard,3,1,Affinity,walshi4life,424 tix,"$ 1,236",241375,2014-07-25,Modern Daily #7313337,modern,modern-daily-7313337,modern-daily-7313337-2014-07-25
25,2,Grafdigger's Cage,,Sideboard,3,1,Affinity,walshi4life,424 tix,"$ 1,236",241375,2014-07-25,Modern Daily #7313337,modern,modern-daily-7313337,modern-daily-7313337-2014-07-25
26,2,Nature's Claim,,Sideboard,3,1,Affinity,walshi4life,424 tix,"$ 1,236",241375,2014-07-25,Modern Daily #7313337,modern,modern-daily-7313337,modern-daily-7313337-2014-07-25
27,1,Thoughtseize,,Sideboard,3,1,Affinity,walshi4life,424 tix,"$ 1,236",241375,2014-07-25,Modern Daily #7313337,modern,modern-daily-7313337,modern-daily-7313337-2014-07-25
28,1,Choke,,Sideboard,3,1,Affinity,walshi4life,424 tix,"$ 1,236",241375,2014-07-25,Modern Daily #7313337,modern,modern-daily-7313337,modern-daily-7313337-2014-07-25
29,2,Etched Champion,,Sideboard,3,1,Affinity,walshi4life,424 tix,"$ 1,236",241375,2014-07-25,Modern Daily #7313337,modern,modern-daily-7313337,modern-daily-7313337-2014-07-25
30,3,Stoic Rebuttal,,Sideboard,3,1,Affinity,walshi4life,424 tix,"$ 1,236",241375,2014-07-25,Modern Daily #7313337,modern,modern-daily-7313337,modern-daily-7313337-2014-07-25
31,2,Tempered Steel,,Sideboard,3,1,Affinity,walshi4life,424 tix,"$ 1,236",241375,2014-07-25,Modern Daily #7313337,modern,modern-daily-7313337,modern-daily-7313337-2014-07-25
1,4,Snapcaster Mage,,Creatures,3,1,Blue Devotion,TheSawceBoss,256 tix,$ 909,241392,2014-07-25,Modern Daily #7313337,modern,modern-daily-7313337,modern-daily-7313337-2014-07-25
2,3,Vendilion Clique,,Creatures,3,1,Blue Devotion,TheSawceBoss,256 tix,$ 909,241392,2014-07-25,Modern Daily #7313337,modern,modern-daily-7313337,modern-daily-7313337-2014-07-25
3,2,Master of Waves,,Creatures,3,1,Blue Devotion,TheSawceBoss,256 tix,$ 909,241392,2014-07-25,Modern Daily #7313337,modern,modern-daily-7313337,modern-daily-7313337-2014-07-25
4,3,"Teferi, Mage of Zhalfir",,Creatures,3,1,Blue Devotion,TheSawceBoss,256 tix,$ 909,241392,2014-07-25,Modern Daily #7313337,modern,modern-daily-7313337,modern-daily-7313337-2014-07-25
5,1,Arcanis the Omnipotent,,Creatures,3,1,Blue Devotion,TheSawceBoss,256 tix,$ 909,241392,2014-07-25,Modern Daily #7313337,modern,modern-daily-7313337,modern-daily-7313337-2014-07-25
7,4,Gut Shot,,Spells,3,1,Blue Devotion,TheSawceBoss,256 tix,$ 909,241392,2014-07-25,Modern Daily #7313337,modern,modern-daily-7313337,modern-daily-7313337-2014-07-25
8,3,Spell Snare,,Spells,3,1,Blue Devotion,TheSawceBoss,256 tix,$ 909,241392,2014-07-25,Modern Daily #7313337,modern,modern-daily-7313337,modern-daily-7313337-2014-07-25
9,3,Mana Leak,,Spells,3,1,Blue Devotion,TheSawceBoss,256 tix,$ 909,241392,2014-07-25,Modern Daily #7313337,modern,modern-daily-7313337,modern-daily-7313337-2014-07-25
10,2,Remand,,Spells,3,1,Blue Devotion,TheSawceBoss,256 tix,$ 909,241392,2014-07-25,Modern Daily #7313337,modern,modern-daily-7313337,modern-daily-7313337-2014-07-25
11,4,Cryptic Command,,Spells,3,1,Blue Devotion,TheSawceBoss,256 tix,$ 909,241392,2014-07-25,Modern Daily #7313337,modern,modern-daily-7313337,modern-daily-7313337-2014-07-25
13,4,Vedalken Shackles,,Artifacts,3,1,Blue Devotion,TheSawceBoss,256 tix,$ 909,241392,2014-07-25,Modern Daily #7313337,modern,modern-daily-7313337,modern-daily-7313337-2014-07-25
15,2,Spreading Seas,,Enchantments,3,1,Blue Devotion,TheSawceBoss,256 tix,$ 909,241392,2014-07-25,Modern Daily #7313337,modern,modern-daily-7313337,modern-daily-7313337-2014-07-25
17,1,Academy Ruins,,Lands,3,1,Blue Devotion,TheSawceBoss,256 tix,$ 909,241392,2014-07-25,Modern Daily #7313337,modern,modern-daily-7313337,modern-daily-7313337-2014-07-25
18,3,Cavern of Souls,,Lands,3,1,Blue Devotion,TheSawceBoss,256 tix,$ 909,241392,2014-07-25,Modern Daily #7313337,modern,modern-daily-7313337,modern-daily-7313337-2014-07-25
19,18,Island,,Lands,3,1,Blue Devotion,TheSawceBoss,256 tix,$ 909,241392,2014-07-25,Modern Daily #7313337,modern,modern-daily-7313337,modern-daily-7313337-2014-07-25
20,3,Tectonic Edge,,Lands,3,1,Blue Devotion,TheSawceBoss,256 tix,$ 909,241392,2014-07-25,Modern Daily #7313337,modern,modern-daily-7313337,modern-daily-7313337-2014-07-25
22,1,Tectonic Edge,,Sideboard,3,1,Blue Devotion,TheSawceBoss,256 tix,$ 909,241392,2014-07-25,Modern Daily #7313337,modern,modern-daily-7313337,modern-daily-7313337-2014-07-25
23,2,Relic of Progenitus,,Sideboard,3,1,Blue Devotion,TheSawceBoss,256 tix,$ 909,241392,2014-07-25,Modern Daily #7313337,modern,modern-daily-7313337,modern-daily-7313337-2014-07-25
24,4,Steel Sabotage,,Sideboard,3,1,Blue Devotion,TheSawceBoss,256 tix,$ 909,241392,2014-07-25,Modern Daily #7313337,modern,modern-daily-7313337,modern-daily-7313337-2014-07-25
25,2,Spellskite,,Sideboard,3,1,Blue Devotion,TheSawceBoss,256 tix,$ 909,241392,2014-07-25,Modern Daily #7313337,modern,modern-daily-7313337,modern-daily-7313337-2014-07-25
26,1,Spreading Seas,,Sideboard,3,1,Blue Devotion,TheSawceBoss,256 tix,$ 909,241392,2014-07-25,Modern Daily #7313337,modern,modern-daily-7313337,modern-daily-7313337-2014-07-25
27,2,Hibernation,,Sideboard,3,1,Blue Devotion,TheSawceBoss,256 tix,$ 909,241392,2014-07-25,Modern Daily #7313337,modern,modern-daily-7313337,modern-daily-7313337-2014-07-25
28,1,Master of Waves,,Sideboard,3,1,Blue Devotion,TheSawceBoss,256 tix,$ 909,241392,2014-07-25,Modern Daily #7313337,modern,modern-daily-7313337,modern-daily-7313337-2014-07-25
29,2,Batterskull,,Sideboard,3,1,Blue Devotion,TheSawceBoss,256 tix,$ 909,241392,2014-07-25,Modern Daily #7313337,modern,modern-daily-7313337,modern-daily-7313337-2014-07-25
1,4,Gladecover Scout,,Creatures,3,1,Bogles,drinkard,76 tix,$ 359,241373,2014-07-25,Modern Daily #7313337,modern,modern-daily-7313337,modern-daily-7313337-2014-07-25
2,4,Slippery Bogle,,Creatures,3,1,Bogles,drinkard,76 tix,$ 359,241373,2014-07-25,Modern Daily #7313337,modern,modern-daily-7313337,modern-daily-7313337-2014-07-25
3,4,Kor Spiritdancer,,Creatures,3,1,Bogles,drinkard,76 tix,$ 359,241373,2014-07-25,Modern Daily #7313337,modern,modern-daily-7313337,modern-daily-7313337-2014-07-25
5,2,Path to Exile,,Spells,3,1,Bogles,drinkard,76 tix,$ 359,241373,2014-07-25,Modern Daily #7313337,modern,modern-daily-7313337,modern-daily-7313337-2014-07-25
7,4,Ethereal Armor,,Enchantments,3,1,Bogles,drinkard,76 tix,$ 359,241373,2014-07-25,Modern Daily #7313337,modern,modern-daily-7313337,modern-daily-7313337-2014-07-25
8,4,Hyena Umbra,,Enchantments,3,1,Bogles,drinkard,76 tix,$ 359,241373,2014-07-25,Modern Daily #7313337,modern,modern-daily-7313337,modern-daily-7313337-2014-07-25
9,4,Rancor,,Enchantments,3,1,Bogles,drinkard,76 tix,$ 359,241373,2014-07-25,Modern Daily #7313337,modern,modern-daily-7313337,modern-daily-7313337-2014-07-25
10,3,Spider Umbra,,Enchantments,3,1,Bogles,drinkard,76 tix,$ 359,241373,2014-07-25,Modern Daily #7313337,modern,modern-daily-7313337,modern-daily-7313337-2014-07-25
11,1,Spirit Link,,Enchantments,3,1,Bogles,drinkard,76 tix,$ 359,241373,2014-07-25,Modern Daily #7313337,modern,modern-daily-7313337,modern-daily-7313337-2014-07-25
12,4,Daybreak Coronet,,Enchantments,3,1,Bogles,drinkard,76 tix,$ 359,241373,2014-07-25,Modern Daily #7313337,modern,modern-daily-7313337,modern-daily-7313337-2014-07-25
13,2,Spirit Mantle,,Enchantments,3,1,Bogles,drinkard,76 tix,$ 359,241373,2014-07-25,Modern Daily #7313337,modern,modern-daily-7313337,modern-daily-7313337-2014-07-25
14,4,Suppression Field,,Enchantments,3,1,Bogles,drinkard,76 tix,$ 359,241373,2014-07-25,Modern Daily #7313337,modern,modern-daily-7313337,modern-daily-7313337-2014-07-25
16,4,Brushland,,Lands,3,1,Bogles,drinkard,76 tix,$ 359,241373,2014-07-25,Modern Daily #7313337,modern,modern-daily-7313337,modern-daily-7313337-2014-07-25
17,4,Forest,,Lands,3,1,Bogles,drinkard,76 tix,$ 359,241373,2014-07-25,Modern Daily #7313337,modern,modern-daily-7313337,modern-daily-7313337-2014-07-25
18,4,Plains,,Lands,3,1,Bogles,drinkard,76 tix,$ 359,241373,2014-07-25,Modern Daily #7313337,modern,modern-daily-7313337,modern-daily-7313337-2014-07-25
19,4,Razorverge Thicket,,Lands,3,1,Bogles,drinkard,76 tix,$ 359,241373,2014-07-25,Modern Daily #7313337,modern,modern-daily-7313337,modern-daily-7313337-2014-07-25
20,2,Sunpetal Grove,,Lands,3,1,Bogles,drinkard,76 tix,$ 359,241373,2014-07-25,Modern Daily #7313337,modern,modern-daily-7313337,modern-daily-7313337-2014-07-25
21,2,Temple Garden,,Lands,3,1,Bogles,drinkard,76 tix,$ 359,241373,2014-07-25,Modern Daily #7313337,modern,modern-daily-7313337,modern-daily-7313337-2014-07-25
23,2,Burrenton Forge-Tender,,Sideboard,3,1,Bogles,drinkard,76 tix,$ 359,241373,2014-07-25,Modern Daily #7313337,modern,modern-daily-7313337,modern-daily-7313337-2014-07-25
24,4,Nature's Claim,,Sideboard,3,1,Bogles,drinkard,76 tix,$ 359,241373,2014-07-25,Modern Daily #7313337,modern,modern-daily-7313337,modern-daily-7313337-2014-07-25
25,1,Path to Exile,,Sideboard,3,1,Bogles,drinkard,76 tix,$ 359,241373,2014-07-25,Modern Daily #7313337,modern,modern-daily-7313337,modern-daily-7313337-2014-07-25
26,1,Spirit Link,,Sideboard,3,1,Bogles,drinkard,76 tix,$ 359,241373,2014-07-25,Modern Daily #7313337,modern,modern-daily-7313337,modern-daily-7313337-2014-07-25
27,1,Ethersworn Canonist,,Sideboard,3,1,Bogles,drinkard,76 tix,$ 359,241373,2014-07-25,Modern Daily #7313337,modern,modern-daily-7313337,modern-daily-7313337-2014-07-25
28,2,Rest in Peace,,Sideboard,3,1,Bogles,drinkard,76 tix,$ 359,241373,2014-07-25,Modern Daily #7313337,modern,modern-daily-7313337,modern-daily-7313337-2014-07-25
29,2,Stony Silence,,Sideboard,3,1,Bogles,drinkard,76 tix,$ 359,241373,2014-07-25,Modern Daily #7313337,modern,modern-daily-7313337,modern-daily-7313337-2014-07-25
30,2,Leyline of Sanctity,,Sideboard,3,1,Bogles,drinkard,76 tix,$ 359,241373,2014-07-25,Modern Daily #7313337,modern,modern-daily-7313337,modern-daily-7313337-2014-07-25
1,4,Dark Confidant,,Creatures,3,1,Junk,bone5,593 tix,"$ 1,944",241377,2014-07-25,Modern Daily #7313337,modern,modern-daily-7313337,modern-daily-7313337-2014-07-25
2,3,Pack Rat,,Creatures,3,1,Junk,bone5,593 tix,"$ 1,944",241377,2014-07-25,Modern Daily #7313337,modern,modern-daily-7313337,modern-daily-7313337-2014-07-25
3,4,Scavenging Ooze,,Creatures,3,1,Junk,bone5,593 tix,"$ 1,944",241377,2014-07-25,Modern Daily #7313337,modern,modern-daily-7313337,modern-daily-7313337-2014-07-25
4,4,Tarmogoyf,,Creatures,3,1,Junk,bone5,593 tix,"$ 1,944",241377,2014-07-25,Modern Daily #7313337,modern,modern-daily-7313337,modern-daily-7313337-2014-07-25
6,4,Liliana of the Veil,,Planeswalkers,3,1,Junk,bone5,593 tix,"$ 1,944",241377,2014-07-25,Modern Daily #7313337,modern,modern-daily-7313337,modern-daily-7313337-2014-07-25
7,1,Garruk Relentless,,Planeswalkers,3,1,Junk,bone5,593 tix,"$ 1,944",241377,2014-07-25,Modern Daily #7313337,modern,modern-daily-7313337,modern-daily-7313337-2014-07-25
9,1,Slaughter Pact,,Spells,3,1,Junk,bone5,593 tix,"$ 1,944",241377,2014-07-25,Modern Daily #7313337,modern,modern-daily-7313337,modern-daily-7313337-2014-07-25
10,1,Disfigure,,Spells,3,1,Junk,bone5,593 tix,"$ 1,944",241377,2014-07-25,Modern Daily #7313337,modern,modern-daily-7313337,modern-daily-7313337-2014-07-25
11,4,Inquisition of Kozilek,,Spells,3,1,Junk,bone5,593 tix,"$ 1,944",241377,2014-07-25,Modern Daily #7313337,modern,modern-daily-7313337,modern-daily-7313337-2014-07-25
12,3,Thoughtseize,,Spells,3,1,Junk,bone5,593 tix,"$ 1,944",241377,2014-07-25,Modern Daily #7313337,modern,modern-daily-7313337,modern-daily-7313337-2014-07-25
13,3,Abrupt Decay,,Spells,3,1,Junk,bone5,593 tix,"$ 1,944",241377,2014-07-25,Modern Daily #7313337,modern,modern-daily-7313337,modern-daily-7313337-2014-07-25
14,2,Dismember,,Spells,3,1,Junk,bone5,593 tix,"$ 1,944",241377,2014-07-25,Modern Daily #7313337,modern,modern-daily-7313337,modern-daily-7313337-2014-07-25
15,2,Maelstrom Pulse,,Spells,3,1,Junk,bone5,593 tix,"$ 1,944",241377,2014-07-25,Modern Daily #7313337,modern,modern-daily-7313337,modern-daily-7313337-2014-07-25
17,1,Forest,,Lands,3,1,Junk,bone5,593 tix,"$ 1,944",241377,2014-07-25,Modern Daily #7313337,modern,modern-daily-7313337,modern-daily-7313337-2014-07-25
18,3,Marsh Flats,,Lands,3,1,Junk,bone5,593 tix,"$ 1,944",241377,2014-07-25,Modern Daily #7313337,modern,modern-daily-7313337,modern-daily-7313337-2014-07-25
19,2,Mutavault,,Lands,3,1,Junk,bone5,593 tix,"$ 1,944",241377,2014-07-25,Modern Daily #7313337,modern,modern-daily-7313337,modern-daily-7313337-2014-07-25
20,3,Overgrown Tomb,,Lands,3,1,Junk,bone5,593 tix,"$ 1,944",241377,2014-07-25,Modern Daily #7313337,modern,modern-daily-7313337,modern-daily-7313337-2014-07-25
21,2,Swamp,,Lands,3,1,Junk,bone5,593 tix,"$ 1,944",241377,2014-07-25,Modern Daily #7313337,modern,modern-daily-7313337,modern-daily-7313337-2014-07-25
22,2,Tectonic Edge,,Lands,3,1,Junk,bone5,593 tix,"$ 1,944",241377,2014-07-25,Modern Daily #7313337,modern,modern-daily-7313337,modern-daily-7313337-2014-07-25
23,4,Treetop Village,,Lands,3,1,Junk,bone5,593 tix,"$ 1,944",241377,2014-07-25,Modern Daily #7313337,modern,modern-daily-7313337,modern-daily-7313337-2014-07-25
24,1,Twilight Mire,,Lands,3,1,Junk,bone5,593 tix,"$ 1,944",241377,2014-07-25,Modern Daily #7313337,modern,modern-daily-7313337,modern-daily-7313337-2014-07-25
25,1,"Urborg, Tomb of Yawgmoth",,Lands,3,1,Junk,bone5,593 tix,"$ 1,944",241377,2014-07-25,Modern Daily #7313337,modern,modern-daily-7313337,modern-daily-7313337-2014-07-25
26,4,Verdant Catacombs,,Lands,3,1,Junk,bone5,593 tix,"$ 1,944",241377,2014-07-25,Modern Daily #7313337,modern,modern-daily-7313337,modern-daily-7313337-2014-07-25
27,1,Woodland Cemetery,,Lands,3,1,Junk,bone5,593 tix,"$ 1,944",241377,2014-07-25,Modern Daily #7313337,modern,modern-daily-7313337,modern-daily-7313337-2014-07-25
29,1,Disfigure,,Sideboard,3,1,Junk,bone5,593 tix,"$ 1,944",241377,2014-07-25,Modern Daily #7313337,modern,modern-daily-7313337,modern-daily-7313337-2014-07-25
30,1,Thoughtseize,,Sideboard,3,1,Junk,bone5,593 tix,"$ 1,944",241377,2014-07-25,Modern Daily #7313337,modern,modern-daily-7313337,modern-daily-7313337-2014-07-25
31,1,Victim of Night,,Sideboard,3,1,Junk,bone5,593 tix,"$ 1,944",241377,2014-07-25,Modern Daily #7313337,modern,modern-daily-7313337,modern-daily-7313337-2014-07-25
32,1,Drown in Sorrow,,Sideboard,3,1,Junk,bone5,593 tix,"$ 1,944",241377,2014-07-25,Modern Daily #7313337,modern,modern-daily-7313337,modern-daily-7313337-2014-07-25
33,4,Fulminator Mage,,Sideboard,3,1,Junk,bone5,593 tix,"$ 1,944",241377,2014-07-25,Modern Daily #7313337,modern,modern-daily-7313337,modern-daily-7313337-2014-07-25
34,1,Phyrexian Arena,,Sideboard,3,1,Junk,bone5,593 tix,"$ 1,944",241377,2014-07-25,Modern Daily #7313337,modern,modern-daily-7313337,modern-daily-7313337-2014-07-25
35,2,Creeping Corrosion,,Sideboard,3,1,Junk,bone5,593 tix,"$ 1,944",241377,2014-07-25,Modern Daily #7313337,modern,modern-daily-7313337,modern-daily-7313337-2014-07-25
36,1,Damnation,,Sideboard,3,1,Junk,bone5,593 tix,"$ 1,944",241377,2014-07-25,Modern Daily #7313337,modern,modern-daily-7313337,modern-daily-7313337-2014-07-25
37,1,Night of Souls' Betrayal,,Sideboard,3,1,Junk,bone5,593 tix,"$ 1,944",241377,2014-07-25,Modern Daily #7313337,modern,modern-daily-7313337,modern-daily-7313337-2014-07-25
38,1,Obstinate Baloth,,Sideboard,3,1,Junk,bone5,593 tix,"$ 1,944",241377,2014-07-25,Modern Daily #7313337,modern,modern-daily-7313337,modern-daily-7313337-2014-07-25
39,1,"Thrun, the Last Troll",,Sideboard,3,1,Junk,bone5,593 tix,"$ 1,944",241377,2014-07-25,Modern Daily #7313337,modern,modern-daily-7313337,modern-daily-7313337-2014-07-25
1,4,Noble Hierarch,,Creatures,3,1,Kibler Naya,mcatebr,399 tix,"$ 1,096",241380,2014-07-25,Modern Daily #7313337,modern,modern-daily-7313337,modern-daily-7313337-2014-07-25
2,4,Wild Nacatl,,Creatures,3,1,Kibler Naya,mcatebr,399 tix,"$ 1,096",241380,2014-07-25,Modern Daily #7313337,modern,modern-daily-7313337,modern-daily-7313337-2014-07-25
3,3,Qasali Pridemage,,Creatures,3,1,Kibler Naya,mcatebr,399 tix,"$ 1,096",241380,2014-07-25,Modern Daily #7313337,modern,modern-daily-7313337,modern-daily-7313337-2014-07-25
4,4,Scavenging Ooze,,Creatures,3,1,Kibler Naya,mcatebr,399 tix,"$ 1,096",241380,2014-07-25,Modern Daily #7313337,modern,modern-daily-7313337,modern-daily-7313337-2014-07-25
5,4,Tarmogoyf,,Creatures,3,1,Kibler Naya,mcatebr,399 tix,"$ 1,096",241380,2014-07-25,Modern Daily #7313337,modern,modern-daily-7313337,modern-daily-7313337-2014-07-25
6,4,Knight of the Reliquary,,Creatures,3,1,Kibler Naya,mcatebr,399 tix,"$ 1,096",241380,2014-07-25,Modern Daily #7313337,modern,modern-daily-7313337,modern-daily-7313337-2014-07-25
7,3,Loxodon Smiter,,Creatures,3,1,Kibler Naya,mcatebr,399 tix,"$ 1,096",241380,2014-07-25,Modern Daily #7313337,modern,modern-daily-7313337,modern-daily-7313337-2014-07-25
9,1,Domri Rade,,Planeswalkers,3,1,Kibler Naya,mcatebr,399 tix,"$ 1,096",241380,2014-07-25,Modern Daily #7313337,modern,modern-daily-7313337,modern-daily-7313337-2014-07-25
10,1,Ajani Vengeant,,Planeswalkers,3,1,Kibler Naya,mcatebr,399 tix,"$ 1,096",241380,2014-07-25,Modern Daily #7313337,modern,modern-daily-7313337,modern-daily-7313337-2014-07-25
11,1,"Chandra, Pyromaster",,Planeswalkers,3,1,Kibler Naya,mcatebr,399 tix,"$ 1,096",241380,2014-07-25,Modern Daily #7313337,modern,modern-daily-7313337,modern-daily-7313337-2014-07-25
13,4,Lightning Bolt,,Spells,3,1,Kibler Naya,mcatebr,399 tix,"$ 1,096",241380,2014-07-25,Modern Daily #7313337,modern,modern-daily-7313337,modern-daily-7313337-2014-07-25
14,4,Path to Exile,,Spells,3,1,Kibler Naya,mcatebr,399 tix,"$ 1,096",241380,2014-07-25,Modern Daily #7313337,modern,modern-daily-7313337,modern-daily-7313337-2014-07-25
15,1,Lightning Helix,,Spells,3,1,Kibler Naya,mcatebr,399 tix,"$ 1,096",241380,2014-07-25,Modern Daily #7313337,modern,modern-daily-7313337,modern-daily-7313337-2014-07-25
17,4,Arid Mesa,,Lands,3,1,Kibler Naya,mcatebr,399 tix,"$ 1,096",241380,2014-07-25,Modern Daily #7313337,modern,modern-daily-7313337,modern-daily-7313337-2014-07-25
18,1,Blood Crypt,,Lands,3,1,Kibler Naya,mcatebr,399 tix,"$ 1,096",241380,2014-07-25,Modern Daily #7313337,modern,modern-daily-7313337,modern-daily-7313337-2014-07-25
19,2,Forest,,Lands,3,1,Kibler Naya,mcatebr,399 tix,"$ 1,096",241380,2014-07-25,Modern Daily #7313337,modern,modern-daily-7313337,modern-daily-7313337-2014-07-25
20,1,Kessig Wolf Run,,Lands,3,1,Kibler Naya,mcatebr,399 tix,"$ 1,096",241380,2014-07-25,Modern Daily #7313337,modern,modern-daily-7313337,modern-daily-7313337-2014-07-25
21,3,Marsh Flats,,Lands,3,1,Kibler Naya,mcatebr,399 tix,"$ 1,096",241380,2014-07-25,Modern Daily #7313337,modern,modern-daily-7313337,modern-daily-7313337-2014-07-25
22,1,Overgrown Tomb,,Lands,3,1,Kibler Naya,mcatebr,399 tix,"$ 1,096",241380,2014-07-25,Modern Daily #7313337,modern,modern-daily-7313337,modern-daily-7313337-2014-07-25
23,1,Plains,,Lands,3,1,Kibler Naya,mcatebr,399 tix,"$ 1,096",241380,2014-07-25,Modern Daily #7313337,modern,modern-daily-7313337,modern-daily-7313337-2014-07-25
24,1,Sacred Foundry,,Lands,3,1,Kibler Naya,mcatebr,399 tix,"$ 1,096",241380,2014-07-25,Modern Daily #7313337,modern,modern-daily-7313337,modern-daily-7313337-2014-07-25
25,1,Stirring Wildwood,,Lands,3,1,Kibler Naya,mcatebr,399 tix,"$ 1,096",241380,2014-07-25,Modern Daily #7313337,modern,modern-daily-7313337,modern-daily-7313337-2014-07-25
26,2,Stomping Ground,,Lands,3,1,Kibler Naya,mcatebr,399 tix,"$ 1,096",241380,2014-07-25,Modern Daily #7313337,modern,modern-daily-7313337,modern-daily-7313337-2014-07-25
27,1,Temple Garden,,Lands,3,1,Kibler Naya,mcatebr,399 tix,"$ 1,096",241380,2014-07-25,Modern Daily #7313337,modern,modern-daily-7313337,modern-daily-7313337-2014-07-25
28,4,Verdant Catacombs,,Lands,3,1,Kibler Naya,mcatebr,399 tix,"$ 1,096",241380,2014-07-25,Modern Daily #7313337,modern,modern-daily-7313337,modern-daily-7313337-2014-07-25
30,1,Wear & Tear,,Sideboard,3,1,Kibler Naya,mcatebr,399 tix,"$ 1,096",241380,2014-07-25,Modern Daily #7313337,modern,modern-daily-7313337,modern-daily-7313337-2014-07-25
31,2,Bonfire of the Damned,,Sideboard,3,1,Kibler Naya,mcatebr,399 tix,"$ 1,096",241380,2014-07-25,Modern Daily #7313337,modern,modern-daily-7313337,modern-daily-7313337-2014-07-25
32,1,Grafdigger's Cage,,Sideboard,3,1,Kibler Naya,mcatebr,399 tix,"$ 1,096",241380,2014-07-25,Modern Daily #7313337,modern,modern-daily-7313337,modern-daily-7313337-2014-07-25
33,2,Ancient Grudge,,Sideboard,3,1,Kibler Naya,mcatebr,399 tix,"$ 1,096",241380,2014-07-25,Modern Daily #7313337,modern,modern-daily-7313337,modern-daily-7313337-2014-07-25
34,2,Combust,,Sideboard,3,1,Kibler Naya,mcatebr,399 tix,"$ 1,096",241380,2014-07-25,Modern Daily #7313337,modern,modern-daily-7313337,modern-daily-7313337-2014-07-25
35,1,Torpor Orb,,Sideboard,3,1,Kibler Naya,mcatebr,399 tix,"$ 1,096",241380,2014-07-25,Modern Daily #7313337,modern,modern-daily-7313337,modern-daily-7313337-2014-07-25
36,2,Blood Moon,,Sideboard,3,1,Kibler Naya,mcatebr,399 tix,"$ 1,096",241380,2014-07-25,Modern Daily #7313337,modern,modern-daily-7313337,modern-daily-7313337-2014-07-25
37,1,Obstinate Baloth,,Sideboard,3,1,Kibler Naya,mcatebr,399 tix,"$ 1,096",241380,2014-07-25,Modern Daily #7313337,modern,modern-daily-7313337,modern-daily-7313337-2014-07-25
38,2,Slaughter Games,,Sideboard,3,1,Kibler Naya,mcatebr,399 tix,"$ 1,096",241380,2014-07-25,Modern Daily #7313337,modern,modern-daily-7313337,modern-daily-7313337-2014-07-25
39,1,"Thrun, the Last Troll",,Sideboard,3,1,Kibler Naya,mcatebr,399 tix,"$ 1,096",241380,2014-07-25,Modern Daily #7313337,modern,modern-daily-7313337,modern-daily-7313337-2014-07-25
1,4,Birds of Paradise,,Creatures,3,1,Kiki Pod,dk640,311 tix,$ 765,241390,2014-07-25,Modern Daily #7313337,modern,modern-daily-7313337,modern-daily-7313337-2014-07-25
2,4,Noble Hierarch,,Creatures,3,1,Kiki Pod,dk640,311 tix,$ 765,241390,2014-07-25,Modern Daily #7313337,modern,modern-daily-7313337,modern-daily-7313337-2014-07-25
3,1,Phantasmal Image,,Creatures,3,1,Kiki Pod,dk640,311 tix,$ 765,241390,2014-07-25,Modern Daily #7313337,modern,modern-daily-7313337,modern-daily-7313337-2014-07-25
4,1,Qasali Pridemage,,Creatures,3,1,Kiki Pod,dk640,311 tix,$ 765,241390,2014-07-25,Modern Daily #7313337,modern,modern-daily-7313337,modern-daily-7313337-2014-07-25
5,2,Scavenging Ooze,,Creatures,3,1,Kiki Pod,dk640,311 tix,$ 765,241390,2014-07-25,Modern Daily #7313337,modern,modern-daily-7313337,modern-daily-7313337-2014-07-25
6,1,Spellskite,,Creatures,3,1,Kiki Pod,dk640,311 tix,$ 765,241390,2014-07-25,Modern Daily #7313337,modern,modern-daily-7313337,modern-daily-7313337-2014-07-25
7,2,Voice of Resurgence,,Creatures,3,1,Kiki Pod,dk640,311 tix,$ 765,241390,2014-07-25,Modern Daily #7313337,modern,modern-daily-7313337,modern-daily-7313337-2014-07-25
8,1,Wall of Roots,,Creatures,3,1,Kiki Pod,dk640,311 tix,$ 765,241390,2014-07-25,Modern Daily #7313337,modern,modern-daily-7313337,modern-daily-7313337-2014-07-25
9,1,Deceiver Exarch,,Creatures,3,1,Kiki Pod,dk640,311 tix,$ 765,241390,2014-07-25,Modern Daily #7313337,modern,modern-daily-7313337,modern-daily-7313337-2014-07-25
10,1,Eternal Witness,,Creatures,3,1,Kiki Pod,dk640,311 tix,$ 765,241390,2014-07-25,Modern Daily #7313337,modern,modern-daily-7313337,modern-daily-7313337-2014-07-25
11,3,Kitchen Finks,,Creatures,3,1,Kiki Pod,dk640,311 tix,$ 765,241390,2014-07-25,Modern Daily #7313337,modern,modern-daily-7313337,modern-daily-7313337-2014-07-25
12,1,Glen Elendra Archmage,,Creatures,3,1,Kiki Pod,dk640,311 tix,$ 765,241390,2014-07-25,Modern Daily #7313337,modern,modern-daily-7313337,modern-daily-7313337-2014-07-25
13,1,"Linvala, Keeper of Silence",,Creatures,3,1,Kiki Pod,dk640,311 tix,$ 765,241390,2014-07-25,Modern Daily #7313337,modern,modern-daily-7313337,modern-daily-7313337-2014-07-25
14,1,Murderous Redcap,,Creatures,3,1,Kiki Pod,dk640,311 tix,$ 765,241390,2014-07-25,Modern Daily #7313337,modern,modern-daily-7313337,modern-daily-7313337-2014-07-25
15,3,Restoration Angel,,Creatures,3,1,Kiki Pod,dk640,311 tix,$ 765,241390,2014-07-25,Modern Daily #7313337,modern,modern-daily-7313337,modern-daily-7313337-2014-07-25
16,2,"Kiki-Jiki, Mirror Breaker",,Creatures,3,1,Kiki Pod,dk640,311 tix,$ 765,241390,2014-07-25,Modern Daily #7313337,modern,modern-daily-7313337,modern-daily-7313337-2014-07-25
17,1,Zealous Conscripts,,Creatures,3,1,Kiki Pod,dk640,311 tix,$ 765,241390,2014-07-25,Modern Daily #7313337,modern,modern-daily-7313337,modern-daily-7313337-2014-07-25
19,3,Path to Exile,,Spells,3,1,Kiki Pod,dk640,311 tix,$ 765,241390,2014-07-25,Modern Daily #7313337,modern,modern-daily-7313337,modern-daily-7313337-2014-07-25
21,4,Birthing Pod,,Artifacts,3,1,Kiki Pod,dk640,311 tix,$ 765,241390,2014-07-25,Modern Daily #7313337,modern,modern-daily-7313337,modern-daily-7313337-2014-07-25
23,4,Arid Mesa,,Lands,3,1,Kiki Pod,dk640,311 tix,$ 765,241390,2014-07-25,Modern Daily #7313337,modern,modern-daily-7313337,modern-daily-7313337-2014-07-25
24,1,Breeding Pool,,Lands,3,1,Kiki Pod,dk640,311 tix,$ 765,241390,2014-07-25,Modern Daily #7313337,modern,modern-daily-7313337,modern-daily-7313337-2014-07-25
25,1,Fire-Lit Thicket,,Lands,3,1,Kiki Pod,dk640,311 tix,$ 765,241390,2014-07-25,Modern Daily #7313337,modern,modern-daily-7313337,modern-daily-7313337-2014-07-25
26,2,Forest,,Lands,3,1,Kiki Pod,dk640,311 tix,$ 765,241390,2014-07-25,Modern Daily #7313337,modern,modern-daily-7313337,modern-daily-7313337-2014-07-25
27,2,Gavony Township,,Lands,3,1,Kiki Pod,dk640,311 tix,$ 765,241390,2014-07-25,Modern Daily #7313337,modern,modern-daily-7313337,modern-daily-7313337-2014-07-25
28,4,Grove of the Burnwillows,,Lands,3,1,Kiki Pod,dk640,311 tix,$ 765,241390,2014-07-25,Modern Daily #7313337,modern,modern-daily-7313337,modern-daily-7313337-2014-07-25
29,1,Hallowed Fountain,,Lands,3,1,Kiki Pod,dk640,311 tix,$ 765,241390,2014-07-25,Modern Daily #7313337,modern,modern-daily-7313337,modern-daily-7313337-2014-07-25
30,3,Misty Rainforest,,Lands,3,1,Kiki Pod,dk640,311 tix,$ 765,241390,2014-07-25,Modern Daily #7313337,modern,modern-daily-7313337,modern-daily-7313337-2014-07-25
31,1,Plains,,Lands,3,1,Kiki Pod,dk640,311 tix,$ 765,241390,2014-07-25,Modern Daily #7313337,modern,modern-daily-7313337,modern-daily-7313337-2014-07-25
32,1,Sacred Foundry,,Lands,3,1,Kiki Pod,dk640,311 tix,$ 765,241390,2014-07-25,Modern Daily #7313337,modern,modern-daily-7313337,modern-daily-7313337-2014-07-25
33,1,Steam Vents,,Lands,3,1,Kiki Pod,dk640,311 tix,$ 765,241390,2014-07-25,Modern Daily #7313337,modern,modern-daily-7313337,modern-daily-7313337-2014-07-25
34,1,Stomping Ground,,Lands,3,1,Kiki Pod,dk640,311 tix,$ 765,241390,2014-07-25,Modern Daily #7313337,modern,modern-daily-7313337,modern-daily-7313337-2014-07-25
35,1,Temple Garden,,Lands,3,1,Kiki Pod,dk640,311 tix,$ 765,241390,2014-07-25,Modern Daily #7313337,modern,modern-daily-7313337,modern-daily-7313337-2014-07-25
37,1,Ancient Grudge,,Sideboard,3,1,Kiki Pod,dk640,311 tix,$ 765,241390,2014-07-25,Modern Daily #7313337,modern,modern-daily-7313337,modern-daily-7313337-2014-07-25
38,1,Combust,,Sideboard,3,1,Kiki Pod,dk640,311 tix,$ 765,241390,2014-07-25,Modern Daily #7313337,modern,modern-daily-7313337,modern-daily-7313337-2014-07-25
39,1,"Kataki, War's Wage",,Sideboard,3,1,Kiki Pod,dk640,311 tix,$ 765,241390,2014-07-25,Modern Daily #7313337,modern,modern-daily-7313337,modern-daily-7313337-2014-07-25
40,2,Negate,,Sideboard,3,1,Kiki Pod,dk640,311 tix,$ 765,241390,2014-07-25,Modern Daily #7313337,modern,modern-daily-7313337,modern-daily-7313337-2014-07-25
41,1,"Thalia, Guardian of Thraben",,Sideboard,3,1,Kiki Pod,dk640,311 tix,$ 765,241390,2014-07-25,Modern Daily #7313337,modern,modern-daily-7313337,modern-daily-7313337-2014-07-25
42,1,Aven Mindcensor,,Sideboard,3,1,Kiki Pod,dk640,311 tix,$ 765,241390,2014-07-25,Modern Daily #7313337,modern,modern-daily-7313337,modern-daily-7313337-2014-07-25
43,1,Eidolon of Rhetoric,,Sideboard,3,1,Kiki Pod,dk640,311 tix,$ 765,241390,2014-07-25,Modern Daily #7313337,modern,modern-daily-7313337,modern-daily-7313337-2014-07-25
44,1,Fiery Justice,,Sideboard,3,1,Kiki Pod,dk640,311 tix,$ 765,241390,2014-07-25,Modern Daily #7313337,modern,modern-daily-7313337,modern-daily-7313337-2014-07-25
45,1,Harmonic Sliver,,Sideboard,3,1,Kiki Pod,dk640,311 tix,$ 765,241390,2014-07-25,Modern Daily #7313337,modern,modern-daily-7313337,modern-daily-7313337-2014-07-25
46,1,Avalanche Riders,,Sideboard,3,1,Kiki Pod,dk640,311 tix,$ 765,241390,2014-07-25,Modern Daily #7313337,modern,modern-daily-7313337,modern-daily-7313337-2014-07-25
47,1,Loxodon Hierarch,,Sideboard,3,1,Kiki Pod,dk640,311 tix,$ 765,241390,2014-07-25,Modern Daily #7313337,modern,modern-daily-7313337,modern-daily-7313337-2014-07-25
48,1,Shatterstorm,,Sideboard,3,1,Kiki Pod,dk640,311 tix,$ 765,241390,2014-07-25,Modern Daily #7313337,modern,modern-daily-7313337,modern-daily-7313337-2014-07-25
49,1,Sowing Salt,,Sideboard,3,1,Kiki Pod,dk640,311 tix,$ 765,241390,2014-07-25,Modern Daily #7313337,modern,modern-daily-7313337,modern-daily-7313337-2014-07-25
50,1,"Thrun, the Last Troll",,Sideboard,3,1,Kiki Pod,dk640,311 tix,$ 765,241390,2014-07-25,Modern Daily #7313337,modern,modern-daily-7313337,modern-daily-7313337-2014-07-25
1,4,Birds of Paradise,,Creatures,3,1,Melira Pod,Gekoratel,281 tix,$ 860,241378,2014-07-25,Modern Daily #7313337,modern,modern-daily-7313337,modern-daily-7313337-2014-07-25
2,3,Noble Hierarch,,Creatures,3,1,Melira Pod,Gekoratel,281 tix,$ 860,241378,2014-07-25,Modern Daily #7313337,modern,modern-daily-7313337,modern-daily-7313337-2014-07-25
3,1,Viscera Seer,,Creatures,3,1,Melira Pod,Gekoratel,281 tix,$ 860,241378,2014-07-25,Modern Daily #7313337,modern,modern-daily-7313337,modern-daily-7313337-2014-07-25
4,1,"Melira, Sylvok Outcast",,Creatures,3,1,Melira Pod,Gekoratel,281 tix,$ 860,241378,2014-07-25,Modern Daily #7313337,modern,modern-daily-7313337,modern-daily-7313337-2014-07-25
5,1,Scavenging Ooze,,Creatures,3,1,Melira Pod,Gekoratel,281 tix,$ 860,241378,2014-07-25,Modern Daily #7313337,modern,modern-daily-7313337,modern-daily-7313337-2014-07-25
6,1,Spellskite,,Creatures,3,1,Melira Pod,Gekoratel,281 tix,$ 860,241378,2014-07-25,Modern Daily #7313337,modern,modern-daily-7313337,modern-daily-7313337-2014-07-25
7,2,Voice of Resurgence,,Creatures,3,1,Melira Pod,Gekoratel,281 tix,$ 860,241378,2014-07-25,Modern Daily #7313337,modern,modern-daily-7313337,modern-daily-7313337-2014-07-25
8,1,Wall of Roots,,Creatures,3,1,Melira Pod,Gekoratel,281 tix,$ 860,241378,2014-07-25,Modern Daily #7313337,modern,modern-daily-7313337,modern-daily-7313337-2014-07-25
9,1,Eternal Witness,,Creatures,3,1,Melira Pod,Gekoratel,281 tix,$ 860,241378,2014-07-25,Modern Daily #7313337,modern,modern-daily-7313337,modern-daily-7313337-2014-07-25
10,1,Harmonic Sliver,,Creatures,3,1,Melira Pod,Gekoratel,281 tix,$ 860,241378,2014-07-25,Modern Daily #7313337,modern,modern-daily-7313337,modern-daily-7313337-2014-07-25
11,3,Kitchen Finks,,Creatures,3,1,Melira Pod,Gekoratel,281 tix,$ 860,241378,2014-07-25,Modern Daily #7313337,modern,modern-daily-7313337,modern-daily-7313337-2014-07-25
12,1,Orzhov Pontiff,,Creatures,3,1,Melira Pod,Gekoratel,281 tix,$ 860,241378,2014-07-25,Modern Daily #7313337,modern,modern-daily-7313337,modern-daily-7313337-2014-07-25
13,1,Spike Feeder,,Creatures,3,1,Melira Pod,Gekoratel,281 tix,$ 860,241378,2014-07-25,Modern Daily #7313337,modern,modern-daily-7313337,modern-daily-7313337-2014-07-25
14,1,"Linvala, Keeper of Silence",,Creatures,3,1,Melira Pod,Gekoratel,281 tix,$ 860,241378,2014-07-25,Modern Daily #7313337,modern,modern-daily-7313337,modern-daily-7313337-2014-07-25
15,1,Murderous Redcap,,Creatures,3,1,Melira Pod,Gekoratel,281 tix,$ 860,241378,2014-07-25,Modern Daily #7313337,modern,modern-daily-7313337,modern-daily-7313337-2014-07-25
16,1,Ranger of Eos,,Creatures,3,1,Melira Pod,Gekoratel,281 tix,$ 860,241378,2014-07-25,Modern Daily #7313337,modern,modern-daily-7313337,modern-daily-7313337-2014-07-25
17,1,Restoration Angel,,Creatures,3,1,Melira Pod,Gekoratel,281 tix,$ 860,241378,2014-07-25,Modern Daily #7313337,modern,modern-daily-7313337,modern-daily-7313337-2014-07-25
18,1,Archangel of Thune,,Creatures,3,1,Melira Pod,Gekoratel,281 tix,$ 860,241378,2014-07-25,Modern Daily #7313337,modern,modern-daily-7313337,modern-daily-7313337-2014-07-25
19,1,Reveillark,,Creatures,3,1,Melira Pod,Gekoratel,281 tix,$ 860,241378,2014-07-25,Modern Daily #7313337,modern,modern-daily-7313337,modern-daily-7313337-2014-07-25
20,1,Shriekmaw,,Creatures,3,1,Melira Pod,Gekoratel,281 tix,$ 860,241378,2014-07-25,Modern Daily #7313337,modern,modern-daily-7313337,modern-daily-7313337-2014-07-25
22,2,Abrupt Decay,,Spells,3,1,Melira Pod,Gekoratel,281 tix,$ 860,241378,2014-07-25,Modern Daily #7313337,modern,modern-daily-7313337,modern-daily-7313337-2014-07-25
23,3,Chord of Calling,,Spells,3,1,Melira Pod,Gekoratel,281 tix,$ 860,241378,2014-07-25,Modern Daily #7313337,modern,modern-daily-7313337,modern-daily-7313337-2014-07-25
25,4,Birthing Pod,,Artifacts,3,1,Melira Pod,Gekoratel,281 tix,$ 860,241378,2014-07-25,Modern Daily #7313337,modern,modern-daily-7313337,modern-daily-7313337-2014-07-25
27,3,Forest,,Lands,3,1,Melira Pod,Gekoratel,281 tix,$ 860,241378,2014-07-25,Modern Daily #7313337,modern,modern-daily-7313337,modern-daily-7313337-2014-07-25
28,3,Gavony Township,,Lands,3,1,Melira Pod,Gekoratel,281 tix,$ 860,241378,2014-07-25,Modern Daily #7313337,modern,modern-daily-7313337,modern-daily-7313337-2014-07-25
29,1,Godless Shrine,,Lands,3,1,Melira Pod,Gekoratel,281 tix,$ 860,241378,2014-07-25,Modern Daily #7313337,modern,modern-daily-7313337,modern-daily-7313337-2014-07-25
30,4,Misty Rainforest,,Lands,3,1,Melira Pod,Gekoratel,281 tix,$ 860,241378,2014-07-25,Modern Daily #7313337,modern,modern-daily-7313337,modern-daily-7313337-2014-07-25
31,2,Overgrown Tomb,,Lands,3,1,Melira Pod,Gekoratel,281 tix,$ 860,241378,2014-07-25,Modern Daily #7313337,modern,modern-daily-7313337,modern-daily-7313337-2014-07-25
32,3,Razorverge Thicket,,Lands,3,1,Melira Pod,Gekoratel,281 tix,$ 860,241378,2014-07-25,Modern Daily #7313337,modern,modern-daily-7313337,modern-daily-7313337-2014-07-25
33,1,Swamp,,Lands,3,1,Melira Pod,Gekoratel,281 tix,$ 860,241378,2014-07-25,Modern Daily #7313337,modern,modern-daily-7313337,modern-daily-7313337-2014-07-25
34,1,Temple Garden,,Lands,3,1,Melira Pod,Gekoratel,281 tix,$ 860,241378,2014-07-25,Modern Daily #7313337,modern,modern-daily-7313337,modern-daily-7313337-2014-07-25
35,4,Verdant Catacombs,,Lands,3,1,Melira Pod,Gekoratel,281 tix,$ 860,241378,2014-07-25,Modern Daily #7313337,modern,modern-daily-7313337,modern-daily-7313337-2014-07-25
36,1,Woodland Cemetery,,Lands,3,1,Melira Pod,Gekoratel,281 tix,$ 860,241378,2014-07-25,Modern Daily #7313337,modern,modern-daily-7313337,modern-daily-7313337-2014-07-25
38,4,Thoughtseize,,Sideboard,3,1,Melira Pod,Gekoratel,281 tix,$ 860,241378,2014-07-25,Modern Daily #7313337,modern,modern-daily-7313337,modern-daily-7313337-2014-07-25
39,1,Abrupt Decay,,Sideboard,3,1,Melira Pod,Gekoratel,281 tix,$ 860,241378,2014-07-25,Modern Daily #7313337,modern,modern-daily-7313337,modern-daily-7313337-2014-07-25
40,1,"Kataki, War's Wage",,Sideboard,3,1,Melira Pod,Gekoratel,281 tix,$ 860,241378,2014-07-25,Modern Daily #7313337,modern,modern-daily-7313337,modern-daily-7313337-2014-07-25
41,1,Qasali Pridemage,,Sideboard,3,1,Melira Pod,Gekoratel,281 tix,$ 860,241378,2014-07-25,Modern Daily #7313337,modern,modern-daily-7313337,modern-daily-7313337-2014-07-25
42,1,Scavenging Ooze,,Sideboard,3,1,Melira Pod,Gekoratel,281 tix,$ 860,241378,2014-07-25,Modern Daily #7313337,modern,modern-daily-7313337,modern-daily-7313337-2014-07-25
43,2,Aven Mindcensor,,Sideboard,3,1,Melira Pod,Gekoratel,281 tix,$ 860,241378,2014-07-25,Modern Daily #7313337,modern,modern-daily-7313337,modern-daily-7313337-2014-07-25
44,2,Dismember,,Sideboard,3,1,Melira Pod,Gekoratel,281 tix,$ 860,241378,2014-07-25,Modern Daily #7313337,modern,modern-daily-7313337,modern-daily-7313337-2014-07-25
45,1,Sin Collector,,Sideboard,3,1,Melira Pod,Gekoratel,281 tix,$ 860,241378,2014-07-25,Modern Daily #7313337,modern,modern-daily-7313337,modern-daily-7313337-2014-07-25
46,1,Entomber Exarch,,Sideboard,3,1,Melira Pod,Gekoratel,281 tix,$ 860,241378,2014-07-25,Modern Daily #7313337,modern,modern-daily-7313337,modern-daily-7313337-2014-07-25
47,1,"Thrun, the Last Troll",,Sideboard,3,1,Melira Pod,Gekoratel,281 tix,$ 860,241378,2014-07-25,Modern Daily #7313337,modern,modern-daily-7313337,modern-daily-7313337-2014-07-25
1,4,Birds of Paradise,,Creatures,3,1,Melira Pod,Dasklumpital,242 tix,$ 814,241387,2014-07-25,Modern Daily #7313337,modern,modern-daily-7313337,modern-daily-7313337-2014-07-25
2,2,Noble Hierarch,,Creatures,3,1,Melira Pod,Dasklumpital,242 tix,$ 814,241387,2014-07-25,Modern Daily #7313337,modern,modern-daily-7313337,modern-daily-7313337-2014-07-25
3,1,Qasali Pridemage,,Creatures,3,1,Melira Pod,Dasklumpital,242 tix,$ 814,241387,2014-07-25,Modern Daily #7313337,modern,modern-daily-7313337,modern-daily-7313337-2014-07-25
4,1,Scavenging Ooze,,Creatures,3,1,Melira Pod,Dasklumpital,242 tix,$ 814,241387,2014-07-25,Modern Daily #7313337,modern,modern-daily-7313337,modern-daily-7313337-2014-07-25
5,2,Voice of Resurgence,,Creatures,3,1,Melira Pod,Dasklumpital,242 tix,$ 814,241387,2014-07-25,Modern Daily #7313337,modern,modern-daily-7313337,modern-daily-7313337-2014-07-25
6,1,Wall of Omens,,Creatures,3,1,Melira Pod,Dasklumpital,242 tix,$ 814,241387,2014-07-25,Modern Daily #7313337,modern,modern-daily-7313337,modern-daily-7313337-2014-07-25
7,2,Wall of Roots,,Creatures,3,1,Melira Pod,Dasklumpital,242 tix,$ 814,241387,2014-07-25,Modern Daily #7313337,modern,modern-daily-7313337,modern-daily-7313337-2014-07-25
8,2,Courser of Kruphix,,Creatures,3,1,Melira Pod,Dasklumpital,242 tix,$ 814,241387,2014-07-25,Modern Daily #7313337,modern,modern-daily-7313337,modern-daily-7313337-2014-07-25
9,1,Eternal Witness,,Creatures,3,1,Melira Pod,Dasklumpital,242 tix,$ 814,241387,2014-07-25,Modern Daily #7313337,modern,modern-daily-7313337,modern-daily-7313337-2014-07-25
10,1,Kitchen Finks,,Creatures,3,1,Melira Pod,Dasklumpital,242 tix,$ 814,241387,2014-07-25,Modern Daily #7313337,modern,modern-daily-7313337,modern-daily-7313337-2014-07-25
11,1,Orzhov Pontiff,,Creatures,3,1,Melira Pod,Dasklumpital,242 tix,$ 814,241387,2014-07-25,Modern Daily #7313337,modern,modern-daily-7313337,modern-daily-7313337-2014-07-25
12,1,Sin Collector,,Creatures,3,1,Melira Pod,Dasklumpital,242 tix,$ 814,241387,2014-07-25,Modern Daily #7313337,modern,modern-daily-7313337,modern-daily-7313337-2014-07-25
13,1,Spike Feeder,,Creatures,3,1,Melira Pod,Dasklumpital,242 tix,$ 814,241387,2014-07-25,Modern Daily #7313337,modern,modern-daily-7313337,modern-daily-7313337-2014-07-25
14,1,"Linvala, Keeper of Silence",,Creatures,3,1,Melira Pod,Dasklumpital,242 tix,$ 814,241387,2014-07-25,Modern Daily #7313337,modern,modern-daily-7313337,modern-daily-7313337-2014-07-25
15,1,Murderous Redcap,,Creatures,3,1,Melira Pod,Dasklumpital,242 tix,$ 814,241387,2014-07-25,Modern Daily #7313337,modern,modern-daily-7313337,modern-daily-7313337-2014-07-25
16,1,Nekrataal,,Creatures,3,1,Melira Pod,Dasklumpital,242 tix,$ 814,241387,2014-07-25,Modern Daily #7313337,modern,modern-daily-7313337,modern-daily-7313337-2014-07-25
17,1,Restoration Angel,,Creatures,3,1,Melira Pod,Dasklumpital,242 tix,$ 814,241387,2014-07-25,Modern Daily #7313337,modern,modern-daily-7313337,modern-daily-7313337-2014-07-25
18,1,Archangel of Thune,,Creatures,3,1,Melira Pod,Dasklumpital,242 tix,$ 814,241387,2014-07-25,Modern Daily #7313337,modern,modern-daily-7313337,modern-daily-7313337-2014-07-25
19,1,Reveillark,,Creatures,3,1,Melira Pod,Dasklumpital,242 tix,$ 814,241387,2014-07-25,Modern Daily #7313337,modern,modern-daily-7313337,modern-daily-7313337-2014-07-25
21,3,Thoughtseize,,Spells,3,1,Melira Pod,Dasklumpital,242 tix,$ 814,241387,2014-07-25,Modern Daily #7313337,modern,modern-daily-7313337,modern-daily-7313337-2014-07-25
22,1,Abrupt Decay,,Spells,3,1,Melira Pod,Dasklumpital,242 tix,$ 814,241387,2014-07-25,Modern Daily #7313337,modern,modern-daily-7313337,modern-daily-7313337-2014-07-25
23,2,Chord of Calling,,Spells,3,1,Melira Pod,Dasklumpital,242 tix,$ 814,241387,2014-07-25,Modern Daily #7313337,modern,modern-daily-7313337,modern-daily-7313337-2014-07-25
24,1,Dismember,,Spells,3,1,Melira Pod,Dasklumpital,242 tix,$ 814,241387,2014-07-25,Modern Daily #7313337,modern,modern-daily-7313337,modern-daily-7313337-2014-07-25
26,4,Birthing Pod,,Artifacts,3,1,Melira Pod,Dasklumpital,242 tix,$ 814,241387,2014-07-25,Modern Daily #7313337,modern,modern-daily-7313337,modern-daily-7313337-2014-07-25
28,3,Forest,,Lands,3,1,Melira Pod,Dasklumpital,242 tix,$ 814,241387,2014-07-25,Modern Daily #7313337,modern,modern-daily-7313337,modern-daily-7313337-2014-07-25
29,3,Gavony Township,,Lands,3,1,Melira Pod,Dasklumpital,242 tix,$ 814,241387,2014-07-25,Modern Daily #7313337,modern,modern-daily-7313337,modern-daily-7313337-2014-07-25
30,1,Godless Shrine,,Lands,3,1,Melira Pod,Dasklumpital,242 tix,$ 814,241387,2014-07-25,Modern Daily #7313337,modern,modern-daily-7313337,modern-daily-7313337-2014-07-25
31,2,Marsh Flats,,Lands,3,1,Melira Pod,Dasklumpital,242 tix,$ 814,241387,2014-07-25,Modern Daily #7313337,modern,modern-daily-7313337,modern-daily-7313337-2014-07-25
32,2,Misty Rainforest,,Lands,3,1,Melira Pod,Dasklumpital,242 tix,$ 814,241387,2014-07-25,Modern Daily #7313337,modern,modern-daily-7313337,modern-daily-7313337-2014-07-25
33,2,Overgrown Tomb,,Lands,3,1,Melira Pod,Dasklumpital,242 tix,$ 814,241387,2014-07-25,Modern Daily #7313337,modern,modern-daily-7313337,modern-daily-7313337-2014-07-25
34,3,Razorverge Thicket,,Lands,3,1,Melira Pod,Dasklumpital,242 tix,$ 814,241387,2014-07-25,Modern Daily #7313337,modern,modern-daily-7313337,modern-daily-7313337-2014-07-25
35,1,Swamp,,Lands,3,1,Melira Pod,Dasklumpital,242 tix,$ 814,241387,2014-07-25,Modern Daily #7313337,modern,modern-daily-7313337,modern-daily-7313337-2014-07-25
36,1,Temple Garden,,Lands,3,1,Melira Pod,Dasklumpital,242 tix,$ 814,241387,2014-07-25,Modern Daily #7313337,modern,modern-daily-7313337,modern-daily-7313337-2014-07-25
37,4,Verdant Catacombs,,Lands,3,1,Melira Pod,Dasklumpital,242 tix,$ 814,241387,2014-07-25,Modern Daily #7313337,modern,modern-daily-7313337,modern-daily-7313337-2014-07-25
38,1,Woodland Cemetery,,Lands,3,1,Melira Pod,Dasklumpital,242 tix,$ 814,241387,2014-07-25,Modern Daily #7313337,modern,modern-daily-7313337,modern-daily-7313337-2014-07-25
40,1,Burrenton Forge-Tender,,Sideboard,3,1,Melira Pod,Dasklumpital,242 tix,$ 814,241387,2014-07-25,Modern Daily #7313337,modern,modern-daily-7313337,modern-daily-7313337-2014-07-25
41,1,Thoughtseize,,Sideboard,3,1,Melira Pod,Dasklumpital,242 tix,$ 814,241387,2014-07-25,Modern Daily #7313337,modern,modern-daily-7313337,modern-daily-7313337-2014-07-25
42,1,Abrupt Decay,,Sideboard,3,1,Melira Pod,Dasklumpital,242 tix,$ 814,241387,2014-07-25,Modern Daily #7313337,modern,modern-daily-7313337,modern-daily-7313337-2014-07-25
43,1,"Kataki, War's Wage",,Sideboard,3,1,Melira Pod,Dasklumpital,242 tix,$ 814,241387,2014-07-25,Modern Daily #7313337,modern,modern-daily-7313337,modern-daily-7313337-2014-07-25
44,1,Spellskite,,Sideboard,3,1,Melira Pod,Dasklumpital,242 tix,$ 814,241387,2014-07-25,Modern Daily #7313337,modern,modern-daily-7313337,modern-daily-7313337-2014-07-25
45,1,Dismember,,Sideboard,3,1,Melira Pod,Dasklumpital,242 tix,$ 814,241387,2014-07-25,Modern Daily #7313337,modern,modern-daily-7313337,modern-daily-7313337-2014-07-25
46,1,Eidolon of Rhetoric,,Sideboard,3,1,Melira Pod,Dasklumpital,242 tix,$ 814,241387,2014-07-25,Modern Daily #7313337,modern,modern-daily-7313337,modern-daily-7313337-2014-07-25
47,1,Harmonic Sliver,,Sideboard,3,1,Melira Pod,Dasklumpital,242 tix,$ 814,241387,2014-07-25,Modern Daily #7313337,modern,modern-daily-7313337,modern-daily-7313337-2014-07-25
48,1,Lingering Souls,,Sideboard,3,1,Melira Pod,Dasklumpital,242 tix,$ 814,241387,2014-07-25,Modern Daily #7313337,modern,modern-daily-7313337,modern-daily-7313337-2014-07-25
49,1,Creeping Corrosion,,Sideboard,3,1,Melira Pod,Dasklumpital,242 tix,$ 814,241387,2014-07-25,Modern Daily #7313337,modern,modern-daily-7313337,modern-daily-7313337-2014-07-25
50,1,Entomber Exarch,,Sideboard,3,1,Melira Pod,Dasklumpital,242 tix,$ 814,241387,2014-07-25,Modern Daily #7313337,modern,modern-daily-7313337,modern-daily-7313337-2014-07-25
51,2,Garruk Relentless,,Sideboard,3,1,Melira Pod,Dasklumpital,242 tix,$ 814,241387,2014-07-25,Modern Daily #7313337,modern,modern-daily-7313337,modern-daily-7313337-2014-07-25
52,1,Obstinate Baloth,,Sideboard,3,1,Melira Pod,Dasklumpital,242 tix,$ 814,241387,2014-07-25,Modern Daily #7313337,modern,modern-daily-7313337,modern-daily-7313337-2014-07-25
53,1,"Sigarda, Host of Herons",,Sideboard,3,1,Melira Pod,Dasklumpital,242 tix,$ 814,241387,2014-07-25,Modern Daily #7313337,modern,modern-daily-7313337,modern-daily-7313337-2014-07-25
1,4,Birds of Paradise,,Creatures,3,1,Melira Pod,Lyserg,264 tix,$ 876,241389,2014-07-25,Modern Daily #7313337,modern,modern-daily-7313337,modern-daily-7313337-2014-07-25
2,3,Noble Hierarch,,Creatures,3,1,Melira Pod,Lyserg,264 tix,$ 876,241389,2014-07-25,Modern Daily #7313337,modern,modern-daily-7313337,modern-daily-7313337-2014-07-25
3,1,Scavenging Ooze,,Creatures,3,1,Melira Pod,Lyserg,264 tix,$ 876,241389,2014-07-25,Modern Daily #7313337,modern,modern-daily-7313337,modern-daily-7313337-2014-07-25
4,1,Spellskite,,Creatures,3,1,Melira Pod,Lyserg,264 tix,$ 876,241389,2014-07-25,Modern Daily #7313337,modern,modern-daily-7313337,modern-daily-7313337-2014-07-25
5,3,Voice of Resurgence,,Creatures,3,1,Melira Pod,Lyserg,264 tix,$ 876,241389,2014-07-25,Modern Daily #7313337,modern,modern-daily-7313337,modern-daily-7313337-2014-07-25
6,1,Wall of Roots,,Creatures,3,1,Melira Pod,Lyserg,264 tix,$ 876,241389,2014-07-25,Modern Daily #7313337,modern,modern-daily-7313337,modern-daily-7313337-2014-07-25
7,1,Eternal Witness,,Creatures,3,1,Melira Pod,Lyserg,264 tix,$ 876,241389,2014-07-25,Modern Daily #7313337,modern,modern-daily-7313337,modern-daily-7313337-2014-07-25
8,1,Harmonic Sliver,,Creatures,3,1,Melira Pod,Lyserg,264 tix,$ 876,241389,2014-07-25,Modern Daily #7313337,modern,modern-daily-7313337,modern-daily-7313337-2014-07-25
9,2,Kitchen Finks,,Creatures,3,1,Melira Pod,Lyserg,264 tix,$ 876,241389,2014-07-25,Modern Daily #7313337,modern,modern-daily-7313337,modern-daily-7313337-2014-07-25
10,1,Orzhov Pontiff,,Creatures,3,1,Melira Pod,Lyserg,264 tix,$ 876,241389,2014-07-25,Modern Daily #7313337,modern,modern-daily-7313337,modern-daily-7313337-2014-07-25
11,1,Sin Collector,,Creatures,3,1,Melira Pod,Lyserg,264 tix,$ 876,241389,2014-07-25,Modern Daily #7313337,modern,modern-daily-7313337,modern-daily-7313337-2014-07-25
12,1,Spike Feeder,,Creatures,3,1,Melira Pod,Lyserg,264 tix,$ 876,241389,2014-07-25,Modern Daily #7313337,modern,modern-daily-7313337,modern-daily-7313337-2014-07-25
13,1,"Linvala, Keeper of Silence",,Creatures,3,1,Melira Pod,Lyserg,264 tix,$ 876,241389,2014-07-25,Modern Daily #7313337,modern,modern-daily-7313337,modern-daily-7313337-2014-07-25
14,1,Murderous Redcap,,Creatures,3,1,Melira Pod,Lyserg,264 tix,$ 876,241389,2014-07-25,Modern Daily #7313337,modern,modern-daily-7313337,modern-daily-7313337-2014-07-25
15,2,Restoration Angel,,Creatures,3,1,Melira Pod,Lyserg,264 tix,$ 876,241389,2014-07-25,Modern Daily #7313337,modern,modern-daily-7313337,modern-daily-7313337-2014-07-25
16,1,Archangel of Thune,,Creatures,3,1,Melira Pod,Lyserg,264 tix,$ 876,241389,2014-07-25,Modern Daily #7313337,modern,modern-daily-7313337,modern-daily-7313337-2014-07-25
17,1,Reveillark,,Creatures,3,1,Melira Pod,Lyserg,264 tix,$ 876,241389,2014-07-25,Modern Daily #7313337,modern,modern-daily-7313337,modern-daily-7313337-2014-07-25
18,1,Shriekmaw,,Creatures,3,1,Melira Pod,Lyserg,264 tix,$ 876,241389,2014-07-25,Modern Daily #7313337,modern,modern-daily-7313337,modern-daily-7313337-2014-07-25
20,2,Thoughtseize,,Spells,3,1,Melira Pod,Lyserg,264 tix,$ 876,241389,2014-07-25,Modern Daily #7313337,modern,modern-daily-7313337,modern-daily-7313337-2014-07-25
21,2,Abrupt Decay,,Spells,3,1,Melira Pod,Lyserg,264 tix,$ 876,241389,2014-07-25,Modern Daily #7313337,modern,modern-daily-7313337,modern-daily-7313337-2014-07-25
22,2,Chord of Calling,,Spells,3,1,Melira Pod,Lyserg,264 tix,$ 876,241389,2014-07-25,Modern Daily #7313337,modern,modern-daily-7313337,modern-daily-7313337-2014-07-25
24,4,Birthing Pod,,Artifacts,3,1,Melira Pod,Lyserg,264 tix,$ 876,241389,2014-07-25,Modern Daily #7313337,modern,modern-daily-7313337,modern-daily-7313337-2014-07-25
26,3,Forest,,Lands,3,1,Melira Pod,Lyserg,264 tix,$ 876,241389,2014-07-25,Modern Daily #7313337,modern,modern-daily-7313337,modern-daily-7313337-2014-07-25
27,3,Gavony Township,,Lands,3,1,Melira Pod,Lyserg,264 tix,$ 876,241389,2014-07-25,Modern Daily #7313337,modern,modern-daily-7313337,modern-daily-7313337-2014-07-25
28,1,Godless Shrine,,Lands,3,1,Melira Pod,Lyserg,264 tix,$ 876,241389,2014-07-25,Modern Daily #7313337,modern,modern-daily-7313337,modern-daily-7313337-2014-07-25
29,2,Marsh Flats,,Lands,3,1,Melira Pod,Lyserg,264 tix,$ 876,241389,2014-07-25,Modern Daily #7313337,modern,modern-daily-7313337,modern-daily-7313337-2014-07-25
30,2,Misty Rainforest,,Lands,3,1,Melira Pod,Lyserg,264 tix,$ 876,241389,2014-07-25,Modern Daily #7313337,modern,modern-daily-7313337,modern-daily-7313337-2014-07-25
31,2,Overgrown Tomb,,Lands,3,1,Melira Pod,Lyserg,264 tix,$ 876,241389,2014-07-25,Modern Daily #7313337,modern,modern-daily-7313337,modern-daily-7313337-2014-07-25
32,4,Razorverge Thicket,,Lands,3,1,Melira Pod,Lyserg,264 tix,$ 876,241389,2014-07-25,Modern Daily #7313337,modern,modern-daily-7313337,modern-daily-7313337-2014-07-25
33,1,Swamp,,Lands,3,1,Melira Pod,Lyserg,264 tix,$ 876,241389,2014-07-25,Modern Daily #7313337,modern,modern-daily-7313337,modern-daily-7313337-2014-07-25
34,1,Temple Garden,,Lands,3,1,Melira Pod,Lyserg,264 tix,$ 876,241389,2014-07-25,Modern Daily #7313337,modern,modern-daily-7313337,modern-daily-7313337-2014-07-25
35,4,Verdant Catacombs,,Lands,3,1,Melira Pod,Lyserg,264 tix,$ 876,241389,2014-07-25,Modern Daily #7313337,modern,modern-daily-7313337,modern-daily-7313337-2014-07-25
37,1,Path to Exile,,Sideboard,3,1,Melira Pod,Lyserg,264 tix,$ 876,241389,2014-07-25,Modern Daily #7313337,modern,modern-daily-7313337,modern-daily-7313337-2014-07-25
38,2,Thoughtseize,,Sideboard,3,1,Melira Pod,Lyserg,264 tix,$ 876,241389,2014-07-25,Modern Daily #7313337,modern,modern-daily-7313337,modern-daily-7313337-2014-07-25
39,1,Qasali Pridemage,,Sideboard,3,1,Melira Pod,Lyserg,264 tix,$ 876,241389,2014-07-25,Modern Daily #7313337,modern,modern-daily-7313337,modern-daily-7313337-2014-07-25
40,1,Dismember,,Sideboard,3,1,Melira Pod,Lyserg,264 tix,$ 876,241389,2014-07-25,Modern Daily #7313337,modern,modern-daily-7313337,modern-daily-7313337-2014-07-25
41,1,Eidolon of Rhetoric,,Sideboard,3,1,Melira Pod,Lyserg,264 tix,$ 876,241389,2014-07-25,Modern Daily #7313337,modern,modern-daily-7313337,modern-daily-7313337-2014-07-25
42,1,Maelstrom Pulse,,Sideboard,3,1,Melira Pod,Lyserg,264 tix,$ 876,241389,2014-07-25,Modern Daily #7313337,modern,modern-daily-7313337,modern-daily-7313337-2014-07-25
43,1,Orzhov Pontiff,,Sideboard,3,1,Melira Pod,Lyserg,264 tix,$ 876,241389,2014-07-25,Modern Daily #7313337,modern,modern-daily-7313337,modern-daily-7313337-2014-07-25
44,1,Sin Collector,,Sideboard,3,1,Melira Pod,Lyserg,264 tix,$ 876,241389,2014-07-25,Modern Daily #7313337,modern,modern-daily-7313337,modern-daily-7313337-2014-07-25
45,2,Creeping Corrosion,,Sideboard,3,1,Melira Pod,Lyserg,264 tix,$ 876,241389,2014-07-25,Modern Daily #7313337,modern,modern-daily-7313337,modern-daily-7313337-2014-07-25
46,1,Entomber Exarch,,Sideboard,3,1,Melira Pod,Lyserg,264 tix,$ 876,241389,2014-07-25,Modern Daily #7313337,modern,modern-daily-7313337,modern-daily-7313337-2014-07-25
47,1,"Linvala, Keeper of Silence",,Sideboard,3,1,Melira Pod,Lyserg,264 tix,$ 876,241389,2014-07-25,Modern Daily #7313337,modern,modern-daily-7313337,modern-daily-7313337-2014-07-25
48,1,Nekrataal,,Sideboard,3,1,Melira Pod,Lyserg,264 tix,$ 876,241389,2014-07-25,Modern Daily #7313337,modern,modern-daily-7313337,modern-daily-7313337-2014-07-25
49,1,"Sigarda, Host of Herons",,Sideboard,3,1,Melira Pod,Lyserg,264 tix,$ 876,241389,2014-07-25,Modern Daily #7313337,modern,modern-daily-7313337,modern-daily-7313337-2014-07-25
1,4,Birds of Paradise,,Creatures,3,1,Melira Pod,Dov055,276 tix,$ 887,241391,2014-07-25,Modern Daily #7313337,modern,modern-daily-7313337,modern-daily-7313337-2014-07-25
2,3,Noble Hierarch,,Creatures,3,1,Melira Pod,Dov055,276 tix,$ 887,241391,2014-07-25,Modern Daily #7313337,modern,modern-daily-7313337,modern-daily-7313337-2014-07-25
3,1,Viscera Seer,,Creatures,3,1,Melira Pod,Dov055,276 tix,$ 887,241391,2014-07-25,Modern Daily #7313337,modern,modern-daily-7313337,modern-daily-7313337-2014-07-25
4,1,"Melira, Sylvok Outcast",,Creatures,3,1,Melira Pod,Dov055,276 tix,$ 887,241391,2014-07-25,Modern Daily #7313337,modern,modern-daily-7313337,modern-daily-7313337-2014-07-25
5,1,Qasali Pridemage,,Creatures,3,1,Melira Pod,Dov055,276 tix,$ 887,241391,2014-07-25,Modern Daily #7313337,modern,modern-daily-7313337,modern-daily-7313337-2014-07-25
6,1,Scavenging Ooze,,Creatures,3,1,Melira Pod,Dov055,276 tix,$ 887,241391,2014-07-25,Modern Daily #7313337,modern,modern-daily-7313337,modern-daily-7313337-2014-07-25
7,1,Spellskite,,Creatures,3,1,Melira Pod,Dov055,276 tix,$ 887,241391,2014-07-25,Modern Daily #7313337,modern,modern-daily-7313337,modern-daily-7313337-2014-07-25
8,3,Voice of Resurgence,,Creatures,3,1,Melira Pod,Dov055,276 tix,$ 887,241391,2014-07-25,Modern Daily #7313337,modern,modern-daily-7313337,modern-daily-7313337-2014-07-25
9,1,Wall of Roots,,Creatures,3,1,Melira Pod,Dov055,276 tix,$ 887,241391,2014-07-25,Modern Daily #7313337,modern,modern-daily-7313337,modern-daily-7313337-2014-07-25
10,1,Eternal Witness,,Creatures,3,1,Melira Pod,Dov055,276 tix,$ 887,241391,2014-07-25,Modern Daily #7313337,modern,modern-daily-7313337,modern-daily-7313337-2014-07-25
11,4,Kitchen Finks,,Creatures,3,1,Melira Pod,Dov055,276 tix,$ 887,241391,2014-07-25,Modern Daily #7313337,modern,modern-daily-7313337,modern-daily-7313337-2014-07-25
12,1,Orzhov Pontiff,,Creatures,3,1,Melira Pod,Dov055,276 tix,$ 887,241391,2014-07-25,Modern Daily #7313337,modern,modern-daily-7313337,modern-daily-7313337-2014-07-25
13,1,"Linvala, Keeper of Silence",,Creatures,3,1,Melira Pod,Dov055,276 tix,$ 887,241391,2014-07-25,Modern Daily #7313337,modern,modern-daily-7313337,modern-daily-7313337-2014-07-25
14,1,Murderous Redcap,,Creatures,3,1,Melira Pod,Dov055,276 tix,$ 887,241391,2014-07-25,Modern Daily #7313337,modern,modern-daily-7313337,modern-daily-7313337-2014-07-25
15,1,Phyrexian Metamorph,,Creatures,3,1,Melira Pod,Dov055,276 tix,$ 887,241391,2014-07-25,Modern Daily #7313337,modern,modern-daily-7313337,modern-daily-7313337-2014-07-25
16,1,Ranger of Eos,,Creatures,3,1,Melira Pod,Dov055,276 tix,$ 887,241391,2014-07-25,Modern Daily #7313337,modern,modern-daily-7313337,modern-daily-7313337-2014-07-25
17,1,Reveillark,,Creatures,3,1,Melira Pod,Dov055,276 tix,$ 887,241391,2014-07-25,Modern Daily #7313337,modern,modern-daily-7313337,modern-daily-7313337-2014-07-25
18,1,Shriekmaw,,Creatures,3,1,Melira Pod,Dov055,276 tix,$ 887,241391,2014-07-25,Modern Daily #7313337,modern,modern-daily-7313337,modern-daily-7313337-2014-07-25
20,2,Abrupt Decay,,Spells,3,1,Melira Pod,Dov055,276 tix,$ 887,241391,2014-07-25,Modern Daily #7313337,modern,modern-daily-7313337,modern-daily-7313337-2014-07-25
21,3,Chord of Calling,,Spells,3,1,Melira Pod,Dov055,276 tix,$ 887,241391,2014-07-25,Modern Daily #7313337,modern,modern-daily-7313337,modern-daily-7313337-2014-07-25
23,4,Birthing Pod,,Artifacts,3,1,Melira Pod,Dov055,276 tix,$ 887,241391,2014-07-25,Modern Daily #7313337,modern,modern-daily-7313337,modern-daily-7313337-2014-07-25
25,3,Forest,,Lands,3,1,Melira Pod,Dov055,276 tix,$ 887,241391,2014-07-25,Modern Daily #7313337,modern,modern-daily-7313337,modern-daily-7313337-2014-07-25
26,3,Gavony Township,,Lands,3,1,Melira Pod,Dov055,276 tix,$ 887,241391,2014-07-25,Modern Daily #7313337,modern,modern-daily-7313337,modern-daily-7313337-2014-07-25
27,1,Godless Shrine,,Lands,3,1,Melira Pod,Dov055,276 tix,$ 887,241391,2014-07-25,Modern Daily #7313337,modern,modern-daily-7313337,modern-daily-7313337-2014-07-25
28,1,Marsh Flats,,Lands,3,1,Melira Pod,Dov055,276 tix,$ 887,241391,2014-07-25,Modern Daily #7313337,modern,modern-daily-7313337,modern-daily-7313337-2014-07-25
29,3,Misty Rainforest,,Lands,3,1,Melira Pod,Dov055,276 tix,$ 887,241391,2014-07-25,Modern Daily #7313337,modern,modern-daily-7313337,modern-daily-7313337-2014-07-25
30,2,Overgrown Tomb,,Lands,3,1,Melira Pod,Dov055,276 tix,$ 887,241391,2014-07-25,Modern Daily #7313337,modern,modern-daily-7313337,modern-daily-7313337-2014-07-25
31,3,Razorverge Thicket,,Lands,3,1,Melira Pod,Dov055,276 tix,$ 887,241391,2014-07-25,Modern Daily #7313337,modern,modern-daily-7313337,modern-daily-7313337-2014-07-25
32,1,Swamp,,Lands,3,1,Melira Pod,Dov055,276 tix,$ 887,241391,2014-07-25,Modern Daily #7313337,modern,modern-daily-7313337,modern-daily-7313337-2014-07-25
33,1,Temple Garden,,Lands,3,1,Melira Pod,Dov055,276 tix,$ 887,241391,2014-07-25,Modern Daily #7313337,modern,modern-daily-7313337,modern-daily-7313337-2014-07-25
34,4,Verdant Catacombs,,Lands,3,1,Melira Pod,Dov055,276 tix,$ 887,241391,2014-07-25,Modern Daily #7313337,modern,modern-daily-7313337,modern-daily-7313337-2014-07-25
35,1,Woodland Cemetery,,Lands,3,1,Melira Pod,Dov055,276 tix,$ 887,241391,2014-07-25,Modern Daily #7313337,modern,modern-daily-7313337,modern-daily-7313337-2014-07-25
37,4,Thoughtseize,,Sideboard,3,1,Melira Pod,Dov055,276 tix,$ 887,241391,2014-07-25,Modern Daily #7313337,modern,modern-daily-7313337,modern-daily-7313337-2014-07-25
38,1,Abrupt Decay,,Sideboard,3,1,Melira Pod,Dov055,276 tix,$ 887,241391,2014-07-25,Modern Daily #7313337,modern,modern-daily-7313337,modern-daily-7313337-2014-07-25
39,1,Scavenging Ooze,,Sideboard,3,1,Melira Pod,Dov055,276 tix,$ 887,241391,2014-07-25,Modern Daily #7313337,modern,modern-daily-7313337,modern-daily-7313337-2014-07-25
40,2,Dismember,,Sideboard,3,1,Melira Pod,Dov055,276 tix,$ 887,241391,2014-07-25,Modern Daily #7313337,modern,modern-daily-7313337,modern-daily-7313337-2014-07-25
41,1,Harmonic Sliver,,Sideboard,3,1,Melira Pod,Dov055,276 tix,$ 887,241391,2014-07-25,Modern Daily #7313337,modern,modern-daily-7313337,modern-daily-7313337-2014-07-25
42,1,Orzhov Pontiff,,Sideboard,3,1,Melira Pod,Dov055,276 tix,$ 887,241391,2014-07-25,Modern Daily #7313337,modern,modern-daily-7313337,modern-daily-7313337-2014-07-25
43,2,Sin Collector,,Sideboard,3,1,Melira Pod,Dov055,276 tix,$ 887,241391,2014-07-25,Modern Daily #7313337,modern,modern-daily-7313337,modern-daily-7313337-2014-07-25
44,1,Entomber Exarch,,Sideboard,3,1,Melira Pod,Dov055,276 tix,$ 887,241391,2014-07-25,Modern Daily #7313337,modern,modern-daily-7313337,modern-daily-7313337-2014-07-25
45,1,"Thrun, the Last Troll",,Sideboard,3,1,Melira Pod,Dov055,276 tix,$ 887,241391,2014-07-25,Modern Daily #7313337,modern,modern-daily-7313337,modern-daily-7313337-2014-07-25
46,1,"Sigarda, Host of Herons",,Sideboard,3,1,Melira Pod,Dov055,276 tix,$ 887,241391,2014-07-25,Modern Daily #7313337,modern,modern-daily-7313337,modern-daily-7313337-2014-07-25
1,4,Lord of Atlantis,,Creatures,3,1,Merfolk,manukoka,214 tix,$ 537,241379,2014-07-25,Modern Daily #7313337,modern,modern-daily-7313337,modern-daily-7313337-2014-07-25
2,4,Master of the Pearl Trident,,Creatures,3,1,Merfolk,manukoka,214 tix,$ 537,241379,2014-07-25,Modern Daily #7313337,modern,modern-daily-7313337,modern-daily-7313337-2014-07-25
3,3,Phantasmal Image,,Creatures,3,1,Merfolk,manukoka,214 tix,$ 537,241379,2014-07-25,Modern Daily #7313337,modern,modern-daily-7313337,modern-daily-7313337-2014-07-25
4,4,Silvergill Adept,,Creatures,3,1,Merfolk,manukoka,214 tix,$ 537,241379,2014-07-25,Modern Daily #7313337,modern,modern-daily-7313337,modern-daily-7313337-2014-07-25
5,2,Tidebinder Mage,,Creatures,3,1,Merfolk,manukoka,214 tix,$ 537,241379,2014-07-25,Modern Daily #7313337,modern,modern-daily-7313337,modern-daily-7313337-2014-07-25
6,1,"Kira, Great Glass-Spinner",,Creatures,3,1,Merfolk,manukoka,214 tix,$ 537,241379,2014-07-25,Modern Daily #7313337,modern,modern-daily-7313337,modern-daily-7313337-2014-07-25
7,4,Merrow Reejerey,,Creatures,3,1,Merfolk,manukoka,214 tix,$ 537,241379,2014-07-25,Modern Daily #7313337,modern,modern-daily-7313337,modern-daily-7313337-2014-07-25
8,1,"Thassa, God of the Sea",,Creatures,3,1,Merfolk,manukoka,214 tix,$ 537,241379,2014-07-25,Modern Daily #7313337,modern,modern-daily-7313337,modern-daily-7313337-2014-07-25
9,3,Master of Waves,,Creatures,3,1,Merfolk,manukoka,214 tix,$ 537,241379,2014-07-25,Modern Daily #7313337,modern,modern-daily-7313337,modern-daily-7313337-2014-07-25
11,2,Spell Pierce,,Spells,3,1,Merfolk,manukoka,214 tix,$ 537,241379,2014-07-25,Modern Daily #7313337,modern,modern-daily-7313337,modern-daily-7313337-2014-07-25
12,4,Vapor Snag,,Spells,3,1,Merfolk,manukoka,214 tix,$ 537,241379,2014-07-25,Modern Daily #7313337,modern,modern-daily-7313337,modern-daily-7313337-2014-07-25
14,4,Aether Vial,,Artifacts,3,1,Merfolk,manukoka,214 tix,$ 537,241379,2014-07-25,Modern Daily #7313337,modern,modern-daily-7313337,modern-daily-7313337-2014-07-25
16,4,Spreading Seas,,Enchantments,3,1,Merfolk,manukoka,214 tix,$ 537,241379,2014-07-25,Modern Daily #7313337,modern,modern-daily-7313337,modern-daily-7313337-2014-07-25
18,2,Cavern of Souls,,Lands,3,1,Merfolk,manukoka,214 tix,$ 537,241379,2014-07-25,Modern Daily #7313337,modern,modern-daily-7313337,modern-daily-7313337-2014-07-25
19,14,Island,,Lands,3,1,Merfolk,manukoka,214 tix,$ 537,241379,2014-07-25,Modern Daily #7313337,modern,modern-daily-7313337,modern-daily-7313337-2014-07-25
20,4,Mutavault,,Lands,3,1,Merfolk,manukoka,214 tix,$ 537,241379,2014-07-25,Modern Daily #7313337,modern,modern-daily-7313337,modern-daily-7313337-2014-07-25
22,2,Tectonic Edge,,Sideboard,3,1,Merfolk,manukoka,214 tix,$ 537,241379,2014-07-25,Modern Daily #7313337,modern,modern-daily-7313337,modern-daily-7313337-2014-07-25
23,2,Grafdigger's Cage,,Sideboard,3,1,Merfolk,manukoka,214 tix,$ 537,241379,2014-07-25,Modern Daily #7313337,modern,modern-daily-7313337,modern-daily-7313337-2014-07-25
24,1,Relic of Progenitus,,Sideboard,3,1,Merfolk,manukoka,214 tix,$ 537,241379,2014-07-25,Modern Daily #7313337,modern,modern-daily-7313337,modern-daily-7313337-2014-07-25
25,1,Swan Song,,Sideboard,3,1,Merfolk,manukoka,214 tix,$ 537,241379,2014-07-25,Modern Daily #7313337,modern,modern-daily-7313337,modern-daily-7313337-2014-07-25
26,2,Echoing Truth,,Sideboard,3,1,Merfolk,manukoka,214 tix,$ 537,241379,2014-07-25,Modern Daily #7313337,modern,modern-daily-7313337,modern-daily-7313337-2014-07-25
27,1,Negate,,Sideboard,3,1,Merfolk,manukoka,214 tix,$ 537,241379,2014-07-25,Modern Daily #7313337,modern,modern-daily-7313337,modern-daily-7313337-2014-07-25
28,2,Tidebinder Mage,,Sideboard,3,1,Merfolk,manukoka,214 tix,$ 537,241379,2014-07-25,Modern Daily #7313337,modern,modern-daily-7313337,modern-daily-7313337-2014-07-25
29,1,Unified Will,,Sideboard,3,1,Merfolk,manukoka,214 tix,$ 537,241379,2014-07-25,Modern Daily #7313337,modern,modern-daily-7313337,modern-daily-7313337-2014-07-25
30,2,Dismember,,Sideboard,3,1,Merfolk,manukoka,214 tix,$ 537,241379,2014-07-25,Modern Daily #7313337,modern,modern-daily-7313337,modern-daily-7313337-2014-07-25
31,1,"Kira, Great Glass-Spinner",,Sideboard,3,1,Merfolk,manukoka,214 tix,$ 537,241379,2014-07-25,Modern Daily #7313337,modern,modern-daily-7313337,modern-daily-7313337-2014-07-25
1,4,Sakura-Tribe Elder,,Creatures,3,1,Omenshift,Zarathin,175 tix,$ 950,241388,2014-07-25,Modern Daily #7313337,modern,modern-daily-7313337,modern-daily-7313337-2014-07-25
2,3,Oracle of Mul Daya,,Creatures,3,1,Omenshift,Zarathin,175 tix,$ 950,241388,2014-07-25,Modern Daily #7313337,modern,modern-daily-7313337,modern-daily-7313337-2014-07-25
4,2,Rapid Hybridization,,Spells,3,1,Omenshift,Zarathin,175 tix,$ 950,241388,2014-07-25,Modern Daily #7313337,modern,modern-daily-7313337,modern-daily-7313337-2014-07-25
5,2,Repeal,,Spells,3,1,Omenshift,Zarathin,175 tix,$ 950,241388,2014-07-25,Modern Daily #7313337,modern,modern-daily-7313337,modern-daily-7313337-2014-07-25
6,4,Serum Visions,,Spells,3,1,Omenshift,Zarathin,175 tix,$ 950,241388,2014-07-25,Modern Daily #7313337,modern,modern-daily-7313337,modern-daily-7313337-2014-07-25
7,4,Explore,,Spells,3,1,Omenshift,Zarathin,175 tix,$ 950,241388,2014-07-25,Modern Daily #7313337,modern,modern-daily-7313337,modern-daily-7313337-2014-07-25
8,4,Remand,,Spells,3,1,Omenshift,Zarathin,175 tix,$ 950,241388,2014-07-25,Modern Daily #7313337,modern,modern-daily-7313337,modern-daily-7313337-2014-07-25
9,3,Cryptic Command,,Spells,3,1,Omenshift,Zarathin,175 tix,$ 950,241388,2014-07-25,Modern Daily #7313337,modern,modern-daily-7313337,modern-daily-7313337-2014-07-25
10,3,Scapeshift,,Spells,3,1,Omenshift,Zarathin,175 tix,$ 950,241388,2014-07-25,Modern Daily #7313337,modern,modern-daily-7313337,modern-daily-7313337-2014-07-25
12,4,Prismatic Omen,,Enchantments,3,1,Omenshift,Zarathin,175 tix,$ 950,241388,2014-07-25,Modern Daily #7313337,modern,modern-daily-7313337,modern-daily-7313337-2014-07-25
14,1,Breeding Pool,,Lands,3,1,Omenshift,Zarathin,175 tix,$ 950,241388,2014-07-25,Modern Daily #7313337,modern,modern-daily-7313337,modern-daily-7313337-2014-07-25
15,1,Cascade Bluffs,,Lands,3,1,Omenshift,Zarathin,175 tix,$ 950,241388,2014-07-25,Modern Daily #7313337,modern,modern-daily-7313337,modern-daily-7313337-2014-07-25
16,3,Flooded Grove,,Lands,3,1,Omenshift,Zarathin,175 tix,$ 950,241388,2014-07-25,Modern Daily #7313337,modern,modern-daily-7313337,modern-daily-7313337-2014-07-25
17,3,Forest,,Lands,3,1,Omenshift,Zarathin,175 tix,$ 950,241388,2014-07-25,Modern Daily #7313337,modern,modern-daily-7313337,modern-daily-7313337-2014-07-25
18,1,Halimar Depths,,Lands,3,1,Omenshift,Zarathin,175 tix,$ 950,241388,2014-07-25,Modern Daily #7313337,modern,modern-daily-7313337,modern-daily-7313337-2014-07-25
19,3,Island,,Lands,3,1,Omenshift,Zarathin,175 tix,$ 950,241388,2014-07-25,Modern Daily #7313337,modern,modern-daily-7313337,modern-daily-7313337-2014-07-25
20,3,Misty Rainforest,,Lands,3,1,Omenshift,Zarathin,175 tix,$ 950,241388,2014-07-25,Modern Daily #7313337,modern,modern-daily-7313337,modern-daily-7313337-2014-07-25
21,1,Mountain,,Lands,3,1,Omenshift,Zarathin,175 tix,$ 950,241388,2014-07-25,Modern Daily #7313337,modern,modern-daily-7313337,modern-daily-7313337-2014-07-25
22,3,Steam Vents,,Lands,3,1,Omenshift,Zarathin,175 tix,$ 950,241388,2014-07-25,Modern Daily #7313337,modern,modern-daily-7313337,modern-daily-7313337-2014-07-25
23,4,Stomping Ground,,Lands,3,1,Omenshift,Zarathin,175 tix,$ 950,241388,2014-07-25,Modern Daily #7313337,modern,modern-daily-7313337,modern-daily-7313337-2014-07-25
24,4,"Valakut, the Molten Pinnacle",,Lands,3,1,Omenshift,Zarathin,175 tix,$ 950,241388,2014-07-25,Modern Daily #7313337,modern,modern-daily-7313337,modern-daily-7313337-2014-07-25
26,1,"Boseiju, Who Shelters All",,Sideboard,3,1,Omenshift,Zarathin,175 tix,$ 950,241388,2014-07-25,Modern Daily #7313337,modern,modern-daily-7313337,modern-daily-7313337-2014-07-25
27,2,Relic of Progenitus,,Sideboard,3,1,Omenshift,Zarathin,175 tix,$ 950,241388,2014-07-25,Modern Daily #7313337,modern,modern-daily-7313337,modern-daily-7313337-2014-07-25
28,3,Swan Song,,Sideboard,3,1,Omenshift,Zarathin,175 tix,$ 950,241388,2014-07-25,Modern Daily #7313337,modern,modern-daily-7313337,modern-daily-7313337-2014-07-25
29,2,Ancient Grudge,,Sideboard,3,1,Omenshift,Zarathin,175 tix,$ 950,241388,2014-07-25,Modern Daily #7313337,modern,modern-daily-7313337,modern-daily-7313337-2014-07-25
30,2,Combust,,Sideboard,3,1,Omenshift,Zarathin,175 tix,$ 950,241388,2014-07-25,Modern Daily #7313337,modern,modern-daily-7313337,modern-daily-7313337-2014-07-25
31,3,Anger of the Gods,,Sideboard,3,1,Omenshift,Zarathin,175 tix,$ 950,241388,2014-07-25,Modern Daily #7313337,modern,modern-daily-7313337,modern-daily-7313337-2014-07-25
32,2,Wurmcoil Engine,,Sideboard,3,1,Omenshift,Zarathin,175 tix,$ 950,241388,2014-07-25,Modern Daily #7313337,modern,modern-daily-7313337,modern-daily-7313337-2014-07-25
1,4,Lava Spike,,Spells,3,1,RDW,newfound,36 tix,$ 183,241386,2014-07-25,Modern Daily #7313337,modern,modern-daily-7313337,modern-daily-7313337-2014-07-25
2,4,Lightning Bolt,,Spells,3,1,RDW,newfound,36 tix,$ 183,241386,2014-07-25,Modern Daily #7313337,modern,modern-daily-7313337,modern-daily-7313337-2014-07-25
3,3,Shard Volley,,Spells,3,1,RDW,newfound,36 tix,$ 183,241386,2014-07-25,Modern Daily #7313337,modern,modern-daily-7313337,modern-daily-7313337-2014-07-25
4,4,Boros Charm,,Spells,3,1,RDW,newfound,36 tix,$ 183,241386,2014-07-25,Modern Daily #7313337,modern,modern-daily-7313337,modern-daily-7313337-2014-07-25
5,4,Incinerate,,Spells,3,1,RDW,newfound,36 tix,$ 183,241386,2014-07-25,Modern Daily #7313337,modern,modern-daily-7313337,modern-daily-7313337-2014-07-25
6,4,Lightning Helix,,Spells,3,1,RDW,newfound,36 tix,$ 183,241386,2014-07-25,Modern Daily #7313337,modern,modern-daily-7313337,modern-daily-7313337-2014-07-25
7,4,Magma Jet,,Spells,3,1,RDW,newfound,36 tix,$ 183,241386,2014-07-25,Modern Daily #7313337,modern,modern-daily-7313337,modern-daily-7313337-2014-07-25
8,4,Skullcrack,,Spells,3,1,RDW,newfound,36 tix,$ 183,241386,2014-07-25,Modern Daily #7313337,modern,modern-daily-7313337,modern-daily-7313337-2014-07-25
9,4,Flames of the Blood Hand,,Spells,3,1,RDW,newfound,36 tix,$ 183,241386,2014-07-25,Modern Daily #7313337,modern,modern-daily-7313337,modern-daily-7313337-2014-07-25
10,1,Pulse of the Forge,,Spells,3,1,RDW,newfound,36 tix,$ 183,241386,2014-07-25,Modern Daily #7313337,modern,modern-daily-7313337,modern-daily-7313337-2014-07-25
11,4,Rift Bolt,,Spells,3,1,RDW,newfound,36 tix,$ 183,241386,2014-07-25,Modern Daily #7313337,modern,modern-daily-7313337,modern-daily-7313337-2014-07-25
13,4,Clifftop Retreat,,Lands,3,1,RDW,newfound,36 tix,$ 183,241386,2014-07-25,Modern Daily #7313337,modern,modern-daily-7313337,modern-daily-7313337-2014-07-25
14,8,Mountain,,Lands,3,1,RDW,newfound,36 tix,$ 183,241386,2014-07-25,Modern Daily #7313337,modern,modern-daily-7313337,modern-daily-7313337-2014-07-25
15,4,Sacred Foundry,,Lands,3,1,RDW,newfound,36 tix,$ 183,241386,2014-07-25,Modern Daily #7313337,modern,modern-daily-7313337,modern-daily-7313337-2014-07-25
16,4,Temple of Triumph,,Lands,3,1,RDW,newfound,36 tix,$ 183,241386,2014-07-25,Modern Daily #7313337,modern,modern-daily-7313337,modern-daily-7313337-2014-07-25
18,3,Wear & Tear,,Sideboard,3,1,RDW,newfound,36 tix,$ 183,241386,2014-07-25,Modern Daily #7313337,modern,modern-daily-7313337,modern-daily-7313337-2014-07-25
19,2,Disenchant,,Sideboard,3,1,RDW,newfound,36 tix,$ 183,241386,2014-07-25,Modern Daily #7313337,modern,modern-daily-7313337,modern-daily-7313337-2014-07-25
20,4,Dragon's Claw,,Sideboard,3,1,RDW,newfound,36 tix,$ 183,241386,2014-07-25,Modern Daily #7313337,modern,modern-daily-7313337,modern-daily-7313337-2014-07-25
21,4,Rest in Peace,,Sideboard,3,1,RDW,newfound,36 tix,$ 183,241386,2014-07-25,Modern Daily #7313337,modern,modern-daily-7313337,modern-daily-7313337-2014-07-25
22,2,Smash to Smithereens,,Sideboard,3,1,RDW,newfound,36 tix,$ 183,241386,2014-07-25,Modern Daily #7313337,modern,modern-daily-7313337,modern-daily-7313337-2014-07-25
1,4,Sakura-Tribe Elder,,Creatures,3,1,Scapeshift,TheRealDMoney,273 tix,"$ 1,032",241374,2014-07-25,Modern Daily #7313337,modern,modern-daily-7313337,modern-daily-7313337-2014-07-25
2,1,Snapcaster Mage,,Creatures,3,1,Scapeshift,TheRealDMoney,273 tix,"$ 1,032",241374,2014-07-25,Modern Daily #7313337,modern,modern-daily-7313337,modern-daily-7313337-2014-07-25
4,1,Gigadrowse,,Spells,3,1,Scapeshift,TheRealDMoney,273 tix,"$ 1,032",241374,2014-07-25,Modern Daily #7313337,modern,modern-daily-7313337,modern-daily-7313337-2014-07-25
5,2,Lightning Bolt,,Spells,3,1,Scapeshift,TheRealDMoney,273 tix,"$ 1,032",241374,2014-07-25,Modern Daily #7313337,modern,modern-daily-7313337,modern-daily-7313337-2014-07-25
6,2,Repeal,,Spells,3,1,Scapeshift,TheRealDMoney,273 tix,"$ 1,032",241374,2014-07-25,Modern Daily #7313337,modern,modern-daily-7313337,modern-daily-7313337-2014-07-25
7,3,Farseek,,Spells,3,1,Scapeshift,TheRealDMoney,273 tix,"$ 1,032",241374,2014-07-25,Modern Daily #7313337,modern,modern-daily-7313337,modern-daily-7313337-2014-07-25
8,1,Izzet Charm,,Spells,3,1,Scapeshift,TheRealDMoney,273 tix,"$ 1,032",241374,2014-07-25,Modern Daily #7313337,modern,modern-daily-7313337,modern-daily-7313337-2014-07-25
9,3,Peer Through Depths,,Spells,3,1,Scapeshift,TheRealDMoney,273 tix,"$ 1,032",241374,2014-07-25,Modern Daily #7313337,modern,modern-daily-7313337,modern-daily-7313337-2014-07-25
10,4,Remand,,Spells,3,1,Scapeshift,TheRealDMoney,273 tix,"$ 1,032",241374,2014-07-25,Modern Daily #7313337,modern,modern-daily-7313337,modern-daily-7313337-2014-07-25
11,2,Electrolyze,,Spells,3,1,Scapeshift,TheRealDMoney,273 tix,"$ 1,032",241374,2014-07-25,Modern Daily #7313337,modern,modern-daily-7313337,modern-daily-7313337-2014-07-25
12,4,Search for Tomorrow,,Spells,3,1,Scapeshift,TheRealDMoney,273 tix,"$ 1,032",241374,2014-07-25,Modern Daily #7313337,modern,modern-daily-7313337,modern-daily-7313337-2014-07-25
13,4,Cryptic Command,,Spells,3,1,Scapeshift,TheRealDMoney,273 tix,"$ 1,032",241374,2014-07-25,Modern Daily #7313337,modern,modern-daily-7313337,modern-daily-7313337-2014-07-25
14,4,Scapeshift,,Spells,3,1,Scapeshift,TheRealDMoney,273 tix,"$ 1,032",241374,2014-07-25,Modern Daily #7313337,modern,modern-daily-7313337,modern-daily-7313337-2014-07-25
16,2,Breeding Pool,,Lands,3,1,Scapeshift,TheRealDMoney,273 tix,"$ 1,032",241374,2014-07-25,Modern Daily #7313337,modern,modern-daily-7313337,modern-daily-7313337-2014-07-25
17,1,Cascade Bluffs,,Lands,3,1,Scapeshift,TheRealDMoney,273 tix,"$ 1,032",241374,2014-07-25,Modern Daily #7313337,modern,modern-daily-7313337,modern-daily-7313337-2014-07-25
18,2,Flooded Grove,,Lands,3,1,Scapeshift,TheRealDMoney,273 tix,"$ 1,032",241374,2014-07-25,Modern Daily #7313337,modern,modern-daily-7313337,modern-daily-7313337-2014-07-25
19,2,Forest,,Lands,3,1,Scapeshift,TheRealDMoney,273 tix,"$ 1,032",241374,2014-07-25,Modern Daily #7313337,modern,modern-daily-7313337,modern-daily-7313337-2014-07-25
20,3,Island,,Lands,3,1,Scapeshift,TheRealDMoney,273 tix,"$ 1,032",241374,2014-07-25,Modern Daily #7313337,modern,modern-daily-7313337,modern-daily-7313337-2014-07-25
21,3,Misty Rainforest,,Lands,3,1,Scapeshift,TheRealDMoney,273 tix,"$ 1,032",241374,2014-07-25,Modern Daily #7313337,modern,modern-daily-7313337,modern-daily-7313337-2014-07-25
22,2,Mountain,,Lands,3,1,Scapeshift,TheRealDMoney,273 tix,"$ 1,032",241374,2014-07-25,Modern Daily #7313337,modern,modern-daily-7313337,modern-daily-7313337-2014-07-25
23,4,Steam Vents,,Lands,3,1,Scapeshift,TheRealDMoney,273 tix,"$ 1,032",241374,2014-07-25,Modern Daily #7313337,modern,modern-daily-7313337,modern-daily-7313337-2014-07-25
24,4,Stomping Ground,,Lands,3,1,Scapeshift,TheRealDMoney,273 tix,"$ 1,032",241374,2014-07-25,Modern Daily #7313337,modern,modern-daily-7313337,modern-daily-7313337-2014-07-25
25,2,"Valakut, the Molten Pinnacle",,Lands,3,1,Scapeshift,TheRealDMoney,273 tix,"$ 1,032",241374,2014-07-25,Modern Daily #7313337,modern,modern-daily-7313337,modern-daily-7313337-2014-07-25
27,2,Engineered Explosives,,Sideboard,3,1,Scapeshift,TheRealDMoney,273 tix,"$ 1,032",241374,2014-07-25,Modern Daily #7313337,modern,modern-daily-7313337,modern-daily-7313337-2014-07-25
28,1,Gigadrowse,,Sideboard,3,1,Scapeshift,TheRealDMoney,273 tix,"$ 1,032",241374,2014-07-25,Modern Daily #7313337,modern,modern-daily-7313337,modern-daily-7313337-2014-07-25
29,2,Nature's Claim,,Sideboard,3,1,Scapeshift,TheRealDMoney,273 tix,"$ 1,032",241374,2014-07-25,Modern Daily #7313337,modern,modern-daily-7313337,modern-daily-7313337-2014-07-25
30,2,Ancient Grudge,,Sideboard,3,1,Scapeshift,TheRealDMoney,273 tix,"$ 1,032",241374,2014-07-25,Modern Daily #7313337,modern,modern-daily-7313337,modern-daily-7313337-2014-07-25
31,1,Negate,,Sideboard,3,1,Scapeshift,TheRealDMoney,273 tix,"$ 1,032",241374,2014-07-25,Modern Daily #7313337,modern,modern-daily-7313337,modern-daily-7313337-2014-07-25
32,1,Counterflux,,Sideboard,3,1,Scapeshift,TheRealDMoney,273 tix,"$ 1,032",241374,2014-07-25,Modern Daily #7313337,modern,modern-daily-7313337,modern-daily-7313337-2014-07-25
33,2,Obstinate Baloth,,Sideboard,3,1,Scapeshift,TheRealDMoney,273 tix,"$ 1,032",241374,2014-07-25,Modern Daily #7313337,modern,modern-daily-7313337,modern-daily-7313337-2014-07-25
34,2,Urban Evolution,,Sideboard,3,1,Scapeshift,TheRealDMoney,273 tix,"$ 1,032",241374,2014-07-25,Modern Daily #7313337,modern,modern-daily-7313337,modern-daily-7313337-2014-07-25
35,2,Wurmcoil Engine,,Sideboard,3,1,Scapeshift,TheRealDMoney,273 tix,"$ 1,032",241374,2014-07-25,Modern Daily #7313337,modern,modern-daily-7313337,modern-daily-7313337-2014-07-25
1,4,Sakura-Tribe Elder,,Creatures,3,1,Scapeshift,Legalt,278 tix,"$ 1,034",241385,2014-07-25,Modern Daily #7313337,modern,modern-daily-7313337,modern-daily-7313337-2014-07-25
2,2,Snapcaster Mage,,Creatures,3,1,Scapeshift,Legalt,278 tix,"$ 1,034",241385,2014-07-25,Modern Daily #7313337,modern,modern-daily-7313337,modern-daily-7313337-2014-07-25
4,2,Repeal,,Spells,3,1,Scapeshift,Legalt,278 tix,"$ 1,034",241385,2014-07-25,Modern Daily #7313337,modern,modern-daily-7313337,modern-daily-7313337-2014-07-25
5,4,Serum Visions,,Spells,3,1,Scapeshift,Legalt,278 tix,"$ 1,034",241385,2014-07-25,Modern Daily #7313337,modern,modern-daily-7313337,modern-daily-7313337-2014-07-25
6,2,Izzet Charm,,Spells,3,1,Scapeshift,Legalt,278 tix,"$ 1,034",241385,2014-07-25,Modern Daily #7313337,modern,modern-daily-7313337,modern-daily-7313337-2014-07-25
7,4,Remand,,Spells,3,1,Scapeshift,Legalt,278 tix,"$ 1,034",241385,2014-07-25,Modern Daily #7313337,modern,modern-daily-7313337,modern-daily-7313337-2014-07-25
8,4,Worldly Counsel,,Spells,3,1,Scapeshift,Legalt,278 tix,"$ 1,034",241385,2014-07-25,Modern Daily #7313337,modern,modern-daily-7313337,modern-daily-7313337-2014-07-25
9,2,Electrolyze,,Spells,3,1,Scapeshift,Legalt,278 tix,"$ 1,034",241385,2014-07-25,Modern Daily #7313337,modern,modern-daily-7313337,modern-daily-7313337-2014-07-25
10,4,Search for Tomorrow,,Spells,3,1,Scapeshift,Legalt,278 tix,"$ 1,034",241385,2014-07-25,Modern Daily #7313337,modern,modern-daily-7313337,modern-daily-7313337-2014-07-25
11,4,Cryptic Command,,Spells,3,1,Scapeshift,Legalt,278 tix,"$ 1,034",241385,2014-07-25,Modern Daily #7313337,modern,modern-daily-7313337,modern-daily-7313337-2014-07-25
12,4,Scapeshift,,Spells,3,1,Scapeshift,Legalt,278 tix,"$ 1,034",241385,2014-07-25,Modern Daily #7313337,modern,modern-daily-7313337,modern-daily-7313337-2014-07-25
14,2,Breeding Pool,,Lands,3,1,Scapeshift,Legalt,278 tix,"$ 1,034",241385,2014-07-25,Modern Daily #7313337,modern,modern-daily-7313337,modern-daily-7313337-2014-07-25
15,1,Flooded Grove,,Lands,3,1,Scapeshift,Legalt,278 tix,"$ 1,034",241385,2014-07-25,Modern Daily #7313337,modern,modern-daily-7313337,modern-daily-7313337-2014-07-25
16,2,Forest,,Lands,3,1,Scapeshift,Legalt,278 tix,"$ 1,034",241385,2014-07-25,Modern Daily #7313337,modern,modern-daily-7313337,modern-daily-7313337-2014-07-25
17,3,Island,,Lands,3,1,Scapeshift,Legalt,278 tix,"$ 1,034",241385,2014-07-25,Modern Daily #7313337,modern,modern-daily-7313337,modern-daily-7313337-2014-07-25
18,4,Misty Rainforest,,Lands,3,1,Scapeshift,Legalt,278 tix,"$ 1,034",241385,2014-07-25,Modern Daily #7313337,modern,modern-daily-7313337,modern-daily-7313337-2014-07-25
19,2,Mountain,,Lands,3,1,Scapeshift,Legalt,278 tix,"$ 1,034",241385,2014-07-25,Modern Daily #7313337,modern,modern-daily-7313337,modern-daily-7313337-2014-07-25
20,4,Steam Vents,,Lands,3,1,Scapeshift,Legalt,278 tix,"$ 1,034",241385,2014-07-25,Modern Daily #7313337,modern,modern-daily-7313337,modern-daily-7313337-2014-07-25
21,4,Stomping Ground,,Lands,3,1,Scapeshift,Legalt,278 tix,"$ 1,034",241385,2014-07-25,Modern Daily #7313337,modern,modern-daily-7313337,modern-daily-7313337-2014-07-25
22,2,"Valakut, the Molten Pinnacle",,Lands,3,1,Scapeshift,Legalt,278 tix,"$ 1,034",241385,2014-07-25,Modern Daily #7313337,modern,modern-daily-7313337,modern-daily-7313337-2014-07-25
24,1,Engineered Explosives,,Sideboard,3,1,Scapeshift,Legalt,278 tix,"$ 1,034",241385,2014-07-25,Modern Daily #7313337,modern,modern-daily-7313337,modern-daily-7313337-2014-07-25
25,1,Nature's Claim,,Sideboard,3,1,Scapeshift,Legalt,278 tix,"$ 1,034",241385,2014-07-25,Modern Daily #7313337,modern,modern-daily-7313337,modern-daily-7313337-2014-07-25
26,1,Ancient Grudge,,Sideboard,3,1,Scapeshift,Legalt,278 tix,"$ 1,034",241385,2014-07-25,Modern Daily #7313337,modern,modern-daily-7313337,modern-daily-7313337-2014-07-25
27,1,Combust,,Sideboard,3,1,Scapeshift,Legalt,278 tix,"$ 1,034",241385,2014-07-25,Modern Daily #7313337,modern,modern-daily-7313337,modern-daily-7313337-2014-07-25
28,1,Negate,,Sideboard,3,1,Scapeshift,Legalt,278 tix,"$ 1,034",241385,2014-07-25,Modern Daily #7313337,modern,modern-daily-7313337,modern-daily-7313337-2014-07-25
29,2,Anger of the Gods,,Sideboard,3,1,Scapeshift,Legalt,278 tix,"$ 1,034",241385,2014-07-25,Modern Daily #7313337,modern,modern-daily-7313337,modern-daily-7313337-2014-07-25
30,1,Counterflux,,Sideboard,3,1,Scapeshift,Legalt,278 tix,"$ 1,034",241385,2014-07-25,Modern Daily #7313337,modern,modern-daily-7313337,modern-daily-7313337-2014-07-25
31,2,Obstinate Baloth,,Sideboard,3,1,Scapeshift,Legalt,278 tix,"$ 1,034",241385,2014-07-25,Modern Daily #7313337,modern,modern-daily-7313337,modern-daily-7313337-2014-07-25
32,1,Shatterstorm,,Sideboard,3,1,Scapeshift,Legalt,278 tix,"$ 1,034",241385,2014-07-25,Modern Daily #7313337,modern,modern-daily-7313337,modern-daily-7313337-2014-07-25
33,1,Batterskull,,Sideboard,3,1,Scapeshift,Legalt,278 tix,"$ 1,034",241385,2014-07-25,Modern Daily #7313337,modern,modern-daily-7313337,modern-daily-7313337-2014-07-25
34,1,"Teferi, Mage of Zhalfir",,Sideboard,3,1,Scapeshift,Legalt,278 tix,"$ 1,034",241385,2014-07-25,Modern Daily #7313337,modern,modern-daily-7313337,modern-daily-7313337-2014-07-25
35,2,Inferno Titan,,Sideboard,3,1,Scapeshift,Legalt,278 tix,"$ 1,034",241385,2014-07-25,Modern Daily #7313337,modern,modern-daily-7313337,modern-daily-7313337-2014-07-25
1,4,Delver of Secrets,,Creatures,3,1,UR Delver,Gemmanite,211 tix,$ 963,241382,2014-07-25,Modern Daily #7313337,modern,modern-daily-7313337,modern-daily-7313337-2014-07-25
2,1,Grim Lavamancer,,Creatures,3,1,UR Delver,Gemmanite,211 tix,$ 963,241382,2014-07-25,Modern Daily #7313337,modern,modern-daily-7313337,modern-daily-7313337-2014-07-25
3,4,Snapcaster Mage,,Creatures,3,1,UR Delver,Gemmanite,211 tix,$ 963,241382,2014-07-25,Modern Daily #7313337,modern,modern-daily-7313337,modern-daily-7313337-2014-07-25
4,4,Young Pyromancer,,Creatures,3,1,UR Delver,Gemmanite,211 tix,$ 963,241382,2014-07-25,Modern Daily #7313337,modern,modern-daily-7313337,modern-daily-7313337-2014-07-25
6,4,Gitaxian Probe,,Spells,3,1,UR Delver,Gemmanite,211 tix,$ 963,241382,2014-07-25,Modern Daily #7313337,modern,modern-daily-7313337,modern-daily-7313337-2014-07-25
7,4,Lightning Bolt,,Spells,3,1,UR Delver,Gemmanite,211 tix,$ 963,241382,2014-07-25,Modern Daily #7313337,modern,modern-daily-7313337,modern-daily-7313337-2014-07-25
8,2,Pillar of Flame,,Spells,3,1,UR Delver,Gemmanite,211 tix,$ 963,241382,2014-07-25,Modern Daily #7313337,modern,modern-daily-7313337,modern-daily-7313337-2014-07-25
9,4,Serum Visions,,Spells,3,1,UR Delver,Gemmanite,211 tix,$ 963,241382,2014-07-25,Modern Daily #7313337,modern,modern-daily-7313337,modern-daily-7313337-2014-07-25
10,1,Spell Pierce,,Spells,3,1,UR Delver,Gemmanite,211 tix,$ 963,241382,2014-07-25,Modern Daily #7313337,modern,modern-daily-7313337,modern-daily-7313337-2014-07-25
11,2,Spell Snare,,Spells,3,1,UR Delver,Gemmanite,211 tix,$ 963,241382,2014-07-25,Modern Daily #7313337,modern,modern-daily-7313337,modern-daily-7313337-2014-07-25
12,1,Twisted Image,,Spells,3,1,UR Delver,Gemmanite,211 tix,$ 963,241382,2014-07-25,Modern Daily #7313337,modern,modern-daily-7313337,modern-daily-7313337-2014-07-25
13,3,Vapor Snag,,Spells,3,1,UR Delver,Gemmanite,211 tix,$ 963,241382,2014-07-25,Modern Daily #7313337,modern,modern-daily-7313337,modern-daily-7313337-2014-07-25
14,3,Mana Leak,,Spells,3,1,UR Delver,Gemmanite,211 tix,$ 963,241382,2014-07-25,Modern Daily #7313337,modern,modern-daily-7313337,modern-daily-7313337-2014-07-25
15,3,Remand,,Spells,3,1,UR Delver,Gemmanite,211 tix,$ 963,241382,2014-07-25,Modern Daily #7313337,modern,modern-daily-7313337,modern-daily-7313337-2014-07-25
16,1,Electrolyze,,Spells,3,1,UR Delver,Gemmanite,211 tix,$ 963,241382,2014-07-25,Modern Daily #7313337,modern,modern-daily-7313337,modern-daily-7313337-2014-07-25
18,1,Breeding Pool,,Lands,3,1,UR Delver,Gemmanite,211 tix,$ 963,241382,2014-07-25,Modern Daily #7313337,modern,modern-daily-7313337,modern-daily-7313337-2014-07-25
19,4,Island,,Lands,3,1,UR Delver,Gemmanite,211 tix,$ 963,241382,2014-07-25,Modern Daily #7313337,modern,modern-daily-7313337,modern-daily-7313337-2014-07-25
20,4,Misty Rainforest,,Lands,3,1,UR Delver,Gemmanite,211 tix,$ 963,241382,2014-07-25,Modern Daily #7313337,modern,modern-daily-7313337,modern-daily-7313337-2014-07-25
21,2,Mountain,,Lands,3,1,UR Delver,Gemmanite,211 tix,$ 963,241382,2014-07-25,Modern Daily #7313337,modern,modern-daily-7313337,modern-daily-7313337-2014-07-25
22,4,Scalding Tarn,,Lands,3,1,UR Delver,Gemmanite,211 tix,$ 963,241382,2014-07-25,Modern Daily #7313337,modern,modern-daily-7313337,modern-daily-7313337-2014-07-25
23,3,Steam Vents,,Lands,3,1,UR Delver,Gemmanite,211 tix,$ 963,241382,2014-07-25,Modern Daily #7313337,modern,modern-daily-7313337,modern-daily-7313337-2014-07-25
24,1,Sulfur Falls,,Lands,3,1,UR Delver,Gemmanite,211 tix,$ 963,241382,2014-07-25,Modern Daily #7313337,modern,modern-daily-7313337,modern-daily-7313337-2014-07-25
26,1,Dispel,,Sideboard,3,1,UR Delver,Gemmanite,211 tix,$ 963,241382,2014-07-25,Modern Daily #7313337,modern,modern-daily-7313337,modern-daily-7313337-2014-07-25
27,1,Magma Spray,,Sideboard,3,1,UR Delver,Gemmanite,211 tix,$ 963,241382,2014-07-25,Modern Daily #7313337,modern,modern-daily-7313337,modern-daily-7313337-2014-07-25
28,1,Mizzium Skin,,Sideboard,3,1,UR Delver,Gemmanite,211 tix,$ 963,241382,2014-07-25,Modern Daily #7313337,modern,modern-daily-7313337,modern-daily-7313337-2014-07-25
29,2,Relic of Progenitus,,Sideboard,3,1,UR Delver,Gemmanite,211 tix,$ 963,241382,2014-07-25,Modern Daily #7313337,modern,modern-daily-7313337,modern-daily-7313337-2014-07-25
30,2,Ancient Grudge,,Sideboard,3,1,UR Delver,Gemmanite,211 tix,$ 963,241382,2014-07-25,Modern Daily #7313337,modern,modern-daily-7313337,modern-daily-7313337-2014-07-25
31,1,Combust,,Sideboard,3,1,UR Delver,Gemmanite,211 tix,$ 963,241382,2014-07-25,Modern Daily #7313337,modern,modern-daily-7313337,modern-daily-7313337-2014-07-25
32,1,Negate,,Sideboard,3,1,UR Delver,Gemmanite,211 tix,$ 963,241382,2014-07-25,Modern Daily #7313337,modern,modern-daily-7313337,modern-daily-7313337-2014-07-25
33,1,Spellskite,,Sideboard,3,1,UR Delver,Gemmanite,211 tix,$ 963,241382,2014-07-25,Modern Daily #7313337,modern,modern-daily-7313337,modern-daily-7313337-2014-07-25
34,1,Counterflux,,Sideboard,3,1,UR Delver,Gemmanite,211 tix,$ 963,241382,2014-07-25,Modern Daily #7313337,modern,modern-daily-7313337,modern-daily-7313337-2014-07-25
35,1,Izzet Staticaster,,Sideboard,3,1,UR Delver,Gemmanite,211 tix,$ 963,241382,2014-07-25,Modern Daily #7313337,modern,modern-daily-7313337,modern-daily-7313337-2014-07-25
36,2,Molten Rain,,Sideboard,3,1,UR Delver,Gemmanite,211 tix,$ 963,241382,2014-07-25,Modern Daily #7313337,modern,modern-daily-7313337,modern-daily-7313337-2014-07-25
37,1,Threads of Disloyalty,,Sideboard,3,1,UR Delver,Gemmanite,211 tix,$ 963,241382,2014-07-25,Modern Daily #7313337,modern,modern-daily-7313337,modern-daily-7313337-2014-07-25
1,4,Delver of Secrets,,Creatures,3,1,UR Delver,vojtino,141 tix,$ 704,241393,2014-07-25,Modern Daily #7313337,modern,modern-daily-7313337,modern-daily-7313337-2014-07-25
2,2,Grim Lavamancer,,Creatures,3,1,UR Delver,vojtino,141 tix,$ 704,241393,2014-07-25,Modern Daily #7313337,modern,modern-daily-7313337,modern-daily-7313337-2014-07-25
3,4,Snapcaster Mage,,Creatures,3,1,UR Delver,vojtino,141 tix,$ 704,241393,2014-07-25,Modern Daily #7313337,modern,modern-daily-7313337,modern-daily-7313337-2014-07-25
4,4,Young Pyromancer,,Creatures,3,1,UR Delver,vojtino,141 tix,$ 704,241393,2014-07-25,Modern Daily #7313337,modern,modern-daily-7313337,modern-daily-7313337-2014-07-25
6,4,Gitaxian Probe,,Spells,3,1,UR Delver,vojtino,141 tix,$ 704,241393,2014-07-25,Modern Daily #7313337,modern,modern-daily-7313337,modern-daily-7313337-2014-07-25
7,4,Lightning Bolt,,Spells,3,1,UR Delver,vojtino,141 tix,$ 704,241393,2014-07-25,Modern Daily #7313337,modern,modern-daily-7313337,modern-daily-7313337-2014-07-25
8,2,Pillar of Flame,,Spells,3,1,UR Delver,vojtino,141 tix,$ 704,241393,2014-07-25,Modern Daily #7313337,modern,modern-daily-7313337,modern-daily-7313337-2014-07-25
9,4,Serum Visions,,Spells,3,1,UR Delver,vojtino,141 tix,$ 704,241393,2014-07-25,Modern Daily #7313337,modern,modern-daily-7313337,modern-daily-7313337-2014-07-25
10,1,Spell Pierce,,Spells,3,1,UR Delver,vojtino,141 tix,$ 704,241393,2014-07-25,Modern Daily #7313337,modern,modern-daily-7313337,modern-daily-7313337-2014-07-25
11,2,Spell Snare,,Spells,3,1,UR Delver,vojtino,141 tix,$ 704,241393,2014-07-25,Modern Daily #7313337,modern,modern-daily-7313337,modern-daily-7313337-2014-07-25
12,2,Vapor Snag,,Spells,3,1,UR Delver,vojtino,141 tix,$ 704,241393,2014-07-25,Modern Daily #7313337,modern,modern-daily-7313337,modern-daily-7313337-2014-07-25
13,3,Mana Leak,,Spells,3,1,UR Delver,vojtino,141 tix,$ 704,241393,2014-07-25,Modern Daily #7313337,modern,modern-daily-7313337,modern-daily-7313337-2014-07-25
14,3,Remand,,Spells,3,1,UR Delver,vojtino,141 tix,$ 704,241393,2014-07-25,Modern Daily #7313337,modern,modern-daily-7313337,modern-daily-7313337-2014-07-25
15,1,Electrolyze,,Spells,3,1,UR Delver,vojtino,141 tix,$ 704,241393,2014-07-25,Modern Daily #7313337,modern,modern-daily-7313337,modern-daily-7313337-2014-07-25
17,1,Sword of War and Peace,,Artifacts,3,1,UR Delver,vojtino,141 tix,$ 704,241393,2014-07-25,Modern Daily #7313337,modern,modern-daily-7313337,modern-daily-7313337-2014-07-25
19,6,Island,,Lands,3,1,UR Delver,vojtino,141 tix,$ 704,241393,2014-07-25,Modern Daily #7313337,modern,modern-daily-7313337,modern-daily-7313337-2014-07-25
20,1,Misty Rainforest,,Lands,3,1,UR Delver,vojtino,141 tix,$ 704,241393,2014-07-25,Modern Daily #7313337,modern,modern-daily-7313337,modern-daily-7313337-2014-07-25
21,2,Mountain,,Lands,3,1,UR Delver,vojtino,141 tix,$ 704,241393,2014-07-25,Modern Daily #7313337,modern,modern-daily-7313337,modern-daily-7313337-2014-07-25
22,2,Scalding Tarn,,Lands,3,1,UR Delver,vojtino,141 tix,$ 704,241393,2014-07-25,Modern Daily #7313337,modern,modern-daily-7313337,modern-daily-7313337-2014-07-25
23,4,Steam Vents,,Lands,3,1,UR Delver,vojtino,141 tix,$ 704,241393,2014-07-25,Modern Daily #7313337,modern,modern-daily-7313337,modern-daily-7313337-2014-07-25
24,4,Sulfur Falls,,Lands,3,1,UR Delver,vojtino,141 tix,$ 704,241393,2014-07-25,Modern Daily #7313337,modern,modern-daily-7313337,modern-daily-7313337-2014-07-25
26,1,Dispel,,Sideboard,3,1,UR Delver,vojtino,141 tix,$ 704,241393,2014-07-25,Modern Daily #7313337,modern,modern-daily-7313337,modern-daily-7313337-2014-07-25
27,2,Relic of Progenitus,,Sideboard,3,1,UR Delver,vojtino,141 tix,$ 704,241393,2014-07-25,Modern Daily #7313337,modern,modern-daily-7313337,modern-daily-7313337-2014-07-25
28,1,Spell Pierce,,Sideboard,3,1,UR Delver,vojtino,141 tix,$ 704,241393,2014-07-25,Modern Daily #7313337,modern,modern-daily-7313337,modern-daily-7313337-2014-07-25
29,2,Vandalblast,,Sideboard,3,1,UR Delver,vojtino,141 tix,$ 704,241393,2014-07-25,Modern Daily #7313337,modern,modern-daily-7313337,modern-daily-7313337-2014-07-25
30,1,Combust,,Sideboard,3,1,UR Delver,vojtino,141 tix,$ 704,241393,2014-07-25,Modern Daily #7313337,modern,modern-daily-7313337,modern-daily-7313337-2014-07-25
31,1,Negate,,Sideboard,3,1,UR Delver,vojtino,141 tix,$ 704,241393,2014-07-25,Modern Daily #7313337,modern,modern-daily-7313337,modern-daily-7313337-2014-07-25
32,2,Counterflux,,Sideboard,3,1,UR Delver,vojtino,141 tix,$ 704,241393,2014-07-25,Modern Daily #7313337,modern,modern-daily-7313337,modern-daily-7313337-2014-07-25
33,2,Izzet Staticaster,,Sideboard,3,1,UR Delver,vojtino,141 tix,$ 704,241393,2014-07-25,Modern Daily #7313337,modern,modern-daily-7313337,modern-daily-7313337-2014-07-25
34,3,Molten Rain,,Sideboard,3,1,UR Delver,vojtino,141 tix,$ 704,241393,2014-07-25,Modern Daily #7313337,modern,modern-daily-7313337,modern-daily-7313337-2014-07-25
1,4,Snapcaster Mage,,Creatures,3,1,UWR Control,AntzzzOnALog,308 tix,"$ 1,346",241381,2014-07-25,Modern Daily #7313337,modern,modern-daily-7313337,modern-daily-7313337-2014-07-25
2,1,Vendilion Clique,,Creatures,3,1,UWR Control,AntzzzOnALog,308 tix,"$ 1,346",241381,2014-07-25,Modern Daily #7313337,modern,modern-daily-7313337,modern-daily-7313337-2014-07-25
4,1,Ajani Vengeant,,Planeswalkers,3,1,UWR Control,AntzzzOnALog,308 tix,"$ 1,346",241381,2014-07-25,Modern Daily #7313337,modern,modern-daily-7313337,modern-daily-7313337-2014-07-25
6,4,Lightning Bolt,,Spells,3,1,UWR Control,AntzzzOnALog,308 tix,"$ 1,346",241381,2014-07-25,Modern Daily #7313337,modern,modern-daily-7313337,modern-daily-7313337-2014-07-25
7,3,Path to Exile,,Spells,3,1,UWR Control,AntzzzOnALog,308 tix,"$ 1,346",241381,2014-07-25,Modern Daily #7313337,modern,modern-daily-7313337,modern-daily-7313337-2014-07-25
8,2,Spell Snare,,Spells,3,1,UWR Control,AntzzzOnALog,308 tix,"$ 1,346",241381,2014-07-25,Modern Daily #7313337,modern,modern-daily-7313337,modern-daily-7313337-2014-07-25
9,2,Lightning Helix,,Spells,3,1,UWR Control,AntzzzOnALog,308 tix,"$ 1,346",241381,2014-07-25,Modern Daily #7313337,modern,modern-daily-7313337,modern-daily-7313337-2014-07-25
10,2,Mana Leak,,Spells,3,1,UWR Control,AntzzzOnALog,308 tix,"$ 1,346",241381,2014-07-25,Modern Daily #7313337,modern,modern-daily-7313337,modern-daily-7313337-2014-07-25
11,2,Remand,,Spells,3,1,UWR Control,AntzzzOnALog,308 tix,"$ 1,346",241381,2014-07-25,Modern Daily #7313337,modern,modern-daily-7313337,modern-daily-7313337-2014-07-25
12,2,Shadow of Doubt,,Spells,3,1,UWR Control,AntzzzOnALog,308 tix,"$ 1,346",241381,2014-07-25,Modern Daily #7313337,modern,modern-daily-7313337,modern-daily-7313337-2014-07-25
13,1,Anger of the Gods,,Spells,3,1,UWR Control,AntzzzOnALog,308 tix,"$ 1,346",241381,2014-07-25,Modern Daily #7313337,modern,modern-daily-7313337,modern-daily-7313337-2014-07-25
14,4,Electrolyze,,Spells,3,1,UWR Control,AntzzzOnALog,308 tix,"$ 1,346",241381,2014-07-25,Modern Daily #7313337,modern,modern-daily-7313337,modern-daily-7313337-2014-07-25
15,2,Sphinx's Revelation,,Spells,3,1,UWR Control,AntzzzOnALog,308 tix,"$ 1,346",241381,2014-07-25,Modern Daily #7313337,modern,modern-daily-7313337,modern-daily-7313337-2014-07-25
16,4,Cryptic Command,,Spells,3,1,UWR Control,AntzzzOnALog,308 tix,"$ 1,346",241381,2014-07-25,Modern Daily #7313337,modern,modern-daily-7313337,modern-daily-7313337-2014-07-25
18,3,Arid Mesa,,Lands,3,1,UWR Control,AntzzzOnALog,308 tix,"$ 1,346",241381,2014-07-25,Modern Daily #7313337,modern,modern-daily-7313337,modern-daily-7313337-2014-07-25
19,4,Celestial Colonnade,,Lands,3,1,UWR Control,AntzzzOnALog,308 tix,"$ 1,346",241381,2014-07-25,Modern Daily #7313337,modern,modern-daily-7313337,modern-daily-7313337-2014-07-25
20,2,Hallowed Fountain,,Lands,3,1,UWR Control,AntzzzOnALog,308 tix,"$ 1,346",241381,2014-07-25,Modern Daily #7313337,modern,modern-daily-7313337,modern-daily-7313337-2014-07-25
21,3,Island,,Lands,3,1,UWR Control,AntzzzOnALog,308 tix,"$ 1,346",241381,2014-07-25,Modern Daily #7313337,modern,modern-daily-7313337,modern-daily-7313337-2014-07-25
22,1,Mountain,,Lands,3,1,UWR Control,AntzzzOnALog,308 tix,"$ 1,346",241381,2014-07-25,Modern Daily #7313337,modern,modern-daily-7313337,modern-daily-7313337-2014-07-25
23,1,Plains,,Lands,3,1,UWR Control,AntzzzOnALog,308 tix,"$ 1,346",241381,2014-07-25,Modern Daily #7313337,modern,modern-daily-7313337,modern-daily-7313337-2014-07-25
24,1,Sacred Foundry,,Lands,3,1,UWR Control,AntzzzOnALog,308 tix,"$ 1,346",241381,2014-07-25,Modern Daily #7313337,modern,modern-daily-7313337,modern-daily-7313337-2014-07-25
25,4,Scalding Tarn,,Lands,3,1,UWR Control,AntzzzOnALog,308 tix,"$ 1,346",241381,2014-07-25,Modern Daily #7313337,modern,modern-daily-7313337,modern-daily-7313337-2014-07-25
26,2,Steam Vents,,Lands,3,1,UWR Control,AntzzzOnALog,308 tix,"$ 1,346",241381,2014-07-25,Modern Daily #7313337,modern,modern-daily-7313337,modern-daily-7313337-2014-07-25
27,2,Sulfur Falls,,Lands,3,1,UWR Control,AntzzzOnALog,308 tix,"$ 1,346",241381,2014-07-25,Modern Daily #7313337,modern,modern-daily-7313337,modern-daily-7313337-2014-07-25
28,3,Tectonic Edge,,Lands,3,1,UWR Control,AntzzzOnALog,308 tix,"$ 1,346",241381,2014-07-25,Modern Daily #7313337,modern,modern-daily-7313337,modern-daily-7313337-2014-07-25
30,1,Wear & Tear,,Sideboard,3,1,UWR Control,AntzzzOnALog,308 tix,"$ 1,346",241381,2014-07-25,Modern Daily #7313337,modern,modern-daily-7313337,modern-daily-7313337-2014-07-25
31,3,Dispel,,Sideboard,3,1,UWR Control,AntzzzOnALog,308 tix,"$ 1,346",241381,2014-07-25,Modern Daily #7313337,modern,modern-daily-7313337,modern-daily-7313337-2014-07-25
32,2,Relic of Progenitus,,Sideboard,3,1,UWR Control,AntzzzOnALog,308 tix,"$ 1,346",241381,2014-07-25,Modern Daily #7313337,modern,modern-daily-7313337,modern-daily-7313337-2014-07-25
33,2,Celestial Purge,,Sideboard,3,1,UWR Control,AntzzzOnALog,308 tix,"$ 1,346",241381,2014-07-25,Modern Daily #7313337,modern,modern-daily-7313337,modern-daily-7313337-2014-07-25
34,2,Stony Silence,,Sideboard,3,1,UWR Control,AntzzzOnALog,308 tix,"$ 1,346",241381,2014-07-25,Modern Daily #7313337,modern,modern-daily-7313337,modern-daily-7313337-2014-07-25
35,1,Aven Mindcensor,,Sideboard,3,1,UWR Control,AntzzzOnALog,308 tix,"$ 1,346",241381,2014-07-25,Modern Daily #7313337,modern,modern-daily-7313337,modern-daily-7313337-2014-07-25
36,1,Counterflux,,Sideboard,3,1,UWR Control,AntzzzOnALog,308 tix,"$ 1,346",241381,2014-07-25,Modern Daily #7313337,modern,modern-daily-7313337,modern-daily-7313337-2014-07-25
37,1,Crucible of Worlds,,Sideboard,3,1,UWR Control,AntzzzOnALog,308 tix,"$ 1,346",241381,2014-07-25,Modern Daily #7313337,modern,modern-daily-7313337,modern-daily-7313337-2014-07-25
38,1,Izzet Staticaster,,Sideboard,3,1,UWR Control,AntzzzOnALog,308 tix,"$ 1,346",241381,2014-07-25,Modern Daily #7313337,modern,modern-daily-7313337,modern-daily-7313337-2014-07-25
39,1,Timely Reinforcements,,Sideboard,3,1,UWR Control,AntzzzOnALog,308 tix,"$ 1,346",241381,2014-07-25,Modern Daily #7313337,modern,modern-daily-7313337,modern-daily-7313337-2014-07-25
1,4,Snapcaster Mage,,Creatures,3,1,UWR Control,WillyBlake,373 tix,"$ 1,392",241383,2014-07-25,Modern Daily #7313337,modern,modern-daily-7313337,modern-daily-7313337-2014-07-25
2,2,Vendilion Clique,,Creatures,3,1,UWR Control,WillyBlake,373 tix,"$ 1,392",241383,2014-07-25,Modern Daily #7313337,modern,modern-daily-7313337,modern-daily-7313337-2014-07-25
3,4,Restoration Angel,,Creatures,3,1,UWR Control,WillyBlake,373 tix,"$ 1,392",241383,2014-07-25,Modern Daily #7313337,modern,modern-daily-7313337,modern-daily-7313337-2014-07-25
5,4,Lightning Bolt,,Spells,3,1,UWR Control,WillyBlake,373 tix,"$ 1,392",241383,2014-07-25,Modern Daily #7313337,modern,modern-daily-7313337,modern-daily-7313337-2014-07-25
6,3,Path to Exile,,Spells,3,1,UWR Control,WillyBlake,373 tix,"$ 1,392",241383,2014-07-25,Modern Daily #7313337,modern,modern-daily-7313337,modern-daily-7313337-2014-07-25
7,2,Spell Snare,,Spells,3,1,UWR Control,WillyBlake,373 tix,"$ 1,392",241383,2014-07-25,Modern Daily #7313337,modern,modern-daily-7313337,modern-daily-7313337-2014-07-25
8,3,Lightning Helix,,Spells,3,1,UWR Control,WillyBlake,373 tix,"$ 1,392",241383,2014-07-25,Modern Daily #7313337,modern,modern-daily-7313337,modern-daily-7313337-2014-07-25
9,3,Mana Leak,,Spells,3,1,UWR Control,WillyBlake,373 tix,"$ 1,392",241383,2014-07-25,Modern Daily #7313337,modern,modern-daily-7313337,modern-daily-7313337-2014-07-25
10,1,Remand,,Spells,3,1,UWR Control,WillyBlake,373 tix,"$ 1,392",241383,2014-07-25,Modern Daily #7313337,modern,modern-daily-7313337,modern-daily-7313337-2014-07-25
11,1,Shadow of Doubt,,Spells,3,1,UWR Control,WillyBlake,373 tix,"$ 1,392",241383,2014-07-25,Modern Daily #7313337,modern,modern-daily-7313337,modern-daily-7313337-2014-07-25
12,1,Anger of the Gods,,Spells,3,1,UWR Control,WillyBlake,373 tix,"$ 1,392",241383,2014-07-25,Modern Daily #7313337,modern,modern-daily-7313337,modern-daily-7313337-2014-07-25
13,2,Electrolyze,,Spells,3,1,UWR Control,WillyBlake,373 tix,"$ 1,392",241383,2014-07-25,Modern Daily #7313337,modern,modern-daily-7313337,modern-daily-7313337-2014-07-25
14,1,Sphinx's Revelation,,Spells,3,1,UWR Control,WillyBlake,373 tix,"$ 1,392",241383,2014-07-25,Modern Daily #7313337,modern,modern-daily-7313337,modern-daily-7313337-2014-07-25
15,3,Cryptic Command,,Spells,3,1,UWR Control,WillyBlake,373 tix,"$ 1,392",241383,2014-07-25,Modern Daily #7313337,modern,modern-daily-7313337,modern-daily-7313337-2014-07-25
17,4,Arid Mesa,,Lands,3,1,UWR Control,WillyBlake,373 tix,"$ 1,392",241383,2014-07-25,Modern Daily #7313337,modern,modern-daily-7313337,modern-daily-7313337-2014-07-25
18,4,Celestial Colonnade,,Lands,3,1,UWR Control,WillyBlake,373 tix,"$ 1,392",241383,2014-07-25,Modern Daily #7313337,modern,modern-daily-7313337,modern-daily-7313337-2014-07-25
19,2,Hallowed Fountain,,Lands,3,1,UWR Control,WillyBlake,373 tix,"$ 1,392",241383,2014-07-25,Modern Daily #7313337,modern,modern-daily-7313337,modern-daily-7313337-2014-07-25
20,3,Island,,Lands,3,1,UWR Control,WillyBlake,373 tix,"$ 1,392",241383,2014-07-25,Modern Daily #7313337,modern,modern-daily-7313337,modern-daily-7313337-2014-07-25
21,1,Mountain,,Lands,3,1,UWR Control,WillyBlake,373 tix,"$ 1,392",241383,2014-07-25,Modern Daily #7313337,modern,modern-daily-7313337,modern-daily-7313337-2014-07-25
22,1,Plains,,Lands,3,1,UWR Control,WillyBlake,373 tix,"$ 1,392",241383,2014-07-25,Modern Daily #7313337,modern,modern-daily-7313337,modern-daily-7313337-2014-07-25
23,1,Sacred Foundry,,Lands,3,1,UWR Control,WillyBlake,373 tix,"$ 1,392",241383,2014-07-25,Modern Daily #7313337,modern,modern-daily-7313337,modern-daily-7313337-2014-07-25
24,4,Scalding Tarn,,Lands,3,1,UWR Control,WillyBlake,373 tix,"$ 1,392",241383,2014-07-25,Modern Daily #7313337,modern,modern-daily-7313337,modern-daily-7313337-2014-07-25
25,2,Steam Vents,,Lands,3,1,UWR Control,WillyBlake,373 tix,"$ 1,392",241383,2014-07-25,Modern Daily #7313337,modern,modern-daily-7313337,modern-daily-7313337-2014-07-25
26,1,Sulfur Falls,,Lands,3,1,UWR Control,WillyBlake,373 tix,"$ 1,392",241383,2014-07-25,Modern Daily #7313337,modern,modern-daily-7313337,modern-daily-7313337-2014-07-25
27,3,Tectonic Edge,,Lands,3,1,UWR Control,WillyBlake,373 tix,"$ 1,392",241383,2014-07-25,Modern Daily #7313337,modern,modern-daily-7313337,modern-daily-7313337-2014-07-25
29,1,Engineered Explosives,,Sideboard,3,1,UWR Control,WillyBlake,373 tix,"$ 1,392",241383,2014-07-25,Modern Daily #7313337,modern,modern-daily-7313337,modern-daily-7313337-2014-07-25
30,1,Wear & Tear,,Sideboard,3,1,UWR Control,WillyBlake,373 tix,"$ 1,392",241383,2014-07-25,Modern Daily #7313337,modern,modern-daily-7313337,modern-daily-7313337-2014-07-25
31,2,Celestial Purge,,Sideboard,3,1,UWR Control,WillyBlake,373 tix,"$ 1,392",241383,2014-07-25,Modern Daily #7313337,modern,modern-daily-7313337,modern-daily-7313337-2014-07-25
32,2,Negate,,Sideboard,3,1,UWR Control,WillyBlake,373 tix,"$ 1,392",241383,2014-07-25,Modern Daily #7313337,modern,modern-daily-7313337,modern-daily-7313337-2014-07-25
33,2,Spellskite,,Sideboard,3,1,UWR Control,WillyBlake,373 tix,"$ 1,392",241383,2014-07-25,Modern Daily #7313337,modern,modern-daily-7313337,modern-daily-7313337-2014-07-25
34,2,Stony Silence,,Sideboard,3,1,UWR Control,WillyBlake,373 tix,"$ 1,392",241383,2014-07-25,Modern Daily #7313337,modern,modern-daily-7313337,modern-daily-7313337-2014-07-25
35,1,Anger of the Gods,,Sideboard,3,1,UWR Control,WillyBlake,373 tix,"$ 1,392",241383,2014-07-25,Modern Daily #7313337,modern,modern-daily-7313337,modern-daily-7313337-2014-07-25
36,1,Aven Mindcensor,,Sideboard,3,1,UWR Control,WillyBlake,373 tix,"$ 1,392",241383,2014-07-25,Modern Daily #7313337,modern,modern-daily-7313337,modern-daily-7313337-2014-07-25
37,1,Counterflux,,Sideboard,3,1,UWR Control,WillyBlake,373 tix,"$ 1,392",241383,2014-07-25,Modern Daily #7313337,modern,modern-daily-7313337,modern-daily-7313337-2014-07-25
38,1,Wrath of God,,Sideboard,3,1,UWR Control,WillyBlake,373 tix,"$ 1,392",241383,2014-07-25,Modern Daily #7313337,modern,modern-daily-7313337,modern-daily-7313337-2014-07-25
39,1,"Teferi, Mage of Zhalfir",,Sideboard,3,1,UWR Control,WillyBlake,373 tix,"$ 1,392",241383,2014-07-25,Modern Daily #7313337,modern,modern-daily-7313337,modern-daily-7313337-2014-07-25
1,4,Goblin Guide,,Creatures,3,1,WBR,MagicLair,235 tix,$ 903,241384,2014-07-25,Modern Daily #7313337,modern,modern-daily-7313337,modern-daily-7313337-2014-07-25
2,4,Keldon Marauders,,Creatures,3,1,WBR,MagicLair,235 tix,$ 903,241384,2014-07-25,Modern Daily #7313337,modern,modern-daily-7313337,modern-daily-7313337-2014-07-25
4,4,Bump in the Night,,Spells,3,1,WBR,MagicLair,235 tix,$ 903,241384,2014-07-25,Modern Daily #7313337,modern,modern-daily-7313337,modern-daily-7313337-2014-07-25
5,4,Lava Spike,,Spells,3,1,WBR,MagicLair,235 tix,$ 903,241384,2014-07-25,Modern Daily #7313337,modern,modern-daily-7313337,modern-daily-7313337-2014-07-25
6,4,Lightning Bolt,,Spells,3,1,WBR,MagicLair,235 tix,$ 903,241384,2014-07-25,Modern Daily #7313337,modern,modern-daily-7313337,modern-daily-7313337-2014-07-25
7,1,Shard Volley,,Spells,3,1,WBR,MagicLair,235 tix,$ 903,241384,2014-07-25,Modern Daily #7313337,modern,modern-daily-7313337,modern-daily-7313337-2014-07-25
8,4,Boros Charm,,Spells,3,1,WBR,MagicLair,235 tix,$ 903,241384,2014-07-25,Modern Daily #7313337,modern,modern-daily-7313337,modern-daily-7313337-2014-07-25
9,4,Searing Blaze,,Spells,3,1,WBR,MagicLair,235 tix,$ 903,241384,2014-07-25,Modern Daily #7313337,modern,modern-daily-7313337,modern-daily-7313337-2014-07-25
10,4,Skullcrack,,Spells,3,1,WBR,MagicLair,235 tix,$ 903,241384,2014-07-25,Modern Daily #7313337,modern,modern-daily-7313337,modern-daily-7313337-2014-07-25
11,3,Flames of the Blood Hand,,Spells,3,1,WBR,MagicLair,235 tix,$ 903,241384,2014-07-25,Modern Daily #7313337,modern,modern-daily-7313337,modern-daily-7313337-2014-07-25
12,4,Rift Bolt,,Spells,3,1,WBR,MagicLair,235 tix,$ 903,241384,2014-07-25,Modern Daily #7313337,modern,modern-daily-7313337,modern-daily-7313337-2014-07-25
14,4,Arid Mesa,,Lands,3,1,WBR,MagicLair,235 tix,$ 903,241384,2014-07-25,Modern Daily #7313337,modern,modern-daily-7313337,modern-daily-7313337-2014-07-25
15,4,Blackcleave Cliffs,,Lands,3,1,WBR,MagicLair,235 tix,$ 903,241384,2014-07-25,Modern Daily #7313337,modern,modern-daily-7313337,modern-daily-7313337-2014-07-25
16,1,Blood Crypt,,Lands,3,1,WBR,MagicLair,235 tix,$ 903,241384,2014-07-25,Modern Daily #7313337,modern,modern-daily-7313337,modern-daily-7313337-2014-07-25
17,4,Mountain,,Lands,3,1,WBR,MagicLair,235 tix,$ 903,241384,2014-07-25,Modern Daily #7313337,modern,modern-daily-7313337,modern-daily-7313337-2014-07-25
18,3,Sacred Foundry,,Lands,3,1,WBR,MagicLair,235 tix,$ 903,241384,2014-07-25,Modern Daily #7313337,modern,modern-daily-7313337,modern-daily-7313337-2014-07-25
19,4,Scalding Tarn,,Lands,3,1,WBR,MagicLair,235 tix,$ 903,241384,2014-07-25,Modern Daily #7313337,modern,modern-daily-7313337,modern-daily-7313337-2014-07-25
21,2,Wear & Tear,,Sideboard,3,1,WBR,MagicLair,235 tix,$ 903,241384,2014-07-25,Modern Daily #7313337,modern,modern-daily-7313337,modern-daily-7313337-2014-07-25
22,4,Eidolon of the Great Revel,,Sideboard,3,1,WBR,MagicLair,235 tix,$ 903,241384,2014-07-25,Modern Daily #7313337,modern,modern-daily-7313337,modern-daily-7313337-2014-07-25
23,3,Rakdos Charm,,Sideboard,3,1,WBR,MagicLair,235 tix,$ 903,241384,2014-07-25,Modern Daily #7313337,modern,modern-daily-7313337,modern-daily-7313337-2014-07-25
24,4,Smash to Smithereens,,Sideboard,3,1,WBR,MagicLair,235 tix,$ 903,241384,2014-07-25,Modern Daily #7313337,modern,modern-daily-7313337,modern-daily-7313337-2014-07-25
25,2,Volcanic Fallout,,Sideboard,3,1,WBR,MagicLair,235 tix,$ 903,241384,2014-07-25,Modern Daily #7313337,modern,modern-daily-7313337,modern-daily-7313337-2014-07-25
1,4,Dark Confidant,,Creatures,4,0,Jund,DuarteCruz,494 tix,"$ 1,848",241314,2014-07-24,Modern Daily #7313310,modern,modern-daily-7313310,modern-daily-7313310-2014-07-24
2,3,Scavenging Ooze,,Creatures,4,0,Jund,DuarteCruz,494 tix,"$ 1,848",241314,2014-07-24,Modern Daily #7313310,modern,modern-daily-7313310,modern-daily-7313310-2014-07-24
3,4,Tarmogoyf,,Creatures,4,0,Jund,DuarteCruz,494 tix,"$ 1,848",241314,2014-07-24,Modern Daily #7313310,modern,modern-daily-7313310,modern-daily-7313310-2014-07-24
4,2,Lifebane Zombie,,Creatures,4,0,Jund,DuarteCruz,494 tix,"$ 1,848",241314,2014-07-24,Modern Daily #7313310,modern,modern-daily-7313310,modern-daily-7313310-2014-07-24
5,1,"Thrun, the Last Troll",,Creatures,4,0,Jund,DuarteCruz,494 tix,"$ 1,848",241314,2014-07-24,Modern Daily #7313310,modern,modern-daily-7313310,modern-daily-7313310-2014-07-24
7,3,Liliana of the Veil,,Planeswalkers,4,0,Jund,DuarteCruz,494 tix,"$ 1,848",241314,2014-07-24,Modern Daily #7313310,modern,modern-daily-7313310,modern-daily-7313310-2014-07-24
8,1,"Chandra, Pyromaster",,Planeswalkers,4,0,Jund,DuarteCruz,494 tix,"$ 1,848",241314,2014-07-24,Modern Daily #7313310,modern,modern-daily-7313310,modern-daily-7313310-2014-07-24
10,2,Slaughter Pact,,Spells,4,0,Jund,DuarteCruz,494 tix,"$ 1,848",241314,2014-07-24,Modern Daily #7313310,modern,modern-daily-7313310,modern-daily-7313310-2014-07-24
11,3,Inquisition of Kozilek,,Spells,4,0,Jund,DuarteCruz,494 tix,"$ 1,848",241314,2014-07-24,Modern Daily #7313310,modern,modern-daily-7313310,modern-daily-7313310-2014-07-24
12,4,Lightning Bolt,,Spells,4,0,Jund,DuarteCruz,494 tix,"$ 1,848",241314,2014-07-24,Modern Daily #7313310,modern,modern-daily-7313310,modern-daily-7313310-2014-07-24
13,4,Thoughtseize,,Spells,4,0,Jund,DuarteCruz,494 tix,"$ 1,848",241314,2014-07-24,Modern Daily #7313310,modern,modern-daily-7313310,modern-daily-7313310-2014-07-24
14,3,Abrupt Decay,,Spells,4,0,Jund,DuarteCruz,494 tix,"$ 1,848",241314,2014-07-24,Modern Daily #7313310,modern,modern-daily-7313310,modern-daily-7313310-2014-07-24
15,1,Terminate,,Spells,4,0,Jund,DuarteCruz,494 tix,"$ 1,848",241314,2014-07-24,Modern Daily #7313310,modern,modern-daily-7313310,modern-daily-7313310-2014-07-24
16,1,Dismember,,Spells,4,0,Jund,DuarteCruz,494 tix,"$ 1,848",241314,2014-07-24,Modern Daily #7313310,modern,modern-daily-7313310,modern-daily-7313310-2014-07-24
18,4,Blackcleave Cliffs,,Lands,4,0,Jund,DuarteCruz,494 tix,"$ 1,848",241314,2014-07-24,Modern Daily #7313310,modern,modern-daily-7313310,modern-daily-7313310-2014-07-24
19,1,Blood Crypt,,Lands,4,0,Jund,DuarteCruz,494 tix,"$ 1,848",241314,2014-07-24,Modern Daily #7313310,modern,modern-daily-7313310,modern-daily-7313310-2014-07-24
20,2,Forest,,Lands,4,0,Jund,DuarteCruz,494 tix,"$ 1,848",241314,2014-07-24,Modern Daily #7313310,modern,modern-daily-7313310,modern-daily-7313310-2014-07-24
21,1,Marsh Flats,,Lands,4,0,Jund,DuarteCruz,494 tix,"$ 1,848",241314,2014-07-24,Modern Daily #7313310,modern,modern-daily-7313310,modern-daily-7313310-2014-07-24
22,1,Misty Rainforest,,Lands,4,0,Jund,DuarteCruz,494 tix,"$ 1,848",241314,2014-07-24,Modern Daily #7313310,modern,modern-daily-7313310,modern-daily-7313310-2014-07-24
23,2,Overgrown Tomb,,Lands,4,0,Jund,DuarteCruz,494 tix,"$ 1,848",241314,2014-07-24,Modern Daily #7313310,modern,modern-daily-7313310,modern-daily-7313310-2014-07-24
24,3,Raging Ravine,,Lands,4,0,Jund,DuarteCruz,494 tix,"$ 1,848",241314,2014-07-24,Modern Daily #7313310,modern,modern-daily-7313310,modern-daily-7313310-2014-07-24
25,2,Stomping Ground,,Lands,4,0,Jund,DuarteCruz,494 tix,"$ 1,848",241314,2014-07-24,Modern Daily #7313310,modern,modern-daily-7313310,modern-daily-7313310-2014-07-24
26,2,Swamp,,Lands,4,0,Jund,DuarteCruz,494 tix,"$ 1,848",241314,2014-07-24,Modern Daily #7313310,modern,modern-daily-7313310,modern-daily-7313310-2014-07-24
27,1,Treetop Village,,Lands,4,0,Jund,DuarteCruz,494 tix,"$ 1,848",241314,2014-07-24,Modern Daily #7313310,modern,modern-daily-7313310,modern-daily-7313310-2014-07-24
28,1,Twilight Mire,,Lands,4,0,Jund,DuarteCruz,494 tix,"$ 1,848",241314,2014-07-24,Modern Daily #7313310,modern,modern-daily-7313310,modern-daily-7313310-2014-07-24
29,4,Verdant Catacombs,,Lands,4,0,Jund,DuarteCruz,494 tix,"$ 1,848",241314,2014-07-24,Modern Daily #7313310,modern,modern-daily-7313310,modern-daily-7313310-2014-07-24
31,1,Abrupt Decay,,Sideboard,4,0,Jund,DuarteCruz,494 tix,"$ 1,848",241314,2014-07-24,Modern Daily #7313310,modern,modern-daily-7313310,modern-daily-7313310-2014-07-24
32,1,Ancient Grudge,,Sideboard,4,0,Jund,DuarteCruz,494 tix,"$ 1,848",241314,2014-07-24,Modern Daily #7313310,modern,modern-daily-7313310,modern-daily-7313310-2014-07-24
33,1,Rakdos Charm,,Sideboard,4,0,Jund,DuarteCruz,494 tix,"$ 1,848",241314,2014-07-24,Modern Daily #7313310,modern,modern-daily-7313310,modern-daily-7313310-2014-07-24
34,3,Anger of the Gods,,Sideboard,4,0,Jund,DuarteCruz,494 tix,"$ 1,848",241314,2014-07-24,Modern Daily #7313310,modern,modern-daily-7313310,modern-daily-7313310-2014-07-24
35,1,Jund Charm,,Sideboard,4,0,Jund,DuarteCruz,494 tix,"$ 1,848",241314,2014-07-24,Modern Daily #7313310,modern,modern-daily-7313310,modern-daily-7313310-2014-07-24
36,3,Molten Rain,,Sideboard,4,0,Jund,DuarteCruz,494 tix,"$ 1,848",241314,2014-07-24,Modern Daily #7313310,modern,modern-daily-7313310,modern-daily-7313310-2014-07-24
37,1,"Chandra, Pyromaster",,Sideboard,4,0,Jund,DuarteCruz,494 tix,"$ 1,848",241314,2014-07-24,Modern Daily #7313310,modern,modern-daily-7313310,modern-daily-7313310-2014-07-24
38,1,Desecration Demon,,Sideboard,4,0,Jund,DuarteCruz,494 tix,"$ 1,848",241314,2014-07-24,Modern Daily #7313310,modern,modern-daily-7313310,modern-daily-7313310-2014-07-24
39,1,Shatterstorm,,Sideboard,4,0,Jund,DuarteCruz,494 tix,"$ 1,848",241314,2014-07-24,Modern Daily #7313310,modern,modern-daily-7313310,modern-daily-7313310-2014-07-24
40,1,Slaughter Games,,Sideboard,4,0,Jund,DuarteCruz,494 tix,"$ 1,848",241314,2014-07-24,Modern Daily #7313310,modern,modern-daily-7313310,modern-daily-7313310-2014-07-24
41,1,Sowing Salt,,Sideboard,4,0,Jund,DuarteCruz,494 tix,"$ 1,848",241314,2014-07-24,Modern Daily #7313310,modern,modern-daily-7313310,modern-daily-7313310-2014-07-24
1,4,Birds of Paradise,,Creatures,4,0,Melira Pod,HermonHero,280 tix,$ 881,241316,2014-07-24,Modern Daily #7313310,modern,modern-daily-7313310,modern-daily-7313310-2014-07-24
2,3,Noble Hierarch,,Creatures,4,0,Melira Pod,HermonHero,280 tix,$ 881,241316,2014-07-24,Modern Daily #7313310,modern,modern-daily-7313310,modern-daily-7313310-2014-07-24
3,1,Qasali Pridemage,,Creatures,4,0,Melira Pod,HermonHero,280 tix,$ 881,241316,2014-07-24,Modern Daily #7313310,modern,modern-daily-7313310,modern-daily-7313310-2014-07-24
4,1,Scavenging Ooze,,Creatures,4,0,Melira Pod,HermonHero,280 tix,$ 881,241316,2014-07-24,Modern Daily #7313310,modern,modern-daily-7313310,modern-daily-7313310-2014-07-24
5,1,Spellskite,,Creatures,4,0,Melira Pod,HermonHero,280 tix,$ 881,241316,2014-07-24,Modern Daily #7313310,modern,modern-daily-7313310,modern-daily-7313310-2014-07-24
6,3,Voice of Resurgence,,Creatures,4,0,Melira Pod,HermonHero,280 tix,$ 881,241316,2014-07-24,Modern Daily #7313310,modern,modern-daily-7313310,modern-daily-7313310-2014-07-24
7,1,Eternal Witness,,Creatures,4,0,Melira Pod,HermonHero,280 tix,$ 881,241316,2014-07-24,Modern Daily #7313310,modern,modern-daily-7313310,modern-daily-7313310-2014-07-24
8,1,Kitchen Finks,,Creatures,4,0,Melira Pod,HermonHero,280 tix,$ 881,241316,2014-07-24,Modern Daily #7313310,modern,modern-daily-7313310,modern-daily-7313310-2014-07-24
9,1,Orzhov Pontiff,,Creatures,4,0,Melira Pod,HermonHero,280 tix,$ 881,241316,2014-07-24,Modern Daily #7313310,modern,modern-daily-7313310,modern-daily-7313310-2014-07-24
10,1,Sin Collector,,Creatures,4,0,Melira Pod,HermonHero,280 tix,$ 881,241316,2014-07-24,Modern Daily #7313310,modern,modern-daily-7313310,modern-daily-7313310-2014-07-24
11,1,Spike Feeder,,Creatures,4,0,Melira Pod,HermonHero,280 tix,$ 881,241316,2014-07-24,Modern Daily #7313310,modern,modern-daily-7313310,modern-daily-7313310-2014-07-24
12,1,"Linvala, Keeper of Silence",,Creatures,4,0,Melira Pod,HermonHero,280 tix,$ 881,241316,2014-07-24,Modern Daily #7313310,modern,modern-daily-7313310,modern-daily-7313310-2014-07-24
13,1,Murderous Redcap,,Creatures,4,0,Melira Pod,HermonHero,280 tix,$ 881,241316,2014-07-24,Modern Daily #7313310,modern,modern-daily-7313310,modern-daily-7313310-2014-07-24
14,1,Restoration Angel,,Creatures,4,0,Melira Pod,HermonHero,280 tix,$ 881,241316,2014-07-24,Modern Daily #7313310,modern,modern-daily-7313310,modern-daily-7313310-2014-07-24
15,1,Archangel of Thune,,Creatures,4,0,Melira Pod,HermonHero,280 tix,$ 881,241316,2014-07-24,Modern Daily #7313310,modern,modern-daily-7313310,modern-daily-7313310-2014-07-24
16,1,Reveillark,,Creatures,4,0,Melira Pod,HermonHero,280 tix,$ 881,241316,2014-07-24,Modern Daily #7313310,modern,modern-daily-7313310,modern-daily-7313310-2014-07-24
17,1,Shriekmaw,,Creatures,4,0,Melira Pod,HermonHero,280 tix,$ 881,241316,2014-07-24,Modern Daily #7313310,modern,modern-daily-7313310,modern-daily-7313310-2014-07-24
19,3,Thoughtseize,,Spells,4,0,Melira Pod,HermonHero,280 tix,$ 881,241316,2014-07-24,Modern Daily #7313310,modern,modern-daily-7313310,modern-daily-7313310-2014-07-24
20,3,Abrupt Decay,,Spells,4,0,Melira Pod,HermonHero,280 tix,$ 881,241316,2014-07-24,Modern Daily #7313310,modern,modern-daily-7313310,modern-daily-7313310-2014-07-24
21,3,Chord of Calling,,Spells,4,0,Melira Pod,HermonHero,280 tix,$ 881,241316,2014-07-24,Modern Daily #7313310,modern,modern-daily-7313310,modern-daily-7313310-2014-07-24
23,4,Birthing Pod,,Artifacts,4,0,Melira Pod,HermonHero,280 tix,$ 881,241316,2014-07-24,Modern Daily #7313310,modern,modern-daily-7313310,modern-daily-7313310-2014-07-24
25,3,Forest,,Lands,4,0,Melira Pod,HermonHero,280 tix,$ 881,241316,2014-07-24,Modern Daily #7313310,modern,modern-daily-7313310,modern-daily-7313310-2014-07-24
26,3,Gavony Township,,Lands,4,0,Melira Pod,HermonHero,280 tix,$ 881,241316,2014-07-24,Modern Daily #7313310,modern,modern-daily-7313310,modern-daily-7313310-2014-07-24
27,1,Godless Shrine,,Lands,4,0,Melira Pod,HermonHero,280 tix,$ 881,241316,2014-07-24,Modern Daily #7313310,modern,modern-daily-7313310,modern-daily-7313310-2014-07-24
28,4,Misty Rainforest,,Lands,4,0,Melira Pod,HermonHero,280 tix,$ 881,241316,2014-07-24,Modern Daily #7313310,modern,modern-daily-7313310,modern-daily-7313310-2014-07-24
29,2,Overgrown Tomb,,Lands,4,0,Melira Pod,HermonHero,280 tix,$ 881,241316,2014-07-24,Modern Daily #7313310,modern,modern-daily-7313310,modern-daily-7313310-2014-07-24
30,3,Razorverge Thicket,,Lands,4,0,Melira Pod,HermonHero,280 tix,$ 881,241316,2014-07-24,Modern Daily #7313310,modern,modern-daily-7313310,modern-daily-7313310-2014-07-24
31,1,Swamp,,Lands,4,0,Melira Pod,HermonHero,280 tix,$ 881,241316,2014-07-24,Modern Daily #7313310,modern,modern-daily-7313310,modern-daily-7313310-2014-07-24
32,1,Temple Garden,,Lands,4,0,Melira Pod,HermonHero,280 tix,$ 881,241316,2014-07-24,Modern Daily #7313310,modern,modern-daily-7313310,modern-daily-7313310-2014-07-24
33,4,Verdant Catacombs,,Lands,4,0,Melira Pod,HermonHero,280 tix,$ 881,241316,2014-07-24,Modern Daily #7313310,modern,modern-daily-7313310,modern-daily-7313310-2014-07-24
34,1,Woodland Cemetery,,Lands,4,0,Melira Pod,HermonHero,280 tix,$ 881,241316,2014-07-24,Modern Daily #7313310,modern,modern-daily-7313310,modern-daily-7313310-2014-07-24
36,2,Path to Exile,,Sideboard,4,0,Melira Pod,HermonHero,280 tix,$ 881,241316,2014-07-24,Modern Daily #7313310,modern,modern-daily-7313310,modern-daily-7313310-2014-07-24
37,1,Thoughtseize,,Sideboard,4,0,Melira Pod,HermonHero,280 tix,$ 881,241316,2014-07-24,Modern Daily #7313310,modern,modern-daily-7313310,modern-daily-7313310-2014-07-24
38,1,"Kataki, War's Wage",,Sideboard,4,0,Melira Pod,HermonHero,280 tix,$ 881,241316,2014-07-24,Modern Daily #7313310,modern,modern-daily-7313310,modern-daily-7313310-2014-07-24
39,1,Aven Mindcensor,,Sideboard,4,0,Melira Pod,HermonHero,280 tix,$ 881,241316,2014-07-24,Modern Daily #7313310,modern,modern-daily-7313310,modern-daily-7313310-2014-07-24
40,2,Dismember,,Sideboard,4,0,Melira Pod,HermonHero,280 tix,$ 881,241316,2014-07-24,Modern Daily #7313310,modern,modern-daily-7313310,modern-daily-7313310-2014-07-24
41,1,Harmonic Sliver,,Sideboard,4,0,Melira Pod,HermonHero,280 tix,$ 881,241316,2014-07-24,Modern Daily #7313310,modern,modern-daily-7313310,modern-daily-7313310-2014-07-24
42,2,Lingering Souls,,Sideboard,4,0,Melira Pod,HermonHero,280 tix,$ 881,241316,2014-07-24,Modern Daily #7313310,modern,modern-daily-7313310,modern-daily-7313310-2014-07-24
43,1,Orzhov Pontiff,,Sideboard,4,0,Melira Pod,HermonHero,280 tix,$ 881,241316,2014-07-24,Modern Daily #7313310,modern,modern-daily-7313310,modern-daily-7313310-2014-07-24
44,1,Creeping Corrosion,,Sideboard,4,0,Melira Pod,HermonHero,280 tix,$ 881,241316,2014-07-24,Modern Daily #7313310,modern,modern-daily-7313310,modern-daily-7313310-2014-07-24
45,1,Entomber Exarch,,Sideboard,4,0,Melira Pod,HermonHero,280 tix,$ 881,241316,2014-07-24,Modern Daily #7313310,modern,modern-daily-7313310,modern-daily-7313310-2014-07-24
46,1,"Thrun, the Last Troll",,Sideboard,4,0,Melira Pod,HermonHero,280 tix,$ 881,241316,2014-07-24,Modern Daily #7313310,modern,modern-daily-7313310,modern-daily-7313310-2014-07-24
47,1,"Sigarda, Host of Herons",,Sideboard,4,0,Melira Pod,HermonHero,280 tix,$ 881,241316,2014-07-24,Modern Daily #7313310,modern,modern-daily-7313310,modern-daily-7313310-2014-07-24
1,4,Delver of Secrets,,Creatures,4,0,UR Delver,isomorphic,249 tix,$ 994,241313,2014-07-24,Modern Daily #7313310,modern,modern-daily-7313310,modern-daily-7313310-2014-07-24
2,2,Grim Lavamancer,,Creatures,4,0,UR Delver,isomorphic,249 tix,$ 994,241313,2014-07-24,Modern Daily #7313310,modern,modern-daily-7313310,modern-daily-7313310-2014-07-24
3,4,Snapcaster Mage,,Creatures,4,0,UR Delver,isomorphic,249 tix,$ 994,241313,2014-07-24,Modern Daily #7313310,modern,modern-daily-7313310,modern-daily-7313310-2014-07-24
4,4,Young Pyromancer,,Creatures,4,0,UR Delver,isomorphic,249 tix,$ 994,241313,2014-07-24,Modern Daily #7313310,modern,modern-daily-7313310,modern-daily-7313310-2014-07-24
5,1,Vendilion Clique,,Creatures,4,0,UR Delver,isomorphic,249 tix,$ 994,241313,2014-07-24,Modern Daily #7313310,modern,modern-daily-7313310,modern-daily-7313310-2014-07-24
7,4,Gitaxian Probe,,Spells,4,0,UR Delver,isomorphic,249 tix,$ 994,241313,2014-07-24,Modern Daily #7313310,modern,modern-daily-7313310,modern-daily-7313310-2014-07-24
8,4,Lightning Bolt,,Spells,4,0,UR Delver,isomorphic,249 tix,$ 994,241313,2014-07-24,Modern Daily #7313310,modern,modern-daily-7313310,modern-daily-7313310-2014-07-24
9,1,Pillar of Flame,,Spells,4,0,UR Delver,isomorphic,249 tix,$ 994,241313,2014-07-24,Modern Daily #7313310,modern,modern-daily-7313310,modern-daily-7313310-2014-07-24
10,4,Serum Visions,,Spells,4,0,UR Delver,isomorphic,249 tix,$ 994,241313,2014-07-24,Modern Daily #7313310,modern,modern-daily-7313310,modern-daily-7313310-2014-07-24
11,1,Spell Pierce,,Spells,4,0,UR Delver,isomorphic,249 tix,$ 994,241313,2014-07-24,Modern Daily #7313310,modern,modern-daily-7313310,modern-daily-7313310-2014-07-24
12,2,Spell Snare,,Spells,4,0,UR Delver,isomorphic,249 tix,$ 994,241313,2014-07-24,Modern Daily #7313310,modern,modern-daily-7313310,modern-daily-7313310-2014-07-24
13,2,Vapor Snag,,Spells,4,0,UR Delver,isomorphic,249 tix,$ 994,241313,2014-07-24,Modern Daily #7313310,modern,modern-daily-7313310,modern-daily-7313310-2014-07-24
14,1,Deprive,,Spells,4,0,UR Delver,isomorphic,249 tix,$ 994,241313,2014-07-24,Modern Daily #7313310,modern,modern-daily-7313310,modern-daily-7313310-2014-07-24
15,2,Mana Leak,,Spells,4,0,UR Delver,isomorphic,249 tix,$ 994,241313,2014-07-24,Modern Daily #7313310,modern,modern-daily-7313310,modern-daily-7313310-2014-07-24
16,3,Remand,,Spells,4,0,UR Delver,isomorphic,249 tix,$ 994,241313,2014-07-24,Modern Daily #7313310,modern,modern-daily-7313310,modern-daily-7313310-2014-07-24
17,2,Electrolyze,,Spells,4,0,UR Delver,isomorphic,249 tix,$ 994,241313,2014-07-24,Modern Daily #7313310,modern,modern-daily-7313310,modern-daily-7313310-2014-07-24
19,6,Island,,Lands,4,0,UR Delver,isomorphic,249 tix,$ 994,241313,2014-07-24,Modern Daily #7313310,modern,modern-daily-7313310,modern-daily-7313310-2014-07-24
20,3,Misty Rainforest,,Lands,4,0,UR Delver,isomorphic,249 tix,$ 994,241313,2014-07-24,Modern Daily #7313310,modern,modern-daily-7313310,modern-daily-7313310-2014-07-24
21,1,Mountain,,Lands,4,0,UR Delver,isomorphic,249 tix,$ 994,241313,2014-07-24,Modern Daily #7313310,modern,modern-daily-7313310,modern-daily-7313310-2014-07-24
22,4,Scalding Tarn,,Lands,4,0,UR Delver,isomorphic,249 tix,$ 994,241313,2014-07-24,Modern Daily #7313310,modern,modern-daily-7313310,modern-daily-7313310-2014-07-24
23,4,Steam Vents,,Lands,4,0,UR Delver,isomorphic,249 tix,$ 994,241313,2014-07-24,Modern Daily #7313310,modern,modern-daily-7313310,modern-daily-7313310-2014-07-24
24,1,Sulfur Falls,,Lands,4,0,UR Delver,isomorphic,249 tix,$ 994,241313,2014-07-24,Modern Daily #7313310,modern,modern-daily-7313310,modern-daily-7313310-2014-07-24
26,1,Shattering Spree,,Sideboard,4,0,UR Delver,isomorphic,249 tix,$ 994,241313,2014-07-24,Modern Daily #7313310,modern,modern-daily-7313310,modern-daily-7313310-2014-07-24
27,1,Spell Snare,,Sideboard,4,0,UR Delver,isomorphic,249 tix,$ 994,241313,2014-07-24,Modern Daily #7313310,modern,modern-daily-7313310,modern-daily-7313310-2014-07-24
28,1,Steel Sabotage,,Sideboard,4,0,UR Delver,isomorphic,249 tix,$ 994,241313,2014-07-24,Modern Daily #7313310,modern,modern-daily-7313310,modern-daily-7313310-2014-07-24
29,2,Twisted Image,,Sideboard,4,0,UR Delver,isomorphic,249 tix,$ 994,241313,2014-07-24,Modern Daily #7313310,modern,modern-daily-7313310,modern-daily-7313310-2014-07-24
30,2,Combust,,Sideboard,4,0,UR Delver,isomorphic,249 tix,$ 994,241313,2014-07-24,Modern Daily #7313310,modern,modern-daily-7313310,modern-daily-7313310-2014-07-24
31,1,Spellskite,,Sideboard,4,0,UR Delver,isomorphic,249 tix,$ 994,241313,2014-07-24,Modern Daily #7313310,modern,modern-daily-7313310,modern-daily-7313310-2014-07-24
32,2,Blood Moon,,Sideboard,4,0,UR Delver,isomorphic,249 tix,$ 994,241313,2014-07-24,Modern Daily #7313310,modern,modern-daily-7313310,modern-daily-7313310-2014-07-24
33,2,Counterflux,,Sideboard,4,0,UR Delver,isomorphic,249 tix,$ 994,241313,2014-07-24,Modern Daily #7313310,modern,modern-daily-7313310,modern-daily-7313310-2014-07-24
34,2,Threads of Disloyalty,,Sideboard,4,0,UR Delver,isomorphic,249 tix,$ 994,241313,2014-07-24,Modern Daily #7313310,modern,modern-daily-7313310,modern-daily-7313310-2014-07-24
35,1,Shatterstorm,,Sideboard,4,0,UR Delver,isomorphic,249 tix,$ 994,241313,2014-07-24,Modern Daily #7313310,modern,modern-daily-7313310,modern-daily-7313310-2014-07-24
1,4,Delver of Secrets,,Creatures,4,0,UR Delver,vojtino,141 tix,$ 704,241315,2014-07-24,Modern Daily #7313310,modern,modern-daily-7313310,modern-daily-7313310-2014-07-24
2,2,Grim Lavamancer,,Creatures,4,0,UR Delver,vojtino,141 tix,$ 704,241315,2014-07-24,Modern Daily #7313310,modern,modern-daily-7313310,modern-daily-7313310-2014-07-24
3,4,Snapcaster Mage,,Creatures,4,0,UR Delver,vojtino,141 tix,$ 704,241315,2014-07-24,Modern Daily #7313310,modern,modern-daily-7313310,modern-daily-7313310-2014-07-24
4,4,Young Pyromancer,,Creatures,4,0,UR Delver,vojtino,141 tix,$ 704,241315,2014-07-24,Modern Daily #7313310,modern,modern-daily-7313310,modern-daily-7313310-2014-07-24
6,4,Gitaxian Probe,,Spells,4,0,UR Delver,vojtino,141 tix,$ 704,241315,2014-07-24,Modern Daily #7313310,modern,modern-daily-7313310,modern-daily-7313310-2014-07-24
7,4,Lightning Bolt,,Spells,4,0,UR Delver,vojtino,141 tix,$ 704,241315,2014-07-24,Modern Daily #7313310,modern,modern-daily-7313310,modern-daily-7313310-2014-07-24
8,2,Pillar of Flame,,Spells,4,0,UR Delver,vojtino,141 tix,$ 704,241315,2014-07-24,Modern Daily #7313310,modern,modern-daily-7313310,modern-daily-7313310-2014-07-24
9,4,Serum Visions,,Spells,4,0,UR Delver,vojtino,141 tix,$ 704,241315,2014-07-24,Modern Daily #7313310,modern,modern-daily-7313310,modern-daily-7313310-2014-07-24
10,1,Spell Pierce,,Spells,4,0,UR Delver,vojtino,141 tix,$ 704,241315,2014-07-24,Modern Daily #7313310,modern,modern-daily-7313310,modern-daily-7313310-2014-07-24
11,2,Spell Snare,,Spells,4,0,UR Delver,vojtino,141 tix,$ 704,241315,2014-07-24,Modern Daily #7313310,modern,modern-daily-7313310,modern-daily-7313310-2014-07-24
12,2,Vapor Snag,,Spells,4,0,UR Delver,vojtino,141 tix,$ 704,241315,2014-07-24,Modern Daily #7313310,modern,modern-daily-7313310,modern-daily-7313310-2014-07-24
13,3,Mana Leak,,Spells,4,0,UR Delver,vojtino,141 tix,$ 704,241315,2014-07-24,Modern Daily #7313310,modern,modern-daily-7313310,modern-daily-7313310-2014-07-24
14,3,Remand,,Spells,4,0,UR Delver,vojtino,141 tix,$ 704,241315,2014-07-24,Modern Daily #7313310,modern,modern-daily-7313310,modern-daily-7313310-2014-07-24
15,1,Electrolyze,,Spells,4,0,UR Delver,vojtino,141 tix,$ 704,241315,2014-07-24,Modern Daily #7313310,modern,modern-daily-7313310,modern-daily-7313310-2014-07-24
17,1,Sword of War and Peace,,Artifacts,4,0,UR Delver,vojtino,141 tix,$ 704,241315,2014-07-24,Modern Daily #7313310,modern,modern-daily-7313310,modern-daily-7313310-2014-07-24
19,6,Island,,Lands,4,0,UR Delver,vojtino,141 tix,$ 704,241315,2014-07-24,Modern Daily #7313310,modern,modern-daily-7313310,modern-daily-7313310-2014-07-24
20,1,Misty Rainforest,,Lands,4,0,UR Delver,vojtino,141 tix,$ 704,241315,2014-07-24,Modern Daily #7313310,modern,modern-daily-7313310,modern-daily-7313310-2014-07-24
21,2,Mountain,,Lands,4,0,UR Delver,vojtino,141 tix,$ 704,241315,2014-07-24,Modern Daily #7313310,modern,modern-daily-7313310,modern-daily-7313310-2014-07-24
22,2,Scalding Tarn,,Lands,4,0,UR Delver,vojtino,141 tix,$ 704,241315,2014-07-24,Modern Daily #7313310,modern,modern-daily-7313310,modern-daily-7313310-2014-07-24
23,4,Steam Vents,,Lands,4,0,UR Delver,vojtino,141 tix,$ 704,241315,2014-07-24,Modern Daily #7313310,modern,modern-daily-7313310,modern-daily-7313310-2014-07-24
24,4,Sulfur Falls,,Lands,4,0,UR Delver,vojtino,141 tix,$ 704,241315,2014-07-24,Modern Daily #7313310,modern,modern-daily-7313310,modern-daily-7313310-2014-07-24
26,1,Dispel,,Sideboard,4,0,UR Delver,vojtino,141 tix,$ 704,241315,2014-07-24,Modern Daily #7313310,modern,modern-daily-7313310,modern-daily-7313310-2014-07-24
27,2,Relic of Progenitus,,Sideboard,4,0,UR Delver,vojtino,141 tix,$ 704,241315,2014-07-24,Modern Daily #7313310,modern,modern-daily-7313310,modern-daily-7313310-2014-07-24
28,1,Spell Pierce,,Sideboard,4,0,UR Delver,vojtino,141 tix,$ 704,241315,2014-07-24,Modern Daily #7313310,modern,modern-daily-7313310,modern-daily-7313310-2014-07-24
29,2,Vandalblast,,Sideboard,4,0,UR Delver,vojtino,141 tix,$ 704,241315,2014-07-24,Modern Daily #7313310,modern,modern-daily-7313310,modern-daily-7313310-2014-07-24
30,1,Combust,,Sideboard,4,0,UR Delver,vojtino,141 tix,$ 704,241315,2014-07-24,Modern Daily #7313310,modern,modern-daily-7313310,modern-daily-7313310-2014-07-24
31,1,Negate,,Sideboard,4,0,UR Delver,vojtino,141 tix,$ 704,241315,2014-07-24,Modern Daily #7313310,modern,modern-daily-7313310,modern-daily-7313310-2014-07-24
32,2,Counterflux,,Sideboard,4,0,UR Delver,vojtino,141 tix,$ 704,241315,2014-07-24,Modern Daily #7313310,modern,modern-daily-7313310,modern-daily-7313310-2014-07-24
33,2,Izzet Staticaster,,Sideboard,4,0,UR Delver,vojtino,141 tix,$ 704,241315,2014-07-24,Modern Daily #7313310,modern,modern-daily-7313310,modern-daily-7313310-2014-07-24
34,3,Molten Rain,,Sideboard,4,0,UR Delver,vojtino,141 tix,$ 704,241315,2014-07-24,Modern Daily #7313310,modern,modern-daily-7313310,modern-daily-7313310-2014-07-24
1,3,Augur of Bolas,,Creatures,4,0,UWR Control,Yuffie,320 tix,"$ 1,292",241312,2014-07-24,Modern Daily #7313310,modern,modern-daily-7313310,modern-daily-7313310-2014-07-24
2,4,Snapcaster Mage,,Creatures,4,0,UWR Control,Yuffie,320 tix,"$ 1,292",241312,2014-07-24,Modern Daily #7313310,modern,modern-daily-7313310,modern-daily-7313310-2014-07-24
3,1,Vendilion Clique,,Creatures,4,0,UWR Control,Yuffie,320 tix,"$ 1,292",241312,2014-07-24,Modern Daily #7313310,modern,modern-daily-7313310,modern-daily-7313310-2014-07-24
4,4,Restoration Angel,,Creatures,4,0,UWR Control,Yuffie,320 tix,"$ 1,292",241312,2014-07-24,Modern Daily #7313310,modern,modern-daily-7313310,modern-daily-7313310-2014-07-24
6,4,Lightning Bolt,,Spells,4,0,UWR Control,Yuffie,320 tix,"$ 1,292",241312,2014-07-24,Modern Daily #7313310,modern,modern-daily-7313310,modern-daily-7313310-2014-07-24
7,3,Path to Exile,,Spells,4,0,UWR Control,Yuffie,320 tix,"$ 1,292",241312,2014-07-24,Modern Daily #7313310,modern,modern-daily-7313310,modern-daily-7313310-2014-07-24
8,2,Spell Pierce,,Spells,4,0,UWR Control,Yuffie,320 tix,"$ 1,292",241312,2014-07-24,Modern Daily #7313310,modern,modern-daily-7313310,modern-daily-7313310-2014-07-24
9,2,Lightning Helix,,Spells,4,0,UWR Control,Yuffie,320 tix,"$ 1,292",241312,2014-07-24,Modern Daily #7313310,modern,modern-daily-7313310,modern-daily-7313310-2014-07-24
10,2,Mana Leak,,Spells,4,0,UWR Control,Yuffie,320 tix,"$ 1,292",241312,2014-07-24,Modern Daily #7313310,modern,modern-daily-7313310,modern-daily-7313310-2014-07-24
11,3,Remand,,Spells,4,0,UWR Control,Yuffie,320 tix,"$ 1,292",241312,2014-07-24,Modern Daily #7313310,modern,modern-daily-7313310,modern-daily-7313310-2014-07-24
12,1,Shadow of Doubt,,Spells,4,0,UWR Control,Yuffie,320 tix,"$ 1,292",241312,2014-07-24,Modern Daily #7313310,modern,modern-daily-7313310,modern-daily-7313310-2014-07-24
13,2,Telling Time,,Spells,4,0,UWR Control,Yuffie,320 tix,"$ 1,292",241312,2014-07-24,Modern Daily #7313310,modern,modern-daily-7313310,modern-daily-7313310-2014-07-24
14,3,Electrolyze,,Spells,4,0,UWR Control,Yuffie,320 tix,"$ 1,292",241312,2014-07-24,Modern Daily #7313310,modern,modern-daily-7313310,modern-daily-7313310-2014-07-24
16,4,Arid Mesa,,Lands,4,0,UWR Control,Yuffie,320 tix,"$ 1,292",241312,2014-07-24,Modern Daily #7313310,modern,modern-daily-7313310,modern-daily-7313310-2014-07-24
17,4,Celestial Colonnade,,Lands,4,0,UWR Control,Yuffie,320 tix,"$ 1,292",241312,2014-07-24,Modern Daily #7313310,modern,modern-daily-7313310,modern-daily-7313310-2014-07-24
18,1,Glacial Fortress,,Lands,4,0,UWR Control,Yuffie,320 tix,"$ 1,292",241312,2014-07-24,Modern Daily #7313310,modern,modern-daily-7313310,modern-daily-7313310-2014-07-24
19,2,Hallowed Fountain,,Lands,4,0,UWR Control,Yuffie,320 tix,"$ 1,292",241312,2014-07-24,Modern Daily #7313310,modern,modern-daily-7313310,modern-daily-7313310-2014-07-24
20,3,Island,,Lands,4,0,UWR Control,Yuffie,320 tix,"$ 1,292",241312,2014-07-24,Modern Daily #7313310,modern,modern-daily-7313310,modern-daily-7313310-2014-07-24
21,1,Moorland Haunt,,Lands,4,0,UWR Control,Yuffie,320 tix,"$ 1,292",241312,2014-07-24,Modern Daily #7313310,modern,modern-daily-7313310,modern-daily-7313310-2014-07-24
22,1,Mountain,,Lands,4,0,UWR Control,Yuffie,320 tix,"$ 1,292",241312,2014-07-24,Modern Daily #7313310,modern,modern-daily-7313310,modern-daily-7313310-2014-07-24
23,1,Plains,,Lands,4,0,UWR Control,Yuffie,320 tix,"$ 1,292",241312,2014-07-24,Modern Daily #7313310,modern,modern-daily-7313310,modern-daily-7313310-2014-07-24
24,1,Sacred Foundry,,Lands,4,0,UWR Control,Yuffie,320 tix,"$ 1,292",241312,2014-07-24,Modern Daily #7313310,modern,modern-daily-7313310,modern-daily-7313310-2014-07-24
25,4,Scalding Tarn,,Lands,4,0,UWR Control,Yuffie,320 tix,"$ 1,292",241312,2014-07-24,Modern Daily #7313310,modern,modern-daily-7313310,modern-daily-7313310-2014-07-24
26,2,Steam Vents,,Lands,4,0,UWR Control,Yuffie,320 tix,"$ 1,292",241312,2014-07-24,Modern Daily #7313310,modern,modern-daily-7313310,modern-daily-7313310-2014-07-24
27,2,Tectonic Edge,,Lands,4,0,UWR Control,Yuffie,320 tix,"$ 1,292",241312,2014-07-24,Modern Daily #7313310,modern,modern-daily-7313310,modern-daily-7313310-2014-07-24
29,1,Dispel,,Sideboard,4,0,UWR Control,Yuffie,320 tix,"$ 1,292",241312,2014-07-24,Modern Daily #7313310,modern,modern-daily-7313310,modern-daily-7313310-2014-07-24
30,1,Relic of Progenitus,,Sideboard,4,0,UWR Control,Yuffie,320 tix,"$ 1,292",241312,2014-07-24,Modern Daily #7313310,modern,modern-daily-7313310,modern-daily-7313310-2014-07-24
31,1,Celestial Purge,,Sideboard,4,0,UWR Control,Yuffie,320 tix,"$ 1,292",241312,2014-07-24,Modern Daily #7313310,modern,modern-daily-7313310,modern-daily-7313310-2014-07-24
32,2,Stony Silence,,Sideboard,4,0,UWR Control,Yuffie,320 tix,"$ 1,292",241312,2014-07-24,Modern Daily #7313310,modern,modern-daily-7313310,modern-daily-7313310-2014-07-24
33,1,Counterflux,,Sideboard,4,0,UWR Control,Yuffie,320 tix,"$ 1,292",241312,2014-07-24,Modern Daily #7313310,modern,modern-daily-7313310,modern-daily-7313310-2014-07-24
34,1,Crucible of Worlds,,Sideboard,4,0,UWR Control,Yuffie,320 tix,"$ 1,292",241312,2014-07-24,Modern Daily #7313310,modern,modern-daily-7313310,modern-daily-7313310-2014-07-24
35,2,Geist of Saint Traft,,Sideboard,4,0,UWR Control,Yuffie,320 tix,"$ 1,292",241312,2014-07-24,Modern Daily #7313310,modern,modern-daily-7313310,modern-daily-7313310-2014-07-24
36,2,Supreme Verdict,,Sideboard,4,0,UWR Control,Yuffie,320 tix,"$ 1,292",241312,2014-07-24,Modern Daily #7313310,modern,modern-daily-7313310,modern-daily-7313310-2014-07-24
37,1,Wrath of God,,Sideboard,4,0,UWR Control,Yuffie,320 tix,"$ 1,292",241312,2014-07-24,Modern Daily #7313310,modern,modern-daily-7313310,modern-daily-7313310-2014-07-24
38,1,Baneslayer Angel,,Sideboard,4,0,UWR Control,Yuffie,320 tix,"$ 1,292",241312,2014-07-24,Modern Daily #7313310,modern,modern-daily-7313310,modern-daily-7313310-2014-07-24
39,1,"Keranos, God of Storms",,Sideboard,4,0,UWR Control,Yuffie,320 tix,"$ 1,292",241312,2014-07-24,Modern Daily #7313310,modern,modern-daily-7313310,modern-daily-7313310-2014-07-24
40,1,"Teferi, Mage of Zhalfir",,Sideboard,4,0,UWR Control,Yuffie,320 tix,"$ 1,292",241312,2014-07-24,Modern Daily #7313310,modern,modern-daily-7313310,modern-daily-7313310-2014-07-24
1,4,Simian Spirit Guide,,Creatures,3,1,Ad Nauseam,Lyzeriekx,123 tix,$ 460,241328,2014-07-24,Modern Daily #7313310,modern,modern-daily-7313310,modern-daily-7313310-2014-07-24
3,3,Pact of Negation,,Spells,3,1,Ad Nauseam,Lyzeriekx,123 tix,$ 460,241328,2014-07-24,Modern Daily #7313310,modern,modern-daily-7313310,modern-daily-7313310-2014-07-24
4,4,Angel's Grace,,Spells,3,1,Ad Nauseam,Lyzeriekx,123 tix,$ 460,241328,2014-07-24,Modern Daily #7313310,modern,modern-daily-7313310,modern-daily-7313310-2014-07-24
5,4,Serum Visions,,Spells,3,1,Ad Nauseam,Lyzeriekx,123 tix,$ 460,241328,2014-07-24,Modern Daily #7313310,modern,modern-daily-7313310,modern-daily-7313310-2014-07-24
6,4,Sleight of Hand,,Spells,3,1,Ad Nauseam,Lyzeriekx,123 tix,$ 460,241328,2014-07-24,Modern Daily #7313310,modern,modern-daily-7313310,modern-daily-7313310-2014-07-24
7,2,Peer Through Depths,,Spells,3,1,Ad Nauseam,Lyzeriekx,123 tix,$ 460,241328,2014-07-24,Modern Daily #7313310,modern,modern-daily-7313310,modern-daily-7313310-2014-07-24
8,1,Lightning Storm,,Spells,3,1,Ad Nauseam,Lyzeriekx,123 tix,$ 460,241328,2014-07-24,Modern Daily #7313310,modern,modern-daily-7313310,modern-daily-7313310-2014-07-24
9,2,Mystical Teachings,,Spells,3,1,Ad Nauseam,Lyzeriekx,123 tix,$ 460,241328,2014-07-24,Modern Daily #7313310,modern,modern-daily-7313310,modern-daily-7313310-2014-07-24
10,4,Ad Nauseam,,Spells,3,1,Ad Nauseam,Lyzeriekx,123 tix,$ 460,241328,2014-07-24,Modern Daily #7313310,modern,modern-daily-7313310,modern-daily-7313310-2014-07-24
12,4,Lotus Bloom,,Artifacts,3,1,Ad Nauseam,Lyzeriekx,123 tix,$ 460,241328,2014-07-24,Modern Daily #7313310,modern,modern-daily-7313310,modern-daily-7313310-2014-07-24
13,1,Conjurer's Bauble,,Artifacts,3,1,Ad Nauseam,Lyzeriekx,123 tix,$ 460,241328,2014-07-24,Modern Daily #7313310,modern,modern-daily-7313310,modern-daily-7313310-2014-07-24
14,4,Pentad Prism,,Artifacts,3,1,Ad Nauseam,Lyzeriekx,123 tix,$ 460,241328,2014-07-24,Modern Daily #7313310,modern,modern-daily-7313310,modern-daily-7313310-2014-07-24
16,3,Phyrexian Unlife,,Enchantments,3,1,Ad Nauseam,Lyzeriekx,123 tix,$ 460,241328,2014-07-24,Modern Daily #7313310,modern,modern-daily-7313310,modern-daily-7313310-2014-07-24
18,1,"Boseiju, Who Shelters All",,Lands,3,1,Ad Nauseam,Lyzeriekx,123 tix,$ 460,241328,2014-07-24,Modern Daily #7313310,modern,modern-daily-7313310,modern-daily-7313310-2014-07-24
19,1,Darkslick Shores,,Lands,3,1,Ad Nauseam,Lyzeriekx,123 tix,$ 460,241328,2014-07-24,Modern Daily #7313310,modern,modern-daily-7313310,modern-daily-7313310-2014-07-24
20,1,Gemstone Caverns,,Lands,3,1,Ad Nauseam,Lyzeriekx,123 tix,$ 460,241328,2014-07-24,Modern Daily #7313310,modern,modern-daily-7313310,modern-daily-7313310-2014-07-24
21,4,Gemstone Mine,,Lands,3,1,Ad Nauseam,Lyzeriekx,123 tix,$ 460,241328,2014-07-24,Modern Daily #7313310,modern,modern-daily-7313310,modern-daily-7313310-2014-07-24
22,1,Hallowed Fountain,,Lands,3,1,Ad Nauseam,Lyzeriekx,123 tix,$ 460,241328,2014-07-24,Modern Daily #7313310,modern,modern-daily-7313310,modern-daily-7313310-2014-07-24
23,2,Marsh Flats,,Lands,3,1,Ad Nauseam,Lyzeriekx,123 tix,$ 460,241328,2014-07-24,Modern Daily #7313310,modern,modern-daily-7313310,modern-daily-7313310-2014-07-24
24,1,Plains,,Lands,3,1,Ad Nauseam,Lyzeriekx,123 tix,$ 460,241328,2014-07-24,Modern Daily #7313310,modern,modern-daily-7313310,modern-daily-7313310-2014-07-24
25,2,Seachrome Coast,,Lands,3,1,Ad Nauseam,Lyzeriekx,123 tix,$ 460,241328,2014-07-24,Modern Daily #7313310,modern,modern-daily-7313310,modern-daily-7313310-2014-07-24
26,1,Swamp,,Lands,3,1,Ad Nauseam,Lyzeriekx,123 tix,$ 460,241328,2014-07-24,Modern Daily #7313310,modern,modern-daily-7313310,modern-daily-7313310-2014-07-24
27,2,Temple of Deceit,,Lands,3,1,Ad Nauseam,Lyzeriekx,123 tix,$ 460,241328,2014-07-24,Modern Daily #7313310,modern,modern-daily-7313310,modern-daily-7313310-2014-07-24
28,2,Temple of Enlightenment,,Lands,3,1,Ad Nauseam,Lyzeriekx,123 tix,$ 460,241328,2014-07-24,Modern Daily #7313310,modern,modern-daily-7313310,modern-daily-7313310-2014-07-24
29,1,Tolaria West,,Lands,3,1,Ad Nauseam,Lyzeriekx,123 tix,$ 460,241328,2014-07-24,Modern Daily #7313310,modern,modern-daily-7313310,modern-daily-7313310-2014-07-24
30,1,Watery Grave,,Lands,3,1,Ad Nauseam,Lyzeriekx,123 tix,$ 460,241328,2014-07-24,Modern Daily #7313310,modern,modern-daily-7313310,modern-daily-7313310-2014-07-24
32,2,Slaughter Pact,,Sideboard,3,1,Ad Nauseam,Lyzeriekx,123 tix,$ 460,241328,2014-07-24,Modern Daily #7313310,modern,modern-daily-7313310,modern-daily-7313310-2014-07-24
33,1,Pithing Needle,,Sideboard,3,1,Ad Nauseam,Lyzeriekx,123 tix,$ 460,241328,2014-07-24,Modern Daily #7313310,modern,modern-daily-7313310,modern-daily-7313310-2014-07-24
34,3,Silence,,Sideboard,3,1,Ad Nauseam,Lyzeriekx,123 tix,$ 460,241328,2014-07-24,Modern Daily #7313310,modern,modern-daily-7313310,modern-daily-7313310-2014-07-24
35,2,Devour Flesh,,Sideboard,3,1,Ad Nauseam,Lyzeriekx,123 tix,$ 460,241328,2014-07-24,Modern Daily #7313310,modern,modern-daily-7313310,modern-daily-7313310-2014-07-24
36,2,Echoing Truth,,Sideboard,3,1,Ad Nauseam,Lyzeriekx,123 tix,$ 460,241328,2014-07-24,Modern Daily #7313310,modern,modern-daily-7313310,modern-daily-7313310-2014-07-24
37,2,Stony Silence,,Sideboard,3,1,Ad Nauseam,Lyzeriekx,123 tix,$ 460,241328,2014-07-24,Modern Daily #7313310,modern,modern-daily-7313310,modern-daily-7313310-2014-07-24
38,2,Drown in Sorrow,,Sideboard,3,1,Ad Nauseam,Lyzeriekx,123 tix,$ 460,241328,2014-07-24,Modern Daily #7313310,modern,modern-daily-7313310,modern-daily-7313310-2014-07-24
39,1,Patrician's Scorn,,Sideboard,3,1,Ad Nauseam,Lyzeriekx,123 tix,$ 460,241328,2014-07-24,Modern Daily #7313310,modern,modern-daily-7313310,modern-daily-7313310-2014-07-24
1,4,Simian Spirit Guide,,Creatures,3,1,Ad Nauseam,Potara,239 tix,$ 759,241329,2014-07-24,Modern Daily #7313310,modern,modern-daily-7313310,modern-daily-7313310-2014-07-24
3,3,Pact of Negation,,Spells,3,1,Ad Nauseam,Potara,239 tix,$ 759,241329,2014-07-24,Modern Daily #7313310,modern,modern-daily-7313310,modern-daily-7313310-2014-07-24
4,1,Slaughter Pact,,Spells,3,1,Ad Nauseam,Potara,239 tix,$ 759,241329,2014-07-24,Modern Daily #7313310,modern,modern-daily-7313310,modern-daily-7313310-2014-07-24
5,4,Angel's Grace,,Spells,3,1,Ad Nauseam,Potara,239 tix,$ 759,241329,2014-07-24,Modern Daily #7313310,modern,modern-daily-7313310,modern-daily-7313310-2014-07-24
6,4,Serum Visions,,Spells,3,1,Ad Nauseam,Potara,239 tix,$ 759,241329,2014-07-24,Modern Daily #7313310,modern,modern-daily-7313310,modern-daily-7313310-2014-07-24
7,4,Sleight of Hand,,Spells,3,1,Ad Nauseam,Potara,239 tix,$ 759,241329,2014-07-24,Modern Daily #7313310,modern,modern-daily-7313310,modern-daily-7313310-2014-07-24
8,2,Peer Through Depths,,Spells,3,1,Ad Nauseam,Potara,239 tix,$ 759,241329,2014-07-24,Modern Daily #7313310,modern,modern-daily-7313310,modern-daily-7313310-2014-07-24
9,1,Lightning Storm,,Spells,3,1,Ad Nauseam,Potara,239 tix,$ 759,241329,2014-07-24,Modern Daily #7313310,modern,modern-daily-7313310,modern-daily-7313310-2014-07-24
10,1,Mystical Teachings,,Spells,3,1,Ad Nauseam,Potara,239 tix,$ 759,241329,2014-07-24,Modern Daily #7313310,modern,modern-daily-7313310,modern-daily-7313310-2014-07-24
11,4,Ad Nauseam,,Spells,3,1,Ad Nauseam,Potara,239 tix,$ 759,241329,2014-07-24,Modern Daily #7313310,modern,modern-daily-7313310,modern-daily-7313310-2014-07-24
13,4,Lotus Bloom,,Artifacts,3,1,Ad Nauseam,Potara,239 tix,$ 759,241329,2014-07-24,Modern Daily #7313310,modern,modern-daily-7313310,modern-daily-7313310-2014-07-24
14,1,Conjurer's Bauble,,Artifacts,3,1,Ad Nauseam,Potara,239 tix,$ 759,241329,2014-07-24,Modern Daily #7313310,modern,modern-daily-7313310,modern-daily-7313310-2014-07-24
15,4,Pentad Prism,,Artifacts,3,1,Ad Nauseam,Potara,239 tix,$ 759,241329,2014-07-24,Modern Daily #7313310,modern,modern-daily-7313310,modern-daily-7313310-2014-07-24
17,3,Phyrexian Unlife,,Enchantments,3,1,Ad Nauseam,Potara,239 tix,$ 759,241329,2014-07-24,Modern Daily #7313310,modern,modern-daily-7313310,modern-daily-7313310-2014-07-24
19,1,"Boseiju, Who Shelters All",,Lands,3,1,Ad Nauseam,Potara,239 tix,$ 759,241329,2014-07-24,Modern Daily #7313310,modern,modern-daily-7313310,modern-daily-7313310-2014-07-24
20,1,Gemstone Caverns,,Lands,3,1,Ad Nauseam,Potara,239 tix,$ 759,241329,2014-07-24,Modern Daily #7313310,modern,modern-daily-7313310,modern-daily-7313310-2014-07-24
21,4,Gemstone Mine,,Lands,3,1,Ad Nauseam,Potara,239 tix,$ 759,241329,2014-07-24,Modern Daily #7313310,modern,modern-daily-7313310,modern-daily-7313310-2014-07-24
22,1,Hallowed Fountain,,Lands,3,1,Ad Nauseam,Potara,239 tix,$ 759,241329,2014-07-24,Modern Daily #7313310,modern,modern-daily-7313310,modern-daily-7313310-2014-07-24
23,1,Island,,Lands,3,1,Ad Nauseam,Potara,239 tix,$ 759,241329,2014-07-24,Modern Daily #7313310,modern,modern-daily-7313310,modern-daily-7313310-2014-07-24
24,2,Marsh Flats,,Lands,3,1,Ad Nauseam,Potara,239 tix,$ 759,241329,2014-07-24,Modern Daily #7313310,modern,modern-daily-7313310,modern-daily-7313310-2014-07-24
25,2,Misty Rainforest,,Lands,3,1,Ad Nauseam,Potara,239 tix,$ 759,241329,2014-07-24,Modern Daily #7313310,modern,modern-daily-7313310,modern-daily-7313310-2014-07-24
26,1,Plains,,Lands,3,1,Ad Nauseam,Potara,239 tix,$ 759,241329,2014-07-24,Modern Daily #7313310,modern,modern-daily-7313310,modern-daily-7313310-2014-07-24
27,1,Seachrome Coast,,Lands,3,1,Ad Nauseam,Potara,239 tix,$ 759,241329,2014-07-24,Modern Daily #7313310,modern,modern-daily-7313310,modern-daily-7313310-2014-07-24
28,1,Swamp,,Lands,3,1,Ad Nauseam,Potara,239 tix,$ 759,241329,2014-07-24,Modern Daily #7313310,modern,modern-daily-7313310,modern-daily-7313310-2014-07-24
29,2,Temple of Deceit,,Lands,3,1,Ad Nauseam,Potara,239 tix,$ 759,241329,2014-07-24,Modern Daily #7313310,modern,modern-daily-7313310,modern-daily-7313310-2014-07-24
30,2,Temple of Enlightenment,,Lands,3,1,Ad Nauseam,Potara,239 tix,$ 759,241329,2014-07-24,Modern Daily #7313310,modern,modern-daily-7313310,modern-daily-7313310-2014-07-24
31,1,Watery Grave,,Lands,3,1,Ad Nauseam,Potara,239 tix,$ 759,241329,2014-07-24,Modern Daily #7313310,modern,modern-daily-7313310,modern-daily-7313310-2014-07-24
33,1,Engineered Explosives,,Sideboard,3,1,Ad Nauseam,Potara,239 tix,$ 759,241329,2014-07-24,Modern Daily #7313310,modern,modern-daily-7313310,modern-daily-7313310-2014-07-24
34,1,Slaughter Pact,,Sideboard,3,1,Ad Nauseam,Potara,239 tix,$ 759,241329,2014-07-24,Modern Daily #7313310,modern,modern-daily-7313310,modern-daily-7313310-2014-07-24
35,1,Tolaria West,,Sideboard,3,1,Ad Nauseam,Potara,239 tix,$ 759,241329,2014-07-24,Modern Daily #7313310,modern,modern-daily-7313310,modern-daily-7313310-2014-07-24
36,1,Grafdigger's Cage,,Sideboard,3,1,Ad Nauseam,Potara,239 tix,$ 759,241329,2014-07-24,Modern Daily #7313310,modern,modern-daily-7313310,modern-daily-7313310-2014-07-24
37,2,Silence,,Sideboard,3,1,Ad Nauseam,Potara,239 tix,$ 759,241329,2014-07-24,Modern Daily #7313310,modern,modern-daily-7313310,modern-daily-7313310-2014-07-24
38,1,Echoing Truth,,Sideboard,3,1,Ad Nauseam,Potara,239 tix,$ 759,241329,2014-07-24,Modern Daily #7313310,modern,modern-daily-7313310,modern-daily-7313310-2014-07-24
39,3,Hurkyl's Recall,,Sideboard,3,1,Ad Nauseam,Potara,239 tix,$ 759,241329,2014-07-24,Modern Daily #7313310,modern,modern-daily-7313310,modern-daily-7313310-2014-07-24
40,4,Leyline of Sanctity,,Sideboard,3,1,Ad Nauseam,Potara,239 tix,$ 759,241329,2014-07-24,Modern Daily #7313310,modern,modern-daily-7313310,modern-daily-7313310-2014-07-24
41,1,Patrician's Scorn,,Sideboard,3,1,Ad Nauseam,Potara,239 tix,$ 759,241329,2014-07-24,Modern Daily #7313310,modern,modern-daily-7313310,modern-daily-7313310-2014-07-24
1,3,Memnite,,Creatures,3,1,Affinity,austindz2,412 tix,$ 970,241318,2014-07-24,Modern Daily #7313310,modern,modern-daily-7313310,modern-daily-7313310-2014-07-24
2,4,Ornithopter,,Creatures,3,1,Affinity,austindz2,412 tix,$ 970,241318,2014-07-24,Modern Daily #7313310,modern,modern-daily-7313310,modern-daily-7313310-2014-07-24
3,4,Signal Pest,,Creatures,3,1,Affinity,austindz2,412 tix,$ 970,241318,2014-07-24,Modern Daily #7313310,modern,modern-daily-7313310,modern-daily-7313310-2014-07-24
4,4,Arcbound Ravager,,Creatures,3,1,Affinity,austindz2,412 tix,$ 970,241318,2014-07-24,Modern Daily #7313310,modern,modern-daily-7313310,modern-daily-7313310-2014-07-24
5,4,Steel Overseer,,Creatures,3,1,Affinity,austindz2,412 tix,$ 970,241318,2014-07-24,Modern Daily #7313310,modern,modern-daily-7313310,modern-daily-7313310-2014-07-24
6,4,Vault Skirge,,Creatures,3,1,Affinity,austindz2,412 tix,$ 970,241318,2014-07-24,Modern Daily #7313310,modern,modern-daily-7313310,modern-daily-7313310-2014-07-24
7,2,Etched Champion,,Creatures,3,1,Affinity,austindz2,412 tix,$ 970,241318,2014-07-24,Modern Daily #7313310,modern,modern-daily-7313310,modern-daily-7313310-2014-07-24
8,2,Master of Etherium,,Creatures,3,1,Affinity,austindz2,412 tix,$ 970,241318,2014-07-24,Modern Daily #7313310,modern,modern-daily-7313310,modern-daily-7313310-2014-07-24
10,2,Galvanic Blast,,Spells,3,1,Affinity,austindz2,412 tix,$ 970,241318,2014-07-24,Modern Daily #7313310,modern,modern-daily-7313310,modern-daily-7313310-2014-07-24
11,2,Thoughtcast,,Spells,3,1,Affinity,austindz2,412 tix,$ 970,241318,2014-07-24,Modern Daily #7313310,modern,modern-daily-7313310,modern-daily-7313310-2014-07-24
13,4,Mox Opal,,Artifacts,3,1,Affinity,austindz2,412 tix,$ 970,241318,2014-07-24,Modern Daily #7313310,modern,modern-daily-7313310,modern-daily-7313310-2014-07-24
14,4,Springleaf Drum,,Artifacts,3,1,Affinity,austindz2,412 tix,$ 970,241318,2014-07-24,Modern Daily #7313310,modern,modern-daily-7313310,modern-daily-7313310-2014-07-24
15,4,Cranial Plating,,Artifacts,3,1,Affinity,austindz2,412 tix,$ 970,241318,2014-07-24,Modern Daily #7313310,modern,modern-daily-7313310,modern-daily-7313310-2014-07-24
17,4,Blinkmoth Nexus,,Lands,3,1,Affinity,austindz2,412 tix,$ 970,241318,2014-07-24,Modern Daily #7313310,modern,modern-daily-7313310,modern-daily-7313310-2014-07-24
18,4,Darksteel Citadel,,Lands,3,1,Affinity,austindz2,412 tix,$ 970,241318,2014-07-24,Modern Daily #7313310,modern,modern-daily-7313310,modern-daily-7313310-2014-07-24
19,4,Glimmervoid,,Lands,3,1,Affinity,austindz2,412 tix,$ 970,241318,2014-07-24,Modern Daily #7313310,modern,modern-daily-7313310,modern-daily-7313310-2014-07-24
20,4,Inkmoth Nexus,,Lands,3,1,Affinity,austindz2,412 tix,$ 970,241318,2014-07-24,Modern Daily #7313310,modern,modern-daily-7313310,modern-daily-7313310-2014-07-24
21,1,Island,,Lands,3,1,Affinity,austindz2,412 tix,$ 970,241318,2014-07-24,Modern Daily #7313310,modern,modern-daily-7313310,modern-daily-7313310-2014-07-24
23,1,Grafdigger's Cage,,Sideboard,3,1,Affinity,austindz2,412 tix,$ 970,241318,2014-07-24,Modern Daily #7313310,modern,modern-daily-7313310,modern-daily-7313310-2014-07-24
24,1,Gut Shot,,Sideboard,3,1,Affinity,austindz2,412 tix,$ 970,241318,2014-07-24,Modern Daily #7313310,modern,modern-daily-7313310,modern-daily-7313310-2014-07-24
25,1,Illness in the Ranks,,Sideboard,3,1,Affinity,austindz2,412 tix,$ 970,241318,2014-07-24,Modern Daily #7313310,modern,modern-daily-7313310,modern-daily-7313310-2014-07-24
26,2,Thoughtseize,,Sideboard,3,1,Affinity,austindz2,412 tix,$ 970,241318,2014-07-24,Modern Daily #7313310,modern,modern-daily-7313310,modern-daily-7313310-2014-07-24
27,2,Ancient Grudge,,Sideboard,3,1,Affinity,austindz2,412 tix,$ 970,241318,2014-07-24,Modern Daily #7313310,modern,modern-daily-7313310,modern-daily-7313310-2014-07-24
28,2,Spellskite,,Sideboard,3,1,Affinity,austindz2,412 tix,$ 970,241318,2014-07-24,Modern Daily #7313310,modern,modern-daily-7313310,modern-daily-7313310-2014-07-24
29,1,Whipflare,,Sideboard,3,1,Affinity,austindz2,412 tix,$ 970,241318,2014-07-24,Modern Daily #7313310,modern,modern-daily-7313310,modern-daily-7313310-2014-07-24
30,2,Blood Moon,,Sideboard,3,1,Affinity,austindz2,412 tix,$ 970,241318,2014-07-24,Modern Daily #7313310,modern,modern-daily-7313310,modern-daily-7313310-2014-07-24
31,1,Dismember,,Sideboard,3,1,Affinity,austindz2,412 tix,$ 970,241318,2014-07-24,Modern Daily #7313310,modern,modern-daily-7313310,modern-daily-7313310-2014-07-24
32,2,Etched Champion,,Sideboard,3,1,Affinity,austindz2,412 tix,$ 970,241318,2014-07-24,Modern Daily #7313310,modern,modern-daily-7313310,modern-daily-7313310-2014-07-24
1,4,Memnite,,Creatures,3,1,Affinity,Crywolf102190,392 tix,$ 934,241325,2014-07-24,Modern Daily #7313310,modern,modern-daily-7313310,modern-daily-7313310-2014-07-24
2,4,Ornithopter,,Creatures,3,1,Affinity,Crywolf102190,392 tix,$ 934,241325,2014-07-24,Modern Daily #7313310,modern,modern-daily-7313310,modern-daily-7313310-2014-07-24
3,4,Signal Pest,,Creatures,3,1,Affinity,Crywolf102190,392 tix,$ 934,241325,2014-07-24,Modern Daily #7313310,modern,modern-daily-7313310,modern-daily-7313310-2014-07-24
4,4,Arcbound Ravager,,Creatures,3,1,Affinity,Crywolf102190,392 tix,$ 934,241325,2014-07-24,Modern Daily #7313310,modern,modern-daily-7313310,modern-daily-7313310-2014-07-24
5,3,Steel Overseer,,Creatures,3,1,Affinity,Crywolf102190,392 tix,$ 934,241325,2014-07-24,Modern Daily #7313310,modern,modern-daily-7313310,modern-daily-7313310-2014-07-24
6,4,Vault Skirge,,Creatures,3,1,Affinity,Crywolf102190,392 tix,$ 934,241325,2014-07-24,Modern Daily #7313310,modern,modern-daily-7313310,modern-daily-7313310-2014-07-24
7,2,Etched Champion,,Creatures,3,1,Affinity,Crywolf102190,392 tix,$ 934,241325,2014-07-24,Modern Daily #7313310,modern,modern-daily-7313310,modern-daily-7313310-2014-07-24
8,2,Master of Etherium,,Creatures,3,1,Affinity,Crywolf102190,392 tix,$ 934,241325,2014-07-24,Modern Daily #7313310,modern,modern-daily-7313310,modern-daily-7313310-2014-07-24
10,2,Galvanic Blast,,Spells,3,1,Affinity,Crywolf102190,392 tix,$ 934,241325,2014-07-24,Modern Daily #7313310,modern,modern-daily-7313310,modern-daily-7313310-2014-07-24
11,3,Thoughtcast,,Spells,3,1,Affinity,Crywolf102190,392 tix,$ 934,241325,2014-07-24,Modern Daily #7313310,modern,modern-daily-7313310,modern-daily-7313310-2014-07-24
13,4,Mox Opal,,Artifacts,3,1,Affinity,Crywolf102190,392 tix,$ 934,241325,2014-07-24,Modern Daily #7313310,modern,modern-daily-7313310,modern-daily-7313310-2014-07-24
14,4,Springleaf Drum,,Artifacts,3,1,Affinity,Crywolf102190,392 tix,$ 934,241325,2014-07-24,Modern Daily #7313310,modern,modern-daily-7313310,modern-daily-7313310-2014-07-24
15,4,Cranial Plating,,Artifacts,3,1,Affinity,Crywolf102190,392 tix,$ 934,241325,2014-07-24,Modern Daily #7313310,modern,modern-daily-7313310,modern-daily-7313310-2014-07-24
17,4,Blinkmoth Nexus,,Lands,3,1,Affinity,Crywolf102190,392 tix,$ 934,241325,2014-07-24,Modern Daily #7313310,modern,modern-daily-7313310,modern-daily-7313310-2014-07-24
18,4,Darksteel Citadel,,Lands,3,1,Affinity,Crywolf102190,392 tix,$ 934,241325,2014-07-24,Modern Daily #7313310,modern,modern-daily-7313310,modern-daily-7313310-2014-07-24
19,4,Glimmervoid,,Lands,3,1,Affinity,Crywolf102190,392 tix,$ 934,241325,2014-07-24,Modern Daily #7313310,modern,modern-daily-7313310,modern-daily-7313310-2014-07-24
20,4,Inkmoth Nexus,,Lands,3,1,Affinity,Crywolf102190,392 tix,$ 934,241325,2014-07-24,Modern Daily #7313310,modern,modern-daily-7313310,modern-daily-7313310-2014-07-24
22,1,Grafdigger's Cage,,Sideboard,3,1,Affinity,Crywolf102190,392 tix,$ 934,241325,2014-07-24,Modern Daily #7313310,modern,modern-daily-7313310,modern-daily-7313310-2014-07-24
23,1,Illness in the Ranks,,Sideboard,3,1,Affinity,Crywolf102190,392 tix,$ 934,241325,2014-07-24,Modern Daily #7313310,modern,modern-daily-7313310,modern-daily-7313310-2014-07-24
24,1,Spell Pierce,,Sideboard,3,1,Affinity,Crywolf102190,392 tix,$ 934,241325,2014-07-24,Modern Daily #7313310,modern,modern-daily-7313310,modern-daily-7313310-2014-07-24
25,2,Thoughtseize,,Sideboard,3,1,Affinity,Crywolf102190,392 tix,$ 934,241325,2014-07-24,Modern Daily #7313310,modern,modern-daily-7313310,modern-daily-7313310-2014-07-24
26,3,Ancient Grudge,,Sideboard,3,1,Affinity,Crywolf102190,392 tix,$ 934,241325,2014-07-24,Modern Daily #7313310,modern,modern-daily-7313310,modern-daily-7313310-2014-07-24
27,2,Spellskite,,Sideboard,3,1,Affinity,Crywolf102190,392 tix,$ 934,241325,2014-07-24,Modern Daily #7313310,modern,modern-daily-7313310,modern-daily-7313310-2014-07-24
28,1,Whipflare,,Sideboard,3,1,Affinity,Crywolf102190,392 tix,$ 934,241325,2014-07-24,Modern Daily #7313310,modern,modern-daily-7313310,modern-daily-7313310-2014-07-24
29,1,Blood Moon,,Sideboard,3,1,Affinity,Crywolf102190,392 tix,$ 934,241325,2014-07-24,Modern Daily #7313310,modern,modern-daily-7313310,modern-daily-7313310-2014-07-24
30,1,Dismember,,Sideboard,3,1,Affinity,Crywolf102190,392 tix,$ 934,241325,2014-07-24,Modern Daily #7313310,modern,modern-daily-7313310,modern-daily-7313310-2014-07-24
31,1,Etched Champion,,Sideboard,3,1,Affinity,Crywolf102190,392 tix,$ 934,241325,2014-07-24,Modern Daily #7313310,modern,modern-daily-7313310,modern-daily-7313310-2014-07-24
32,1,Rule of Law,,Sideboard,3,1,Affinity,Crywolf102190,392 tix,$ 934,241325,2014-07-24,Modern Daily #7313310,modern,modern-daily-7313310,modern-daily-7313310-2014-07-24
1,2,Memnite,,Creatures,3,1,Affinity,WhiteStripe,400 tix,$ 968,241331,2014-07-24,Modern Daily #7313310,modern,modern-daily-7313310,modern-daily-7313310-2014-07-24
2,4,Ornithopter,,Creatures,3,1,Affinity,WhiteStripe,400 tix,$ 968,241331,2014-07-24,Modern Daily #7313310,modern,modern-daily-7313310,modern-daily-7313310-2014-07-24
3,4,Signal Pest,,Creatures,3,1,Affinity,WhiteStripe,400 tix,$ 968,241331,2014-07-24,Modern Daily #7313310,modern,modern-daily-7313310,modern-daily-7313310-2014-07-24
4,4,Arcbound Ravager,,Creatures,3,1,Affinity,WhiteStripe,400 tix,$ 968,241331,2014-07-24,Modern Daily #7313310,modern,modern-daily-7313310,modern-daily-7313310-2014-07-24
5,4,Steel Overseer,,Creatures,3,1,Affinity,WhiteStripe,400 tix,$ 968,241331,2014-07-24,Modern Daily #7313310,modern,modern-daily-7313310,modern-daily-7313310-2014-07-24
6,4,Vault Skirge,,Creatures,3,1,Affinity,WhiteStripe,400 tix,$ 968,241331,2014-07-24,Modern Daily #7313310,modern,modern-daily-7313310,modern-daily-7313310-2014-07-24
7,3,Etched Champion,,Creatures,3,1,Affinity,WhiteStripe,400 tix,$ 968,241331,2014-07-24,Modern Daily #7313310,modern,modern-daily-7313310,modern-daily-7313310-2014-07-24
8,1,Master of Etherium,,Creatures,3,1,Affinity,WhiteStripe,400 tix,$ 968,241331,2014-07-24,Modern Daily #7313310,modern,modern-daily-7313310,modern-daily-7313310-2014-07-24
10,2,Thoughtseize,,Spells,3,1,Affinity,WhiteStripe,400 tix,$ 968,241331,2014-07-24,Modern Daily #7313310,modern,modern-daily-7313310,modern-daily-7313310-2014-07-24
11,2,Thoughtcast,,Spells,3,1,Affinity,WhiteStripe,400 tix,$ 968,241331,2014-07-24,Modern Daily #7313310,modern,modern-daily-7313310,modern-daily-7313310-2014-07-24
13,4,Mox Opal,,Artifacts,3,1,Affinity,WhiteStripe,400 tix,$ 968,241331,2014-07-24,Modern Daily #7313310,modern,modern-daily-7313310,modern-daily-7313310-2014-07-24
14,1,Welding Jar,,Artifacts,3,1,Affinity,WhiteStripe,400 tix,$ 968,241331,2014-07-24,Modern Daily #7313310,modern,modern-daily-7313310,modern-daily-7313310-2014-07-24
15,4,Springleaf Drum,,Artifacts,3,1,Affinity,WhiteStripe,400 tix,$ 968,241331,2014-07-24,Modern Daily #7313310,modern,modern-daily-7313310,modern-daily-7313310-2014-07-24
16,4,Cranial Plating,,Artifacts,3,1,Affinity,WhiteStripe,400 tix,$ 968,241331,2014-07-24,Modern Daily #7313310,modern,modern-daily-7313310,modern-daily-7313310-2014-07-24
18,4,Blinkmoth Nexus,,Lands,3,1,Affinity,WhiteStripe,400 tix,$ 968,241331,2014-07-24,Modern Daily #7313310,modern,modern-daily-7313310,modern-daily-7313310-2014-07-24
19,4,Darksteel Citadel,,Lands,3,1,Affinity,WhiteStripe,400 tix,$ 968,241331,2014-07-24,Modern Daily #7313310,modern,modern-daily-7313310,modern-daily-7313310-2014-07-24
20,4,Glimmervoid,,Lands,3,1,Affinity,WhiteStripe,400 tix,$ 968,241331,2014-07-24,Modern Daily #7313310,modern,modern-daily-7313310,modern-daily-7313310-2014-07-24
21,4,Inkmoth Nexus,,Lands,3,1,Affinity,WhiteStripe,400 tix,$ 968,241331,2014-07-24,Modern Daily #7313310,modern,modern-daily-7313310,modern-daily-7313310-2014-07-24
22,1,Swamp,,Lands,3,1,Affinity,WhiteStripe,400 tix,$ 968,241331,2014-07-24,Modern Daily #7313310,modern,modern-daily-7313310,modern-daily-7313310-2014-07-24
24,1,Tormod's Crypt,,Sideboard,3,1,Affinity,WhiteStripe,400 tix,$ 968,241331,2014-07-24,Modern Daily #7313310,modern,modern-daily-7313310,modern-daily-7313310-2014-07-24
25,1,Grafdigger's Cage,,Sideboard,3,1,Affinity,WhiteStripe,400 tix,$ 968,241331,2014-07-24,Modern Daily #7313310,modern,modern-daily-7313310,modern-daily-7313310-2014-07-24
26,1,Gut Shot,,Sideboard,3,1,Affinity,WhiteStripe,400 tix,$ 968,241331,2014-07-24,Modern Daily #7313310,modern,modern-daily-7313310,modern-daily-7313310-2014-07-24
27,1,Thoughtseize,,Sideboard,3,1,Affinity,WhiteStripe,400 tix,$ 968,241331,2014-07-24,Modern Daily #7313310,modern,modern-daily-7313310,modern-daily-7313310-2014-07-24
28,2,Ancient Grudge,,Sideboard,3,1,Affinity,WhiteStripe,400 tix,$ 968,241331,2014-07-24,Modern Daily #7313310,modern,modern-daily-7313310,modern-daily-7313310-2014-07-24
29,2,Spellskite,,Sideboard,3,1,Affinity,WhiteStripe,400 tix,$ 968,241331,2014-07-24,Modern Daily #7313310,modern,modern-daily-7313310,modern-daily-7313310-2014-07-24
30,2,Whipflare,,Sideboard,3,1,Affinity,WhiteStripe,400 tix,$ 968,241331,2014-07-24,Modern Daily #7313310,modern,modern-daily-7313310,modern-daily-7313310-2014-07-24
31,1,Blood Moon,,Sideboard,3,1,Affinity,WhiteStripe,400 tix,$ 968,241331,2014-07-24,Modern Daily #7313310,modern,modern-daily-7313310,modern-daily-7313310-2014-07-24
32,1,Dismember,,Sideboard,3,1,Affinity,WhiteStripe,400 tix,$ 968,241331,2014-07-24,Modern Daily #7313310,modern,modern-daily-7313310,modern-daily-7313310-2014-07-24
33,1,Etched Champion,,Sideboard,3,1,Affinity,WhiteStripe,400 tix,$ 968,241331,2014-07-24,Modern Daily #7313310,modern,modern-daily-7313310,modern-daily-7313310-2014-07-24
34,1,Master of Etherium,,Sideboard,3,1,Affinity,WhiteStripe,400 tix,$ 968,241331,2014-07-24,Modern Daily #7313310,modern,modern-daily-7313310,modern-daily-7313310-2014-07-24
35,1,Rule of Law,,Sideboard,3,1,Affinity,WhiteStripe,400 tix,$ 968,241331,2014-07-24,Modern Daily #7313310,modern,modern-daily-7313310,modern-daily-7313310-2014-07-24
1,4,Snapcaster Mage,,Creatures,3,1,Azorius Flash,Charlesjacenorman,326 tix,"$ 1,220",241324,2014-07-24,Modern Daily #7313310,modern,modern-daily-7313310,modern-daily-7313310-2014-07-24
2,2,Blade Splicer,,Creatures,3,1,Azorius Flash,Charlesjacenorman,326 tix,"$ 1,220",241324,2014-07-24,Modern Daily #7313310,modern,modern-daily-7313310,modern-daily-7313310-2014-07-24
3,1,Calcite Snapper,,Creatures,3,1,Azorius Flash,Charlesjacenorman,326 tix,"$ 1,220",241324,2014-07-24,Modern Daily #7313310,modern,modern-daily-7313310,modern-daily-7313310-2014-07-24
4,4,Geist of Saint Traft,,Creatures,3,1,Azorius Flash,Charlesjacenorman,326 tix,"$ 1,220",241324,2014-07-24,Modern Daily #7313310,modern,modern-daily-7313310,modern-daily-7313310-2014-07-24
5,4,Restoration Angel,,Creatures,3,1,Azorius Flash,Charlesjacenorman,326 tix,"$ 1,220",241324,2014-07-24,Modern Daily #7313310,modern,modern-daily-7313310,modern-daily-7313310-2014-07-24
6,1,"Venser, Shaper Savant",,Creatures,3,1,Azorius Flash,Charlesjacenorman,326 tix,"$ 1,220",241324,2014-07-24,Modern Daily #7313310,modern,modern-daily-7313310,modern-daily-7313310-2014-07-24
7,1,Baneslayer Angel,,Creatures,3,1,Azorius Flash,Charlesjacenorman,326 tix,"$ 1,220",241324,2014-07-24,Modern Daily #7313310,modern,modern-daily-7313310,modern-daily-7313310-2014-07-24
9,4,Path to Exile,,Spells,3,1,Azorius Flash,Charlesjacenorman,326 tix,"$ 1,220",241324,2014-07-24,Modern Daily #7313310,modern,modern-daily-7313310,modern-daily-7313310-2014-07-24
10,2,Spell Snare,,Spells,3,1,Azorius Flash,Charlesjacenorman,326 tix,"$ 1,220",241324,2014-07-24,Modern Daily #7313310,modern,modern-daily-7313310,modern-daily-7313310-2014-07-24
11,2,Mana Leak,,Spells,3,1,Azorius Flash,Charlesjacenorman,326 tix,"$ 1,220",241324,2014-07-24,Modern Daily #7313310,modern,modern-daily-7313310,modern-daily-7313310-2014-07-24
12,2,Remand,,Spells,3,1,Azorius Flash,Charlesjacenorman,326 tix,"$ 1,220",241324,2014-07-24,Modern Daily #7313310,modern,modern-daily-7313310,modern-daily-7313310-2014-07-24
13,3,Dismember,,Spells,3,1,Azorius Flash,Charlesjacenorman,326 tix,"$ 1,220",241324,2014-07-24,Modern Daily #7313310,modern,modern-daily-7313310,modern-daily-7313310-2014-07-24
14,3,Cryptic Command,,Spells,3,1,Azorius Flash,Charlesjacenorman,326 tix,"$ 1,220",241324,2014-07-24,Modern Daily #7313310,modern,modern-daily-7313310,modern-daily-7313310-2014-07-24
15,1,Supreme Verdict,,Spells,3,1,Azorius Flash,Charlesjacenorman,326 tix,"$ 1,220",241324,2014-07-24,Modern Daily #7313310,modern,modern-daily-7313310,modern-daily-7313310-2014-07-24
17,1,Sword of Fire and Ice,,Artifacts,3,1,Azorius Flash,Charlesjacenorman,326 tix,"$ 1,220",241324,2014-07-24,Modern Daily #7313310,modern,modern-daily-7313310,modern-daily-7313310-2014-07-24
19,1,Arid Mesa,,Lands,3,1,Azorius Flash,Charlesjacenorman,326 tix,"$ 1,220",241324,2014-07-24,Modern Daily #7313310,modern,modern-daily-7313310,modern-daily-7313310-2014-07-24
20,1,Cavern of Souls,,Lands,3,1,Azorius Flash,Charlesjacenorman,326 tix,"$ 1,220",241324,2014-07-24,Modern Daily #7313310,modern,modern-daily-7313310,modern-daily-7313310-2014-07-24
21,4,Celestial Colonnade,,Lands,3,1,Azorius Flash,Charlesjacenorman,326 tix,"$ 1,220",241324,2014-07-24,Modern Daily #7313310,modern,modern-daily-7313310,modern-daily-7313310-2014-07-24
22,1,Eiganjo Castle,,Lands,3,1,Azorius Flash,Charlesjacenorman,326 tix,"$ 1,220",241324,2014-07-24,Modern Daily #7313310,modern,modern-daily-7313310,modern-daily-7313310-2014-07-24
23,3,Hallowed Fountain,,Lands,3,1,Azorius Flash,Charlesjacenorman,326 tix,"$ 1,220",241324,2014-07-24,Modern Daily #7313310,modern,modern-daily-7313310,modern-daily-7313310-2014-07-24
24,4,Island,,Lands,3,1,Azorius Flash,Charlesjacenorman,326 tix,"$ 1,220",241324,2014-07-24,Modern Daily #7313310,modern,modern-daily-7313310,modern-daily-7313310-2014-07-24
25,1,Moorland Haunt,,Lands,3,1,Azorius Flash,Charlesjacenorman,326 tix,"$ 1,220",241324,2014-07-24,Modern Daily #7313310,modern,modern-daily-7313310,modern-daily-7313310-2014-07-24
26,2,Plains,,Lands,3,1,Azorius Flash,Charlesjacenorman,326 tix,"$ 1,220",241324,2014-07-24,Modern Daily #7313310,modern,modern-daily-7313310,modern-daily-7313310-2014-07-24
27,1,Scalding Tarn,,Lands,3,1,Azorius Flash,Charlesjacenorman,326 tix,"$ 1,220",241324,2014-07-24,Modern Daily #7313310,modern,modern-daily-7313310,modern-daily-7313310-2014-07-24
28,3,Seachrome Coast,,Lands,3,1,Azorius Flash,Charlesjacenorman,326 tix,"$ 1,220",241324,2014-07-24,Modern Daily #7313310,modern,modern-daily-7313310,modern-daily-7313310-2014-07-24
29,4,Tectonic Edge,,Lands,3,1,Azorius Flash,Charlesjacenorman,326 tix,"$ 1,220",241324,2014-07-24,Modern Daily #7313310,modern,modern-daily-7313310,modern-daily-7313310-2014-07-24
31,1,Celestial Purge,,Sideboard,3,1,Azorius Flash,Charlesjacenorman,326 tix,"$ 1,220",241324,2014-07-24,Modern Daily #7313310,modern,modern-daily-7313310,modern-daily-7313310-2014-07-24
32,2,Negate,,Sideboard,3,1,Azorius Flash,Charlesjacenorman,326 tix,"$ 1,220",241324,2014-07-24,Modern Daily #7313310,modern,modern-daily-7313310,modern-daily-7313310-2014-07-24
33,2,Rest in Peace,,Sideboard,3,1,Azorius Flash,Charlesjacenorman,326 tix,"$ 1,220",241324,2014-07-24,Modern Daily #7313310,modern,modern-daily-7313310,modern-daily-7313310-2014-07-24
34,3,Stony Silence,,Sideboard,3,1,Azorius Flash,Charlesjacenorman,326 tix,"$ 1,220",241324,2014-07-24,Modern Daily #7313310,modern,modern-daily-7313310,modern-daily-7313310-2014-07-24
35,1,Aven Mindcensor,,Sideboard,3,1,Azorius Flash,Charlesjacenorman,326 tix,"$ 1,220",241324,2014-07-24,Modern Daily #7313310,modern,modern-daily-7313310,modern-daily-7313310-2014-07-24
36,1,Vedalken Shackles,,Sideboard,3,1,Azorius Flash,Charlesjacenorman,326 tix,"$ 1,220",241324,2014-07-24,Modern Daily #7313310,modern,modern-daily-7313310,modern-daily-7313310-2014-07-24
37,3,Leyline of Sanctity,,Sideboard,3,1,Azorius Flash,Charlesjacenorman,326 tix,"$ 1,220",241324,2014-07-24,Modern Daily #7313310,modern,modern-daily-7313310,modern-daily-7313310-2014-07-24
38,1,Supreme Verdict,,Sideboard,3,1,Azorius Flash,Charlesjacenorman,326 tix,"$ 1,220",241324,2014-07-24,Modern Daily #7313310,modern,modern-daily-7313310,modern-daily-7313310-2014-07-24
39,1,"Teferi, Mage of Zhalfir",,Sideboard,3,1,Azorius Flash,Charlesjacenorman,326 tix,"$ 1,220",241324,2014-07-24,Modern Daily #7313310,modern,modern-daily-7313310,modern-daily-7313310-2014-07-24
1,4,Goblin Guide,,Creatures,3,1,Burn,nello,85 tix,$ 231,241321,2014-07-24,Modern Daily #7313310,modern,modern-daily-7313310,modern-daily-7313310-2014-07-24
2,4,Vexing Devil,,Creatures,3,1,Burn,nello,85 tix,$ 231,241321,2014-07-24,Modern Daily #7313310,modern,modern-daily-7313310,modern-daily-7313310-2014-07-24
3,4,Eidolon of the Great Revel,,Creatures,3,1,Burn,nello,85 tix,$ 231,241321,2014-07-24,Modern Daily #7313310,modern,modern-daily-7313310,modern-daily-7313310-2014-07-24
5,4,Lava Spike,,Spells,3,1,Burn,nello,85 tix,$ 231,241321,2014-07-24,Modern Daily #7313310,modern,modern-daily-7313310,modern-daily-7313310-2014-07-24
6,4,Lightning Bolt,,Spells,3,1,Burn,nello,85 tix,$ 231,241321,2014-07-24,Modern Daily #7313310,modern,modern-daily-7313310,modern-daily-7313310-2014-07-24
7,3,Shard Volley,,Spells,3,1,Burn,nello,85 tix,$ 231,241321,2014-07-24,Modern Daily #7313310,modern,modern-daily-7313310,modern-daily-7313310-2014-07-24
8,2,Magma Jet,,Spells,3,1,Burn,nello,85 tix,$ 231,241321,2014-07-24,Modern Daily #7313310,modern,modern-daily-7313310,modern-daily-7313310-2014-07-24
9,3,Searing Blaze,,Spells,3,1,Burn,nello,85 tix,$ 231,241321,2014-07-24,Modern Daily #7313310,modern,modern-daily-7313310,modern-daily-7313310-2014-07-24
10,4,Skullcrack,,Spells,3,1,Burn,nello,85 tix,$ 231,241321,2014-07-24,Modern Daily #7313310,modern,modern-daily-7313310,modern-daily-7313310-2014-07-24
11,4,Flames of the Blood Hand,,Spells,3,1,Burn,nello,85 tix,$ 231,241321,2014-07-24,Modern Daily #7313310,modern,modern-daily-7313310,modern-daily-7313310-2014-07-24
12,4,Rift Bolt,,Spells,3,1,Burn,nello,85 tix,$ 231,241321,2014-07-24,Modern Daily #7313310,modern,modern-daily-7313310,modern-daily-7313310-2014-07-24
14,20,Mountain,,Lands,3,1,Burn,nello,85 tix,$ 231,241321,2014-07-24,Modern Daily #7313310,modern,modern-daily-7313310,modern-daily-7313310-2014-07-24
16,2,Relic of Progenitus,,Sideboard,3,1,Burn,nello,85 tix,$ 231,241321,2014-07-24,Modern Daily #7313310,modern,modern-daily-7313310,modern-daily-7313310-2014-07-24
17,3,Combust,,Sideboard,3,1,Burn,nello,85 tix,$ 231,241321,2014-07-24,Modern Daily #7313310,modern,modern-daily-7313310,modern-daily-7313310-2014-07-24
18,2,Dragon's Claw,,Sideboard,3,1,Burn,nello,85 tix,$ 231,241321,2014-07-24,Modern Daily #7313310,modern,modern-daily-7313310,modern-daily-7313310-2014-07-24
19,2,Searing Blood,,Sideboard,3,1,Burn,nello,85 tix,$ 231,241321,2014-07-24,Modern Daily #7313310,modern,modern-daily-7313310,modern-daily-7313310-2014-07-24
20,3,Smash to Smithereens,,Sideboard,3,1,Burn,nello,85 tix,$ 231,241321,2014-07-24,Modern Daily #7313310,modern,modern-daily-7313310,modern-daily-7313310-2014-07-24
21,3,Molten Rain,,Sideboard,3,1,Burn,nello,85 tix,$ 231,241321,2014-07-24,Modern Daily #7313310,modern,modern-daily-7313310,modern-daily-7313310-2014-07-24
1,4,Goblin Guide,,Creatures,3,1,Burn,sanukiudon,96 tix,$ 215,241335,2014-07-24,Modern Daily #7313310,modern,modern-daily-7313310,modern-daily-7313310-2014-07-24
2,2,Grim Lavamancer,,Creatures,3,1,Burn,sanukiudon,96 tix,$ 215,241335,2014-07-24,Modern Daily #7313310,modern,modern-daily-7313310,modern-daily-7313310-2014-07-24
3,4,Eidolon of the Great Revel,,Creatures,3,1,Burn,sanukiudon,96 tix,$ 215,241335,2014-07-24,Modern Daily #7313310,modern,modern-daily-7313310,modern-daily-7313310-2014-07-24
5,4,Lava Spike,,Spells,3,1,Burn,sanukiudon,96 tix,$ 215,241335,2014-07-24,Modern Daily #7313310,modern,modern-daily-7313310,modern-daily-7313310-2014-07-24
6,4,Lightning Bolt,,Spells,3,1,Burn,sanukiudon,96 tix,$ 215,241335,2014-07-24,Modern Daily #7313310,modern,modern-daily-7313310,modern-daily-7313310-2014-07-24
7,4,Searing Blaze,,Spells,3,1,Burn,sanukiudon,96 tix,$ 215,241335,2014-07-24,Modern Daily #7313310,modern,modern-daily-7313310,modern-daily-7313310-2014-07-24
8,2,Searing Blood,,Spells,3,1,Burn,sanukiudon,96 tix,$ 215,241335,2014-07-24,Modern Daily #7313310,modern,modern-daily-7313310,modern-daily-7313310-2014-07-24
9,4,Skullcrack,,Spells,3,1,Burn,sanukiudon,96 tix,$ 215,241335,2014-07-24,Modern Daily #7313310,modern,modern-daily-7313310,modern-daily-7313310-2014-07-24
10,4,Flames of the Blood Hand,,Spells,3,1,Burn,sanukiudon,96 tix,$ 215,241335,2014-07-24,Modern Daily #7313310,modern,modern-daily-7313310,modern-daily-7313310-2014-07-24
11,4,Molten Rain,,Spells,3,1,Burn,sanukiudon,96 tix,$ 215,241335,2014-07-24,Modern Daily #7313310,modern,modern-daily-7313310,modern-daily-7313310-2014-07-24
12,4,Rift Bolt,,Spells,3,1,Burn,sanukiudon,96 tix,$ 215,241335,2014-07-24,Modern Daily #7313310,modern,modern-daily-7313310,modern-daily-7313310-2014-07-24
14,20,Mountain,,Lands,3,1,Burn,sanukiudon,96 tix,$ 215,241335,2014-07-24,Modern Daily #7313310,modern,modern-daily-7313310,modern-daily-7313310-2014-07-24
16,2,Forked Bolt,,Sideboard,3,1,Burn,sanukiudon,96 tix,$ 215,241335,2014-07-24,Modern Daily #7313310,modern,modern-daily-7313310,modern-daily-7313310-2014-07-24
17,3,Relic of Progenitus,,Sideboard,3,1,Burn,sanukiudon,96 tix,$ 215,241335,2014-07-24,Modern Daily #7313310,modern,modern-daily-7313310,modern-daily-7313310-2014-07-24
18,3,Combust,,Sideboard,3,1,Burn,sanukiudon,96 tix,$ 215,241335,2014-07-24,Modern Daily #7313310,modern,modern-daily-7313310,modern-daily-7313310-2014-07-24
19,2,Satyr Firedancer,,Sideboard,3,1,Burn,sanukiudon,96 tix,$ 215,241335,2014-07-24,Modern Daily #7313310,modern,modern-daily-7313310,modern-daily-7313310-2014-07-24
20,3,Smash to Smithereens,,Sideboard,3,1,Burn,sanukiudon,96 tix,$ 215,241335,2014-07-24,Modern Daily #7313310,modern,modern-daily-7313310,modern-daily-7313310-2014-07-24
21,2,Dismember,,Sideboard,3,1,Burn,sanukiudon,96 tix,$ 215,241335,2014-07-24,Modern Daily #7313310,modern,modern-daily-7313310,modern-daily-7313310-2014-07-24
1,4,Birds of Paradise,,Creatures,3,1,GW Hatebears,Tiberiu,347 tix,$ 832,241337,2014-07-24,Modern Daily #7313310,modern,modern-daily-7313310,modern-daily-7313310-2014-07-24
2,4,Leonin Arbiter,,Creatures,3,1,GW Hatebears,Tiberiu,347 tix,$ 832,241337,2014-07-24,Modern Daily #7313310,modern,modern-daily-7313310,modern-daily-7313310-2014-07-24
3,3,Scavenging Ooze,,Creatures,3,1,GW Hatebears,Tiberiu,347 tix,$ 832,241337,2014-07-24,Modern Daily #7313310,modern,modern-daily-7313310,modern-daily-7313310-2014-07-24
4,3,"Thalia, Guardian of Thraben",,Creatures,3,1,GW Hatebears,Tiberiu,347 tix,$ 832,241337,2014-07-24,Modern Daily #7313310,modern,modern-daily-7313310,modern-daily-7313310-2014-07-24
5,3,Aven Mindcensor,,Creatures,3,1,GW Hatebears,Tiberiu,347 tix,$ 832,241337,2014-07-24,Modern Daily #7313310,modern,modern-daily-7313310,modern-daily-7313310-2014-07-24
6,4,Blade Splicer,,Creatures,3,1,GW Hatebears,Tiberiu,347 tix,$ 832,241337,2014-07-24,Modern Daily #7313310,modern,modern-daily-7313310,modern-daily-7313310-2014-07-24
7,4,Flickerwisp,,Creatures,3,1,GW Hatebears,Tiberiu,347 tix,$ 832,241337,2014-07-24,Modern Daily #7313310,modern,modern-daily-7313310,modern-daily-7313310-2014-07-24
8,1,"Linvala, Keeper of Silence",,Creatures,3,1,GW Hatebears,Tiberiu,347 tix,$ 832,241337,2014-07-24,Modern Daily #7313310,modern,modern-daily-7313310,modern-daily-7313310-2014-07-24
9,4,Restoration Angel,,Creatures,3,1,GW Hatebears,Tiberiu,347 tix,$ 832,241337,2014-07-24,Modern Daily #7313310,modern,modern-daily-7313310,modern-daily-7313310-2014-07-24
11,4,Path to Exile,,Spells,3,1,GW Hatebears,Tiberiu,347 tix,$ 832,241337,2014-07-24,Modern Daily #7313310,modern,modern-daily-7313310,modern-daily-7313310-2014-07-24
13,4,Aether Vial,,Artifacts,3,1,GW Hatebears,Tiberiu,347 tix,$ 832,241337,2014-07-24,Modern Daily #7313310,modern,modern-daily-7313310,modern-daily-7313310-2014-07-24
15,1,Eiganjo Castle,,Lands,3,1,GW Hatebears,Tiberiu,347 tix,$ 832,241337,2014-07-24,Modern Daily #7313310,modern,modern-daily-7313310,modern-daily-7313310-2014-07-24
16,1,Forest,,Lands,3,1,GW Hatebears,Tiberiu,347 tix,$ 832,241337,2014-07-24,Modern Daily #7313310,modern,modern-daily-7313310,modern-daily-7313310-2014-07-24
17,2,Gavony Township,,Lands,3,1,GW Hatebears,Tiberiu,347 tix,$ 832,241337,2014-07-24,Modern Daily #7313310,modern,modern-daily-7313310,modern-daily-7313310-2014-07-24
18,4,Ghost Quarter,,Lands,3,1,GW Hatebears,Tiberiu,347 tix,$ 832,241337,2014-07-24,Modern Daily #7313310,modern,modern-daily-7313310,modern-daily-7313310-2014-07-24
19,4,Horizon Canopy,,Lands,3,1,GW Hatebears,Tiberiu,347 tix,$ 832,241337,2014-07-24,Modern Daily #7313310,modern,modern-daily-7313310,modern-daily-7313310-2014-07-24
20,2,Plains,,Lands,3,1,GW Hatebears,Tiberiu,347 tix,$ 832,241337,2014-07-24,Modern Daily #7313310,modern,modern-daily-7313310,modern-daily-7313310-2014-07-24
21,4,Razorverge Thicket,,Lands,3,1,GW Hatebears,Tiberiu,347 tix,$ 832,241337,2014-07-24,Modern Daily #7313310,modern,modern-daily-7313310,modern-daily-7313310-2014-07-24
22,4,Temple Garden,,Lands,3,1,GW Hatebears,Tiberiu,347 tix,$ 832,241337,2014-07-24,Modern Daily #7313310,modern,modern-daily-7313310,modern-daily-7313310-2014-07-24
24,1,Gaddock Teeg,,Sideboard,3,1,GW Hatebears,Tiberiu,347 tix,$ 832,241337,2014-07-24,Modern Daily #7313310,modern,modern-daily-7313310,modern-daily-7313310-2014-07-24
25,2,Mark of Asylum,,Sideboard,3,1,GW Hatebears,Tiberiu,347 tix,$ 832,241337,2014-07-24,Modern Daily #7313310,modern,modern-daily-7313310,modern-daily-7313310-2014-07-24
26,2,Qasali Pridemage,,Sideboard,3,1,GW Hatebears,Tiberiu,347 tix,$ 832,241337,2014-07-24,Modern Daily #7313310,modern,modern-daily-7313310,modern-daily-7313310-2014-07-24
27,4,Stony Silence,,Sideboard,3,1,GW Hatebears,Tiberiu,347 tix,$ 832,241337,2014-07-24,Modern Daily #7313310,modern,modern-daily-7313310,modern-daily-7313310-2014-07-24
28,2,Choke,,Sideboard,3,1,GW Hatebears,Tiberiu,347 tix,$ 832,241337,2014-07-24,Modern Daily #7313310,modern,modern-daily-7313310,modern-daily-7313310-2014-07-24
29,2,Crucible of Worlds,,Sideboard,3,1,GW Hatebears,Tiberiu,347 tix,$ 832,241337,2014-07-24,Modern Daily #7313310,modern,modern-daily-7313310,modern-daily-7313310-2014-07-24
30,1,Dismember,,Sideboard,3,1,GW Hatebears,Tiberiu,347 tix,$ 832,241337,2014-07-24,Modern Daily #7313310,modern,modern-daily-7313310,modern-daily-7313310-2014-07-24
31,1,"Linvala, Keeper of Silence",,Sideboard,3,1,GW Hatebears,Tiberiu,347 tix,$ 832,241337,2014-07-24,Modern Daily #7313310,modern,modern-daily-7313310,modern-daily-7313310-2014-07-24
1,4,Dark Confidant,,Creatures,3,1,Jund,GMKiller,622 tix,"$ 2,128",241320,2014-07-24,Modern Daily #7313310,modern,modern-daily-7313310,modern-daily-7313310-2014-07-24
2,3,Scavenging Ooze,,Creatures,3,1,Jund,GMKiller,622 tix,"$ 2,128",241320,2014-07-24,Modern Daily #7313310,modern,modern-daily-7313310,modern-daily-7313310-2014-07-24
3,4,Tarmogoyf,,Creatures,3,1,Jund,GMKiller,622 tix,"$ 2,128",241320,2014-07-24,Modern Daily #7313310,modern,modern-daily-7313310,modern-daily-7313310-2014-07-24
4,2,Huntmaster of the Fells,,Creatures,3,1,Jund,GMKiller,622 tix,"$ 2,128",241320,2014-07-24,Modern Daily #7313310,modern,modern-daily-7313310,modern-daily-7313310-2014-07-24
6,4,Liliana of the Veil,,Planeswalkers,3,1,Jund,GMKiller,622 tix,"$ 2,128",241320,2014-07-24,Modern Daily #7313310,modern,modern-daily-7313310,modern-daily-7313310-2014-07-24
7,1,"Chandra, Pyromaster",,Planeswalkers,3,1,Jund,GMKiller,622 tix,"$ 2,128",241320,2014-07-24,Modern Daily #7313310,modern,modern-daily-7313310,modern-daily-7313310-2014-07-24
9,1,Slaughter Pact,,Spells,3,1,Jund,GMKiller,622 tix,"$ 2,128",241320,2014-07-24,Modern Daily #7313310,modern,modern-daily-7313310,modern-daily-7313310-2014-07-24
10,3,Inquisition of Kozilek,,Spells,3,1,Jund,GMKiller,622 tix,"$ 2,128",241320,2014-07-24,Modern Daily #7313310,modern,modern-daily-7313310,modern-daily-7313310-2014-07-24
11,4,Lightning Bolt,,Spells,3,1,Jund,GMKiller,622 tix,"$ 2,128",241320,2014-07-24,Modern Daily #7313310,modern,modern-daily-7313310,modern-daily-7313310-2014-07-24
12,4,Thoughtseize,,Spells,3,1,Jund,GMKiller,622 tix,"$ 2,128",241320,2014-07-24,Modern Daily #7313310,modern,modern-daily-7313310,modern-daily-7313310-2014-07-24
13,3,Abrupt Decay,,Spells,3,1,Jund,GMKiller,622 tix,"$ 2,128",241320,2014-07-24,Modern Daily #7313310,modern,modern-daily-7313310,modern-daily-7313310-2014-07-24
14,1,Dismember,,Spells,3,1,Jund,GMKiller,622 tix,"$ 2,128",241320,2014-07-24,Modern Daily #7313310,modern,modern-daily-7313310,modern-daily-7313310-2014-07-24
15,1,Jund Charm,,Spells,3,1,Jund,GMKiller,622 tix,"$ 2,128",241320,2014-07-24,Modern Daily #7313310,modern,modern-daily-7313310,modern-daily-7313310-2014-07-24
16,1,Maelstrom Pulse,,Spells,3,1,Jund,GMKiller,622 tix,"$ 2,128",241320,2014-07-24,Modern Daily #7313310,modern,modern-daily-7313310,modern-daily-7313310-2014-07-24
18,4,Blackcleave Cliffs,,Lands,3,1,Jund,GMKiller,622 tix,"$ 2,128",241320,2014-07-24,Modern Daily #7313310,modern,modern-daily-7313310,modern-daily-7313310-2014-07-24
19,1,Blood Crypt,,Lands,3,1,Jund,GMKiller,622 tix,"$ 2,128",241320,2014-07-24,Modern Daily #7313310,modern,modern-daily-7313310,modern-daily-7313310-2014-07-24
20,1,Forest,,Lands,3,1,Jund,GMKiller,622 tix,"$ 2,128",241320,2014-07-24,Modern Daily #7313310,modern,modern-daily-7313310,modern-daily-7313310-2014-07-24
21,1,Grove of the Burnwillows,,Lands,3,1,Jund,GMKiller,622 tix,"$ 2,128",241320,2014-07-24,Modern Daily #7313310,modern,modern-daily-7313310,modern-daily-7313310-2014-07-24
22,2,Marsh Flats,,Lands,3,1,Jund,GMKiller,622 tix,"$ 2,128",241320,2014-07-24,Modern Daily #7313310,modern,modern-daily-7313310,modern-daily-7313310-2014-07-24
23,1,Misty Rainforest,,Lands,3,1,Jund,GMKiller,622 tix,"$ 2,128",241320,2014-07-24,Modern Daily #7313310,modern,modern-daily-7313310,modern-daily-7313310-2014-07-24
24,2,Overgrown Tomb,,Lands,3,1,Jund,GMKiller,622 tix,"$ 2,128",241320,2014-07-24,Modern Daily #7313310,modern,modern-daily-7313310,modern-daily-7313310-2014-07-24
25,3,Raging Ravine,,Lands,3,1,Jund,GMKiller,622 tix,"$ 2,128",241320,2014-07-24,Modern Daily #7313310,modern,modern-daily-7313310,modern-daily-7313310-2014-07-24
26,1,Stomping Ground,,Lands,3,1,Jund,GMKiller,622 tix,"$ 2,128",241320,2014-07-24,Modern Daily #7313310,modern,modern-daily-7313310,modern-daily-7313310-2014-07-24
27,2,Swamp,,Lands,3,1,Jund,GMKiller,622 tix,"$ 2,128",241320,2014-07-24,Modern Daily #7313310,modern,modern-daily-7313310,modern-daily-7313310-2014-07-24
28,1,Treetop Village,,Lands,3,1,Jund,GMKiller,622 tix,"$ 2,128",241320,2014-07-24,Modern Daily #7313310,modern,modern-daily-7313310,modern-daily-7313310-2014-07-24
29,1,Twilight Mire,,Lands,3,1,Jund,GMKiller,622 tix,"$ 2,128",241320,2014-07-24,Modern Daily #7313310,modern,modern-daily-7313310,modern-daily-7313310-2014-07-24
30,4,Verdant Catacombs,,Lands,3,1,Jund,GMKiller,622 tix,"$ 2,128",241320,2014-07-24,Modern Daily #7313310,modern,modern-daily-7313310,modern-daily-7313310-2014-07-24
32,1,Grafdigger's Cage,,Sideboard,3,1,Jund,GMKiller,622 tix,"$ 2,128",241320,2014-07-24,Modern Daily #7313310,modern,modern-daily-7313310,modern-daily-7313310-2014-07-24
33,2,Ancient Grudge,,Sideboard,3,1,Jund,GMKiller,622 tix,"$ 2,128",241320,2014-07-24,Modern Daily #7313310,modern,modern-daily-7313310,modern-daily-7313310-2014-07-24
34,1,Rakdos Charm,,Sideboard,3,1,Jund,GMKiller,622 tix,"$ 2,128",241320,2014-07-24,Modern Daily #7313310,modern,modern-daily-7313310,modern-daily-7313310-2014-07-24
35,1,Unravel the Aether,,Sideboard,3,1,Jund,GMKiller,622 tix,"$ 2,128",241320,2014-07-24,Modern Daily #7313310,modern,modern-daily-7313310,modern-daily-7313310-2014-07-24
36,3,Anger of the Gods,,Sideboard,3,1,Jund,GMKiller,622 tix,"$ 2,128",241320,2014-07-24,Modern Daily #7313310,modern,modern-daily-7313310,modern-daily-7313310-2014-07-24
37,1,Bow of Nylea,,Sideboard,3,1,Jund,GMKiller,622 tix,"$ 2,128",241320,2014-07-24,Modern Daily #7313310,modern,modern-daily-7313310,modern-daily-7313310-2014-07-24
38,3,Fulminator Mage,,Sideboard,3,1,Jund,GMKiller,622 tix,"$ 2,128",241320,2014-07-24,Modern Daily #7313310,modern,modern-daily-7313310,modern-daily-7313310-2014-07-24
39,1,Shatterstorm,,Sideboard,3,1,Jund,GMKiller,622 tix,"$ 2,128",241320,2014-07-24,Modern Daily #7313310,modern,modern-daily-7313310,modern-daily-7313310-2014-07-24
40,1,Slaughter Games,,Sideboard,3,1,Jund,GMKiller,622 tix,"$ 2,128",241320,2014-07-24,Modern Daily #7313310,modern,modern-daily-7313310,modern-daily-7313310-2014-07-24
41,1,Batterskull,,Sideboard,3,1,Jund,GMKiller,622 tix,"$ 2,128",241320,2014-07-24,Modern Daily #7313310,modern,modern-daily-7313310,modern-daily-7313310-2014-07-24
1,4,Dark Confidant,,Creatures,3,1,Jund,_Batutinha_,620 tix,"$ 2,143",241322,2014-07-24,Modern Daily #7313310,modern,modern-daily-7313310,modern-daily-7313310-2014-07-24
2,4,Scavenging Ooze,,Creatures,3,1,Jund,_Batutinha_,620 tix,"$ 2,143",241322,2014-07-24,Modern Daily #7313310,modern,modern-daily-7313310,modern-daily-7313310-2014-07-24
3,4,Tarmogoyf,,Creatures,3,1,Jund,_Batutinha_,620 tix,"$ 2,143",241322,2014-07-24,Modern Daily #7313310,modern,modern-daily-7313310,modern-daily-7313310-2014-07-24
4,1,"Thrun, the Last Troll",,Creatures,3,1,Jund,_Batutinha_,620 tix,"$ 2,143",241322,2014-07-24,Modern Daily #7313310,modern,modern-daily-7313310,modern-daily-7313310-2014-07-24
6,4,Liliana of the Veil,,Planeswalkers,3,1,Jund,_Batutinha_,620 tix,"$ 2,143",241322,2014-07-24,Modern Daily #7313310,modern,modern-daily-7313310,modern-daily-7313310-2014-07-24
7,1,"Chandra, Pyromaster",,Planeswalkers,3,1,Jund,_Batutinha_,620 tix,"$ 2,143",241322,2014-07-24,Modern Daily #7313310,modern,modern-daily-7313310,modern-daily-7313310-2014-07-24
9,2,Slaughter Pact,,Spells,3,1,Jund,_Batutinha_,620 tix,"$ 2,143",241322,2014-07-24,Modern Daily #7313310,modern,modern-daily-7313310,modern-daily-7313310-2014-07-24
10,4,Inquisition of Kozilek,,Spells,3,1,Jund,_Batutinha_,620 tix,"$ 2,143",241322,2014-07-24,Modern Daily #7313310,modern,modern-daily-7313310,modern-daily-7313310-2014-07-24
11,3,Thoughtseize,,Spells,3,1,Jund,_Batutinha_,620 tix,"$ 2,143",241322,2014-07-24,Modern Daily #7313310,modern,modern-daily-7313310,modern-daily-7313310-2014-07-24
12,4,Abrupt Decay,,Spells,3,1,Jund,_Batutinha_,620 tix,"$ 2,143",241322,2014-07-24,Modern Daily #7313310,modern,modern-daily-7313310,modern-daily-7313310-2014-07-24
13,1,Terminate,,Spells,3,1,Jund,_Batutinha_,620 tix,"$ 2,143",241322,2014-07-24,Modern Daily #7313310,modern,modern-daily-7313310,modern-daily-7313310-2014-07-24
14,2,Dismember,,Spells,3,1,Jund,_Batutinha_,620 tix,"$ 2,143",241322,2014-07-24,Modern Daily #7313310,modern,modern-daily-7313310,modern-daily-7313310-2014-07-24
15,1,Maelstrom Pulse,,Spells,3,1,Jund,_Batutinha_,620 tix,"$ 2,143",241322,2014-07-24,Modern Daily #7313310,modern,modern-daily-7313310,modern-daily-7313310-2014-07-24
17,4,Blackcleave Cliffs,,Lands,3,1,Jund,_Batutinha_,620 tix,"$ 2,143",241322,2014-07-24,Modern Daily #7313310,modern,modern-daily-7313310,modern-daily-7313310-2014-07-24
18,1,Blood Crypt,,Lands,3,1,Jund,_Batutinha_,620 tix,"$ 2,143",241322,2014-07-24,Modern Daily #7313310,modern,modern-daily-7313310,modern-daily-7313310-2014-07-24
19,1,Fire-Lit Thicket,,Lands,3,1,Jund,_Batutinha_,620 tix,"$ 2,143",241322,2014-07-24,Modern Daily #7313310,modern,modern-daily-7313310,modern-daily-7313310-2014-07-24
20,2,Forest,,Lands,3,1,Jund,_Batutinha_,620 tix,"$ 2,143",241322,2014-07-24,Modern Daily #7313310,modern,modern-daily-7313310,modern-daily-7313310-2014-07-24
21,2,Marsh Flats,,Lands,3,1,Jund,_Batutinha_,620 tix,"$ 2,143",241322,2014-07-24,Modern Daily #7313310,modern,modern-daily-7313310,modern-daily-7313310-2014-07-24
22,1,Misty Rainforest,,Lands,3,1,Jund,_Batutinha_,620 tix,"$ 2,143",241322,2014-07-24,Modern Daily #7313310,modern,modern-daily-7313310,modern-daily-7313310-2014-07-24
23,1,Overgrown Tomb,,Lands,3,1,Jund,_Batutinha_,620 tix,"$ 2,143",241322,2014-07-24,Modern Daily #7313310,modern,modern-daily-7313310,modern-daily-7313310-2014-07-24
24,3,Raging Ravine,,Lands,3,1,Jund,_Batutinha_,620 tix,"$ 2,143",241322,2014-07-24,Modern Daily #7313310,modern,modern-daily-7313310,modern-daily-7313310-2014-07-24
25,1,Stomping Ground,,Lands,3,1,Jund,_Batutinha_,620 tix,"$ 2,143",241322,2014-07-24,Modern Daily #7313310,modern,modern-daily-7313310,modern-daily-7313310-2014-07-24
26,2,Swamp,,Lands,3,1,Jund,_Batutinha_,620 tix,"$ 2,143",241322,2014-07-24,Modern Daily #7313310,modern,modern-daily-7313310,modern-daily-7313310-2014-07-24
27,1,Treetop Village,,Lands,3,1,Jund,_Batutinha_,620 tix,"$ 2,143",241322,2014-07-24,Modern Daily #7313310,modern,modern-daily-7313310,modern-daily-7313310-2014-07-24
28,1,Twilight Mire,,Lands,3,1,Jund,_Batutinha_,620 tix,"$ 2,143",241322,2014-07-24,Modern Daily #7313310,modern,modern-daily-7313310,modern-daily-7313310-2014-07-24
29,4,Verdant Catacombs,,Lands,3,1,Jund,_Batutinha_,620 tix,"$ 2,143",241322,2014-07-24,Modern Daily #7313310,modern,modern-daily-7313310,modern-daily-7313310-2014-07-24
30,1,Woodland Cemetery,,Lands,3,1,Jund,_Batutinha_,620 tix,"$ 2,143",241322,2014-07-24,Modern Daily #7313310,modern,modern-daily-7313310,modern-daily-7313310-2014-07-24
32,1,Thoughtseize,,Sideboard,3,1,Jund,_Batutinha_,620 tix,"$ 2,143",241322,2014-07-24,Modern Daily #7313310,modern,modern-daily-7313310,modern-daily-7313310-2014-07-24
33,2,Ancient Grudge,,Sideboard,3,1,Jund,_Batutinha_,620 tix,"$ 2,143",241322,2014-07-24,Modern Daily #7313310,modern,modern-daily-7313310,modern-daily-7313310-2014-07-24
34,1,Unravel the Aether,,Sideboard,3,1,Jund,_Batutinha_,620 tix,"$ 2,143",241322,2014-07-24,Modern Daily #7313310,modern,modern-daily-7313310,modern-daily-7313310-2014-07-24
35,3,Anger of the Gods,,Sideboard,3,1,Jund,_Batutinha_,620 tix,"$ 2,143",241322,2014-07-24,Modern Daily #7313310,modern,modern-daily-7313310,modern-daily-7313310-2014-07-24
36,3,Fulminator Mage,,Sideboard,3,1,Jund,_Batutinha_,620 tix,"$ 2,143",241322,2014-07-24,Modern Daily #7313310,modern,modern-daily-7313310,modern-daily-7313310-2014-07-24
37,1,Olivia Voldaren,,Sideboard,3,1,Jund,_Batutinha_,620 tix,"$ 2,143",241322,2014-07-24,Modern Daily #7313310,modern,modern-daily-7313310,modern-daily-7313310-2014-07-24
38,2,Slaughter Games,,Sideboard,3,1,Jund,_Batutinha_,620 tix,"$ 2,143",241322,2014-07-24,Modern Daily #7313310,modern,modern-daily-7313310,modern-daily-7313310-2014-07-24
39,1,"Thrun, the Last Troll",,Sideboard,3,1,Jund,_Batutinha_,620 tix,"$ 2,143",241322,2014-07-24,Modern Daily #7313310,modern,modern-daily-7313310,modern-daily-7313310-2014-07-24
40,1,Batterskull,,Sideboard,3,1,Jund,_Batutinha_,620 tix,"$ 2,143",241322,2014-07-24,Modern Daily #7313310,modern,modern-daily-7313310,modern-daily-7313310-2014-07-24
1,4,Dark Confidant,,Creatures,3,1,Jund,hakudou,598 tix,"$ 2,122",241333,2014-07-24,Modern Daily #7313310,modern,modern-daily-7313310,modern-daily-7313310-2014-07-24
2,3,Scavenging Ooze,,Creatures,3,1,Jund,hakudou,598 tix,"$ 2,122",241333,2014-07-24,Modern Daily #7313310,modern,modern-daily-7313310,modern-daily-7313310-2014-07-24
3,4,Tarmogoyf,,Creatures,3,1,Jund,hakudou,598 tix,"$ 2,122",241333,2014-07-24,Modern Daily #7313310,modern,modern-daily-7313310,modern-daily-7313310-2014-07-24
4,2,Fulminator Mage,,Creatures,3,1,Jund,hakudou,598 tix,"$ 2,122",241333,2014-07-24,Modern Daily #7313310,modern,modern-daily-7313310,modern-daily-7313310-2014-07-24
5,2,Huntmaster of the Fells,,Creatures,3,1,Jund,hakudou,598 tix,"$ 2,122",241333,2014-07-24,Modern Daily #7313310,modern,modern-daily-7313310,modern-daily-7313310-2014-07-24
7,3,Liliana of the Veil,,Planeswalkers,3,1,Jund,hakudou,598 tix,"$ 2,122",241333,2014-07-24,Modern Daily #7313310,modern,modern-daily-7313310,modern-daily-7313310-2014-07-24
8,1,"Chandra, Pyromaster",,Planeswalkers,3,1,Jund,hakudou,598 tix,"$ 2,122",241333,2014-07-24,Modern Daily #7313310,modern,modern-daily-7313310,modern-daily-7313310-2014-07-24
10,4,Inquisition of Kozilek,,Spells,3,1,Jund,hakudou,598 tix,"$ 2,122",241333,2014-07-24,Modern Daily #7313310,modern,modern-daily-7313310,modern-daily-7313310-2014-07-24
11,4,Lightning Bolt,,Spells,3,1,Jund,hakudou,598 tix,"$ 2,122",241333,2014-07-24,Modern Daily #7313310,modern,modern-daily-7313310,modern-daily-7313310-2014-07-24
12,3,Thoughtseize,,Spells,3,1,Jund,hakudou,598 tix,"$ 2,122",241333,2014-07-24,Modern Daily #7313310,modern,modern-daily-7313310,modern-daily-7313310-2014-07-24
13,3,Abrupt Decay,,Spells,3,1,Jund,hakudou,598 tix,"$ 2,122",241333,2014-07-24,Modern Daily #7313310,modern,modern-daily-7313310,modern-daily-7313310-2014-07-24
14,2,Doom Blade,,Spells,3,1,Jund,hakudou,598 tix,"$ 2,122",241333,2014-07-24,Modern Daily #7313310,modern,modern-daily-7313310,modern-daily-7313310-2014-07-24
15,1,Maelstrom Pulse,,Spells,3,1,Jund,hakudou,598 tix,"$ 2,122",241333,2014-07-24,Modern Daily #7313310,modern,modern-daily-7313310,modern-daily-7313310-2014-07-24
17,3,Blackcleave Cliffs,,Lands,3,1,Jund,hakudou,598 tix,"$ 2,122",241333,2014-07-24,Modern Daily #7313310,modern,modern-daily-7313310,modern-daily-7313310-2014-07-24
18,2,Blood Crypt,,Lands,3,1,Jund,hakudou,598 tix,"$ 2,122",241333,2014-07-24,Modern Daily #7313310,modern,modern-daily-7313310,modern-daily-7313310-2014-07-24
19,2,Forest,,Lands,3,1,Jund,hakudou,598 tix,"$ 2,122",241333,2014-07-24,Modern Daily #7313310,modern,modern-daily-7313310,modern-daily-7313310-2014-07-24
20,3,Marsh Flats,,Lands,3,1,Jund,hakudou,598 tix,"$ 2,122",241333,2014-07-24,Modern Daily #7313310,modern,modern-daily-7313310,modern-daily-7313310-2014-07-24
21,1,Misty Rainforest,,Lands,3,1,Jund,hakudou,598 tix,"$ 2,122",241333,2014-07-24,Modern Daily #7313310,modern,modern-daily-7313310,modern-daily-7313310-2014-07-24
22,2,Overgrown Tomb,,Lands,3,1,Jund,hakudou,598 tix,"$ 2,122",241333,2014-07-24,Modern Daily #7313310,modern,modern-daily-7313310,modern-daily-7313310-2014-07-24
23,2,Raging Ravine,,Lands,3,1,Jund,hakudou,598 tix,"$ 2,122",241333,2014-07-24,Modern Daily #7313310,modern,modern-daily-7313310,modern-daily-7313310-2014-07-24
24,1,Stomping Ground,,Lands,3,1,Jund,hakudou,598 tix,"$ 2,122",241333,2014-07-24,Modern Daily #7313310,modern,modern-daily-7313310,modern-daily-7313310-2014-07-24
25,1,Swamp,,Lands,3,1,Jund,hakudou,598 tix,"$ 2,122",241333,2014-07-24,Modern Daily #7313310,modern,modern-daily-7313310,modern-daily-7313310-2014-07-24
26,2,Treetop Village,,Lands,3,1,Jund,hakudou,598 tix,"$ 2,122",241333,2014-07-24,Modern Daily #7313310,modern,modern-daily-7313310,modern-daily-7313310-2014-07-24
27,1,Twilight Mire,,Lands,3,1,Jund,hakudou,598 tix,"$ 2,122",241333,2014-07-24,Modern Daily #7313310,modern,modern-daily-7313310,modern-daily-7313310-2014-07-24
28,4,Verdant Catacombs,,Lands,3,1,Jund,hakudou,598 tix,"$ 2,122",241333,2014-07-24,Modern Daily #7313310,modern,modern-daily-7313310,modern-daily-7313310-2014-07-24
30,1,Thoughtseize,,Sideboard,3,1,Jund,hakudou,598 tix,"$ 2,122",241333,2014-07-24,Modern Daily #7313310,modern,modern-daily-7313310,modern-daily-7313310-2014-07-24
31,1,Abrupt Decay,,Sideboard,3,1,Jund,hakudou,598 tix,"$ 2,122",241333,2014-07-24,Modern Daily #7313310,modern,modern-daily-7313310,modern-daily-7313310-2014-07-24
32,2,Ancient Grudge,,Sideboard,3,1,Jund,hakudou,598 tix,"$ 2,122",241333,2014-07-24,Modern Daily #7313310,modern,modern-daily-7313310,modern-daily-7313310-2014-07-24
33,1,Golgari Charm,,Sideboard,3,1,Jund,hakudou,598 tix,"$ 2,122",241333,2014-07-24,Modern Daily #7313310,modern,modern-daily-7313310,modern-daily-7313310-2014-07-24
34,2,Anger of the Gods,,Sideboard,3,1,Jund,hakudou,598 tix,"$ 2,122",241333,2014-07-24,Modern Daily #7313310,modern,modern-daily-7313310,modern-daily-7313310-2014-07-24
35,1,Fulminator Mage,,Sideboard,3,1,Jund,hakudou,598 tix,"$ 2,122",241333,2014-07-24,Modern Daily #7313310,modern,modern-daily-7313310,modern-daily-7313310-2014-07-24
36,2,Lifebane Zombie,,Sideboard,3,1,Jund,hakudou,598 tix,"$ 2,122",241333,2014-07-24,Modern Daily #7313310,modern,modern-daily-7313310,modern-daily-7313310-2014-07-24
37,1,Liliana of the Veil,,Sideboard,3,1,Jund,hakudou,598 tix,"$ 2,122",241333,2014-07-24,Modern Daily #7313310,modern,modern-daily-7313310,modern-daily-7313310-2014-07-24
38,1,Maelstrom Pulse,,Sideboard,3,1,Jund,hakudou,598 tix,"$ 2,122",241333,2014-07-24,Modern Daily #7313310,modern,modern-daily-7313310,modern-daily-7313310-2014-07-24
39,2,Olivia Voldaren,,Sideboard,3,1,Jund,hakudou,598 tix,"$ 2,122",241333,2014-07-24,Modern Daily #7313310,modern,modern-daily-7313310,modern-daily-7313310-2014-07-24
40,1,"Thrun, the Last Troll",,Sideboard,3,1,Jund,hakudou,598 tix,"$ 2,122",241333,2014-07-24,Modern Daily #7313310,modern,modern-daily-7313310,modern-daily-7313310-2014-07-24
1,4,Dark Confidant,,Creatures,3,1,Junk,FuriousAnger,586 tix,"$ 1,896",241323,2014-07-24,Modern Daily #7313310,modern,modern-daily-7313310,modern-daily-7313310-2014-07-24
2,3,Scavenging Ooze,,Creatures,3,1,Junk,FuriousAnger,586 tix,"$ 1,896",241323,2014-07-24,Modern Daily #7313310,modern,modern-daily-7313310,modern-daily-7313310-2014-07-24
3,4,Tarmogoyf,,Creatures,3,1,Junk,FuriousAnger,586 tix,"$ 1,896",241323,2014-07-24,Modern Daily #7313310,modern,modern-daily-7313310,modern-daily-7313310-2014-07-24
5,4,Liliana of the Veil,,Planeswalkers,3,1,Junk,FuriousAnger,586 tix,"$ 1,896",241323,2014-07-24,Modern Daily #7313310,modern,modern-daily-7313310,modern-daily-7313310-2014-07-24
6,1,"Sorin, Lord of Innistrad",,Planeswalkers,3,1,Junk,FuriousAnger,586 tix,"$ 1,896",241323,2014-07-24,Modern Daily #7313310,modern,modern-daily-7313310,modern-daily-7313310-2014-07-24
8,1,Slaughter Pact,,Spells,3,1,Junk,FuriousAnger,586 tix,"$ 1,896",241323,2014-07-24,Modern Daily #7313310,modern,modern-daily-7313310,modern-daily-7313310-2014-07-24
9,4,Inquisition of Kozilek,,Spells,3,1,Junk,FuriousAnger,586 tix,"$ 1,896",241323,2014-07-24,Modern Daily #7313310,modern,modern-daily-7313310,modern-daily-7313310-2014-07-24
10,3,Thoughtseize,,Spells,3,1,Junk,FuriousAnger,586 tix,"$ 1,896",241323,2014-07-24,Modern Daily #7313310,modern,modern-daily-7313310,modern-daily-7313310-2014-07-24
11,4,Abrupt Decay,,Spells,3,1,Junk,FuriousAnger,586 tix,"$ 1,896",241323,2014-07-24,Modern Daily #7313310,modern,modern-daily-7313310,modern-daily-7313310-2014-07-24
12,2,Dismember,,Spells,3,1,Junk,FuriousAnger,586 tix,"$ 1,896",241323,2014-07-24,Modern Daily #7313310,modern,modern-daily-7313310,modern-daily-7313310-2014-07-24
13,4,Lingering Souls,,Spells,3,1,Junk,FuriousAnger,586 tix,"$ 1,896",241323,2014-07-24,Modern Daily #7313310,modern,modern-daily-7313310,modern-daily-7313310-2014-07-24
14,2,Maelstrom Pulse,,Spells,3,1,Junk,FuriousAnger,586 tix,"$ 1,896",241323,2014-07-24,Modern Daily #7313310,modern,modern-daily-7313310,modern-daily-7313310-2014-07-24
16,1,Forest,,Lands,3,1,Junk,FuriousAnger,586 tix,"$ 1,896",241323,2014-07-24,Modern Daily #7313310,modern,modern-daily-7313310,modern-daily-7313310-2014-07-24
17,1,Godless Shrine,,Lands,3,1,Junk,FuriousAnger,586 tix,"$ 1,896",241323,2014-07-24,Modern Daily #7313310,modern,modern-daily-7313310,modern-daily-7313310-2014-07-24
18,3,Marsh Flats,,Lands,3,1,Junk,FuriousAnger,586 tix,"$ 1,896",241323,2014-07-24,Modern Daily #7313310,modern,modern-daily-7313310,modern-daily-7313310-2014-07-24
19,2,Overgrown Tomb,,Lands,3,1,Junk,FuriousAnger,586 tix,"$ 1,896",241323,2014-07-24,Modern Daily #7313310,modern,modern-daily-7313310,modern-daily-7313310-2014-07-24
20,2,Swamp,,Lands,3,1,Junk,FuriousAnger,586 tix,"$ 1,896",241323,2014-07-24,Modern Daily #7313310,modern,modern-daily-7313310,modern-daily-7313310-2014-07-24
21,4,Tectonic Edge,,Lands,3,1,Junk,FuriousAnger,586 tix,"$ 1,896",241323,2014-07-24,Modern Daily #7313310,modern,modern-daily-7313310,modern-daily-7313310-2014-07-24
22,1,Temple Garden,,Lands,3,1,Junk,FuriousAnger,586 tix,"$ 1,896",241323,2014-07-24,Modern Daily #7313310,modern,modern-daily-7313310,modern-daily-7313310-2014-07-24
23,3,Treetop Village,,Lands,3,1,Junk,FuriousAnger,586 tix,"$ 1,896",241323,2014-07-24,Modern Daily #7313310,modern,modern-daily-7313310,modern-daily-7313310-2014-07-24
24,1,Twilight Mire,,Lands,3,1,Junk,FuriousAnger,586 tix,"$ 1,896",241323,2014-07-24,Modern Daily #7313310,modern,modern-daily-7313310,modern-daily-7313310-2014-07-24
25,1,"Urborg, Tomb of Yawgmoth",,Lands,3,1,Junk,FuriousAnger,586 tix,"$ 1,896",241323,2014-07-24,Modern Daily #7313310,modern,modern-daily-7313310,modern-daily-7313310-2014-07-24
26,4,Verdant Catacombs,,Lands,3,1,Junk,FuriousAnger,586 tix,"$ 1,896",241323,2014-07-24,Modern Daily #7313310,modern,modern-daily-7313310,modern-daily-7313310-2014-07-24
27,1,Woodland Cemetery,,Lands,3,1,Junk,FuriousAnger,586 tix,"$ 1,896",241323,2014-07-24,Modern Daily #7313310,modern,modern-daily-7313310,modern-daily-7313310-2014-07-24
29,2,Grafdigger's Cage,,Sideboard,3,1,Junk,FuriousAnger,586 tix,"$ 1,896",241323,2014-07-24,Modern Daily #7313310,modern,modern-daily-7313310,modern-daily-7313310-2014-07-24
30,2,Golgari Charm,,Sideboard,3,1,Junk,FuriousAnger,586 tix,"$ 1,896",241323,2014-07-24,Modern Daily #7313310,modern,modern-daily-7313310,modern-daily-7313310-2014-07-24
31,2,Stony Silence,,Sideboard,3,1,Junk,FuriousAnger,586 tix,"$ 1,896",241323,2014-07-24,Modern Daily #7313310,modern,modern-daily-7313310,modern-daily-7313310-2014-07-24
32,1,Drown in Sorrow,,Sideboard,3,1,Junk,FuriousAnger,586 tix,"$ 1,896",241323,2014-07-24,Modern Daily #7313310,modern,modern-daily-7313310,modern-daily-7313310-2014-07-24
33,3,Fulminator Mage,,Sideboard,3,1,Junk,FuriousAnger,586 tix,"$ 1,896",241323,2014-07-24,Modern Daily #7313310,modern,modern-daily-7313310,modern-daily-7313310-2014-07-24
34,2,Creeping Corrosion,,Sideboard,3,1,Junk,FuriousAnger,586 tix,"$ 1,896",241323,2014-07-24,Modern Daily #7313310,modern,modern-daily-7313310,modern-daily-7313310-2014-07-24
35,1,Obstinate Baloth,,Sideboard,3,1,Junk,FuriousAnger,586 tix,"$ 1,896",241323,2014-07-24,Modern Daily #7313310,modern,modern-daily-7313310,modern-daily-7313310-2014-07-24
36,1,"Thrun, the Last Troll",,Sideboard,3,1,Junk,FuriousAnger,586 tix,"$ 1,896",241323,2014-07-24,Modern Daily #7313310,modern,modern-daily-7313310,modern-daily-7313310-2014-07-24
37,1,Batterskull,,Sideboard,3,1,Junk,FuriousAnger,586 tix,"$ 1,896",241323,2014-07-24,Modern Daily #7313310,modern,modern-daily-7313310,modern-daily-7313310-2014-07-24
1,4,Dark Confidant,,Creatures,3,1,Junk,dancingjesus102,583 tix,"$ 1,900",241334,2014-07-24,Modern Daily #7313310,modern,modern-daily-7313310,modern-daily-7313310-2014-07-24
2,3,Scavenging Ooze,,Creatures,3,1,Junk,dancingjesus102,583 tix,"$ 1,900",241334,2014-07-24,Modern Daily #7313310,modern,modern-daily-7313310,modern-daily-7313310-2014-07-24
3,4,Tarmogoyf,,Creatures,3,1,Junk,dancingjesus102,583 tix,"$ 1,900",241334,2014-07-24,Modern Daily #7313310,modern,modern-daily-7313310,modern-daily-7313310-2014-07-24
5,3,Liliana of the Veil,,Planeswalkers,3,1,Junk,dancingjesus102,583 tix,"$ 1,900",241334,2014-07-24,Modern Daily #7313310,modern,modern-daily-7313310,modern-daily-7313310-2014-07-24
6,1,Garruk Wildspeaker,,Planeswalkers,3,1,Junk,dancingjesus102,583 tix,"$ 1,900",241334,2014-07-24,Modern Daily #7313310,modern,modern-daily-7313310,modern-daily-7313310-2014-07-24
8,1,Slaughter Pact,,Spells,3,1,Junk,dancingjesus102,583 tix,"$ 1,900",241334,2014-07-24,Modern Daily #7313310,modern,modern-daily-7313310,modern-daily-7313310-2014-07-24
9,3,Inquisition of Kozilek,,Spells,3,1,Junk,dancingjesus102,583 tix,"$ 1,900",241334,2014-07-24,Modern Daily #7313310,modern,modern-daily-7313310,modern-daily-7313310-2014-07-24
10,4,Thoughtseize,,Spells,3,1,Junk,dancingjesus102,583 tix,"$ 1,900",241334,2014-07-24,Modern Daily #7313310,modern,modern-daily-7313310,modern-daily-7313310-2014-07-24
11,4,Abrupt Decay,,Spells,3,1,Junk,dancingjesus102,583 tix,"$ 1,900",241334,2014-07-24,Modern Daily #7313310,modern,modern-daily-7313310,modern-daily-7313310-2014-07-24
12,2,Dismember,,Spells,3,1,Junk,dancingjesus102,583 tix,"$ 1,900",241334,2014-07-24,Modern Daily #7313310,modern,modern-daily-7313310,modern-daily-7313310-2014-07-24
13,4,Lingering Souls,,Spells,3,1,Junk,dancingjesus102,583 tix,"$ 1,900",241334,2014-07-24,Modern Daily #7313310,modern,modern-daily-7313310,modern-daily-7313310-2014-07-24
14,2,Maelstrom Pulse,,Spells,3,1,Junk,dancingjesus102,583 tix,"$ 1,900",241334,2014-07-24,Modern Daily #7313310,modern,modern-daily-7313310,modern-daily-7313310-2014-07-24
16,1,Forest,,Lands,3,1,Junk,dancingjesus102,583 tix,"$ 1,900",241334,2014-07-24,Modern Daily #7313310,modern,modern-daily-7313310,modern-daily-7313310-2014-07-24
17,1,Godless Shrine,,Lands,3,1,Junk,dancingjesus102,583 tix,"$ 1,900",241334,2014-07-24,Modern Daily #7313310,modern,modern-daily-7313310,modern-daily-7313310-2014-07-24
18,4,Marsh Flats,,Lands,3,1,Junk,dancingjesus102,583 tix,"$ 1,900",241334,2014-07-24,Modern Daily #7313310,modern,modern-daily-7313310,modern-daily-7313310-2014-07-24
19,2,Overgrown Tomb,,Lands,3,1,Junk,dancingjesus102,583 tix,"$ 1,900",241334,2014-07-24,Modern Daily #7313310,modern,modern-daily-7313310,modern-daily-7313310-2014-07-24
20,2,Stirring Wildwood,,Lands,3,1,Junk,dancingjesus102,583 tix,"$ 1,900",241334,2014-07-24,Modern Daily #7313310,modern,modern-daily-7313310,modern-daily-7313310-2014-07-24
21,2,Swamp,,Lands,3,1,Junk,dancingjesus102,583 tix,"$ 1,900",241334,2014-07-24,Modern Daily #7313310,modern,modern-daily-7313310,modern-daily-7313310-2014-07-24
22,4,Tectonic Edge,,Lands,3,1,Junk,dancingjesus102,583 tix,"$ 1,900",241334,2014-07-24,Modern Daily #7313310,modern,modern-daily-7313310,modern-daily-7313310-2014-07-24
23,1,Temple Garden,,Lands,3,1,Junk,dancingjesus102,583 tix,"$ 1,900",241334,2014-07-24,Modern Daily #7313310,modern,modern-daily-7313310,modern-daily-7313310-2014-07-24
24,2,Treetop Village,,Lands,3,1,Junk,dancingjesus102,583 tix,"$ 1,900",241334,2014-07-24,Modern Daily #7313310,modern,modern-daily-7313310,modern-daily-7313310-2014-07-24
25,1,Twilight Mire,,Lands,3,1,Junk,dancingjesus102,583 tix,"$ 1,900",241334,2014-07-24,Modern Daily #7313310,modern,modern-daily-7313310,modern-daily-7313310-2014-07-24
26,1,"Urborg, Tomb of Yawgmoth",,Lands,3,1,Junk,dancingjesus102,583 tix,"$ 1,900",241334,2014-07-24,Modern Daily #7313310,modern,modern-daily-7313310,modern-daily-7313310-2014-07-24
27,4,Verdant Catacombs,,Lands,3,1,Junk,dancingjesus102,583 tix,"$ 1,900",241334,2014-07-24,Modern Daily #7313310,modern,modern-daily-7313310,modern-daily-7313310-2014-07-24
29,1,Engineered Explosives,,Sideboard,3,1,Junk,dancingjesus102,583 tix,"$ 1,900",241334,2014-07-24,Modern Daily #7313310,modern,modern-daily-7313310,modern-daily-7313310-2014-07-24
30,2,Grafdigger's Cage,,Sideboard,3,1,Junk,dancingjesus102,583 tix,"$ 1,900",241334,2014-07-24,Modern Daily #7313310,modern,modern-daily-7313310,modern-daily-7313310-2014-07-24
31,1,Spellskite,,Sideboard,3,1,Junk,dancingjesus102,583 tix,"$ 1,900",241334,2014-07-24,Modern Daily #7313310,modern,modern-daily-7313310,modern-daily-7313310-2014-07-24
32,2,Stony Silence,,Sideboard,3,1,Junk,dancingjesus102,583 tix,"$ 1,900",241334,2014-07-24,Modern Daily #7313310,modern,modern-daily-7313310,modern-daily-7313310-2014-07-24
33,1,Aven Mindcensor,,Sideboard,3,1,Junk,dancingjesus102,583 tix,"$ 1,900",241334,2014-07-24,Modern Daily #7313310,modern,modern-daily-7313310,modern-daily-7313310-2014-07-24
34,3,Fulminator Mage,,Sideboard,3,1,Junk,dancingjesus102,583 tix,"$ 1,900",241334,2014-07-24,Modern Daily #7313310,modern,modern-daily-7313310,modern-daily-7313310-2014-07-24
35,2,Creeping Corrosion,,Sideboard,3,1,Junk,dancingjesus102,583 tix,"$ 1,900",241334,2014-07-24,Modern Daily #7313310,modern,modern-daily-7313310,modern-daily-7313310-2014-07-24
36,2,Obstinate Baloth,,Sideboard,3,1,Junk,dancingjesus102,583 tix,"$ 1,900",241334,2014-07-24,Modern Daily #7313310,modern,modern-daily-7313310,modern-daily-7313310-2014-07-24
37,1,Batterskull,,Sideboard,3,1,Junk,dancingjesus102,583 tix,"$ 1,900",241334,2014-07-24,Modern Daily #7313310,modern,modern-daily-7313310,modern-daily-7313310-2014-07-24
1,4,Birds of Paradise,,Creatures,3,1,Melira Pod,LucaAshok,262 tix,$ 839,241336,2014-07-24,Modern Daily #7313310,modern,modern-daily-7313310,modern-daily-7313310-2014-07-24
2,3,Noble Hierarch,,Creatures,3,1,Melira Pod,LucaAshok,262 tix,$ 839,241336,2014-07-24,Modern Daily #7313310,modern,modern-daily-7313310,modern-daily-7313310-2014-07-24
3,1,Viscera Seer,,Creatures,3,1,Melira Pod,LucaAshok,262 tix,$ 839,241336,2014-07-24,Modern Daily #7313310,modern,modern-daily-7313310,modern-daily-7313310-2014-07-24
4,1,"Melira, Sylvok Outcast",,Creatures,3,1,Melira Pod,LucaAshok,262 tix,$ 839,241336,2014-07-24,Modern Daily #7313310,modern,modern-daily-7313310,modern-daily-7313310-2014-07-24
5,1,Qasali Pridemage,,Creatures,3,1,Melira Pod,LucaAshok,262 tix,$ 839,241336,2014-07-24,Modern Daily #7313310,modern,modern-daily-7313310,modern-daily-7313310-2014-07-24
6,1,Scavenging Ooze,,Creatures,3,1,Melira Pod,LucaAshok,262 tix,$ 839,241336,2014-07-24,Modern Daily #7313310,modern,modern-daily-7313310,modern-daily-7313310-2014-07-24
7,1,Spellskite,,Creatures,3,1,Melira Pod,LucaAshok,262 tix,$ 839,241336,2014-07-24,Modern Daily #7313310,modern,modern-daily-7313310,modern-daily-7313310-2014-07-24
8,3,Voice of Resurgence,,Creatures,3,1,Melira Pod,LucaAshok,262 tix,$ 839,241336,2014-07-24,Modern Daily #7313310,modern,modern-daily-7313310,modern-daily-7313310-2014-07-24
9,1,Wall of Roots,,Creatures,3,1,Melira Pod,LucaAshok,262 tix,$ 839,241336,2014-07-24,Modern Daily #7313310,modern,modern-daily-7313310,modern-daily-7313310-2014-07-24
10,1,Eternal Witness,,Creatures,3,1,Melira Pod,LucaAshok,262 tix,$ 839,241336,2014-07-24,Modern Daily #7313310,modern,modern-daily-7313310,modern-daily-7313310-2014-07-24
11,4,Kitchen Finks,,Creatures,3,1,Melira Pod,LucaAshok,262 tix,$ 839,241336,2014-07-24,Modern Daily #7313310,modern,modern-daily-7313310,modern-daily-7313310-2014-07-24
12,1,Orzhov Pontiff,,Creatures,3,1,Melira Pod,LucaAshok,262 tix,$ 839,241336,2014-07-24,Modern Daily #7313310,modern,modern-daily-7313310,modern-daily-7313310-2014-07-24
13,1,Sin Collector,,Creatures,3,1,Melira Pod,LucaAshok,262 tix,$ 839,241336,2014-07-24,Modern Daily #7313310,modern,modern-daily-7313310,modern-daily-7313310-2014-07-24
14,1,"Linvala, Keeper of Silence",,Creatures,3,1,Melira Pod,LucaAshok,262 tix,$ 839,241336,2014-07-24,Modern Daily #7313310,modern,modern-daily-7313310,modern-daily-7313310-2014-07-24
15,1,Murderous Redcap,,Creatures,3,1,Melira Pod,LucaAshok,262 tix,$ 839,241336,2014-07-24,Modern Daily #7313310,modern,modern-daily-7313310,modern-daily-7313310-2014-07-24
16,1,Ranger of Eos,,Creatures,3,1,Melira Pod,LucaAshok,262 tix,$ 839,241336,2014-07-24,Modern Daily #7313310,modern,modern-daily-7313310,modern-daily-7313310-2014-07-24
17,1,Restoration Angel,,Creatures,3,1,Melira Pod,LucaAshok,262 tix,$ 839,241336,2014-07-24,Modern Daily #7313310,modern,modern-daily-7313310,modern-daily-7313310-2014-07-24
18,1,Reveillark,,Creatures,3,1,Melira Pod,LucaAshok,262 tix,$ 839,241336,2014-07-24,Modern Daily #7313310,modern,modern-daily-7313310,modern-daily-7313310-2014-07-24
19,1,Shriekmaw,,Creatures,3,1,Melira Pod,LucaAshok,262 tix,$ 839,241336,2014-07-24,Modern Daily #7313310,modern,modern-daily-7313310,modern-daily-7313310-2014-07-24
21,2,Abrupt Decay,,Spells,3,1,Melira Pod,LucaAshok,262 tix,$ 839,241336,2014-07-24,Modern Daily #7313310,modern,modern-daily-7313310,modern-daily-7313310-2014-07-24
22,2,Chord of Calling,,Spells,3,1,Melira Pod,LucaAshok,262 tix,$ 839,241336,2014-07-24,Modern Daily #7313310,modern,modern-daily-7313310,modern-daily-7313310-2014-07-24
24,4,Birthing Pod,,Artifacts,3,1,Melira Pod,LucaAshok,262 tix,$ 839,241336,2014-07-24,Modern Daily #7313310,modern,modern-daily-7313310,modern-daily-7313310-2014-07-24
26,2,Forest,,Lands,3,1,Melira Pod,LucaAshok,262 tix,$ 839,241336,2014-07-24,Modern Daily #7313310,modern,modern-daily-7313310,modern-daily-7313310-2014-07-24
27,3,Gavony Township,,Lands,3,1,Melira Pod,LucaAshok,262 tix,$ 839,241336,2014-07-24,Modern Daily #7313310,modern,modern-daily-7313310,modern-daily-7313310-2014-07-24
28,1,Godless Shrine,,Lands,3,1,Melira Pod,LucaAshok,262 tix,$ 839,241336,2014-07-24,Modern Daily #7313310,modern,modern-daily-7313310,modern-daily-7313310-2014-07-24
29,4,Marsh Flats,,Lands,3,1,Melira Pod,LucaAshok,262 tix,$ 839,241336,2014-07-24,Modern Daily #7313310,modern,modern-daily-7313310,modern-daily-7313310-2014-07-24
30,2,Overgrown Tomb,,Lands,3,1,Melira Pod,LucaAshok,262 tix,$ 839,241336,2014-07-24,Modern Daily #7313310,modern,modern-daily-7313310,modern-daily-7313310-2014-07-24
31,1,Plains,,Lands,3,1,Melira Pod,LucaAshok,262 tix,$ 839,241336,2014-07-24,Modern Daily #7313310,modern,modern-daily-7313310,modern-daily-7313310-2014-07-24
32,3,Razorverge Thicket,,Lands,3,1,Melira Pod,LucaAshok,262 tix,$ 839,241336,2014-07-24,Modern Daily #7313310,modern,modern-daily-7313310,modern-daily-7313310-2014-07-24
33,1,Swamp,,Lands,3,1,Melira Pod,LucaAshok,262 tix,$ 839,241336,2014-07-24,Modern Daily #7313310,modern,modern-daily-7313310,modern-daily-7313310-2014-07-24
34,2,Temple Garden,,Lands,3,1,Melira Pod,LucaAshok,262 tix,$ 839,241336,2014-07-24,Modern Daily #7313310,modern,modern-daily-7313310,modern-daily-7313310-2014-07-24
35,4,Verdant Catacombs,,Lands,3,1,Melira Pod,LucaAshok,262 tix,$ 839,241336,2014-07-24,Modern Daily #7313310,modern,modern-daily-7313310,modern-daily-7313310-2014-07-24
37,1,Slaughter Pact,,Sideboard,3,1,Melira Pod,LucaAshok,262 tix,$ 839,241336,2014-07-24,Modern Daily #7313310,modern,modern-daily-7313310,modern-daily-7313310-2014-07-24
38,1,Path to Exile,,Sideboard,3,1,Melira Pod,LucaAshok,262 tix,$ 839,241336,2014-07-24,Modern Daily #7313310,modern,modern-daily-7313310,modern-daily-7313310-2014-07-24
39,4,Thoughtseize,,Sideboard,3,1,Melira Pod,LucaAshok,262 tix,$ 839,241336,2014-07-24,Modern Daily #7313310,modern,modern-daily-7313310,modern-daily-7313310-2014-07-24
40,1,Abrupt Decay,,Sideboard,3,1,Melira Pod,LucaAshok,262 tix,$ 839,241336,2014-07-24,Modern Daily #7313310,modern,modern-daily-7313310,modern-daily-7313310-2014-07-24
41,1,"Kataki, War's Wage",,Sideboard,3,1,Melira Pod,LucaAshok,262 tix,$ 839,241336,2014-07-24,Modern Daily #7313310,modern,modern-daily-7313310,modern-daily-7313310-2014-07-24
42,1,Scavenging Ooze,,Sideboard,3,1,Melira Pod,LucaAshok,262 tix,$ 839,241336,2014-07-24,Modern Daily #7313310,modern,modern-daily-7313310,modern-daily-7313310-2014-07-24
43,1,Aven Mindcensor,,Sideboard,3,1,Melira Pod,LucaAshok,262 tix,$ 839,241336,2014-07-24,Modern Daily #7313310,modern,modern-daily-7313310,modern-daily-7313310-2014-07-24
44,1,Eidolon of Rhetoric,,Sideboard,3,1,Melira Pod,LucaAshok,262 tix,$ 839,241336,2014-07-24,Modern Daily #7313310,modern,modern-daily-7313310,modern-daily-7313310-2014-07-24
45,1,Harmonic Sliver,,Sideboard,3,1,Melira Pod,LucaAshok,262 tix,$ 839,241336,2014-07-24,Modern Daily #7313310,modern,modern-daily-7313310,modern-daily-7313310-2014-07-24
46,1,Entomber Exarch,,Sideboard,3,1,Melira Pod,LucaAshok,262 tix,$ 839,241336,2014-07-24,Modern Daily #7313310,modern,modern-daily-7313310,modern-daily-7313310-2014-07-24
47,1,Obstinate Baloth,,Sideboard,3,1,Melira Pod,LucaAshok,262 tix,$ 839,241336,2014-07-24,Modern Daily #7313310,modern,modern-daily-7313310,modern-daily-7313310-2014-07-24
48,1,"Thrun, the Last Troll",,Sideboard,3,1,Melira Pod,LucaAshok,262 tix,$ 839,241336,2014-07-24,Modern Daily #7313310,modern,modern-daily-7313310,modern-daily-7313310-2014-07-24
1,4,Goblin Guide,,Creatures,3,1,RDW,iamhedonism,123 tix,$ 352,241319,2014-07-24,Modern Daily #7313310,modern,modern-daily-7313310,modern-daily-7313310-2014-07-24
2,3,Grim Lavamancer,,Creatures,3,1,RDW,iamhedonism,123 tix,$ 352,241319,2014-07-24,Modern Daily #7313310,modern,modern-daily-7313310,modern-daily-7313310-2014-07-24
3,4,Mogg Fanatic,,Creatures,3,1,RDW,iamhedonism,123 tix,$ 352,241319,2014-07-24,Modern Daily #7313310,modern,modern-daily-7313310,modern-daily-7313310-2014-07-24
4,4,Vexing Devil,,Creatures,3,1,RDW,iamhedonism,123 tix,$ 352,241319,2014-07-24,Modern Daily #7313310,modern,modern-daily-7313310,modern-daily-7313310-2014-07-24
5,4,Ash Zealot,,Creatures,3,1,RDW,iamhedonism,123 tix,$ 352,241319,2014-07-24,Modern Daily #7313310,modern,modern-daily-7313310,modern-daily-7313310-2014-07-24
6,4,Eidolon of the Great Revel,,Creatures,3,1,RDW,iamhedonism,123 tix,$ 352,241319,2014-07-24,Modern Daily #7313310,modern,modern-daily-7313310,modern-daily-7313310-2014-07-24
7,2,Mindsparker,,Creatures,3,1,RDW,iamhedonism,123 tix,$ 352,241319,2014-07-24,Modern Daily #7313310,modern,modern-daily-7313310,modern-daily-7313310-2014-07-24
9,4,Lightning Bolt,,Spells,3,1,RDW,iamhedonism,123 tix,$ 352,241319,2014-07-24,Modern Daily #7313310,modern,modern-daily-7313310,modern-daily-7313310-2014-07-24
10,2,Pillar of Flame,,Spells,3,1,RDW,iamhedonism,123 tix,$ 352,241319,2014-07-24,Modern Daily #7313310,modern,modern-daily-7313310,modern-daily-7313310-2014-07-24
11,4,Molten Rain,,Spells,3,1,RDW,iamhedonism,123 tix,$ 352,241319,2014-07-24,Modern Daily #7313310,modern,modern-daily-7313310,modern-daily-7313310-2014-07-24
12,4,Rift Bolt,,Spells,3,1,RDW,iamhedonism,123 tix,$ 352,241319,2014-07-24,Modern Daily #7313310,modern,modern-daily-7313310,modern-daily-7313310-2014-07-24
14,4,Arid Mesa,,Lands,3,1,RDW,iamhedonism,123 tix,$ 352,241319,2014-07-24,Modern Daily #7313310,modern,modern-daily-7313310,modern-daily-7313310-2014-07-24
15,1,Keldon Megaliths,,Lands,3,1,RDW,iamhedonism,123 tix,$ 352,241319,2014-07-24,Modern Daily #7313310,modern,modern-daily-7313310,modern-daily-7313310-2014-07-24
16,16,Mountain,,Lands,3,1,RDW,iamhedonism,123 tix,$ 352,241319,2014-07-24,Modern Daily #7313310,modern,modern-daily-7313310,modern-daily-7313310-2014-07-24
18,2,Forked Bolt,,Sideboard,3,1,RDW,iamhedonism,123 tix,$ 352,241319,2014-07-24,Modern Daily #7313310,modern,modern-daily-7313310,modern-daily-7313310-2014-07-24
19,1,Smelt,,Sideboard,3,1,RDW,iamhedonism,123 tix,$ 352,241319,2014-07-24,Modern Daily #7313310,modern,modern-daily-7313310,modern-daily-7313310-2014-07-24
20,2,Combust,,Sideboard,3,1,RDW,iamhedonism,123 tix,$ 352,241319,2014-07-24,Modern Daily #7313310,modern,modern-daily-7313310,modern-daily-7313310-2014-07-24
21,2,Smash to Smithereens,,Sideboard,3,1,RDW,iamhedonism,123 tix,$ 352,241319,2014-07-24,Modern Daily #7313310,modern,modern-daily-7313310,modern-daily-7313310-2014-07-24
22,2,Dismember,,Sideboard,3,1,RDW,iamhedonism,123 tix,$ 352,241319,2014-07-24,Modern Daily #7313310,modern,modern-daily-7313310,modern-daily-7313310-2014-07-24
23,2,Mindsparker,,Sideboard,3,1,RDW,iamhedonism,123 tix,$ 352,241319,2014-07-24,Modern Daily #7313310,modern,modern-daily-7313310,modern-daily-7313310-2014-07-24
24,2,Stone Rain,,Sideboard,3,1,RDW,iamhedonism,123 tix,$ 352,241319,2014-07-24,Modern Daily #7313310,modern,modern-daily-7313310,modern-daily-7313310-2014-07-24
25,2,Rubblebelt Maaka,,Sideboard,3,1,RDW,iamhedonism,123 tix,$ 352,241319,2014-07-24,Modern Daily #7313310,modern,modern-daily-7313310,modern-daily-7313310-2014-07-24
1,4,Sakura-Tribe Elder,,Creatures,3,1,Scapeshift,jimmyy9876,251 tix,"$ 1,015",241317,2014-07-24,Modern Daily #7313310,modern,modern-daily-7313310,modern-daily-7313310-2014-07-24
2,3,Snapcaster Mage,,Creatures,3,1,Scapeshift,jimmyy9876,251 tix,"$ 1,015",241317,2014-07-24,Modern Daily #7313310,modern,modern-daily-7313310,modern-daily-7313310-2014-07-24
4,2,Repeal,,Spells,3,1,Scapeshift,jimmyy9876,251 tix,"$ 1,015",241317,2014-07-24,Modern Daily #7313310,modern,modern-daily-7313310,modern-daily-7313310-2014-07-24
5,4,Serum Visions,,Spells,3,1,Scapeshift,jimmyy9876,251 tix,"$ 1,015",241317,2014-07-24,Modern Daily #7313310,modern,modern-daily-7313310,modern-daily-7313310-2014-07-24
6,3,Izzet Charm,,Spells,3,1,Scapeshift,jimmyy9876,251 tix,"$ 1,015",241317,2014-07-24,Modern Daily #7313310,modern,modern-daily-7313310,modern-daily-7313310-2014-07-24
7,4,Remand,,Spells,3,1,Scapeshift,jimmyy9876,251 tix,"$ 1,015",241317,2014-07-24,Modern Daily #7313310,modern,modern-daily-7313310,modern-daily-7313310-2014-07-24
8,3,Telling Time,,Spells,3,1,Scapeshift,jimmyy9876,251 tix,"$ 1,015",241317,2014-07-24,Modern Daily #7313310,modern,modern-daily-7313310,modern-daily-7313310-2014-07-24
9,2,Electrolyze,,Spells,3,1,Scapeshift,jimmyy9876,251 tix,"$ 1,015",241317,2014-07-24,Modern Daily #7313310,modern,modern-daily-7313310,modern-daily-7313310-2014-07-24
10,4,Search for Tomorrow,,Spells,3,1,Scapeshift,jimmyy9876,251 tix,"$ 1,015",241317,2014-07-24,Modern Daily #7313310,modern,modern-daily-7313310,modern-daily-7313310-2014-07-24
11,3,Cryptic Command,,Spells,3,1,Scapeshift,jimmyy9876,251 tix,"$ 1,015",241317,2014-07-24,Modern Daily #7313310,modern,modern-daily-7313310,modern-daily-7313310-2014-07-24
12,4,Scapeshift,,Spells,3,1,Scapeshift,jimmyy9876,251 tix,"$ 1,015",241317,2014-07-24,Modern Daily #7313310,modern,modern-daily-7313310,modern-daily-7313310-2014-07-24
14,1,Breeding Pool,,Lands,3,1,Scapeshift,jimmyy9876,251 tix,"$ 1,015",241317,2014-07-24,Modern Daily #7313310,modern,modern-daily-7313310,modern-daily-7313310-2014-07-24
15,1,Cascade Bluffs,,Lands,3,1,Scapeshift,jimmyy9876,251 tix,"$ 1,015",241317,2014-07-24,Modern Daily #7313310,modern,modern-daily-7313310,modern-daily-7313310-2014-07-24
16,1,Flooded Grove,,Lands,3,1,Scapeshift,jimmyy9876,251 tix,"$ 1,015",241317,2014-07-24,Modern Daily #7313310,modern,modern-daily-7313310,modern-daily-7313310-2014-07-24
17,3,Forest,,Lands,3,1,Scapeshift,jimmyy9876,251 tix,"$ 1,015",241317,2014-07-24,Modern Daily #7313310,modern,modern-daily-7313310,modern-daily-7313310-2014-07-24
18,1,Halimar Depths,,Lands,3,1,Scapeshift,jimmyy9876,251 tix,"$ 1,015",241317,2014-07-24,Modern Daily #7313310,modern,modern-daily-7313310,modern-daily-7313310-2014-07-24
19,3,Island,,Lands,3,1,Scapeshift,jimmyy9876,251 tix,"$ 1,015",241317,2014-07-24,Modern Daily #7313310,modern,modern-daily-7313310,modern-daily-7313310-2014-07-24
20,2,Misty Rainforest,,Lands,3,1,Scapeshift,jimmyy9876,251 tix,"$ 1,015",241317,2014-07-24,Modern Daily #7313310,modern,modern-daily-7313310,modern-daily-7313310-2014-07-24
21,2,Mountain,,Lands,3,1,Scapeshift,jimmyy9876,251 tix,"$ 1,015",241317,2014-07-24,Modern Daily #7313310,modern,modern-daily-7313310,modern-daily-7313310-2014-07-24
22,4,Steam Vents,,Lands,3,1,Scapeshift,jimmyy9876,251 tix,"$ 1,015",241317,2014-07-24,Modern Daily #7313310,modern,modern-daily-7313310,modern-daily-7313310-2014-07-24
23,4,Stomping Ground,,Lands,3,1,Scapeshift,jimmyy9876,251 tix,"$ 1,015",241317,2014-07-24,Modern Daily #7313310,modern,modern-daily-7313310,modern-daily-7313310-2014-07-24
24,2,"Valakut, the Molten Pinnacle",,Lands,3,1,Scapeshift,jimmyy9876,251 tix,"$ 1,015",241317,2014-07-24,Modern Daily #7313310,modern,modern-daily-7313310,modern-daily-7313310-2014-07-24
26,1,Engineered Explosives,,Sideboard,3,1,Scapeshift,jimmyy9876,251 tix,"$ 1,015",241317,2014-07-24,Modern Daily #7313310,modern,modern-daily-7313310,modern-daily-7313310-2014-07-24
27,2,Relic of Progenitus,,Sideboard,3,1,Scapeshift,jimmyy9876,251 tix,"$ 1,015",241317,2014-07-24,Modern Daily #7313310,modern,modern-daily-7313310,modern-daily-7313310-2014-07-24
28,2,Swan Song,,Sideboard,3,1,Scapeshift,jimmyy9876,251 tix,"$ 1,015",241317,2014-07-24,Modern Daily #7313310,modern,modern-daily-7313310,modern-daily-7313310-2014-07-24
29,2,Ancient Grudge,,Sideboard,3,1,Scapeshift,jimmyy9876,251 tix,"$ 1,015",241317,2014-07-24,Modern Daily #7313310,modern,modern-daily-7313310,modern-daily-7313310-2014-07-24
30,1,Combust,,Sideboard,3,1,Scapeshift,jimmyy9876,251 tix,"$ 1,015",241317,2014-07-24,Modern Daily #7313310,modern,modern-daily-7313310,modern-daily-7313310-2014-07-24
31,1,Spellskite,,Sideboard,3,1,Scapeshift,jimmyy9876,251 tix,"$ 1,015",241317,2014-07-24,Modern Daily #7313310,modern,modern-daily-7313310,modern-daily-7313310-2014-07-24
32,2,Anger of the Gods,,Sideboard,3,1,Scapeshift,jimmyy9876,251 tix,"$ 1,015",241317,2014-07-24,Modern Daily #7313310,modern,modern-daily-7313310,modern-daily-7313310-2014-07-24
33,1,Vendilion Clique,,Sideboard,3,1,Scapeshift,jimmyy9876,251 tix,"$ 1,015",241317,2014-07-24,Modern Daily #7313310,modern,modern-daily-7313310,modern-daily-7313310-2014-07-24
34,2,Obstinate Baloth,,Sideboard,3,1,Scapeshift,jimmyy9876,251 tix,"$ 1,015",241317,2014-07-24,Modern Daily #7313310,modern,modern-daily-7313310,modern-daily-7313310-2014-07-24
35,1,Batterskull,,Sideboard,3,1,Scapeshift,jimmyy9876,251 tix,"$ 1,015",241317,2014-07-24,Modern Daily #7313310,modern,modern-daily-7313310,modern-daily-7313310-2014-07-24
1,4,Sakura-Tribe Elder,,Creatures,3,1,Scapeshift,TheRealDMoney,267 tix,"$ 1,079",241332,2014-07-24,Modern Daily #7313310,modern,modern-daily-7313310,modern-daily-7313310-2014-07-24
2,2,Snapcaster Mage,,Creatures,3,1,Scapeshift,TheRealDMoney,267 tix,"$ 1,079",241332,2014-07-24,Modern Daily #7313310,modern,modern-daily-7313310,modern-daily-7313310-2014-07-24
4,1,Gigadrowse,,Spells,3,1,Scapeshift,TheRealDMoney,267 tix,"$ 1,079",241332,2014-07-24,Modern Daily #7313310,modern,modern-daily-7313310,modern-daily-7313310-2014-07-24
5,2,Lightning Bolt,,Spells,3,1,Scapeshift,TheRealDMoney,267 tix,"$ 1,079",241332,2014-07-24,Modern Daily #7313310,modern,modern-daily-7313310,modern-daily-7313310-2014-07-24
6,1,Repeal,,Spells,3,1,Scapeshift,TheRealDMoney,267 tix,"$ 1,079",241332,2014-07-24,Modern Daily #7313310,modern,modern-daily-7313310,modern-daily-7313310-2014-07-24
7,3,Farseek,,Spells,3,1,Scapeshift,TheRealDMoney,267 tix,"$ 1,079",241332,2014-07-24,Modern Daily #7313310,modern,modern-daily-7313310,modern-daily-7313310-2014-07-24
8,1,Izzet Charm,,Spells,3,1,Scapeshift,TheRealDMoney,267 tix,"$ 1,079",241332,2014-07-24,Modern Daily #7313310,modern,modern-daily-7313310,modern-daily-7313310-2014-07-24
9,3,Peer Through Depths,,Spells,3,1,Scapeshift,TheRealDMoney,267 tix,"$ 1,079",241332,2014-07-24,Modern Daily #7313310,modern,modern-daily-7313310,modern-daily-7313310-2014-07-24
10,4,Remand,,Spells,3,1,Scapeshift,TheRealDMoney,267 tix,"$ 1,079",241332,2014-07-24,Modern Daily #7313310,modern,modern-daily-7313310,modern-daily-7313310-2014-07-24
11,2,Electrolyze,,Spells,3,1,Scapeshift,TheRealDMoney,267 tix,"$ 1,079",241332,2014-07-24,Modern Daily #7313310,modern,modern-daily-7313310,modern-daily-7313310-2014-07-24
12,4,Search for Tomorrow,,Spells,3,1,Scapeshift,TheRealDMoney,267 tix,"$ 1,079",241332,2014-07-24,Modern Daily #7313310,modern,modern-daily-7313310,modern-daily-7313310-2014-07-24
13,4,Cryptic Command,,Spells,3,1,Scapeshift,TheRealDMoney,267 tix,"$ 1,079",241332,2014-07-24,Modern Daily #7313310,modern,modern-daily-7313310,modern-daily-7313310-2014-07-24
14,4,Scapeshift,,Spells,3,1,Scapeshift,TheRealDMoney,267 tix,"$ 1,079",241332,2014-07-24,Modern Daily #7313310,modern,modern-daily-7313310,modern-daily-7313310-2014-07-24
16,2,Breeding Pool,,Lands,3,1,Scapeshift,TheRealDMoney,267 tix,"$ 1,079",241332,2014-07-24,Modern Daily #7313310,modern,modern-daily-7313310,modern-daily-7313310-2014-07-24
17,2,Flooded Grove,,Lands,3,1,Scapeshift,TheRealDMoney,267 tix,"$ 1,079",241332,2014-07-24,Modern Daily #7313310,modern,modern-daily-7313310,modern-daily-7313310-2014-07-24
18,2,Forest,,Lands,3,1,Scapeshift,TheRealDMoney,267 tix,"$ 1,079",241332,2014-07-24,Modern Daily #7313310,modern,modern-daily-7313310,modern-daily-7313310-2014-07-24
19,3,Island,,Lands,3,1,Scapeshift,TheRealDMoney,267 tix,"$ 1,079",241332,2014-07-24,Modern Daily #7313310,modern,modern-daily-7313310,modern-daily-7313310-2014-07-24
20,4,Misty Rainforest,,Lands,3,1,Scapeshift,TheRealDMoney,267 tix,"$ 1,079",241332,2014-07-24,Modern Daily #7313310,modern,modern-daily-7313310,modern-daily-7313310-2014-07-24
21,2,Mountain,,Lands,3,1,Scapeshift,TheRealDMoney,267 tix,"$ 1,079",241332,2014-07-24,Modern Daily #7313310,modern,modern-daily-7313310,modern-daily-7313310-2014-07-24
22,4,Steam Vents,,Lands,3,1,Scapeshift,TheRealDMoney,267 tix,"$ 1,079",241332,2014-07-24,Modern Daily #7313310,modern,modern-daily-7313310,modern-daily-7313310-2014-07-24
23,4,Stomping Ground,,Lands,3,1,Scapeshift,TheRealDMoney,267 tix,"$ 1,079",241332,2014-07-24,Modern Daily #7313310,modern,modern-daily-7313310,modern-daily-7313310-2014-07-24
24,2,"Valakut, the Molten Pinnacle",,Lands,3,1,Scapeshift,TheRealDMoney,267 tix,"$ 1,079",241332,2014-07-24,Modern Daily #7313310,modern,modern-daily-7313310,modern-daily-7313310-2014-07-24
26,1,Engineered Explosives,,Sideboard,3,1,Scapeshift,TheRealDMoney,267 tix,"$ 1,079",241332,2014-07-24,Modern Daily #7313310,modern,modern-daily-7313310,modern-daily-7313310-2014-07-24
27,1,Gigadrowse,,Sideboard,3,1,Scapeshift,TheRealDMoney,267 tix,"$ 1,079",241332,2014-07-24,Modern Daily #7313310,modern,modern-daily-7313310,modern-daily-7313310-2014-07-24
28,2,Nature's Claim,,Sideboard,3,1,Scapeshift,TheRealDMoney,267 tix,"$ 1,079",241332,2014-07-24,Modern Daily #7313310,modern,modern-daily-7313310,modern-daily-7313310-2014-07-24
29,2,Ancient Grudge,,Sideboard,3,1,Scapeshift,TheRealDMoney,267 tix,"$ 1,079",241332,2014-07-24,Modern Daily #7313310,modern,modern-daily-7313310,modern-daily-7313310-2014-07-24
30,1,Negate,,Sideboard,3,1,Scapeshift,TheRealDMoney,267 tix,"$ 1,079",241332,2014-07-24,Modern Daily #7313310,modern,modern-daily-7313310,modern-daily-7313310-2014-07-24
31,1,Counterflux,,Sideboard,3,1,Scapeshift,TheRealDMoney,267 tix,"$ 1,079",241332,2014-07-24,Modern Daily #7313310,modern,modern-daily-7313310,modern-daily-7313310-2014-07-24
32,1,"Kiora, the Crashing Wave",,Sideboard,3,1,Scapeshift,TheRealDMoney,267 tix,"$ 1,079",241332,2014-07-24,Modern Daily #7313310,modern,modern-daily-7313310,modern-daily-7313310-2014-07-24
33,3,Obstinate Baloth,,Sideboard,3,1,Scapeshift,TheRealDMoney,267 tix,"$ 1,079",241332,2014-07-24,Modern Daily #7313310,modern,modern-daily-7313310,modern-daily-7313310-2014-07-24
34,1,Batterskull,,Sideboard,3,1,Scapeshift,TheRealDMoney,267 tix,"$ 1,079",241332,2014-07-24,Modern Daily #7313310,modern,modern-daily-7313310,modern-daily-7313310-2014-07-24
35,2,Wurmcoil Engine,,Sideboard,3,1,Scapeshift,TheRealDMoney,267 tix,"$ 1,079",241332,2014-07-24,Modern Daily #7313310,modern,modern-daily-7313310,modern-daily-7313310-2014-07-24
1,4,Dryad Militant,,Creatures,3,1,Stompy,TonyCameron,78 tix,$ 130,241326,2014-07-24,Modern Daily #7313310,modern,modern-daily-7313310,modern-daily-7313310-2014-07-24
2,2,Elvish Mystic,,Creatures,3,1,Stompy,TonyCameron,78 tix,$ 130,241326,2014-07-24,Modern Daily #7313310,modern,modern-daily-7313310,modern-daily-7313310-2014-07-24
3,3,Experiment One,,Creatures,3,1,Stompy,TonyCameron,78 tix,$ 130,241326,2014-07-24,Modern Daily #7313310,modern,modern-daily-7313310,modern-daily-7313310-2014-07-24
4,3,Llanowar Elves,,Creatures,3,1,Stompy,TonyCameron,78 tix,$ 130,241326,2014-07-24,Modern Daily #7313310,modern,modern-daily-7313310,modern-daily-7313310-2014-07-24
5,1,Noble Hierarch,,Creatures,3,1,Stompy,TonyCameron,78 tix,$ 130,241326,2014-07-24,Modern Daily #7313310,modern,modern-daily-7313310,modern-daily-7313310-2014-07-24
6,3,Scavenging Ooze,,Creatures,3,1,Stompy,TonyCameron,78 tix,$ 130,241326,2014-07-24,Modern Daily #7313310,modern,modern-daily-7313310,modern-daily-7313310-2014-07-24
7,4,Strangleroot Geist,,Creatures,3,1,Stompy,TonyCameron,78 tix,$ 130,241326,2014-07-24,Modern Daily #7313310,modern,modern-daily-7313310,modern-daily-7313310-2014-07-24
8,4,Dungrove Elder,,Creatures,3,1,Stompy,TonyCameron,78 tix,$ 130,241326,2014-07-24,Modern Daily #7313310,modern,modern-daily-7313310,modern-daily-7313310-2014-07-24
9,2,Leatherback Baloth,,Creatures,3,1,Stompy,TonyCameron,78 tix,$ 130,241326,2014-07-24,Modern Daily #7313310,modern,modern-daily-7313310,modern-daily-7313310-2014-07-24
10,1,"Thrun, the Last Troll",,Creatures,3,1,Stompy,TonyCameron,78 tix,$ 130,241326,2014-07-24,Modern Daily #7313310,modern,modern-daily-7313310,modern-daily-7313310-2014-07-24
12,2,Garruk Wildspeaker,,Planeswalkers,3,1,Stompy,TonyCameron,78 tix,$ 130,241326,2014-07-24,Modern Daily #7313310,modern,modern-daily-7313310,modern-daily-7313310-2014-07-24
14,4,Vines of Vastwood,,Spells,3,1,Stompy,TonyCameron,78 tix,$ 130,241326,2014-07-24,Modern Daily #7313310,modern,modern-daily-7313310,modern-daily-7313310-2014-07-24
15,3,Dismember,,Spells,3,1,Stompy,TonyCameron,78 tix,$ 130,241326,2014-07-24,Modern Daily #7313310,modern,modern-daily-7313310,modern-daily-7313310-2014-07-24
17,4,Rancor,,Enchantments,3,1,Stompy,TonyCameron,78 tix,$ 130,241326,2014-07-24,Modern Daily #7313310,modern,modern-daily-7313310,modern-daily-7313310-2014-07-24
18,1,Bow of Nylea,,Enchantments,3,1,Stompy,TonyCameron,78 tix,$ 130,241326,2014-07-24,Modern Daily #7313310,modern,modern-daily-7313310,modern-daily-7313310-2014-07-24
20,19,Forest,,Lands,3,1,Stompy,TonyCameron,78 tix,$ 130,241326,2014-07-24,Modern Daily #7313310,modern,modern-daily-7313310,modern-daily-7313310-2014-07-24
22,4,Mistcutter Hydra,,Sideboard,3,1,Stompy,TonyCameron,78 tix,$ 130,241326,2014-07-24,Modern Daily #7313310,modern,modern-daily-7313310,modern-daily-7313310-2014-07-24
23,2,Nature's Claim,,Sideboard,3,1,Stompy,TonyCameron,78 tix,$ 130,241326,2014-07-24,Modern Daily #7313310,modern,modern-daily-7313310,modern-daily-7313310-2014-07-24
24,3,Deglamer,,Sideboard,3,1,Stompy,TonyCameron,78 tix,$ 130,241326,2014-07-24,Modern Daily #7313310,modern,modern-daily-7313310,modern-daily-7313310-2014-07-24
25,2,Torpor Orb,,Sideboard,3,1,Stompy,TonyCameron,78 tix,$ 130,241326,2014-07-24,Modern Daily #7313310,modern,modern-daily-7313310,modern-daily-7313310-2014-07-24
26,1,Sword of Light and Shadow,,Sideboard,3,1,Stompy,TonyCameron,78 tix,$ 130,241326,2014-07-24,Modern Daily #7313310,modern,modern-daily-7313310,modern-daily-7313310-2014-07-24
27,1,Creeping Corrosion,,Sideboard,3,1,Stompy,TonyCameron,78 tix,$ 130,241326,2014-07-24,Modern Daily #7313310,modern,modern-daily-7313310,modern-daily-7313310-2014-07-24
28,2,Obstinate Baloth,,Sideboard,3,1,Stompy,TonyCameron,78 tix,$ 130,241326,2014-07-24,Modern Daily #7313310,modern,modern-daily-7313310,modern-daily-7313310-2014-07-24
1,3,Goblin Electromancer,,Creatures,3,1,Storm,YYsapporo,167 tix,$ 720,241327,2014-07-24,Modern Daily #7313310,modern,modern-daily-7313310,modern-daily-7313310-2014-07-24
3,3,Sleight of Hand,,Spells,3,1,Storm,YYsapporo,167 tix,$ 720,241327,2014-07-24,Modern Daily #7313310,modern,modern-daily-7313310,modern-daily-7313310-2014-07-24
4,2,Spell Pierce,,Spells,3,1,Storm,YYsapporo,167 tix,$ 720,241327,2014-07-24,Modern Daily #7313310,modern,modern-daily-7313310,modern-daily-7313310-2014-07-24
5,4,Desperate Ritual,,Spells,3,1,Storm,YYsapporo,167 tix,$ 720,241327,2014-07-24,Modern Daily #7313310,modern,modern-daily-7313310,modern-daily-7313310-2014-07-24
6,4,Grapeshot,,Spells,3,1,Storm,YYsapporo,167 tix,$ 720,241327,2014-07-24,Modern Daily #7313310,modern,modern-daily-7313310,modern-daily-7313310-2014-07-24
7,3,Increasing Vengeance,,Spells,3,1,Storm,YYsapporo,167 tix,$ 720,241327,2014-07-24,Modern Daily #7313310,modern,modern-daily-7313310,modern-daily-7313310-2014-07-24
8,4,Manamorphose,,Spells,3,1,Storm,YYsapporo,167 tix,$ 720,241327,2014-07-24,Modern Daily #7313310,modern,modern-daily-7313310,modern-daily-7313310-2014-07-24
9,4,Peer Through Depths,,Spells,3,1,Storm,YYsapporo,167 tix,$ 720,241327,2014-07-24,Modern Daily #7313310,modern,modern-daily-7313310,modern-daily-7313310-2014-07-24
10,4,Pyretic Ritual,,Spells,3,1,Storm,YYsapporo,167 tix,$ 720,241327,2014-07-24,Modern Daily #7313310,modern,modern-daily-7313310,modern-daily-7313310-2014-07-24
11,4,See Beyond,,Spells,3,1,Storm,YYsapporo,167 tix,$ 720,241327,2014-07-24,Modern Daily #7313310,modern,modern-daily-7313310,modern-daily-7313310-2014-07-24
12,1,Telling Time,,Spells,3,1,Storm,YYsapporo,167 tix,$ 720,241327,2014-07-24,Modern Daily #7313310,modern,modern-daily-7313310,modern-daily-7313310-2014-07-24
13,3,Past in Flames,,Spells,3,1,Storm,YYsapporo,167 tix,$ 720,241327,2014-07-24,Modern Daily #7313310,modern,modern-daily-7313310,modern-daily-7313310-2014-07-24
15,4,Lotus Bloom,,Artifacts,3,1,Storm,YYsapporo,167 tix,$ 720,241327,2014-07-24,Modern Daily #7313310,modern,modern-daily-7313310,modern-daily-7313310-2014-07-24
17,4,Arid Mesa,,Lands,3,1,Storm,YYsapporo,167 tix,$ 720,241327,2014-07-24,Modern Daily #7313310,modern,modern-daily-7313310,modern-daily-7313310-2014-07-24
18,3,Halimar Depths,,Lands,3,1,Storm,YYsapporo,167 tix,$ 720,241327,2014-07-24,Modern Daily #7313310,modern,modern-daily-7313310,modern-daily-7313310-2014-07-24
19,1,Mountain,,Lands,3,1,Storm,YYsapporo,167 tix,$ 720,241327,2014-07-24,Modern Daily #7313310,modern,modern-daily-7313310,modern-daily-7313310-2014-07-24
20,1,Sacred Foundry,,Lands,3,1,Storm,YYsapporo,167 tix,$ 720,241327,2014-07-24,Modern Daily #7313310,modern,modern-daily-7313310,modern-daily-7313310-2014-07-24
21,4,Scalding Tarn,,Lands,3,1,Storm,YYsapporo,167 tix,$ 720,241327,2014-07-24,Modern Daily #7313310,modern,modern-daily-7313310,modern-daily-7313310-2014-07-24
22,3,Steam Vents,,Lands,3,1,Storm,YYsapporo,167 tix,$ 720,241327,2014-07-24,Modern Daily #7313310,modern,modern-daily-7313310,modern-daily-7313310-2014-07-24
23,1,Sulfur Falls,,Lands,3,1,Storm,YYsapporo,167 tix,$ 720,241327,2014-07-24,Modern Daily #7313310,modern,modern-daily-7313310,modern-daily-7313310-2014-07-24
25,4,Pact of Negation,,Sideboard,3,1,Storm,YYsapporo,167 tix,$ 720,241327,2014-07-24,Modern Daily #7313310,modern,modern-daily-7313310,modern-daily-7313310-2014-07-24
26,1,Aether Spellbomb,,Sideboard,3,1,Storm,YYsapporo,167 tix,$ 720,241327,2014-07-24,Modern Daily #7313310,modern,modern-daily-7313310,modern-daily-7313310-2014-07-24
27,4,Pure Intentions,,Sideboard,3,1,Storm,YYsapporo,167 tix,$ 720,241327,2014-07-24,Modern Daily #7313310,modern,modern-daily-7313310,modern-daily-7313310-2014-07-24
28,2,Echoing Truth,,Sideboard,3,1,Storm,YYsapporo,167 tix,$ 720,241327,2014-07-24,Modern Daily #7313310,modern,modern-daily-7313310,modern-daily-7313310-2014-07-24
29,3,Pyromancer's Swath,,Sideboard,3,1,Storm,YYsapporo,167 tix,$ 720,241327,2014-07-24,Modern Daily #7313310,modern,modern-daily-7313310,modern-daily-7313310-2014-07-24
30,1,Empty the Warrens,,Sideboard,3,1,Storm,YYsapporo,167 tix,$ 720,241327,2014-07-24,Modern Daily #7313310,modern,modern-daily-7313310,modern-daily-7313310-2014-07-24
1,4,Delver of Secrets,,Creatures,3,1,UR Delver,bashfor1,285 tix,$ 983,241330,2014-07-24,Modern Daily #7313310,modern,modern-daily-7313310,modern-daily-7313310-2014-07-24
2,2,Grim Lavamancer,,Creatures,3,1,UR Delver,bashfor1,285 tix,$ 983,241330,2014-07-24,Modern Daily #7313310,modern,modern-daily-7313310,modern-daily-7313310-2014-07-24
3,4,Snapcaster Mage,,Creatures,3,1,UR Delver,bashfor1,285 tix,$ 983,241330,2014-07-24,Modern Daily #7313310,modern,modern-daily-7313310,modern-daily-7313310-2014-07-24
4,4,Young Pyromancer,,Creatures,3,1,UR Delver,bashfor1,285 tix,$ 983,241330,2014-07-24,Modern Daily #7313310,modern,modern-daily-7313310,modern-daily-7313310-2014-07-24
5,2,Vendilion Clique,,Creatures,3,1,UR Delver,bashfor1,285 tix,$ 983,241330,2014-07-24,Modern Daily #7313310,modern,modern-daily-7313310,modern-daily-7313310-2014-07-24
7,1,Burst Lightning,,Spells,3,1,UR Delver,bashfor1,285 tix,$ 983,241330,2014-07-24,Modern Daily #7313310,modern,modern-daily-7313310,modern-daily-7313310-2014-07-24
8,4,Gitaxian Probe,,Spells,3,1,UR Delver,bashfor1,285 tix,$ 983,241330,2014-07-24,Modern Daily #7313310,modern,modern-daily-7313310,modern-daily-7313310-2014-07-24
9,4,Lightning Bolt,,Spells,3,1,UR Delver,bashfor1,285 tix,$ 983,241330,2014-07-24,Modern Daily #7313310,modern,modern-daily-7313310,modern-daily-7313310-2014-07-24
10,4,Serum Visions,,Spells,3,1,UR Delver,bashfor1,285 tix,$ 983,241330,2014-07-24,Modern Daily #7313310,modern,modern-daily-7313310,modern-daily-7313310-2014-07-24
11,2,Spell Snare,,Spells,3,1,UR Delver,bashfor1,285 tix,$ 983,241330,2014-07-24,Modern Daily #7313310,modern,modern-daily-7313310,modern-daily-7313310-2014-07-24
12,2,Vapor Snag,,Spells,3,1,UR Delver,bashfor1,285 tix,$ 983,241330,2014-07-24,Modern Daily #7313310,modern,modern-daily-7313310,modern-daily-7313310-2014-07-24
13,2,Mana Leak,,Spells,3,1,UR Delver,bashfor1,285 tix,$ 983,241330,2014-07-24,Modern Daily #7313310,modern,modern-daily-7313310,modern-daily-7313310-2014-07-24
14,4,Remand,,Spells,3,1,UR Delver,bashfor1,285 tix,$ 983,241330,2014-07-24,Modern Daily #7313310,modern,modern-daily-7313310,modern-daily-7313310-2014-07-24
16,2,Isochron Scepter,,Artifacts,3,1,UR Delver,bashfor1,285 tix,$ 983,241330,2014-07-24,Modern Daily #7313310,modern,modern-daily-7313310,modern-daily-7313310-2014-07-24
18,7,Island,,Lands,3,1,UR Delver,bashfor1,285 tix,$ 983,241330,2014-07-24,Modern Daily #7313310,modern,modern-daily-7313310,modern-daily-7313310-2014-07-24
19,1,Mountain,,Lands,3,1,UR Delver,bashfor1,285 tix,$ 983,241330,2014-07-24,Modern Daily #7313310,modern,modern-daily-7313310,modern-daily-7313310-2014-07-24
20,4,Scalding Tarn,,Lands,3,1,UR Delver,bashfor1,285 tix,$ 983,241330,2014-07-24,Modern Daily #7313310,modern,modern-daily-7313310,modern-daily-7313310-2014-07-24
21,4,Steam Vents,,Lands,3,1,UR Delver,bashfor1,285 tix,$ 983,241330,2014-07-24,Modern Daily #7313310,modern,modern-daily-7313310,modern-daily-7313310-2014-07-24
22,3,Sulfur Falls,,Lands,3,1,UR Delver,bashfor1,285 tix,$ 983,241330,2014-07-24,Modern Daily #7313310,modern,modern-daily-7313310,modern-daily-7313310-2014-07-24
24,1,Engineered Explosives,,Sideboard,3,1,UR Delver,bashfor1,285 tix,$ 983,241330,2014-07-24,Modern Daily #7313310,modern,modern-daily-7313310,modern-daily-7313310-2014-07-24
25,2,Dispel,,Sideboard,3,1,UR Delver,bashfor1,285 tix,$ 983,241330,2014-07-24,Modern Daily #7313310,modern,modern-daily-7313310,modern-daily-7313310-2014-07-24
26,2,Vandalblast,,Sideboard,3,1,UR Delver,bashfor1,285 tix,$ 983,241330,2014-07-24,Modern Daily #7313310,modern,modern-daily-7313310,modern-daily-7313310-2014-07-24
27,1,Negate,,Sideboard,3,1,UR Delver,bashfor1,285 tix,$ 983,241330,2014-07-24,Modern Daily #7313310,modern,modern-daily-7313310,modern-daily-7313310-2014-07-24
28,1,Spellskite,,Sideboard,3,1,UR Delver,bashfor1,285 tix,$ 983,241330,2014-07-24,Modern Daily #7313310,modern,modern-daily-7313310,modern-daily-7313310-2014-07-24
29,3,Blood Moon,,Sideboard,3,1,UR Delver,bashfor1,285 tix,$ 983,241330,2014-07-24,Modern Daily #7313310,modern,modern-daily-7313310,modern-daily-7313310-2014-07-24
30,1,Counterflux,,Sideboard,3,1,UR Delver,bashfor1,285 tix,$ 983,241330,2014-07-24,Modern Daily #7313310,modern,modern-daily-7313310,modern-daily-7313310-2014-07-24
31,2,Electrolyze,,Sideboard,3,1,UR Delver,bashfor1,285 tix,$ 983,241330,2014-07-24,Modern Daily #7313310,modern,modern-daily-7313310,modern-daily-7313310-2014-07-24
32,1,Shatterstorm,,Sideboard,3,1,UR Delver,bashfor1,285 tix,$ 983,241330,2014-07-24,Modern Daily #7313310,modern,modern-daily-7313310,modern-daily-7313310-2014-07-24
33,1,Sowing Salt,,Sideboard,3,1,UR Delver,bashfor1,285 tix,$ 983,241330,2014-07-24,Modern Daily #7313310,modern,modern-daily-7313310,modern-daily-7313310-2014-07-24
1,4,Goblin Guide,,Creatures,4,0,Burn,calevans08,84 tix,$ 198,241246,2014-07-23,Modern Daily #7299798,modern,modern-daily-7299798,modern-daily-7299798-2014-07-23
2,4,Eidolon of the Great Revel,,Creatures,4,0,Burn,calevans08,84 tix,$ 198,241246,2014-07-23,Modern Daily #7299798,modern,modern-daily-7299798,modern-daily-7299798-2014-07-23
3,4,Hellspark Elemental,,Creatures,4,0,Burn,calevans08,84 tix,$ 198,241246,2014-07-23,Modern Daily #7299798,modern,modern-daily-7299798,modern-daily-7299798-2014-07-23
5,4,Lava Spike,,Spells,4,0,Burn,calevans08,84 tix,$ 198,241246,2014-07-23,Modern Daily #7299798,modern,modern-daily-7299798,modern-daily-7299798-2014-07-23
6,4,Lightning Bolt,,Spells,4,0,Burn,calevans08,84 tix,$ 198,241246,2014-07-23,Modern Daily #7299798,modern,modern-daily-7299798,modern-daily-7299798-2014-07-23
7,2,Shard Volley,,Spells,4,0,Burn,calevans08,84 tix,$ 198,241246,2014-07-23,Modern Daily #7299798,modern,modern-daily-7299798,modern-daily-7299798-2014-07-23
8,2,Magma Jet,,Spells,4,0,Burn,calevans08,84 tix,$ 198,241246,2014-07-23,Modern Daily #7299798,modern,modern-daily-7299798,modern-daily-7299798-2014-07-23
9,4,Searing Blood,,Spells,4,0,Burn,calevans08,84 tix,$ 198,241246,2014-07-23,Modern Daily #7299798,modern,modern-daily-7299798,modern-daily-7299798-2014-07-23
10,4,Skullcrack,,Spells,4,0,Burn,calevans08,84 tix,$ 198,241246,2014-07-23,Modern Daily #7299798,modern,modern-daily-7299798,modern-daily-7299798-2014-07-23
11,4,Flames of the Blood Hand,,Spells,4,0,Burn,calevans08,84 tix,$ 198,241246,2014-07-23,Modern Daily #7299798,modern,modern-daily-7299798,modern-daily-7299798-2014-07-23
12,4,Rift Bolt,,Spells,4,0,Burn,calevans08,84 tix,$ 198,241246,2014-07-23,Modern Daily #7299798,modern,modern-daily-7299798,modern-daily-7299798-2014-07-23
14,20,Mountain,,Lands,4,0,Burn,calevans08,84 tix,$ 198,241246,2014-07-23,Modern Daily #7299798,modern,modern-daily-7299798,modern-daily-7299798-2014-07-23
16,1,Pithing Needle,,Sideboard,4,0,Burn,calevans08,84 tix,$ 198,241246,2014-07-23,Modern Daily #7299798,modern,modern-daily-7299798,modern-daily-7299798-2014-07-23
17,2,Relic of Progenitus,,Sideboard,4,0,Burn,calevans08,84 tix,$ 198,241246,2014-07-23,Modern Daily #7299798,modern,modern-daily-7299798,modern-daily-7299798-2014-07-23
18,3,Combust,,Sideboard,4,0,Burn,calevans08,84 tix,$ 198,241246,2014-07-23,Modern Daily #7299798,modern,modern-daily-7299798,modern-daily-7299798-2014-07-23
19,1,Searing Blaze,,Sideboard,4,0,Burn,calevans08,84 tix,$ 198,241246,2014-07-23,Modern Daily #7299798,modern,modern-daily-7299798,modern-daily-7299798-2014-07-23
20,3,Smash to Smithereens,,Sideboard,4,0,Burn,calevans08,84 tix,$ 198,241246,2014-07-23,Modern Daily #7299798,modern,modern-daily-7299798,modern-daily-7299798-2014-07-23
21,1,Anger of the Gods,,Sideboard,4,0,Burn,calevans08,84 tix,$ 198,241246,2014-07-23,Modern Daily #7299798,modern,modern-daily-7299798,modern-daily-7299798-2014-07-23
22,4,Molten Rain,,Sideboard,4,0,Burn,calevans08,84 tix,$ 198,241246,2014-07-23,Modern Daily #7299798,modern,modern-daily-7299798,modern-daily-7299798-2014-07-23
1,3,Spellstutter Sprite,,Creatures,4,0,Faeries,Vinzlar,236 tix,$ 889,241247,2014-07-23,Modern Daily #7299798,modern,modern-daily-7299798,modern-daily-7299798-2014-07-23
2,4,Vendilion Clique,,Creatures,4,0,Faeries,Vinzlar,236 tix,$ 889,241247,2014-07-23,Modern Daily #7299798,modern,modern-daily-7299798,modern-daily-7299798-2014-07-23
3,4,Mistbind Clique,,Creatures,4,0,Faeries,Vinzlar,236 tix,$ 889,241247,2014-07-23,Modern Daily #7299798,modern,modern-daily-7299798,modern-daily-7299798-2014-07-23
5,1,Inquisition of Kozilek,,Spells,4,0,Faeries,Vinzlar,236 tix,$ 889,241247,2014-07-23,Modern Daily #7299798,modern,modern-daily-7299798,modern-daily-7299798-2014-07-23
6,1,Peppersmoke,,Spells,4,0,Faeries,Vinzlar,236 tix,$ 889,241247,2014-07-23,Modern Daily #7299798,modern,modern-daily-7299798,modern-daily-7299798-2014-07-23
7,1,Serum Visions,,Spells,4,0,Faeries,Vinzlar,236 tix,$ 889,241247,2014-07-23,Modern Daily #7299798,modern,modern-daily-7299798,modern-daily-7299798-2014-07-23
8,1,Spell Snare,,Spells,4,0,Faeries,Vinzlar,236 tix,$ 889,241247,2014-07-23,Modern Daily #7299798,modern,modern-daily-7299798,modern-daily-7299798-2014-07-23
9,3,Thoughtseize,,Spells,4,0,Faeries,Vinzlar,236 tix,$ 889,241247,2014-07-23,Modern Daily #7299798,modern,modern-daily-7299798,modern-daily-7299798-2014-07-23
10,1,Go for the Throat,,Spells,4,0,Faeries,Vinzlar,236 tix,$ 889,241247,2014-07-23,Modern Daily #7299798,modern,modern-daily-7299798,modern-daily-7299798-2014-07-23
11,3,Remand,,Spells,4,0,Faeries,Vinzlar,236 tix,$ 889,241247,2014-07-23,Modern Daily #7299798,modern,modern-daily-7299798,modern-daily-7299798-2014-07-23
12,1,Dismember,,Spells,4,0,Faeries,Vinzlar,236 tix,$ 889,241247,2014-07-23,Modern Daily #7299798,modern,modern-daily-7299798,modern-daily-7299798-2014-07-23
13,4,Cryptic Command,,Spells,4,0,Faeries,Vinzlar,236 tix,$ 889,241247,2014-07-23,Modern Daily #7299798,modern,modern-daily-7299798,modern-daily-7299798-2014-07-23
14,3,Time Warp,,Spells,4,0,Faeries,Vinzlar,236 tix,$ 889,241247,2014-07-23,Modern Daily #7299798,modern,modern-daily-7299798,modern-daily-7299798-2014-07-23
16,4,Bitterblossom,,Enchantments,4,0,Faeries,Vinzlar,236 tix,$ 889,241247,2014-07-23,Modern Daily #7299798,modern,modern-daily-7299798,modern-daily-7299798-2014-07-23
18,4,Creeping Tar Pit,,Lands,4,0,Faeries,Vinzlar,236 tix,$ 889,241247,2014-07-23,Modern Daily #7299798,modern,modern-daily-7299798,modern-daily-7299798-2014-07-23
19,3,Darkslick Shores,,Lands,4,0,Faeries,Vinzlar,236 tix,$ 889,241247,2014-07-23,Modern Daily #7299798,modern,modern-daily-7299798,modern-daily-7299798-2014-07-23
20,4,Island,,Lands,4,0,Faeries,Vinzlar,236 tix,$ 889,241247,2014-07-23,Modern Daily #7299798,modern,modern-daily-7299798,modern-daily-7299798-2014-07-23
21,4,Mutavault,,Lands,4,0,Faeries,Vinzlar,236 tix,$ 889,241247,2014-07-23,Modern Daily #7299798,modern,modern-daily-7299798,modern-daily-7299798-2014-07-23
22,4,River of Tears,,Lands,4,0,Faeries,Vinzlar,236 tix,$ 889,241247,2014-07-23,Modern Daily #7299798,modern,modern-daily-7299798,modern-daily-7299798-2014-07-23
23,4,Secluded Glen,,Lands,4,0,Faeries,Vinzlar,236 tix,$ 889,241247,2014-07-23,Modern Daily #7299798,modern,modern-daily-7299798,modern-daily-7299798-2014-07-23
24,1,Tectonic Edge,,Lands,4,0,Faeries,Vinzlar,236 tix,$ 889,241247,2014-07-23,Modern Daily #7299798,modern,modern-daily-7299798,modern-daily-7299798-2014-07-23
25,2,Watery Grave,,Lands,4,0,Faeries,Vinzlar,236 tix,$ 889,241247,2014-07-23,Modern Daily #7299798,modern,modern-daily-7299798,modern-daily-7299798-2014-07-23
27,1,Inquisition of Kozilek,,Sideboard,4,0,Faeries,Vinzlar,236 tix,$ 889,241247,2014-07-23,Modern Daily #7299798,modern,modern-daily-7299798,modern-daily-7299798-2014-07-23
28,1,Spell Snare,,Sideboard,4,0,Faeries,Vinzlar,236 tix,$ 889,241247,2014-07-23,Modern Daily #7299798,modern,modern-daily-7299798,modern-daily-7299798-2014-07-23
29,1,Doom Blade,,Sideboard,4,0,Faeries,Vinzlar,236 tix,$ 889,241247,2014-07-23,Modern Daily #7299798,modern,modern-daily-7299798,modern-daily-7299798-2014-07-23
30,2,Hurkyl's Recall,,Sideboard,4,0,Faeries,Vinzlar,236 tix,$ 889,241247,2014-07-23,Modern Daily #7299798,modern,modern-daily-7299798,modern-daily-7299798-2014-07-23
31,1,Mana Leak,,Sideboard,4,0,Faeries,Vinzlar,236 tix,$ 889,241247,2014-07-23,Modern Daily #7299798,modern,modern-daily-7299798,modern-daily-7299798-2014-07-23
32,1,Smother,,Sideboard,4,0,Faeries,Vinzlar,236 tix,$ 889,241247,2014-07-23,Modern Daily #7299798,modern,modern-daily-7299798,modern-daily-7299798-2014-07-23
33,1,Spellstutter Sprite,,Sideboard,4,0,Faeries,Vinzlar,236 tix,$ 889,241247,2014-07-23,Modern Daily #7299798,modern,modern-daily-7299798,modern-daily-7299798-2014-07-23
34,2,Hibernation,,Sideboard,4,0,Faeries,Vinzlar,236 tix,$ 889,241247,2014-07-23,Modern Daily #7299798,modern,modern-daily-7299798,modern-daily-7299798-2014-07-23
35,1,Glen Elendra Archmage,,Sideboard,4,0,Faeries,Vinzlar,236 tix,$ 889,241247,2014-07-23,Modern Daily #7299798,modern,modern-daily-7299798,modern-daily-7299798-2014-07-23
36,3,Sower of Temptation,,Sideboard,4,0,Faeries,Vinzlar,236 tix,$ 889,241247,2014-07-23,Modern Daily #7299798,modern,modern-daily-7299798,modern-daily-7299798-2014-07-23
37,1,Wurmcoil Engine,,Sideboard,4,0,Faeries,Vinzlar,236 tix,$ 889,241247,2014-07-23,Modern Daily #7299798,modern,modern-daily-7299798,modern-daily-7299798-2014-07-23
1,4,Birds of Paradise,,Creatures,4,0,Melira Pod,LucaAshok,262 tix,$ 839,241245,2014-07-23,Modern Daily #7299798,modern,modern-daily-7299798,modern-daily-7299798-2014-07-23
2,3,Noble Hierarch,,Creatures,4,0,Melira Pod,LucaAshok,262 tix,$ 839,241245,2014-07-23,Modern Daily #7299798,modern,modern-daily-7299798,modern-daily-7299798-2014-07-23
3,1,Viscera Seer,,Creatures,4,0,Melira Pod,LucaAshok,262 tix,$ 839,241245,2014-07-23,Modern Daily #7299798,modern,modern-daily-7299798,modern-daily-7299798-2014-07-23
4,1,"Melira, Sylvok Outcast",,Creatures,4,0,Melira Pod,LucaAshok,262 tix,$ 839,241245,2014-07-23,Modern Daily #7299798,modern,modern-daily-7299798,modern-daily-7299798-2014-07-23
5,1,Qasali Pridemage,,Creatures,4,0,Melira Pod,LucaAshok,262 tix,$ 839,241245,2014-07-23,Modern Daily #7299798,modern,modern-daily-7299798,modern-daily-7299798-2014-07-23
6,1,Scavenging Ooze,,Creatures,4,0,Melira Pod,LucaAshok,262 tix,$ 839,241245,2014-07-23,Modern Daily #7299798,modern,modern-daily-7299798,modern-daily-7299798-2014-07-23
7,1,Spellskite,,Creatures,4,0,Melira Pod,LucaAshok,262 tix,$ 839,241245,2014-07-23,Modern Daily #7299798,modern,modern-daily-7299798,modern-daily-7299798-2014-07-23
8,3,Voice of Resurgence,,Creatures,4,0,Melira Pod,LucaAshok,262 tix,$ 839,241245,2014-07-23,Modern Daily #7299798,modern,modern-daily-7299798,modern-daily-7299798-2014-07-23
9,1,Wall of Roots,,Creatures,4,0,Melira Pod,LucaAshok,262 tix,$ 839,241245,2014-07-23,Modern Daily #7299798,modern,modern-daily-7299798,modern-daily-7299798-2014-07-23
10,1,Eternal Witness,,Creatures,4,0,Melira Pod,LucaAshok,262 tix,$ 839,241245,2014-07-23,Modern Daily #7299798,modern,modern-daily-7299798,modern-daily-7299798-2014-07-23
11,4,Kitchen Finks,,Creatures,4,0,Melira Pod,LucaAshok,262 tix,$ 839,241245,2014-07-23,Modern Daily #7299798,modern,modern-daily-7299798,modern-daily-7299798-2014-07-23
12,1,Orzhov Pontiff,,Creatures,4,0,Melira Pod,LucaAshok,262 tix,$ 839,241245,2014-07-23,Modern Daily #7299798,modern,modern-daily-7299798,modern-daily-7299798-2014-07-23
13,1,Sin Collector,,Creatures,4,0,Melira Pod,LucaAshok,262 tix,$ 839,241245,2014-07-23,Modern Daily #7299798,modern,modern-daily-7299798,modern-daily-7299798-2014-07-23
14,1,"Linvala, Keeper of Silence",,Creatures,4,0,Melira Pod,LucaAshok,262 tix,$ 839,241245,2014-07-23,Modern Daily #7299798,modern,modern-daily-7299798,modern-daily-7299798-2014-07-23
15,1,Murderous Redcap,,Creatures,4,0,Melira Pod,LucaAshok,262 tix,$ 839,241245,2014-07-23,Modern Daily #7299798,modern,modern-daily-7299798,modern-daily-7299798-2014-07-23
16,1,Ranger of Eos,,Creatures,4,0,Melira Pod,LucaAshok,262 tix,$ 839,241245,2014-07-23,Modern Daily #7299798,modern,modern-daily-7299798,modern-daily-7299798-2014-07-23
17,1,Restoration Angel,,Creatures,4,0,Melira Pod,LucaAshok,262 tix,$ 839,241245,2014-07-23,Modern Daily #7299798,modern,modern-daily-7299798,modern-daily-7299798-2014-07-23
18,1,Reveillark,,Creatures,4,0,Melira Pod,LucaAshok,262 tix,$ 839,241245,2014-07-23,Modern Daily #7299798,modern,modern-daily-7299798,modern-daily-7299798-2014-07-23
19,1,Shriekmaw,,Creatures,4,0,Melira Pod,LucaAshok,262 tix,$ 839,241245,2014-07-23,Modern Daily #7299798,modern,modern-daily-7299798,modern-daily-7299798-2014-07-23
21,2,Abrupt Decay,,Spells,4,0,Melira Pod,LucaAshok,262 tix,$ 839,241245,2014-07-23,Modern Daily #7299798,modern,modern-daily-7299798,modern-daily-7299798-2014-07-23
22,2,Chord of Calling,,Spells,4,0,Melira Pod,LucaAshok,262 tix,$ 839,241245,2014-07-23,Modern Daily #7299798,modern,modern-daily-7299798,modern-daily-7299798-2014-07-23
24,4,Birthing Pod,,Artifacts,4,0,Melira Pod,LucaAshok,262 tix,$ 839,241245,2014-07-23,Modern Daily #7299798,modern,modern-daily-7299798,modern-daily-7299798-2014-07-23
26,2,Forest,,Lands,4,0,Melira Pod,LucaAshok,262 tix,$ 839,241245,2014-07-23,Modern Daily #7299798,modern,modern-daily-7299798,modern-daily-7299798-2014-07-23
27,3,Gavony Township,,Lands,4,0,Melira Pod,LucaAshok,262 tix,$ 839,241245,2014-07-23,Modern Daily #7299798,modern,modern-daily-7299798,modern-daily-7299798-2014-07-23
28,1,Godless Shrine,,Lands,4,0,Melira Pod,LucaAshok,262 tix,$ 839,241245,2014-07-23,Modern Daily #7299798,modern,modern-daily-7299798,modern-daily-7299798-2014-07-23
29,4,Marsh Flats,,Lands,4,0,Melira Pod,LucaAshok,262 tix,$ 839,241245,2014-07-23,Modern Daily #7299798,modern,modern-daily-7299798,modern-daily-7299798-2014-07-23
30,2,Overgrown Tomb,,Lands,4,0,Melira Pod,LucaAshok,262 tix,$ 839,241245,2014-07-23,Modern Daily #7299798,modern,modern-daily-7299798,modern-daily-7299798-2014-07-23
31,1,Plains,,Lands,4,0,Melira Pod,LucaAshok,262 tix,$ 839,241245,2014-07-23,Modern Daily #7299798,modern,modern-daily-7299798,modern-daily-7299798-2014-07-23
32,3,Razorverge Thicket,,Lands,4,0,Melira Pod,LucaAshok,262 tix,$ 839,241245,2014-07-23,Modern Daily #7299798,modern,modern-daily-7299798,modern-daily-7299798-2014-07-23
33,1,Swamp,,Lands,4,0,Melira Pod,LucaAshok,262 tix,$ 839,241245,2014-07-23,Modern Daily #7299798,modern,modern-daily-7299798,modern-daily-7299798-2014-07-23
34,2,Temple Garden,,Lands,4,0,Melira Pod,LucaAshok,262 tix,$ 839,241245,2014-07-23,Modern Daily #7299798,modern,modern-daily-7299798,modern-daily-7299798-2014-07-23
35,4,Verdant Catacombs,,Lands,4,0,Melira Pod,LucaAshok,262 tix,$ 839,241245,2014-07-23,Modern Daily #7299798,modern,modern-daily-7299798,modern-daily-7299798-2014-07-23
37,1,Slaughter Pact,,Sideboard,4,0,Melira Pod,LucaAshok,262 tix,$ 839,241245,2014-07-23,Modern Daily #7299798,modern,modern-daily-7299798,modern-daily-7299798-2014-07-23
38,1,Path to Exile,,Sideboard,4,0,Melira Pod,LucaAshok,262 tix,$ 839,241245,2014-07-23,Modern Daily #7299798,modern,modern-daily-7299798,modern-daily-7299798-2014-07-23
39,4,Thoughtseize,,Sideboard,4,0,Melira Pod,LucaAshok,262 tix,$ 839,241245,2014-07-23,Modern Daily #7299798,modern,modern-daily-7299798,modern-daily-7299798-2014-07-23
40,1,Abrupt Decay,,Sideboard,4,0,Melira Pod,LucaAshok,262 tix,$ 839,241245,2014-07-23,Modern Daily #7299798,modern,modern-daily-7299798,modern-daily-7299798-2014-07-23
41,1,"Kataki, War's Wage",,Sideboard,4,0,Melira Pod,LucaAshok,262 tix,$ 839,241245,2014-07-23,Modern Daily #7299798,modern,modern-daily-7299798,modern-daily-7299798-2014-07-23
42,1,Scavenging Ooze,,Sideboard,4,0,Melira Pod,LucaAshok,262 tix,$ 839,241245,2014-07-23,Modern Daily #7299798,modern,modern-daily-7299798,modern-daily-7299798-2014-07-23
43,1,Aven Mindcensor,,Sideboard,4,0,Melira Pod,LucaAshok,262 tix,$ 839,241245,2014-07-23,Modern Daily #7299798,modern,modern-daily-7299798,modern-daily-7299798-2014-07-23
44,1,Eidolon of Rhetoric,,Sideboard,4,0,Melira Pod,LucaAshok,262 tix,$ 839,241245,2014-07-23,Modern Daily #7299798,modern,modern-daily-7299798,modern-daily-7299798-2014-07-23
45,1,Harmonic Sliver,,Sideboard,4,0,Melira Pod,LucaAshok,262 tix,$ 839,241245,2014-07-23,Modern Daily #7299798,modern,modern-daily-7299798,modern-daily-7299798-2014-07-23
46,1,Entomber Exarch,,Sideboard,4,0,Melira Pod,LucaAshok,262 tix,$ 839,241245,2014-07-23,Modern Daily #7299798,modern,modern-daily-7299798,modern-daily-7299798-2014-07-23
47,1,Obstinate Baloth,,Sideboard,4,0,Melira Pod,LucaAshok,262 tix,$ 839,241245,2014-07-23,Modern Daily #7299798,modern,modern-daily-7299798,modern-daily-7299798-2014-07-23
48,1,"Thrun, the Last Troll",,Sideboard,4,0,Melira Pod,LucaAshok,262 tix,$ 839,241245,2014-07-23,Modern Daily #7299798,modern,modern-daily-7299798,modern-daily-7299798-2014-07-23
1,4,Sakura-Tribe Elder,,Creatures,4,0,Scapeshift,papado90,194 tix,$ 823,241249,2014-07-23,Modern Daily #7299798,modern,modern-daily-7299798,modern-daily-7299798-2014-07-23
2,2,Snapcaster Mage,,Creatures,4,0,Scapeshift,papado90,194 tix,$ 823,241249,2014-07-23,Modern Daily #7299798,modern,modern-daily-7299798,modern-daily-7299798-2014-07-23
4,3,Lightning Bolt,,Spells,4,0,Scapeshift,papado90,194 tix,$ 823,241249,2014-07-23,Modern Daily #7299798,modern,modern-daily-7299798,modern-daily-7299798-2014-07-23
5,1,Noxious Revival,,Spells,4,0,Scapeshift,papado90,194 tix,$ 823,241249,2014-07-23,Modern Daily #7299798,modern,modern-daily-7299798,modern-daily-7299798-2014-07-23
6,1,Repeal,,Spells,4,0,Scapeshift,papado90,194 tix,$ 823,241249,2014-07-23,Modern Daily #7299798,modern,modern-daily-7299798,modern-daily-7299798-2014-07-23
7,4,Serum Visions,,Spells,4,0,Scapeshift,papado90,194 tix,$ 823,241249,2014-07-23,Modern Daily #7299798,modern,modern-daily-7299798,modern-daily-7299798-2014-07-23
8,3,Izzet Charm,,Spells,4,0,Scapeshift,papado90,194 tix,$ 823,241249,2014-07-23,Modern Daily #7299798,modern,modern-daily-7299798,modern-daily-7299798-2014-07-23
9,4,Remand,,Spells,4,0,Scapeshift,papado90,194 tix,$ 823,241249,2014-07-23,Modern Daily #7299798,modern,modern-daily-7299798,modern-daily-7299798-2014-07-23
10,2,Electrolyze,,Spells,4,0,Scapeshift,papado90,194 tix,$ 823,241249,2014-07-23,Modern Daily #7299798,modern,modern-daily-7299798,modern-daily-7299798-2014-07-23
11,4,Search for Tomorrow,,Spells,4,0,Scapeshift,papado90,194 tix,$ 823,241249,2014-07-23,Modern Daily #7299798,modern,modern-daily-7299798,modern-daily-7299798-2014-07-23
12,2,Cryptic Command,,Spells,4,0,Scapeshift,papado90,194 tix,$ 823,241249,2014-07-23,Modern Daily #7299798,modern,modern-daily-7299798,modern-daily-7299798-2014-07-23
13,3,Gifts Ungiven,,Spells,4,0,Scapeshift,papado90,194 tix,$ 823,241249,2014-07-23,Modern Daily #7299798,modern,modern-daily-7299798,modern-daily-7299798-2014-07-23
14,3,Scapeshift,,Spells,4,0,Scapeshift,papado90,194 tix,$ 823,241249,2014-07-23,Modern Daily #7299798,modern,modern-daily-7299798,modern-daily-7299798-2014-07-23
16,1,Breeding Pool,,Lands,4,0,Scapeshift,papado90,194 tix,$ 823,241249,2014-07-23,Modern Daily #7299798,modern,modern-daily-7299798,modern-daily-7299798-2014-07-23
17,2,Forest,,Lands,4,0,Scapeshift,papado90,194 tix,$ 823,241249,2014-07-23,Modern Daily #7299798,modern,modern-daily-7299798,modern-daily-7299798-2014-07-23
18,1,Hinterland Harbor,,Lands,4,0,Scapeshift,papado90,194 tix,$ 823,241249,2014-07-23,Modern Daily #7299798,modern,modern-daily-7299798,modern-daily-7299798-2014-07-23
19,3,Island,,Lands,4,0,Scapeshift,papado90,194 tix,$ 823,241249,2014-07-23,Modern Daily #7299798,modern,modern-daily-7299798,modern-daily-7299798-2014-07-23
20,3,Misty Rainforest,,Lands,4,0,Scapeshift,papado90,194 tix,$ 823,241249,2014-07-23,Modern Daily #7299798,modern,modern-daily-7299798,modern-daily-7299798-2014-07-23
21,3,Mountain,,Lands,4,0,Scapeshift,papado90,194 tix,$ 823,241249,2014-07-23,Modern Daily #7299798,modern,modern-daily-7299798,modern-daily-7299798-2014-07-23
22,4,Steam Vents,,Lands,4,0,Scapeshift,papado90,194 tix,$ 823,241249,2014-07-23,Modern Daily #7299798,modern,modern-daily-7299798,modern-daily-7299798-2014-07-23
23,4,Stomping Ground,,Lands,4,0,Scapeshift,papado90,194 tix,$ 823,241249,2014-07-23,Modern Daily #7299798,modern,modern-daily-7299798,modern-daily-7299798-2014-07-23
24,1,Sulfur Falls,,Lands,4,0,Scapeshift,papado90,194 tix,$ 823,241249,2014-07-23,Modern Daily #7299798,modern,modern-daily-7299798,modern-daily-7299798-2014-07-23
25,2,"Valakut, the Molten Pinnacle",,Lands,4,0,Scapeshift,papado90,194 tix,$ 823,241249,2014-07-23,Modern Daily #7299798,modern,modern-daily-7299798,modern-daily-7299798-2014-07-23
27,2,Swan Song,,Sideboard,4,0,Scapeshift,papado90,194 tix,$ 823,241249,2014-07-23,Modern Daily #7299798,modern,modern-daily-7299798,modern-daily-7299798-2014-07-23
28,2,Ancient Grudge,,Sideboard,4,0,Scapeshift,papado90,194 tix,$ 823,241249,2014-07-23,Modern Daily #7299798,modern,modern-daily-7299798,modern-daily-7299798-2014-07-23
29,2,Combust,,Sideboard,4,0,Scapeshift,papado90,194 tix,$ 823,241249,2014-07-23,Modern Daily #7299798,modern,modern-daily-7299798,modern-daily-7299798-2014-07-23
30,1,Pyroclasm,,Sideboard,4,0,Scapeshift,papado90,194 tix,$ 823,241249,2014-07-23,Modern Daily #7299798,modern,modern-daily-7299798,modern-daily-7299798-2014-07-23
31,2,Anger of the Gods,,Sideboard,4,0,Scapeshift,papado90,194 tix,$ 823,241249,2014-07-23,Modern Daily #7299798,modern,modern-daily-7299798,modern-daily-7299798-2014-07-23
32,1,Counterflux,,Sideboard,4,0,Scapeshift,papado90,194 tix,$ 823,241249,2014-07-23,Modern Daily #7299798,modern,modern-daily-7299798,modern-daily-7299798-2014-07-23
33,1,Creeping Corrosion,,Sideboard,4,0,Scapeshift,papado90,194 tix,$ 823,241249,2014-07-23,Modern Daily #7299798,modern,modern-daily-7299798,modern-daily-7299798-2014-07-23
34,2,Obstinate Baloth,,Sideboard,4,0,Scapeshift,papado90,194 tix,$ 823,241249,2014-07-23,Modern Daily #7299798,modern,modern-daily-7299798,modern-daily-7299798-2014-07-23
35,1,"Oona, Queen of the Fae",,Sideboard,4,0,Scapeshift,papado90,194 tix,$ 823,241249,2014-07-23,Modern Daily #7299798,modern,modern-daily-7299798,modern-daily-7299798-2014-07-23
36,1,Wurmcoil Engine,,Sideboard,4,0,Scapeshift,papado90,194 tix,$ 823,241249,2014-07-23,Modern Daily #7299798,modern,modern-daily-7299798,modern-daily-7299798-2014-07-23
1,2,Snapcaster Mage,,Creatures,4,0,Suntitan Control,Dylan_Fay,239 tix,$ 882,241248,2014-07-23,Modern Daily #7299798,modern,modern-daily-7299798,modern-daily-7299798-2014-07-23
2,4,Wall of Omens,,Creatures,4,0,Suntitan Control,Dylan_Fay,239 tix,$ 882,241248,2014-07-23,Modern Daily #7299798,modern,modern-daily-7299798,modern-daily-7299798-2014-07-23
3,4,Kitchen Finks,,Creatures,4,0,Suntitan Control,Dylan_Fay,239 tix,$ 882,241248,2014-07-23,Modern Daily #7299798,modern,modern-daily-7299798,modern-daily-7299798-2014-07-23
4,2,Vendilion Clique,,Creatures,4,0,Suntitan Control,Dylan_Fay,239 tix,$ 882,241248,2014-07-23,Modern Daily #7299798,modern,modern-daily-7299798,modern-daily-7299798-2014-07-23
5,1,Consecrated Sphinx,,Creatures,4,0,Suntitan Control,Dylan_Fay,239 tix,$ 882,241248,2014-07-23,Modern Daily #7299798,modern,modern-daily-7299798,modern-daily-7299798-2014-07-23
6,1,Sun Titan,,Creatures,4,0,Suntitan Control,Dylan_Fay,239 tix,$ 882,241248,2014-07-23,Modern Daily #7299798,modern,modern-daily-7299798,modern-daily-7299798-2014-07-23
7,1,Wurmcoil Engine,,Creatures,4,0,Suntitan Control,Dylan_Fay,239 tix,$ 882,241248,2014-07-23,Modern Daily #7299798,modern,modern-daily-7299798,modern-daily-7299798-2014-07-23
9,4,Path to Exile,,Spells,4,0,Suntitan Control,Dylan_Fay,239 tix,$ 882,241248,2014-07-23,Modern Daily #7299798,modern,modern-daily-7299798,modern-daily-7299798-2014-07-23
10,4,Spell Snare,,Spells,4,0,Suntitan Control,Dylan_Fay,239 tix,$ 882,241248,2014-07-23,Modern Daily #7299798,modern,modern-daily-7299798,modern-daily-7299798-2014-07-23
11,3,Remand,,Spells,4,0,Suntitan Control,Dylan_Fay,239 tix,$ 882,241248,2014-07-23,Modern Daily #7299798,modern,modern-daily-7299798,modern-daily-7299798-2014-07-23
12,1,Sphinx's Revelation,,Spells,4,0,Suntitan Control,Dylan_Fay,239 tix,$ 882,241248,2014-07-23,Modern Daily #7299798,modern,modern-daily-7299798,modern-daily-7299798-2014-07-23
13,3,Cryptic Command,,Spells,4,0,Suntitan Control,Dylan_Fay,239 tix,$ 882,241248,2014-07-23,Modern Daily #7299798,modern,modern-daily-7299798,modern-daily-7299798-2014-07-23
14,3,Supreme Verdict,,Spells,4,0,Suntitan Control,Dylan_Fay,239 tix,$ 882,241248,2014-07-23,Modern Daily #7299798,modern,modern-daily-7299798,modern-daily-7299798-2014-07-23
16,2,Detention Sphere,,Enchantments,4,0,Suntitan Control,Dylan_Fay,239 tix,$ 882,241248,2014-07-23,Modern Daily #7299798,modern,modern-daily-7299798,modern-daily-7299798-2014-07-23
18,2,Calciform Pools,,Lands,4,0,Suntitan Control,Dylan_Fay,239 tix,$ 882,241248,2014-07-23,Modern Daily #7299798,modern,modern-daily-7299798,modern-daily-7299798-2014-07-23
19,4,Celestial Colonnade,,Lands,4,0,Suntitan Control,Dylan_Fay,239 tix,$ 882,241248,2014-07-23,Modern Daily #7299798,modern,modern-daily-7299798,modern-daily-7299798-2014-07-23
20,4,Ghost Quarter,,Lands,4,0,Suntitan Control,Dylan_Fay,239 tix,$ 882,241248,2014-07-23,Modern Daily #7299798,modern,modern-daily-7299798,modern-daily-7299798-2014-07-23
21,2,Glacial Fortress,,Lands,4,0,Suntitan Control,Dylan_Fay,239 tix,$ 882,241248,2014-07-23,Modern Daily #7299798,modern,modern-daily-7299798,modern-daily-7299798-2014-07-23
22,5,Island,,Lands,4,0,Suntitan Control,Dylan_Fay,239 tix,$ 882,241248,2014-07-23,Modern Daily #7299798,modern,modern-daily-7299798,modern-daily-7299798-2014-07-23
23,1,Mystic Gate,,Lands,4,0,Suntitan Control,Dylan_Fay,239 tix,$ 882,241248,2014-07-23,Modern Daily #7299798,modern,modern-daily-7299798,modern-daily-7299798-2014-07-23
24,4,Plains,,Lands,4,0,Suntitan Control,Dylan_Fay,239 tix,$ 882,241248,2014-07-23,Modern Daily #7299798,modern,modern-daily-7299798,modern-daily-7299798-2014-07-23
25,3,Temple of Enlightenment,,Lands,4,0,Suntitan Control,Dylan_Fay,239 tix,$ 882,241248,2014-07-23,Modern Daily #7299798,modern,modern-daily-7299798,modern-daily-7299798-2014-07-23
27,1,Dispel,,Sideboard,4,0,Suntitan Control,Dylan_Fay,239 tix,$ 882,241248,2014-07-23,Modern Daily #7299798,modern,modern-daily-7299798,modern-daily-7299798-2014-07-23
28,1,Swan Song,,Sideboard,4,0,Suntitan Control,Dylan_Fay,239 tix,$ 882,241248,2014-07-23,Modern Daily #7299798,modern,modern-daily-7299798,modern-daily-7299798-2014-07-23
29,1,Disenchant,,Sideboard,4,0,Suntitan Control,Dylan_Fay,239 tix,$ 882,241248,2014-07-23,Modern Daily #7299798,modern,modern-daily-7299798,modern-daily-7299798-2014-07-23
30,2,Rest in Peace,,Sideboard,4,0,Suntitan Control,Dylan_Fay,239 tix,$ 882,241248,2014-07-23,Modern Daily #7299798,modern,modern-daily-7299798,modern-daily-7299798-2014-07-23
31,1,Spellskite,,Sideboard,4,0,Suntitan Control,Dylan_Fay,239 tix,$ 882,241248,2014-07-23,Modern Daily #7299798,modern,modern-daily-7299798,modern-daily-7299798-2014-07-23
32,2,Stony Silence,,Sideboard,4,0,Suntitan Control,Dylan_Fay,239 tix,$ 882,241248,2014-07-23,Modern Daily #7299798,modern,modern-daily-7299798,modern-daily-7299798-2014-07-23
33,3,Aven Mindcensor,,Sideboard,4,0,Suntitan Control,Dylan_Fay,239 tix,$ 882,241248,2014-07-23,Modern Daily #7299798,modern,modern-daily-7299798,modern-daily-7299798-2014-07-23
34,1,Crucible of Worlds,,Sideboard,4,0,Suntitan Control,Dylan_Fay,239 tix,$ 882,241248,2014-07-23,Modern Daily #7299798,modern,modern-daily-7299798,modern-daily-7299798-2014-07-23
35,1,Wrath of God,,Sideboard,4,0,Suntitan Control,Dylan_Fay,239 tix,$ 882,241248,2014-07-23,Modern Daily #7299798,modern,modern-daily-7299798,modern-daily-7299798-2014-07-23
36,1,Batterskull,,Sideboard,4,0,Suntitan Control,Dylan_Fay,239 tix,$ 882,241248,2014-07-23,Modern Daily #7299798,modern,modern-daily-7299798,modern-daily-7299798-2014-07-23
37,1,Wurmcoil Engine,,Sideboard,4,0,Suntitan Control,Dylan_Fay,239 tix,$ 882,241248,2014-07-23,Modern Daily #7299798,modern,modern-daily-7299798,modern-daily-7299798-2014-07-23
1,3,Memnite,,Creatures,3,1,Affinity,MarkRNorris,395 tix,$ 953,241262,2014-07-23,Modern Daily #7299798,modern,modern-daily-7299798,modern-daily-7299798-2014-07-23
2,4,Ornithopter,,Creatures,3,1,Affinity,MarkRNorris,395 tix,$ 953,241262,2014-07-23,Modern Daily #7299798,modern,modern-daily-7299798,modern-daily-7299798-2014-07-23
3,4,Signal Pest,,Creatures,3,1,Affinity,MarkRNorris,395 tix,$ 953,241262,2014-07-23,Modern Daily #7299798,modern,modern-daily-7299798,modern-daily-7299798-2014-07-23
4,4,Arcbound Ravager,,Creatures,3,1,Affinity,MarkRNorris,395 tix,$ 953,241262,2014-07-23,Modern Daily #7299798,modern,modern-daily-7299798,modern-daily-7299798-2014-07-23
5,4,Steel Overseer,,Creatures,3,1,Affinity,MarkRNorris,395 tix,$ 953,241262,2014-07-23,Modern Daily #7299798,modern,modern-daily-7299798,modern-daily-7299798-2014-07-23
6,4,Vault Skirge,,Creatures,3,1,Affinity,MarkRNorris,395 tix,$ 953,241262,2014-07-23,Modern Daily #7299798,modern,modern-daily-7299798,modern-daily-7299798-2014-07-23
7,2,Etched Champion,,Creatures,3,1,Affinity,MarkRNorris,395 tix,$ 953,241262,2014-07-23,Modern Daily #7299798,modern,modern-daily-7299798,modern-daily-7299798-2014-07-23
8,2,Master of Etherium,,Creatures,3,1,Affinity,MarkRNorris,395 tix,$ 953,241262,2014-07-23,Modern Daily #7299798,modern,modern-daily-7299798,modern-daily-7299798-2014-07-23
10,2,Galvanic Blast,,Spells,3,1,Affinity,MarkRNorris,395 tix,$ 953,241262,2014-07-23,Modern Daily #7299798,modern,modern-daily-7299798,modern-daily-7299798-2014-07-23
11,2,Thoughtcast,,Spells,3,1,Affinity,MarkRNorris,395 tix,$ 953,241262,2014-07-23,Modern Daily #7299798,modern,modern-daily-7299798,modern-daily-7299798-2014-07-23
13,4,Mox Opal,,Artifacts,3,1,Affinity,MarkRNorris,395 tix,$ 953,241262,2014-07-23,Modern Daily #7299798,modern,modern-daily-7299798,modern-daily-7299798-2014-07-23
14,4,Springleaf Drum,,Artifacts,3,1,Affinity,MarkRNorris,395 tix,$ 953,241262,2014-07-23,Modern Daily #7299798,modern,modern-daily-7299798,modern-daily-7299798-2014-07-23
15,4,Cranial Plating,,Artifacts,3,1,Affinity,MarkRNorris,395 tix,$ 953,241262,2014-07-23,Modern Daily #7299798,modern,modern-daily-7299798,modern-daily-7299798-2014-07-23
17,4,Blinkmoth Nexus,,Lands,3,1,Affinity,MarkRNorris,395 tix,$ 953,241262,2014-07-23,Modern Daily #7299798,modern,modern-daily-7299798,modern-daily-7299798-2014-07-23
18,4,Darksteel Citadel,,Lands,3,1,Affinity,MarkRNorris,395 tix,$ 953,241262,2014-07-23,Modern Daily #7299798,modern,modern-daily-7299798,modern-daily-7299798-2014-07-23
19,4,Glimmervoid,,Lands,3,1,Affinity,MarkRNorris,395 tix,$ 953,241262,2014-07-23,Modern Daily #7299798,modern,modern-daily-7299798,modern-daily-7299798-2014-07-23
20,4,Inkmoth Nexus,,Lands,3,1,Affinity,MarkRNorris,395 tix,$ 953,241262,2014-07-23,Modern Daily #7299798,modern,modern-daily-7299798,modern-daily-7299798-2014-07-23
21,1,Island,,Lands,3,1,Affinity,MarkRNorris,395 tix,$ 953,241262,2014-07-23,Modern Daily #7299798,modern,modern-daily-7299798,modern-daily-7299798-2014-07-23
23,1,Grafdigger's Cage,,Sideboard,3,1,Affinity,MarkRNorris,395 tix,$ 953,241262,2014-07-23,Modern Daily #7299798,modern,modern-daily-7299798,modern-daily-7299798-2014-07-23
24,1,Gut Shot,,Sideboard,3,1,Affinity,MarkRNorris,395 tix,$ 953,241262,2014-07-23,Modern Daily #7299798,modern,modern-daily-7299798,modern-daily-7299798-2014-07-23
25,1,Illness in the Ranks,,Sideboard,3,1,Affinity,MarkRNorris,395 tix,$ 953,241262,2014-07-23,Modern Daily #7299798,modern,modern-daily-7299798,modern-daily-7299798-2014-07-23
26,2,Thoughtseize,,Sideboard,3,1,Affinity,MarkRNorris,395 tix,$ 953,241262,2014-07-23,Modern Daily #7299798,modern,modern-daily-7299798,modern-daily-7299798-2014-07-23
27,2,Ancient Grudge,,Sideboard,3,1,Affinity,MarkRNorris,395 tix,$ 953,241262,2014-07-23,Modern Daily #7299798,modern,modern-daily-7299798,modern-daily-7299798-2014-07-23
28,2,Spellskite,,Sideboard,3,1,Affinity,MarkRNorris,395 tix,$ 953,241262,2014-07-23,Modern Daily #7299798,modern,modern-daily-7299798,modern-daily-7299798-2014-07-23
29,1,Whipflare,,Sideboard,3,1,Affinity,MarkRNorris,395 tix,$ 953,241262,2014-07-23,Modern Daily #7299798,modern,modern-daily-7299798,modern-daily-7299798-2014-07-23
30,1,Blood Moon,,Sideboard,3,1,Affinity,MarkRNorris,395 tix,$ 953,241262,2014-07-23,Modern Daily #7299798,modern,modern-daily-7299798,modern-daily-7299798-2014-07-23
31,1,Dismember,,Sideboard,3,1,Affinity,MarkRNorris,395 tix,$ 953,241262,2014-07-23,Modern Daily #7299798,modern,modern-daily-7299798,modern-daily-7299798-2014-07-23
32,2,Etched Champion,,Sideboard,3,1,Affinity,MarkRNorris,395 tix,$ 953,241262,2014-07-23,Modern Daily #7299798,modern,modern-daily-7299798,modern-daily-7299798-2014-07-23
33,1,Rule of Law,,Sideboard,3,1,Affinity,MarkRNorris,395 tix,$ 953,241262,2014-07-23,Modern Daily #7299798,modern,modern-daily-7299798,modern-daily-7299798-2014-07-23
1,3,Memnite,,Creatures,3,1,Affinity,DreamWizard,373 tix,$ 902,241264,2014-07-23,Modern Daily #7299798,modern,modern-daily-7299798,modern-daily-7299798-2014-07-23
2,4,Ornithopter,,Creatures,3,1,Affinity,DreamWizard,373 tix,$ 902,241264,2014-07-23,Modern Daily #7299798,modern,modern-daily-7299798,modern-daily-7299798-2014-07-23
3,4,Signal Pest,,Creatures,3,1,Affinity,DreamWizard,373 tix,$ 902,241264,2014-07-23,Modern Daily #7299798,modern,modern-daily-7299798,modern-daily-7299798-2014-07-23
4,4,Arcbound Ravager,,Creatures,3,1,Affinity,DreamWizard,373 tix,$ 902,241264,2014-07-23,Modern Daily #7299798,modern,modern-daily-7299798,modern-daily-7299798-2014-07-23
5,3,Steel Overseer,,Creatures,3,1,Affinity,DreamWizard,373 tix,$ 902,241264,2014-07-23,Modern Daily #7299798,modern,modern-daily-7299798,modern-daily-7299798-2014-07-23
6,4,Vault Skirge,,Creatures,3,1,Affinity,DreamWizard,373 tix,$ 902,241264,2014-07-23,Modern Daily #7299798,modern,modern-daily-7299798,modern-daily-7299798-2014-07-23
7,2,Etched Champion,,Creatures,3,1,Affinity,DreamWizard,373 tix,$ 902,241264,2014-07-23,Modern Daily #7299798,modern,modern-daily-7299798,modern-daily-7299798-2014-07-23
8,2,Master of Etherium,,Creatures,3,1,Affinity,DreamWizard,373 tix,$ 902,241264,2014-07-23,Modern Daily #7299798,modern,modern-daily-7299798,modern-daily-7299798-2014-07-23
10,2,Galvanic Blast,,Spells,3,1,Affinity,DreamWizard,373 tix,$ 902,241264,2014-07-23,Modern Daily #7299798,modern,modern-daily-7299798,modern-daily-7299798-2014-07-23
11,3,Thoughtcast,,Spells,3,1,Affinity,DreamWizard,373 tix,$ 902,241264,2014-07-23,Modern Daily #7299798,modern,modern-daily-7299798,modern-daily-7299798-2014-07-23
13,4,Mox Opal,,Artifacts,3,1,Affinity,DreamWizard,373 tix,$ 902,241264,2014-07-23,Modern Daily #7299798,modern,modern-daily-7299798,modern-daily-7299798-2014-07-23
14,1,Welding Jar,,Artifacts,3,1,Affinity,DreamWizard,373 tix,$ 902,241264,2014-07-23,Modern Daily #7299798,modern,modern-daily-7299798,modern-daily-7299798-2014-07-23
15,4,Springleaf Drum,,Artifacts,3,1,Affinity,DreamWizard,373 tix,$ 902,241264,2014-07-23,Modern Daily #7299798,modern,modern-daily-7299798,modern-daily-7299798-2014-07-23
16,4,Cranial Plating,,Artifacts,3,1,Affinity,DreamWizard,373 tix,$ 902,241264,2014-07-23,Modern Daily #7299798,modern,modern-daily-7299798,modern-daily-7299798-2014-07-23
18,4,Blinkmoth Nexus,,Lands,3,1,Affinity,DreamWizard,373 tix,$ 902,241264,2014-07-23,Modern Daily #7299798,modern,modern-daily-7299798,modern-daily-7299798-2014-07-23
19,4,Darksteel Citadel,,Lands,3,1,Affinity,DreamWizard,373 tix,$ 902,241264,2014-07-23,Modern Daily #7299798,modern,modern-daily-7299798,modern-daily-7299798-2014-07-23
20,3,Glimmervoid,,Lands,3,1,Affinity,DreamWizard,373 tix,$ 902,241264,2014-07-23,Modern Daily #7299798,modern,modern-daily-7299798,modern-daily-7299798-2014-07-23
21,4,Inkmoth Nexus,,Lands,3,1,Affinity,DreamWizard,373 tix,$ 902,241264,2014-07-23,Modern Daily #7299798,modern,modern-daily-7299798,modern-daily-7299798-2014-07-23
22,1,Island,,Lands,3,1,Affinity,DreamWizard,373 tix,$ 902,241264,2014-07-23,Modern Daily #7299798,modern,modern-daily-7299798,modern-daily-7299798-2014-07-23
24,1,Wear & Tear,,Sideboard,3,1,Affinity,DreamWizard,373 tix,$ 902,241264,2014-07-23,Modern Daily #7299798,modern,modern-daily-7299798,modern-daily-7299798-2014-07-23
25,2,Galvanic Blast,,Sideboard,3,1,Affinity,DreamWizard,373 tix,$ 902,241264,2014-07-23,Modern Daily #7299798,modern,modern-daily-7299798,modern-daily-7299798-2014-07-23
26,1,Grafdigger's Cage,,Sideboard,3,1,Affinity,DreamWizard,373 tix,$ 902,241264,2014-07-23,Modern Daily #7299798,modern,modern-daily-7299798,modern-daily-7299798-2014-07-23
27,1,Relic of Progenitus,,Sideboard,3,1,Affinity,DreamWizard,373 tix,$ 902,241264,2014-07-23,Modern Daily #7299798,modern,modern-daily-7299798,modern-daily-7299798-2014-07-23
28,2,Thoughtseize,,Sideboard,3,1,Affinity,DreamWizard,373 tix,$ 902,241264,2014-07-23,Modern Daily #7299798,modern,modern-daily-7299798,modern-daily-7299798-2014-07-23
29,2,Ancient Grudge,,Sideboard,3,1,Affinity,DreamWizard,373 tix,$ 902,241264,2014-07-23,Modern Daily #7299798,modern,modern-daily-7299798,modern-daily-7299798-2014-07-23
30,2,Spellskite,,Sideboard,3,1,Affinity,DreamWizard,373 tix,$ 902,241264,2014-07-23,Modern Daily #7299798,modern,modern-daily-7299798,modern-daily-7299798-2014-07-23
31,1,Torpor Orb,,Sideboard,3,1,Affinity,DreamWizard,373 tix,$ 902,241264,2014-07-23,Modern Daily #7299798,modern,modern-daily-7299798,modern-daily-7299798-2014-07-23
32,1,Whipflare,,Sideboard,3,1,Affinity,DreamWizard,373 tix,$ 902,241264,2014-07-23,Modern Daily #7299798,modern,modern-daily-7299798,modern-daily-7299798-2014-07-23
33,2,Etched Champion,,Sideboard,3,1,Affinity,DreamWizard,373 tix,$ 902,241264,2014-07-23,Modern Daily #7299798,modern,modern-daily-7299798,modern-daily-7299798-2014-07-23
1,4,Goblin Guide,,Creatures,3,1,Burn,kenji712,85 tix,$ 192,241250,2014-07-23,Modern Daily #7299798,modern,modern-daily-7299798,modern-daily-7299798-2014-07-23
2,4,Spark Elemental,,Creatures,3,1,Burn,kenji712,85 tix,$ 192,241250,2014-07-23,Modern Daily #7299798,modern,modern-daily-7299798,modern-daily-7299798-2014-07-23
3,4,Eidolon of the Great Revel,,Creatures,3,1,Burn,kenji712,85 tix,$ 192,241250,2014-07-23,Modern Daily #7299798,modern,modern-daily-7299798,modern-daily-7299798-2014-07-23
5,4,Lava Spike,,Spells,3,1,Burn,kenji712,85 tix,$ 192,241250,2014-07-23,Modern Daily #7299798,modern,modern-daily-7299798,modern-daily-7299798-2014-07-23
6,4,Lightning Bolt,,Spells,3,1,Burn,kenji712,85 tix,$ 192,241250,2014-07-23,Modern Daily #7299798,modern,modern-daily-7299798,modern-daily-7299798-2014-07-23
7,3,Shard Volley,,Spells,3,1,Burn,kenji712,85 tix,$ 192,241250,2014-07-23,Modern Daily #7299798,modern,modern-daily-7299798,modern-daily-7299798-2014-07-23
8,3,Magma Jet,,Spells,3,1,Burn,kenji712,85 tix,$ 192,241250,2014-07-23,Modern Daily #7299798,modern,modern-daily-7299798,modern-daily-7299798-2014-07-23
9,3,Searing Blaze,,Spells,3,1,Burn,kenji712,85 tix,$ 192,241250,2014-07-23,Modern Daily #7299798,modern,modern-daily-7299798,modern-daily-7299798-2014-07-23
10,4,Skullcrack,,Spells,3,1,Burn,kenji712,85 tix,$ 192,241250,2014-07-23,Modern Daily #7299798,modern,modern-daily-7299798,modern-daily-7299798-2014-07-23
11,3,Flames of the Blood Hand,,Spells,3,1,Burn,kenji712,85 tix,$ 192,241250,2014-07-23,Modern Daily #7299798,modern,modern-daily-7299798,modern-daily-7299798-2014-07-23
12,4,Rift Bolt,,Spells,3,1,Burn,kenji712,85 tix,$ 192,241250,2014-07-23,Modern Daily #7299798,modern,modern-daily-7299798,modern-daily-7299798-2014-07-23
14,20,Mountain,,Lands,3,1,Burn,kenji712,85 tix,$ 192,241250,2014-07-23,Modern Daily #7299798,modern,modern-daily-7299798,modern-daily-7299798-2014-07-23
16,1,Relic of Progenitus,,Sideboard,3,1,Burn,kenji712,85 tix,$ 192,241250,2014-07-23,Modern Daily #7299798,modern,modern-daily-7299798,modern-daily-7299798-2014-07-23
17,2,Combust,,Sideboard,3,1,Burn,kenji712,85 tix,$ 192,241250,2014-07-23,Modern Daily #7299798,modern,modern-daily-7299798,modern-daily-7299798-2014-07-23
18,3,Searing Blood,,Sideboard,3,1,Burn,kenji712,85 tix,$ 192,241250,2014-07-23,Modern Daily #7299798,modern,modern-daily-7299798,modern-daily-7299798-2014-07-23
19,3,Smash to Smithereens,,Sideboard,3,1,Burn,kenji712,85 tix,$ 192,241250,2014-07-23,Modern Daily #7299798,modern,modern-daily-7299798,modern-daily-7299798-2014-07-23
20,2,Anger of the Gods,,Sideboard,3,1,Burn,kenji712,85 tix,$ 192,241250,2014-07-23,Modern Daily #7299798,modern,modern-daily-7299798,modern-daily-7299798-2014-07-23
21,4,Molten Rain,,Sideboard,3,1,Burn,kenji712,85 tix,$ 192,241250,2014-07-23,Modern Daily #7299798,modern,modern-daily-7299798,modern-daily-7299798-2014-07-23
1,4,Goblin Guide,,Creatures,3,1,Burn,folkstyle,79 tix,$ 230,241265,2014-07-23,Modern Daily #7299798,modern,modern-daily-7299798,modern-daily-7299798-2014-07-23
2,4,Spark Elemental,,Creatures,3,1,Burn,folkstyle,79 tix,$ 230,241265,2014-07-23,Modern Daily #7299798,modern,modern-daily-7299798,modern-daily-7299798-2014-07-23
3,3,Eidolon of the Great Revel,,Creatures,3,1,Burn,folkstyle,79 tix,$ 230,241265,2014-07-23,Modern Daily #7299798,modern,modern-daily-7299798,modern-daily-7299798-2014-07-23
4,2,Hellspark Elemental,,Creatures,3,1,Burn,folkstyle,79 tix,$ 230,241265,2014-07-23,Modern Daily #7299798,modern,modern-daily-7299798,modern-daily-7299798-2014-07-23
6,4,Lava Spike,,Spells,3,1,Burn,folkstyle,79 tix,$ 230,241265,2014-07-23,Modern Daily #7299798,modern,modern-daily-7299798,modern-daily-7299798-2014-07-23
7,4,Lightning Bolt,,Spells,3,1,Burn,folkstyle,79 tix,$ 230,241265,2014-07-23,Modern Daily #7299798,modern,modern-daily-7299798,modern-daily-7299798-2014-07-23
8,1,Shard Volley,,Spells,3,1,Burn,folkstyle,79 tix,$ 230,241265,2014-07-23,Modern Daily #7299798,modern,modern-daily-7299798,modern-daily-7299798-2014-07-23
9,4,Searing Blaze,,Spells,3,1,Burn,folkstyle,79 tix,$ 230,241265,2014-07-23,Modern Daily #7299798,modern,modern-daily-7299798,modern-daily-7299798-2014-07-23
10,2,Searing Blood,,Spells,3,1,Burn,folkstyle,79 tix,$ 230,241265,2014-07-23,Modern Daily #7299798,modern,modern-daily-7299798,modern-daily-7299798-2014-07-23
11,4,Skullcrack,,Spells,3,1,Burn,folkstyle,79 tix,$ 230,241265,2014-07-23,Modern Daily #7299798,modern,modern-daily-7299798,modern-daily-7299798-2014-07-23
12,4,Flames of the Blood Hand,,Spells,3,1,Burn,folkstyle,79 tix,$ 230,241265,2014-07-23,Modern Daily #7299798,modern,modern-daily-7299798,modern-daily-7299798-2014-07-23
13,4,Rift Bolt,,Spells,3,1,Burn,folkstyle,79 tix,$ 230,241265,2014-07-23,Modern Daily #7299798,modern,modern-daily-7299798,modern-daily-7299798-2014-07-23
15,1,Arid Mesa,,Lands,3,1,Burn,folkstyle,79 tix,$ 230,241265,2014-07-23,Modern Daily #7299798,modern,modern-daily-7299798,modern-daily-7299798-2014-07-23
16,19,Mountain,,Lands,3,1,Burn,folkstyle,79 tix,$ 230,241265,2014-07-23,Modern Daily #7299798,modern,modern-daily-7299798,modern-daily-7299798-2014-07-23
18,3,Relic of Progenitus,,Sideboard,3,1,Burn,folkstyle,79 tix,$ 230,241265,2014-07-23,Modern Daily #7299798,modern,modern-daily-7299798,modern-daily-7299798-2014-07-23
19,2,Ash Zealot,,Sideboard,3,1,Burn,folkstyle,79 tix,$ 230,241265,2014-07-23,Modern Daily #7299798,modern,modern-daily-7299798,modern-daily-7299798-2014-07-23
20,3,Combust,,Sideboard,3,1,Burn,folkstyle,79 tix,$ 230,241265,2014-07-23,Modern Daily #7299798,modern,modern-daily-7299798,modern-daily-7299798-2014-07-23
21,3,Smash to Smithereens,,Sideboard,3,1,Burn,folkstyle,79 tix,$ 230,241265,2014-07-23,Modern Daily #7299798,modern,modern-daily-7299798,modern-daily-7299798-2014-07-23
22,2,Tunnel Ignus,,Sideboard,3,1,Burn,folkstyle,79 tix,$ 230,241265,2014-07-23,Modern Daily #7299798,modern,modern-daily-7299798,modern-daily-7299798-2014-07-23
23,1,Anger of the Gods,,Sideboard,3,1,Burn,folkstyle,79 tix,$ 230,241265,2014-07-23,Modern Daily #7299798,modern,modern-daily-7299798,modern-daily-7299798-2014-07-23
24,1,Volcanic Fallout,,Sideboard,3,1,Burn,folkstyle,79 tix,$ 230,241265,2014-07-23,Modern Daily #7299798,modern,modern-daily-7299798,modern-daily-7299798-2014-07-23
1,4,Dark Confidant,,Creatures,3,1,Jund,Jcozmo,607 tix,"$ 2,156",241257,2014-07-23,Modern Daily #7299798,modern,modern-daily-7299798,modern-daily-7299798-2014-07-23
2,3,Scavenging Ooze,,Creatures,3,1,Jund,Jcozmo,607 tix,"$ 2,156",241257,2014-07-23,Modern Daily #7299798,modern,modern-daily-7299798,modern-daily-7299798-2014-07-23
3,4,Tarmogoyf,,Creatures,3,1,Jund,Jcozmo,607 tix,"$ 2,156",241257,2014-07-23,Modern Daily #7299798,modern,modern-daily-7299798,modern-daily-7299798-2014-07-23
4,1,"Thrun, the Last Troll",,Creatures,3,1,Jund,Jcozmo,607 tix,"$ 2,156",241257,2014-07-23,Modern Daily #7299798,modern,modern-daily-7299798,modern-daily-7299798-2014-07-23
6,4,Liliana of the Veil,,Planeswalkers,3,1,Jund,Jcozmo,607 tix,"$ 2,156",241257,2014-07-23,Modern Daily #7299798,modern,modern-daily-7299798,modern-daily-7299798-2014-07-23
7,1,"Chandra, Pyromaster",,Planeswalkers,3,1,Jund,Jcozmo,607 tix,"$ 2,156",241257,2014-07-23,Modern Daily #7299798,modern,modern-daily-7299798,modern-daily-7299798-2014-07-23
9,1,Slaughter Pact,,Spells,3,1,Jund,Jcozmo,607 tix,"$ 2,156",241257,2014-07-23,Modern Daily #7299798,modern,modern-daily-7299798,modern-daily-7299798-2014-07-23
10,3,Inquisition of Kozilek,,Spells,3,1,Jund,Jcozmo,607 tix,"$ 2,156",241257,2014-07-23,Modern Daily #7299798,modern,modern-daily-7299798,modern-daily-7299798-2014-07-23
11,4,Lightning Bolt,,Spells,3,1,Jund,Jcozmo,607 tix,"$ 2,156",241257,2014-07-23,Modern Daily #7299798,modern,modern-daily-7299798,modern-daily-7299798-2014-07-23
12,3,Thoughtseize,,Spells,3,1,Jund,Jcozmo,607 tix,"$ 2,156",241257,2014-07-23,Modern Daily #7299798,modern,modern-daily-7299798,modern-daily-7299798-2014-07-23
13,3,Abrupt Decay,,Spells,3,1,Jund,Jcozmo,607 tix,"$ 2,156",241257,2014-07-23,Modern Daily #7299798,modern,modern-daily-7299798,modern-daily-7299798-2014-07-23
14,2,Terminate,,Spells,3,1,Jund,Jcozmo,607 tix,"$ 2,156",241257,2014-07-23,Modern Daily #7299798,modern,modern-daily-7299798,modern-daily-7299798-2014-07-23
15,1,Dismember,,Spells,3,1,Jund,Jcozmo,607 tix,"$ 2,156",241257,2014-07-23,Modern Daily #7299798,modern,modern-daily-7299798,modern-daily-7299798-2014-07-23
16,2,Maelstrom Pulse,,Spells,3,1,Jund,Jcozmo,607 tix,"$ 2,156",241257,2014-07-23,Modern Daily #7299798,modern,modern-daily-7299798,modern-daily-7299798-2014-07-23
18,4,Blackcleave Cliffs,,Lands,3,1,Jund,Jcozmo,607 tix,"$ 2,156",241257,2014-07-23,Modern Daily #7299798,modern,modern-daily-7299798,modern-daily-7299798-2014-07-23
19,1,Fire-Lit Thicket,,Lands,3,1,Jund,Jcozmo,607 tix,"$ 2,156",241257,2014-07-23,Modern Daily #7299798,modern,modern-daily-7299798,modern-daily-7299798-2014-07-23
20,2,Forest,,Lands,3,1,Jund,Jcozmo,607 tix,"$ 2,156",241257,2014-07-23,Modern Daily #7299798,modern,modern-daily-7299798,modern-daily-7299798-2014-07-23
21,2,Marsh Flats,,Lands,3,1,Jund,Jcozmo,607 tix,"$ 2,156",241257,2014-07-23,Modern Daily #7299798,modern,modern-daily-7299798,modern-daily-7299798-2014-07-23
22,1,Misty Rainforest,,Lands,3,1,Jund,Jcozmo,607 tix,"$ 2,156",241257,2014-07-23,Modern Daily #7299798,modern,modern-daily-7299798,modern-daily-7299798-2014-07-23
23,1,Overgrown Tomb,,Lands,3,1,Jund,Jcozmo,607 tix,"$ 2,156",241257,2014-07-23,Modern Daily #7299798,modern,modern-daily-7299798,modern-daily-7299798-2014-07-23
24,3,Raging Ravine,,Lands,3,1,Jund,Jcozmo,607 tix,"$ 2,156",241257,2014-07-23,Modern Daily #7299798,modern,modern-daily-7299798,modern-daily-7299798-2014-07-23
25,1,Stomping Ground,,Lands,3,1,Jund,Jcozmo,607 tix,"$ 2,156",241257,2014-07-23,Modern Daily #7299798,modern,modern-daily-7299798,modern-daily-7299798-2014-07-23
26,2,Swamp,,Lands,3,1,Jund,Jcozmo,607 tix,"$ 2,156",241257,2014-07-23,Modern Daily #7299798,modern,modern-daily-7299798,modern-daily-7299798-2014-07-23
27,1,Treetop Village,,Lands,3,1,Jund,Jcozmo,607 tix,"$ 2,156",241257,2014-07-23,Modern Daily #7299798,modern,modern-daily-7299798,modern-daily-7299798-2014-07-23
28,1,Twilight Mire,,Lands,3,1,Jund,Jcozmo,607 tix,"$ 2,156",241257,2014-07-23,Modern Daily #7299798,modern,modern-daily-7299798,modern-daily-7299798-2014-07-23
29,1,"Urborg, Tomb of Yawgmoth",,Lands,3,1,Jund,Jcozmo,607 tix,"$ 2,156",241257,2014-07-23,Modern Daily #7299798,modern,modern-daily-7299798,modern-daily-7299798-2014-07-23
30,4,Verdant Catacombs,,Lands,3,1,Jund,Jcozmo,607 tix,"$ 2,156",241257,2014-07-23,Modern Daily #7299798,modern,modern-daily-7299798,modern-daily-7299798-2014-07-23
32,1,Inquisition of Kozilek,,Sideboard,3,1,Jund,Jcozmo,607 tix,"$ 2,156",241257,2014-07-23,Modern Daily #7299798,modern,modern-daily-7299798,modern-daily-7299798-2014-07-23
33,1,Thoughtseize,,Sideboard,3,1,Jund,Jcozmo,607 tix,"$ 2,156",241257,2014-07-23,Modern Daily #7299798,modern,modern-daily-7299798,modern-daily-7299798-2014-07-23
34,2,Ancient Grudge,,Sideboard,3,1,Jund,Jcozmo,607 tix,"$ 2,156",241257,2014-07-23,Modern Daily #7299798,modern,modern-daily-7299798,modern-daily-7299798-2014-07-23
35,1,Spellskite,,Sideboard,3,1,Jund,Jcozmo,607 tix,"$ 2,156",241257,2014-07-23,Modern Daily #7299798,modern,modern-daily-7299798,modern-daily-7299798-2014-07-23
36,1,Unravel the Aether,,Sideboard,3,1,Jund,Jcozmo,607 tix,"$ 2,156",241257,2014-07-23,Modern Daily #7299798,modern,modern-daily-7299798,modern-daily-7299798-2014-07-23
37,3,Anger of the Gods,,Sideboard,3,1,Jund,Jcozmo,607 tix,"$ 2,156",241257,2014-07-23,Modern Daily #7299798,modern,modern-daily-7299798,modern-daily-7299798-2014-07-23
38,3,Fulminator Mage,,Sideboard,3,1,Jund,Jcozmo,607 tix,"$ 2,156",241257,2014-07-23,Modern Daily #7299798,modern,modern-daily-7299798,modern-daily-7299798-2014-07-23
39,1,Olivia Voldaren,,Sideboard,3,1,Jund,Jcozmo,607 tix,"$ 2,156",241257,2014-07-23,Modern Daily #7299798,modern,modern-daily-7299798,modern-daily-7299798-2014-07-23
40,1,Slaughter Games,,Sideboard,3,1,Jund,Jcozmo,607 tix,"$ 2,156",241257,2014-07-23,Modern Daily #7299798,modern,modern-daily-7299798,modern-daily-7299798-2014-07-23
41,1,Batterskull,,Sideboard,3,1,Jund,Jcozmo,607 tix,"$ 2,156",241257,2014-07-23,Modern Daily #7299798,modern,modern-daily-7299798,modern-daily-7299798-2014-07-23
1,4,Noble Hierarch,,Creatures,3,1,Kibler Naya,mcatebr,389 tix,"$ 1,055",241256,2014-07-23,Modern Daily #7299798,modern,modern-daily-7299798,modern-daily-7299798-2014-07-23
2,4,Wild Nacatl,,Creatures,3,1,Kibler Naya,mcatebr,389 tix,"$ 1,055",241256,2014-07-23,Modern Daily #7299798,modern,modern-daily-7299798,modern-daily-7299798-2014-07-23
3,3,Qasali Pridemage,,Creatures,3,1,Kibler Naya,mcatebr,389 tix,"$ 1,055",241256,2014-07-23,Modern Daily #7299798,modern,modern-daily-7299798,modern-daily-7299798-2014-07-23
4,4,Scavenging Ooze,,Creatures,3,1,Kibler Naya,mcatebr,389 tix,"$ 1,055",241256,2014-07-23,Modern Daily #7299798,modern,modern-daily-7299798,modern-daily-7299798-2014-07-23
5,4,Tarmogoyf,,Creatures,3,1,Kibler Naya,mcatebr,389 tix,"$ 1,055",241256,2014-07-23,Modern Daily #7299798,modern,modern-daily-7299798,modern-daily-7299798-2014-07-23
6,4,Knight of the Reliquary,,Creatures,3,1,Kibler Naya,mcatebr,389 tix,"$ 1,055",241256,2014-07-23,Modern Daily #7299798,modern,modern-daily-7299798,modern-daily-7299798-2014-07-23
7,3,Loxodon Smiter,,Creatures,3,1,Kibler Naya,mcatebr,389 tix,"$ 1,055",241256,2014-07-23,Modern Daily #7299798,modern,modern-daily-7299798,modern-daily-7299798-2014-07-23
9,1,Domri Rade,,Planeswalkers,3,1,Kibler Naya,mcatebr,389 tix,"$ 1,055",241256,2014-07-23,Modern Daily #7299798,modern,modern-daily-7299798,modern-daily-7299798-2014-07-23
10,1,"Chandra, Pyromaster",,Planeswalkers,3,1,Kibler Naya,mcatebr,389 tix,"$ 1,055",241256,2014-07-23,Modern Daily #7299798,modern,modern-daily-7299798,modern-daily-7299798-2014-07-23
12,4,Lightning Bolt,,Spells,3,1,Kibler Naya,mcatebr,389 tix,"$ 1,055",241256,2014-07-23,Modern Daily #7299798,modern,modern-daily-7299798,modern-daily-7299798-2014-07-23
13,4,Path to Exile,,Spells,3,1,Kibler Naya,mcatebr,389 tix,"$ 1,055",241256,2014-07-23,Modern Daily #7299798,modern,modern-daily-7299798,modern-daily-7299798-2014-07-23
14,2,Lightning Helix,,Spells,3,1,Kibler Naya,mcatebr,389 tix,"$ 1,055",241256,2014-07-23,Modern Daily #7299798,modern,modern-daily-7299798,modern-daily-7299798-2014-07-23
16,4,Arid Mesa,,Lands,3,1,Kibler Naya,mcatebr,389 tix,"$ 1,055",241256,2014-07-23,Modern Daily #7299798,modern,modern-daily-7299798,modern-daily-7299798-2014-07-23
17,1,Blood Crypt,,Lands,3,1,Kibler Naya,mcatebr,389 tix,"$ 1,055",241256,2014-07-23,Modern Daily #7299798,modern,modern-daily-7299798,modern-daily-7299798-2014-07-23
18,2,Forest,,Lands,3,1,Kibler Naya,mcatebr,389 tix,"$ 1,055",241256,2014-07-23,Modern Daily #7299798,modern,modern-daily-7299798,modern-daily-7299798-2014-07-23
19,1,Kessig Wolf Run,,Lands,3,1,Kibler Naya,mcatebr,389 tix,"$ 1,055",241256,2014-07-23,Modern Daily #7299798,modern,modern-daily-7299798,modern-daily-7299798-2014-07-23
20,2,Marsh Flats,,Lands,3,1,Kibler Naya,mcatebr,389 tix,"$ 1,055",241256,2014-07-23,Modern Daily #7299798,modern,modern-daily-7299798,modern-daily-7299798-2014-07-23
21,1,Overgrown Tomb,,Lands,3,1,Kibler Naya,mcatebr,389 tix,"$ 1,055",241256,2014-07-23,Modern Daily #7299798,modern,modern-daily-7299798,modern-daily-7299798-2014-07-23
22,2,Plains,,Lands,3,1,Kibler Naya,mcatebr,389 tix,"$ 1,055",241256,2014-07-23,Modern Daily #7299798,modern,modern-daily-7299798,modern-daily-7299798-2014-07-23
23,1,Sacred Foundry,,Lands,3,1,Kibler Naya,mcatebr,389 tix,"$ 1,055",241256,2014-07-23,Modern Daily #7299798,modern,modern-daily-7299798,modern-daily-7299798-2014-07-23
24,1,Stirring Wildwood,,Lands,3,1,Kibler Naya,mcatebr,389 tix,"$ 1,055",241256,2014-07-23,Modern Daily #7299798,modern,modern-daily-7299798,modern-daily-7299798-2014-07-23
25,2,Stomping Ground,,Lands,3,1,Kibler Naya,mcatebr,389 tix,"$ 1,055",241256,2014-07-23,Modern Daily #7299798,modern,modern-daily-7299798,modern-daily-7299798-2014-07-23
26,1,Temple Garden,,Lands,3,1,Kibler Naya,mcatebr,389 tix,"$ 1,055",241256,2014-07-23,Modern Daily #7299798,modern,modern-daily-7299798,modern-daily-7299798-2014-07-23
27,4,Verdant Catacombs,,Lands,3,1,Kibler Naya,mcatebr,389 tix,"$ 1,055",241256,2014-07-23,Modern Daily #7299798,modern,modern-daily-7299798,modern-daily-7299798-2014-07-23
29,1,Wear & Tear,,Sideboard,3,1,Kibler Naya,mcatebr,389 tix,"$ 1,055",241256,2014-07-23,Modern Daily #7299798,modern,modern-daily-7299798,modern-daily-7299798-2014-07-23
30,2,Bonfire of the Damned,,Sideboard,3,1,Kibler Naya,mcatebr,389 tix,"$ 1,055",241256,2014-07-23,Modern Daily #7299798,modern,modern-daily-7299798,modern-daily-7299798-2014-07-23
31,1,Grafdigger's Cage,,Sideboard,3,1,Kibler Naya,mcatebr,389 tix,"$ 1,055",241256,2014-07-23,Modern Daily #7299798,modern,modern-daily-7299798,modern-daily-7299798-2014-07-23
32,1,Ancient Grudge,,Sideboard,3,1,Kibler Naya,mcatebr,389 tix,"$ 1,055",241256,2014-07-23,Modern Daily #7299798,modern,modern-daily-7299798,modern-daily-7299798-2014-07-23
33,1,Back to Nature,,Sideboard,3,1,Kibler Naya,mcatebr,389 tix,"$ 1,055",241256,2014-07-23,Modern Daily #7299798,modern,modern-daily-7299798,modern-daily-7299798-2014-07-23
34,2,Combust,,Sideboard,3,1,Kibler Naya,mcatebr,389 tix,"$ 1,055",241256,2014-07-23,Modern Daily #7299798,modern,modern-daily-7299798,modern-daily-7299798-2014-07-23
35,1,Torpor Orb,,Sideboard,3,1,Kibler Naya,mcatebr,389 tix,"$ 1,055",241256,2014-07-23,Modern Daily #7299798,modern,modern-daily-7299798,modern-daily-7299798-2014-07-23
36,2,Blood Moon,,Sideboard,3,1,Kibler Naya,mcatebr,389 tix,"$ 1,055",241256,2014-07-23,Modern Daily #7299798,modern,modern-daily-7299798,modern-daily-7299798-2014-07-23
37,1,Obstinate Baloth,,Sideboard,3,1,Kibler Naya,mcatebr,389 tix,"$ 1,055",241256,2014-07-23,Modern Daily #7299798,modern,modern-daily-7299798,modern-daily-7299798-2014-07-23
38,2,Slaughter Games,,Sideboard,3,1,Kibler Naya,mcatebr,389 tix,"$ 1,055",241256,2014-07-23,Modern Daily #7299798,modern,modern-daily-7299798,modern-daily-7299798-2014-07-23
39,1,"Thrun, the Last Troll",,Sideboard,3,1,Kibler Naya,mcatebr,389 tix,"$ 1,055",241256,2014-07-23,Modern Daily #7299798,modern,modern-daily-7299798,modern-daily-7299798-2014-07-23
1,1,Dryad Arbor,,Creatures,3,1,Living End,yohdla04,175 tix,$ 789,241259,2014-07-23,Modern Daily #7299798,modern,modern-daily-7299798,modern-daily-7299798-2014-07-23
2,4,Fulminator Mage,,Creatures,3,1,Living End,yohdla04,175 tix,$ 789,241259,2014-07-23,Modern Daily #7299798,modern,modern-daily-7299798,modern-daily-7299798-2014-07-23
3,4,Simian Spirit Guide,,Creatures,3,1,Living End,yohdla04,175 tix,$ 789,241259,2014-07-23,Modern Daily #7299798,modern,modern-daily-7299798,modern-daily-7299798-2014-07-23
4,4,Deadshot Minotaur,,Creatures,3,1,Living End,yohdla04,175 tix,$ 789,241259,2014-07-23,Modern Daily #7299798,modern,modern-daily-7299798,modern-daily-7299798-2014-07-23
5,4,Monstrous Carabid,,Creatures,3,1,Living End,yohdla04,175 tix,$ 789,241259,2014-07-23,Modern Daily #7299798,modern,modern-daily-7299798,modern-daily-7299798-2014-07-23
6,1,Shriekmaw,,Creatures,3,1,Living End,yohdla04,175 tix,$ 789,241259,2014-07-23,Modern Daily #7299798,modern,modern-daily-7299798,modern-daily-7299798-2014-07-23
7,4,Street Wraith,,Creatures,3,1,Living End,yohdla04,175 tix,$ 789,241259,2014-07-23,Modern Daily #7299798,modern,modern-daily-7299798,modern-daily-7299798-2014-07-23
8,1,Pale Recluse,,Creatures,3,1,Living End,yohdla04,175 tix,$ 789,241259,2014-07-23,Modern Daily #7299798,modern,modern-daily-7299798,modern-daily-7299798-2014-07-23
9,4,Jungle Weaver,,Creatures,3,1,Living End,yohdla04,175 tix,$ 789,241259,2014-07-23,Modern Daily #7299798,modern,modern-daily-7299798,modern-daily-7299798-2014-07-23
11,3,Living End,,Spells,3,1,Living End,yohdla04,175 tix,$ 789,241259,2014-07-23,Modern Daily #7299798,modern,modern-daily-7299798,modern-daily-7299798-2014-07-23
12,4,Beast Within,,Spells,3,1,Living End,yohdla04,175 tix,$ 789,241259,2014-07-23,Modern Daily #7299798,modern,modern-daily-7299798,modern-daily-7299798-2014-07-23
13,4,Demonic Dread,,Spells,3,1,Living End,yohdla04,175 tix,$ 789,241259,2014-07-23,Modern Daily #7299798,modern,modern-daily-7299798,modern-daily-7299798-2014-07-23
14,4,Violent Outburst,,Spells,3,1,Living End,yohdla04,175 tix,$ 789,241259,2014-07-23,Modern Daily #7299798,modern,modern-daily-7299798,modern-daily-7299798-2014-07-23
16,4,Blackcleave Cliffs,,Lands,3,1,Living End,yohdla04,175 tix,$ 789,241259,2014-07-23,Modern Daily #7299798,modern,modern-daily-7299798,modern-daily-7299798-2014-07-23
17,1,Blood Crypt,,Lands,3,1,Living End,yohdla04,175 tix,$ 789,241259,2014-07-23,Modern Daily #7299798,modern,modern-daily-7299798,modern-daily-7299798-2014-07-23
18,4,Copperline Gorge,,Lands,3,1,Living End,yohdla04,175 tix,$ 789,241259,2014-07-23,Modern Daily #7299798,modern,modern-daily-7299798,modern-daily-7299798-2014-07-23
19,1,Forest,,Lands,3,1,Living End,yohdla04,175 tix,$ 789,241259,2014-07-23,Modern Daily #7299798,modern,modern-daily-7299798,modern-daily-7299798-2014-07-23
20,1,Kessig Wolf Run,,Lands,3,1,Living End,yohdla04,175 tix,$ 789,241259,2014-07-23,Modern Daily #7299798,modern,modern-daily-7299798,modern-daily-7299798-2014-07-23
21,1,Overgrown Tomb,,Lands,3,1,Living End,yohdla04,175 tix,$ 789,241259,2014-07-23,Modern Daily #7299798,modern,modern-daily-7299798,modern-daily-7299798-2014-07-23
22,1,Stomping Ground,,Lands,3,1,Living End,yohdla04,175 tix,$ 789,241259,2014-07-23,Modern Daily #7299798,modern,modern-daily-7299798,modern-daily-7299798-2014-07-23
23,1,Swamp,,Lands,3,1,Living End,yohdla04,175 tix,$ 789,241259,2014-07-23,Modern Daily #7299798,modern,modern-daily-7299798,modern-daily-7299798-2014-07-23
24,4,Verdant Catacombs,,Lands,3,1,Living End,yohdla04,175 tix,$ 789,241259,2014-07-23,Modern Daily #7299798,modern,modern-daily-7299798,modern-daily-7299798-2014-07-23
26,4,Anger of the Gods,,Sideboard,3,1,Living End,yohdla04,175 tix,$ 789,241259,2014-07-23,Modern Daily #7299798,modern,modern-daily-7299798,modern-daily-7299798-2014-07-23
27,3,Gnaw to the Bone,,Sideboard,3,1,Living End,yohdla04,175 tix,$ 789,241259,2014-07-23,Modern Daily #7299798,modern,modern-daily-7299798,modern-daily-7299798-2014-07-23
28,2,Boil,,Sideboard,3,1,Living End,yohdla04,175 tix,$ 789,241259,2014-07-23,Modern Daily #7299798,modern,modern-daily-7299798,modern-daily-7299798-2014-07-23
29,3,Ricochet Trap,,Sideboard,3,1,Living End,yohdla04,175 tix,$ 789,241259,2014-07-23,Modern Daily #7299798,modern,modern-daily-7299798,modern-daily-7299798-2014-07-23
30,2,Ingot Chewer,,Sideboard,3,1,Living End,yohdla04,175 tix,$ 789,241259,2014-07-23,Modern Daily #7299798,modern,modern-daily-7299798,modern-daily-7299798-2014-07-23
31,1,Shriekmaw,,Sideboard,3,1,Living End,yohdla04,175 tix,$ 789,241259,2014-07-23,Modern Daily #7299798,modern,modern-daily-7299798,modern-daily-7299798-2014-07-23
1,4,Birds of Paradise,,Creatures,3,1,Melira Pod,Trumpetman,283 tix,$ 872,241267,2014-07-23,Modern Daily #7299798,modern,modern-daily-7299798,modern-daily-7299798-2014-07-23
2,3,Noble Hierarch,,Creatures,3,1,Melira Pod,Trumpetman,283 tix,$ 872,241267,2014-07-23,Modern Daily #7299798,modern,modern-daily-7299798,modern-daily-7299798-2014-07-23
3,1,Viscera Seer,,Creatures,3,1,Melira Pod,Trumpetman,283 tix,$ 872,241267,2014-07-23,Modern Daily #7299798,modern,modern-daily-7299798,modern-daily-7299798-2014-07-23
4,1,"Melira, Sylvok Outcast",,Creatures,3,1,Melira Pod,Trumpetman,283 tix,$ 872,241267,2014-07-23,Modern Daily #7299798,modern,modern-daily-7299798,modern-daily-7299798-2014-07-23
5,1,Qasali Pridemage,,Creatures,3,1,Melira Pod,Trumpetman,283 tix,$ 872,241267,2014-07-23,Modern Daily #7299798,modern,modern-daily-7299798,modern-daily-7299798-2014-07-23
6,1,Scavenging Ooze,,Creatures,3,1,Melira Pod,Trumpetman,283 tix,$ 872,241267,2014-07-23,Modern Daily #7299798,modern,modern-daily-7299798,modern-daily-7299798-2014-07-23
7,1,Spellskite,,Creatures,3,1,Melira Pod,Trumpetman,283 tix,$ 872,241267,2014-07-23,Modern Daily #7299798,modern,modern-daily-7299798,modern-daily-7299798-2014-07-23
8,3,Voice of Resurgence,,Creatures,3,1,Melira Pod,Trumpetman,283 tix,$ 872,241267,2014-07-23,Modern Daily #7299798,modern,modern-daily-7299798,modern-daily-7299798-2014-07-23
9,1,Wall of Roots,,Creatures,3,1,Melira Pod,Trumpetman,283 tix,$ 872,241267,2014-07-23,Modern Daily #7299798,modern,modern-daily-7299798,modern-daily-7299798-2014-07-23
10,1,Eternal Witness,,Creatures,3,1,Melira Pod,Trumpetman,283 tix,$ 872,241267,2014-07-23,Modern Daily #7299798,modern,modern-daily-7299798,modern-daily-7299798-2014-07-23
11,3,Kitchen Finks,,Creatures,3,1,Melira Pod,Trumpetman,283 tix,$ 872,241267,2014-07-23,Modern Daily #7299798,modern,modern-daily-7299798,modern-daily-7299798-2014-07-23
12,1,Orzhov Pontiff,,Creatures,3,1,Melira Pod,Trumpetman,283 tix,$ 872,241267,2014-07-23,Modern Daily #7299798,modern,modern-daily-7299798,modern-daily-7299798-2014-07-23
13,1,Sin Collector,,Creatures,3,1,Melira Pod,Trumpetman,283 tix,$ 872,241267,2014-07-23,Modern Daily #7299798,modern,modern-daily-7299798,modern-daily-7299798-2014-07-23
14,1,"Linvala, Keeper of Silence",,Creatures,3,1,Melira Pod,Trumpetman,283 tix,$ 872,241267,2014-07-23,Modern Daily #7299798,modern,modern-daily-7299798,modern-daily-7299798-2014-07-23
15,1,Murderous Redcap,,Creatures,3,1,Melira Pod,Trumpetman,283 tix,$ 872,241267,2014-07-23,Modern Daily #7299798,modern,modern-daily-7299798,modern-daily-7299798-2014-07-23
16,1,Phyrexian Metamorph,,Creatures,3,1,Melira Pod,Trumpetman,283 tix,$ 872,241267,2014-07-23,Modern Daily #7299798,modern,modern-daily-7299798,modern-daily-7299798-2014-07-23
17,1,Ranger of Eos,,Creatures,3,1,Melira Pod,Trumpetman,283 tix,$ 872,241267,2014-07-23,Modern Daily #7299798,modern,modern-daily-7299798,modern-daily-7299798-2014-07-23
18,1,Reveillark,,Creatures,3,1,Melira Pod,Trumpetman,283 tix,$ 872,241267,2014-07-23,Modern Daily #7299798,modern,modern-daily-7299798,modern-daily-7299798-2014-07-23
19,1,Shriekmaw,,Creatures,3,1,Melira Pod,Trumpetman,283 tix,$ 872,241267,2014-07-23,Modern Daily #7299798,modern,modern-daily-7299798,modern-daily-7299798-2014-07-23
21,2,Abrupt Decay,,Spells,3,1,Melira Pod,Trumpetman,283 tix,$ 872,241267,2014-07-23,Modern Daily #7299798,modern,modern-daily-7299798,modern-daily-7299798-2014-07-23
22,2,Chord of Calling,,Spells,3,1,Melira Pod,Trumpetman,283 tix,$ 872,241267,2014-07-23,Modern Daily #7299798,modern,modern-daily-7299798,modern-daily-7299798-2014-07-23
23,1,Dismember,,Spells,3,1,Melira Pod,Trumpetman,283 tix,$ 872,241267,2014-07-23,Modern Daily #7299798,modern,modern-daily-7299798,modern-daily-7299798-2014-07-23
25,4,Birthing Pod,,Artifacts,3,1,Melira Pod,Trumpetman,283 tix,$ 872,241267,2014-07-23,Modern Daily #7299798,modern,modern-daily-7299798,modern-daily-7299798-2014-07-23
27,3,Forest,,Lands,3,1,Melira Pod,Trumpetman,283 tix,$ 872,241267,2014-07-23,Modern Daily #7299798,modern,modern-daily-7299798,modern-daily-7299798-2014-07-23
28,3,Gavony Township,,Lands,3,1,Melira Pod,Trumpetman,283 tix,$ 872,241267,2014-07-23,Modern Daily #7299798,modern,modern-daily-7299798,modern-daily-7299798-2014-07-23
29,1,Godless Shrine,,Lands,3,1,Melira Pod,Trumpetman,283 tix,$ 872,241267,2014-07-23,Modern Daily #7299798,modern,modern-daily-7299798,modern-daily-7299798-2014-07-23
30,4,Misty Rainforest,,Lands,3,1,Melira Pod,Trumpetman,283 tix,$ 872,241267,2014-07-23,Modern Daily #7299798,modern,modern-daily-7299798,modern-daily-7299798-2014-07-23
31,2,Overgrown Tomb,,Lands,3,1,Melira Pod,Trumpetman,283 tix,$ 872,241267,2014-07-23,Modern Daily #7299798,modern,modern-daily-7299798,modern-daily-7299798-2014-07-23
32,3,Razorverge Thicket,,Lands,3,1,Melira Pod,Trumpetman,283 tix,$ 872,241267,2014-07-23,Modern Daily #7299798,modern,modern-daily-7299798,modern-daily-7299798-2014-07-23
33,1,Swamp,,Lands,3,1,Melira Pod,Trumpetman,283 tix,$ 872,241267,2014-07-23,Modern Daily #7299798,modern,modern-daily-7299798,modern-daily-7299798-2014-07-23
34,1,Temple Garden,,Lands,3,1,Melira Pod,Trumpetman,283 tix,$ 872,241267,2014-07-23,Modern Daily #7299798,modern,modern-daily-7299798,modern-daily-7299798-2014-07-23
35,4,Verdant Catacombs,,Lands,3,1,Melira Pod,Trumpetman,283 tix,$ 872,241267,2014-07-23,Modern Daily #7299798,modern,modern-daily-7299798,modern-daily-7299798-2014-07-23
36,1,Woodland Cemetery,,Lands,3,1,Melira Pod,Trumpetman,283 tix,$ 872,241267,2014-07-23,Modern Daily #7299798,modern,modern-daily-7299798,modern-daily-7299798-2014-07-23
38,4,Thoughtseize,,Sideboard,3,1,Melira Pod,Trumpetman,283 tix,$ 872,241267,2014-07-23,Modern Daily #7299798,modern,modern-daily-7299798,modern-daily-7299798-2014-07-23
39,1,"Kataki, War's Wage",,Sideboard,3,1,Melira Pod,Trumpetman,283 tix,$ 872,241267,2014-07-23,Modern Daily #7299798,modern,modern-daily-7299798,modern-daily-7299798-2014-07-23
40,1,Scavenging Ooze,,Sideboard,3,1,Melira Pod,Trumpetman,283 tix,$ 872,241267,2014-07-23,Modern Daily #7299798,modern,modern-daily-7299798,modern-daily-7299798-2014-07-23
41,2,Dismember,,Sideboard,3,1,Melira Pod,Trumpetman,283 tix,$ 872,241267,2014-07-23,Modern Daily #7299798,modern,modern-daily-7299798,modern-daily-7299798-2014-07-23
42,1,Eidolon of Rhetoric,,Sideboard,3,1,Melira Pod,Trumpetman,283 tix,$ 872,241267,2014-07-23,Modern Daily #7299798,modern,modern-daily-7299798,modern-daily-7299798-2014-07-23
43,1,Harmonic Sliver,,Sideboard,3,1,Melira Pod,Trumpetman,283 tix,$ 872,241267,2014-07-23,Modern Daily #7299798,modern,modern-daily-7299798,modern-daily-7299798-2014-07-23
44,1,Orzhov Pontiff,,Sideboard,3,1,Melira Pod,Trumpetman,283 tix,$ 872,241267,2014-07-23,Modern Daily #7299798,modern,modern-daily-7299798,modern-daily-7299798-2014-07-23
45,1,Sin Collector,,Sideboard,3,1,Melira Pod,Trumpetman,283 tix,$ 872,241267,2014-07-23,Modern Daily #7299798,modern,modern-daily-7299798,modern-daily-7299798-2014-07-23
46,1,Entomber Exarch,,Sideboard,3,1,Melira Pod,Trumpetman,283 tix,$ 872,241267,2014-07-23,Modern Daily #7299798,modern,modern-daily-7299798,modern-daily-7299798-2014-07-23
47,1,"Linvala, Keeper of Silence",,Sideboard,3,1,Melira Pod,Trumpetman,283 tix,$ 872,241267,2014-07-23,Modern Daily #7299798,modern,modern-daily-7299798,modern-daily-7299798-2014-07-23
48,1,"Thrun, the Last Troll",,Sideboard,3,1,Melira Pod,Trumpetman,283 tix,$ 872,241267,2014-07-23,Modern Daily #7299798,modern,modern-daily-7299798,modern-daily-7299798-2014-07-23
1,4,Snapcaster Mage,,Creatures,3,1,Pyromancer Twin,tennisStar99,247 tix,"$ 1,024",241266,2014-07-23,Modern Daily #7299798,modern,modern-daily-7299798,modern-daily-7299798-2014-07-23
2,4,Young Pyromancer,,Creatures,3,1,Pyromancer Twin,tennisStar99,247 tix,"$ 1,024",241266,2014-07-23,Modern Daily #7299798,modern,modern-daily-7299798,modern-daily-7299798-2014-07-23
3,4,Deceiver Exarch,,Creatures,3,1,Pyromancer Twin,tennisStar99,247 tix,"$ 1,024",241266,2014-07-23,Modern Daily #7299798,modern,modern-daily-7299798,modern-daily-7299798-2014-07-23
5,4,Gitaxian Probe,,Spells,3,1,Pyromancer Twin,tennisStar99,247 tix,"$ 1,024",241266,2014-07-23,Modern Daily #7299798,modern,modern-daily-7299798,modern-daily-7299798-2014-07-23
6,4,Lightning Bolt,,Spells,3,1,Pyromancer Twin,tennisStar99,247 tix,"$ 1,024",241266,2014-07-23,Modern Daily #7299798,modern,modern-daily-7299798,modern-daily-7299798-2014-07-23
7,4,Serum Visions,,Spells,3,1,Pyromancer Twin,tennisStar99,247 tix,"$ 1,024",241266,2014-07-23,Modern Daily #7299798,modern,modern-daily-7299798,modern-daily-7299798-2014-07-23
8,2,Sleight of Hand,,Spells,3,1,Pyromancer Twin,tennisStar99,247 tix,"$ 1,024",241266,2014-07-23,Modern Daily #7299798,modern,modern-daily-7299798,modern-daily-7299798-2014-07-23
9,4,Remand,,Spells,3,1,Pyromancer Twin,tennisStar99,247 tix,"$ 1,024",241266,2014-07-23,Modern Daily #7299798,modern,modern-daily-7299798,modern-daily-7299798-2014-07-23
10,2,Cryptic Command,,Spells,3,1,Pyromancer Twin,tennisStar99,247 tix,"$ 1,024",241266,2014-07-23,Modern Daily #7299798,modern,modern-daily-7299798,modern-daily-7299798-2014-07-23
12,2,Vedalken Shackles,,Artifacts,3,1,Pyromancer Twin,tennisStar99,247 tix,"$ 1,024",241266,2014-07-23,Modern Daily #7299798,modern,modern-daily-7299798,modern-daily-7299798-2014-07-23
14,4,Splinter Twin,,Enchantments,3,1,Pyromancer Twin,tennisStar99,247 tix,"$ 1,024",241266,2014-07-23,Modern Daily #7299798,modern,modern-daily-7299798,modern-daily-7299798-2014-07-23
16,1,Breeding Pool,,Lands,3,1,Pyromancer Twin,tennisStar99,247 tix,"$ 1,024",241266,2014-07-23,Modern Daily #7299798,modern,modern-daily-7299798,modern-daily-7299798-2014-07-23
17,7,Island,,Lands,3,1,Pyromancer Twin,tennisStar99,247 tix,"$ 1,024",241266,2014-07-23,Modern Daily #7299798,modern,modern-daily-7299798,modern-daily-7299798-2014-07-23
18,2,Misty Rainforest,,Lands,3,1,Pyromancer Twin,tennisStar99,247 tix,"$ 1,024",241266,2014-07-23,Modern Daily #7299798,modern,modern-daily-7299798,modern-daily-7299798-2014-07-23
19,1,Mountain,,Lands,3,1,Pyromancer Twin,tennisStar99,247 tix,"$ 1,024",241266,2014-07-23,Modern Daily #7299798,modern,modern-daily-7299798,modern-daily-7299798-2014-07-23
20,3,Mutavault,,Lands,3,1,Pyromancer Twin,tennisStar99,247 tix,"$ 1,024",241266,2014-07-23,Modern Daily #7299798,modern,modern-daily-7299798,modern-daily-7299798-2014-07-23
21,3,Scalding Tarn,,Lands,3,1,Pyromancer Twin,tennisStar99,247 tix,"$ 1,024",241266,2014-07-23,Modern Daily #7299798,modern,modern-daily-7299798,modern-daily-7299798-2014-07-23
22,4,Steam Vents,,Lands,3,1,Pyromancer Twin,tennisStar99,247 tix,"$ 1,024",241266,2014-07-23,Modern Daily #7299798,modern,modern-daily-7299798,modern-daily-7299798-2014-07-23
23,1,Sulfur Falls,,Lands,3,1,Pyromancer Twin,tennisStar99,247 tix,"$ 1,024",241266,2014-07-23,Modern Daily #7299798,modern,modern-daily-7299798,modern-daily-7299798-2014-07-23
25,1,Engineered Explosives,,Sideboard,3,1,Pyromancer Twin,tennisStar99,247 tix,"$ 1,024",241266,2014-07-23,Modern Daily #7299798,modern,modern-daily-7299798,modern-daily-7299798-2014-07-23
26,1,Dispel,,Sideboard,3,1,Pyromancer Twin,tennisStar99,247 tix,"$ 1,024",241266,2014-07-23,Modern Daily #7299798,modern,modern-daily-7299798,modern-daily-7299798-2014-07-23
27,2,Ancient Grudge,,Sideboard,3,1,Pyromancer Twin,tennisStar99,247 tix,"$ 1,024",241266,2014-07-23,Modern Daily #7299798,modern,modern-daily-7299798,modern-daily-7299798-2014-07-23
28,1,Negate,,Sideboard,3,1,Pyromancer Twin,tennisStar99,247 tix,"$ 1,024",241266,2014-07-23,Modern Daily #7299798,modern,modern-daily-7299798,modern-daily-7299798-2014-07-23
29,1,Spellskite,,Sideboard,3,1,Pyromancer Twin,tennisStar99,247 tix,"$ 1,024",241266,2014-07-23,Modern Daily #7299798,modern,modern-daily-7299798,modern-daily-7299798-2014-07-23
30,1,Counterflux,,Sideboard,3,1,Pyromancer Twin,tennisStar99,247 tix,"$ 1,024",241266,2014-07-23,Modern Daily #7299798,modern,modern-daily-7299798,modern-daily-7299798-2014-07-23
31,1,Electrolyze,,Sideboard,3,1,Pyromancer Twin,tennisStar99,247 tix,"$ 1,024",241266,2014-07-23,Modern Daily #7299798,modern,modern-daily-7299798,modern-daily-7299798-2014-07-23
32,1,Izzet Staticaster,,Sideboard,3,1,Pyromancer Twin,tennisStar99,247 tix,"$ 1,024",241266,2014-07-23,Modern Daily #7299798,modern,modern-daily-7299798,modern-daily-7299798-2014-07-23
33,4,Stone Rain,,Sideboard,3,1,Pyromancer Twin,tennisStar99,247 tix,"$ 1,024",241266,2014-07-23,Modern Daily #7299798,modern,modern-daily-7299798,modern-daily-7299798-2014-07-23
34,1,Batterskull,,Sideboard,3,1,Pyromancer Twin,tennisStar99,247 tix,"$ 1,024",241266,2014-07-23,Modern Daily #7299798,modern,modern-daily-7299798,modern-daily-7299798-2014-07-23
1,4,Goblin Guide,,Creatures,3,1,RDW,Sclamos,191 tix,$ 743,241263,2014-07-23,Modern Daily #7299798,modern,modern-daily-7299798,modern-daily-7299798-2014-07-23
2,4,Eidolon of the Great Revel,,Creatures,3,1,RDW,Sclamos,191 tix,$ 743,241263,2014-07-23,Modern Daily #7299798,modern,modern-daily-7299798,modern-daily-7299798-2014-07-23
4,4,Bump in the Night,,Spells,3,1,RDW,Sclamos,191 tix,$ 743,241263,2014-07-23,Modern Daily #7299798,modern,modern-daily-7299798,modern-daily-7299798-2014-07-23
5,4,Lava Spike,,Spells,3,1,RDW,Sclamos,191 tix,$ 743,241263,2014-07-23,Modern Daily #7299798,modern,modern-daily-7299798,modern-daily-7299798-2014-07-23
6,4,Lightning Bolt,,Spells,3,1,RDW,Sclamos,191 tix,$ 743,241263,2014-07-23,Modern Daily #7299798,modern,modern-daily-7299798,modern-daily-7299798-2014-07-23
7,2,Shard Volley,,Spells,3,1,RDW,Sclamos,191 tix,$ 743,241263,2014-07-23,Modern Daily #7299798,modern,modern-daily-7299798,modern-daily-7299798-2014-07-23
8,4,Boros Charm,,Spells,3,1,RDW,Sclamos,191 tix,$ 743,241263,2014-07-23,Modern Daily #7299798,modern,modern-daily-7299798,modern-daily-7299798-2014-07-23
9,4,Searing Blaze,,Spells,3,1,RDW,Sclamos,191 tix,$ 743,241263,2014-07-23,Modern Daily #7299798,modern,modern-daily-7299798,modern-daily-7299798-2014-07-23
10,4,Skullcrack,,Spells,3,1,RDW,Sclamos,191 tix,$ 743,241263,2014-07-23,Modern Daily #7299798,modern,modern-daily-7299798,modern-daily-7299798-2014-07-23
11,2,Flames of the Blood Hand,,Spells,3,1,RDW,Sclamos,191 tix,$ 743,241263,2014-07-23,Modern Daily #7299798,modern,modern-daily-7299798,modern-daily-7299798-2014-07-23
12,4,Rift Bolt,,Spells,3,1,RDW,Sclamos,191 tix,$ 743,241263,2014-07-23,Modern Daily #7299798,modern,modern-daily-7299798,modern-daily-7299798-2014-07-23
14,4,Arid Mesa,,Lands,3,1,RDW,Sclamos,191 tix,$ 743,241263,2014-07-23,Modern Daily #7299798,modern,modern-daily-7299798,modern-daily-7299798-2014-07-23
15,4,Blackcleave Cliffs,,Lands,3,1,RDW,Sclamos,191 tix,$ 743,241263,2014-07-23,Modern Daily #7299798,modern,modern-daily-7299798,modern-daily-7299798-2014-07-23
16,1,Blood Crypt,,Lands,3,1,RDW,Sclamos,191 tix,$ 743,241263,2014-07-23,Modern Daily #7299798,modern,modern-daily-7299798,modern-daily-7299798-2014-07-23
17,3,Marsh Flats,,Lands,3,1,RDW,Sclamos,191 tix,$ 743,241263,2014-07-23,Modern Daily #7299798,modern,modern-daily-7299798,modern-daily-7299798-2014-07-23
18,4,Mountain,,Lands,3,1,RDW,Sclamos,191 tix,$ 743,241263,2014-07-23,Modern Daily #7299798,modern,modern-daily-7299798,modern-daily-7299798-2014-07-23
19,3,Sacred Foundry,,Lands,3,1,RDW,Sclamos,191 tix,$ 743,241263,2014-07-23,Modern Daily #7299798,modern,modern-daily-7299798,modern-daily-7299798-2014-07-23
20,1,Stomping Ground,,Lands,3,1,RDW,Sclamos,191 tix,$ 743,241263,2014-07-23,Modern Daily #7299798,modern,modern-daily-7299798,modern-daily-7299798-2014-07-23
22,2,Combust,,Sideboard,3,1,RDW,Sclamos,191 tix,$ 743,241263,2014-07-23,Modern Daily #7299798,modern,modern-daily-7299798,modern-daily-7299798-2014-07-23
23,4,Destructive Revelry,,Sideboard,3,1,RDW,Sclamos,191 tix,$ 743,241263,2014-07-23,Modern Daily #7299798,modern,modern-daily-7299798,modern-daily-7299798-2014-07-23
24,3,Rakdos Charm,,Sideboard,3,1,RDW,Sclamos,191 tix,$ 743,241263,2014-07-23,Modern Daily #7299798,modern,modern-daily-7299798,modern-daily-7299798-2014-07-23
25,2,Searing Blood,,Sideboard,3,1,RDW,Sclamos,191 tix,$ 743,241263,2014-07-23,Modern Daily #7299798,modern,modern-daily-7299798,modern-daily-7299798-2014-07-23
26,2,Spellskite,,Sideboard,3,1,RDW,Sclamos,191 tix,$ 743,241263,2014-07-23,Modern Daily #7299798,modern,modern-daily-7299798,modern-daily-7299798-2014-07-23
27,2,Anger of the Gods,,Sideboard,3,1,RDW,Sclamos,191 tix,$ 743,241263,2014-07-23,Modern Daily #7299798,modern,modern-daily-7299798,modern-daily-7299798-2014-07-23
1,2,Spellskite,,Creatures,3,1,RG Tron,killabeeze,258 tix,$ 901,241254,2014-07-23,Modern Daily #7299798,modern,modern-daily-7299798,modern-daily-7299798-2014-07-23
2,3,Wurmcoil Engine,,Creatures,3,1,RG Tron,killabeeze,258 tix,$ 901,241254,2014-07-23,Modern Daily #7299798,modern,modern-daily-7299798,modern-daily-7299798-2014-07-23
3,1,Sundering Titan,,Creatures,3,1,RG Tron,killabeeze,258 tix,$ 901,241254,2014-07-23,Modern Daily #7299798,modern,modern-daily-7299798,modern-daily-7299798-2014-07-23
4,1,"Emrakul, the Aeons Torn",,Creatures,3,1,RG Tron,killabeeze,258 tix,$ 901,241254,2014-07-23,Modern Daily #7299798,modern,modern-daily-7299798,modern-daily-7299798-2014-07-23
6,4,Karn Liberated,,Planeswalkers,3,1,RG Tron,killabeeze,258 tix,$ 901,241254,2014-07-23,Modern Daily #7299798,modern,modern-daily-7299798,modern-daily-7299798-2014-07-23
8,4,Ancient Stirrings,,Spells,3,1,RG Tron,killabeeze,258 tix,$ 901,241254,2014-07-23,Modern Daily #7299798,modern,modern-daily-7299798,modern-daily-7299798-2014-07-23
9,4,Sylvan Scrying,,Spells,3,1,RG Tron,killabeeze,258 tix,$ 901,241254,2014-07-23,Modern Daily #7299798,modern,modern-daily-7299798,modern-daily-7299798-2014-07-23
10,3,All Is Dust,,Spells,3,1,RG Tron,killabeeze,258 tix,$ 901,241254,2014-07-23,Modern Daily #7299798,modern,modern-daily-7299798,modern-daily-7299798-2014-07-23
12,4,Chromatic Sphere,,Artifacts,3,1,RG Tron,killabeeze,258 tix,$ 901,241254,2014-07-23,Modern Daily #7299798,modern,modern-daily-7299798,modern-daily-7299798-2014-07-23
13,4,Chromatic Star,,Artifacts,3,1,RG Tron,killabeeze,258 tix,$ 901,241254,2014-07-23,Modern Daily #7299798,modern,modern-daily-7299798,modern-daily-7299798-2014-07-23
14,4,Expedition Map,,Artifacts,3,1,RG Tron,killabeeze,258 tix,$ 901,241254,2014-07-23,Modern Daily #7299798,modern,modern-daily-7299798,modern-daily-7299798-2014-07-23
15,3,Relic of Progenitus,,Artifacts,3,1,RG Tron,killabeeze,258 tix,$ 901,241254,2014-07-23,Modern Daily #7299798,modern,modern-daily-7299798,modern-daily-7299798-2014-07-23
16,3,Oblivion Stone,,Artifacts,3,1,RG Tron,killabeeze,258 tix,$ 901,241254,2014-07-23,Modern Daily #7299798,modern,modern-daily-7299798,modern-daily-7299798-2014-07-23
18,1,Cavern of Souls,,Lands,3,1,RG Tron,killabeeze,258 tix,$ 901,241254,2014-07-23,Modern Daily #7299798,modern,modern-daily-7299798,modern-daily-7299798-2014-07-23
19,1,Eye of Ugin,,Lands,3,1,RG Tron,killabeeze,258 tix,$ 901,241254,2014-07-23,Modern Daily #7299798,modern,modern-daily-7299798,modern-daily-7299798-2014-07-23
20,3,Forest,,Lands,3,1,RG Tron,killabeeze,258 tix,$ 901,241254,2014-07-23,Modern Daily #7299798,modern,modern-daily-7299798,modern-daily-7299798-2014-07-23
21,2,Ghost Quarter,,Lands,3,1,RG Tron,killabeeze,258 tix,$ 901,241254,2014-07-23,Modern Daily #7299798,modern,modern-daily-7299798,modern-daily-7299798-2014-07-23
22,1,Grove of the Burnwillows,,Lands,3,1,RG Tron,killabeeze,258 tix,$ 901,241254,2014-07-23,Modern Daily #7299798,modern,modern-daily-7299798,modern-daily-7299798-2014-07-23
23,4,Urza's Mine,,Lands,3,1,RG Tron,killabeeze,258 tix,$ 901,241254,2014-07-23,Modern Daily #7299798,modern,modern-daily-7299798,modern-daily-7299798-2014-07-23
24,4,Urza's Power Plant,,Lands,3,1,RG Tron,killabeeze,258 tix,$ 901,241254,2014-07-23,Modern Daily #7299798,modern,modern-daily-7299798,modern-daily-7299798-2014-07-23
25,4,Urza's Tower,,Lands,3,1,RG Tron,killabeeze,258 tix,$ 901,241254,2014-07-23,Modern Daily #7299798,modern,modern-daily-7299798,modern-daily-7299798-2014-07-23
27,4,Nature's Claim,,Sideboard,3,1,RG Tron,killabeeze,258 tix,$ 901,241254,2014-07-23,Modern Daily #7299798,modern,modern-daily-7299798,modern-daily-7299798-2014-07-23
28,1,Vandalblast,,Sideboard,3,1,RG Tron,killabeeze,258 tix,$ 901,241254,2014-07-23,Modern Daily #7299798,modern,modern-daily-7299798,modern-daily-7299798-2014-07-23
29,3,Defense Grid,,Sideboard,3,1,RG Tron,killabeeze,258 tix,$ 901,241254,2014-07-23,Modern Daily #7299798,modern,modern-daily-7299798,modern-daily-7299798-2014-07-23
30,3,Torpor Orb,,Sideboard,3,1,RG Tron,killabeeze,258 tix,$ 901,241254,2014-07-23,Modern Daily #7299798,modern,modern-daily-7299798,modern-daily-7299798-2014-07-23
31,1,Crucible of Worlds,,Sideboard,3,1,RG Tron,killabeeze,258 tix,$ 901,241254,2014-07-23,Modern Daily #7299798,modern,modern-daily-7299798,modern-daily-7299798-2014-07-23
32,1,Oblivion Stone,,Sideboard,3,1,RG Tron,killabeeze,258 tix,$ 901,241254,2014-07-23,Modern Daily #7299798,modern,modern-daily-7299798,modern-daily-7299798-2014-07-23
33,1,Wurmcoil Engine,,Sideboard,3,1,RG Tron,killabeeze,258 tix,$ 901,241254,2014-07-23,Modern Daily #7299798,modern,modern-daily-7299798,modern-daily-7299798-2014-07-23
34,1,Sundering Titan,,Sideboard,3,1,RG Tron,killabeeze,258 tix,$ 901,241254,2014-07-23,Modern Daily #7299798,modern,modern-daily-7299798,modern-daily-7299798-2014-07-23
1,4,Sakura-Tribe Elder,,Creatures,3,1,Scapeshift,kazuyamishima,296 tix,"$ 1,081",241251,2014-07-23,Modern Daily #7299798,modern,modern-daily-7299798,modern-daily-7299798-2014-07-23
2,2,Snapcaster Mage,,Creatures,3,1,Scapeshift,kazuyamishima,296 tix,"$ 1,081",241251,2014-07-23,Modern Daily #7299798,modern,modern-daily-7299798,modern-daily-7299798-2014-07-23
4,3,Lightning Bolt,,Spells,3,1,Scapeshift,kazuyamishima,296 tix,"$ 1,081",241251,2014-07-23,Modern Daily #7299798,modern,modern-daily-7299798,modern-daily-7299798-2014-07-23
5,2,Farseek,,Spells,3,1,Scapeshift,kazuyamishima,296 tix,"$ 1,081",241251,2014-07-23,Modern Daily #7299798,modern,modern-daily-7299798,modern-daily-7299798-2014-07-23
6,2,Izzet Charm,,Spells,3,1,Scapeshift,kazuyamishima,296 tix,"$ 1,081",241251,2014-07-23,Modern Daily #7299798,modern,modern-daily-7299798,modern-daily-7299798-2014-07-23
7,4,Peer Through Depths,,Spells,3,1,Scapeshift,kazuyamishima,296 tix,"$ 1,081",241251,2014-07-23,Modern Daily #7299798,modern,modern-daily-7299798,modern-daily-7299798-2014-07-23
8,4,Remand,,Spells,3,1,Scapeshift,kazuyamishima,296 tix,"$ 1,081",241251,2014-07-23,Modern Daily #7299798,modern,modern-daily-7299798,modern-daily-7299798-2014-07-23
9,1,Anger of the Gods,,Spells,3,1,Scapeshift,kazuyamishima,296 tix,"$ 1,081",241251,2014-07-23,Modern Daily #7299798,modern,modern-daily-7299798,modern-daily-7299798-2014-07-23
10,1,Electrolyze,,Spells,3,1,Scapeshift,kazuyamishima,296 tix,"$ 1,081",241251,2014-07-23,Modern Daily #7299798,modern,modern-daily-7299798,modern-daily-7299798-2014-07-23
11,4,Search for Tomorrow,,Spells,3,1,Scapeshift,kazuyamishima,296 tix,"$ 1,081",241251,2014-07-23,Modern Daily #7299798,modern,modern-daily-7299798,modern-daily-7299798-2014-07-23
12,4,Cryptic Command,,Spells,3,1,Scapeshift,kazuyamishima,296 tix,"$ 1,081",241251,2014-07-23,Modern Daily #7299798,modern,modern-daily-7299798,modern-daily-7299798-2014-07-23
13,4,Scapeshift,,Spells,3,1,Scapeshift,kazuyamishima,296 tix,"$ 1,081",241251,2014-07-23,Modern Daily #7299798,modern,modern-daily-7299798,modern-daily-7299798-2014-07-23
15,2,Breeding Pool,,Lands,3,1,Scapeshift,kazuyamishima,296 tix,"$ 1,081",241251,2014-07-23,Modern Daily #7299798,modern,modern-daily-7299798,modern-daily-7299798-2014-07-23
16,2,Flooded Grove,,Lands,3,1,Scapeshift,kazuyamishima,296 tix,"$ 1,081",241251,2014-07-23,Modern Daily #7299798,modern,modern-daily-7299798,modern-daily-7299798-2014-07-23
17,2,Forest,,Lands,3,1,Scapeshift,kazuyamishima,296 tix,"$ 1,081",241251,2014-07-23,Modern Daily #7299798,modern,modern-daily-7299798,modern-daily-7299798-2014-07-23
18,3,Island,,Lands,3,1,Scapeshift,kazuyamishima,296 tix,"$ 1,081",241251,2014-07-23,Modern Daily #7299798,modern,modern-daily-7299798,modern-daily-7299798-2014-07-23
19,4,Misty Rainforest,,Lands,3,1,Scapeshift,kazuyamishima,296 tix,"$ 1,081",241251,2014-07-23,Modern Daily #7299798,modern,modern-daily-7299798,modern-daily-7299798-2014-07-23
20,2,Mountain,,Lands,3,1,Scapeshift,kazuyamishima,296 tix,"$ 1,081",241251,2014-07-23,Modern Daily #7299798,modern,modern-daily-7299798,modern-daily-7299798-2014-07-23
21,4,Steam Vents,,Lands,3,1,Scapeshift,kazuyamishima,296 tix,"$ 1,081",241251,2014-07-23,Modern Daily #7299798,modern,modern-daily-7299798,modern-daily-7299798-2014-07-23
22,4,Stomping Ground,,Lands,3,1,Scapeshift,kazuyamishima,296 tix,"$ 1,081",241251,2014-07-23,Modern Daily #7299798,modern,modern-daily-7299798,modern-daily-7299798-2014-07-23
23,2,"Valakut, the Molten Pinnacle",,Lands,3,1,Scapeshift,kazuyamishima,296 tix,"$ 1,081",241251,2014-07-23,Modern Daily #7299798,modern,modern-daily-7299798,modern-daily-7299798-2014-07-23
25,1,Engineered Explosives,,Sideboard,3,1,Scapeshift,kazuyamishima,296 tix,"$ 1,081",241251,2014-07-23,Modern Daily #7299798,modern,modern-daily-7299798,modern-daily-7299798-2014-07-23
26,1,Dispel,,Sideboard,3,1,Scapeshift,kazuyamishima,296 tix,"$ 1,081",241251,2014-07-23,Modern Daily #7299798,modern,modern-daily-7299798,modern-daily-7299798-2014-07-23
27,2,Nature's Claim,,Sideboard,3,1,Scapeshift,kazuyamishima,296 tix,"$ 1,081",241251,2014-07-23,Modern Daily #7299798,modern,modern-daily-7299798,modern-daily-7299798-2014-07-23
28,1,Combust,,Sideboard,3,1,Scapeshift,kazuyamishima,296 tix,"$ 1,081",241251,2014-07-23,Modern Daily #7299798,modern,modern-daily-7299798,modern-daily-7299798-2014-07-23
29,1,Counterflux,,Sideboard,3,1,Scapeshift,kazuyamishima,296 tix,"$ 1,081",241251,2014-07-23,Modern Daily #7299798,modern,modern-daily-7299798,modern-daily-7299798-2014-07-23
30,2,Vendilion Clique,,Sideboard,3,1,Scapeshift,kazuyamishima,296 tix,"$ 1,081",241251,2014-07-23,Modern Daily #7299798,modern,modern-daily-7299798,modern-daily-7299798-2014-07-23
31,3,Obstinate Baloth,,Sideboard,3,1,Scapeshift,kazuyamishima,296 tix,"$ 1,081",241251,2014-07-23,Modern Daily #7299798,modern,modern-daily-7299798,modern-daily-7299798-2014-07-23
32,1,Shatterstorm,,Sideboard,3,1,Scapeshift,kazuyamishima,296 tix,"$ 1,081",241251,2014-07-23,Modern Daily #7299798,modern,modern-daily-7299798,modern-daily-7299798-2014-07-23
33,2,Inferno Titan,,Sideboard,3,1,Scapeshift,kazuyamishima,296 tix,"$ 1,081",241251,2014-07-23,Modern Daily #7299798,modern,modern-daily-7299798,modern-daily-7299798-2014-07-23
34,1,Wurmcoil Engine,,Sideboard,3,1,Scapeshift,kazuyamishima,296 tix,"$ 1,081",241251,2014-07-23,Modern Daily #7299798,modern,modern-daily-7299798,modern-daily-7299798-2014-07-23
1,4,Sakura-Tribe Elder,,Creatures,3,1,Scapeshift,TheRealDMoney,267 tix,"$ 1,080",241253,2014-07-23,Modern Daily #7299798,modern,modern-daily-7299798,modern-daily-7299798-2014-07-23
2,2,Snapcaster Mage,,Creatures,3,1,Scapeshift,TheRealDMoney,267 tix,"$ 1,080",241253,2014-07-23,Modern Daily #7299798,modern,modern-daily-7299798,modern-daily-7299798-2014-07-23
4,1,Gigadrowse,,Spells,3,1,Scapeshift,TheRealDMoney,267 tix,"$ 1,080",241253,2014-07-23,Modern Daily #7299798,modern,modern-daily-7299798,modern-daily-7299798-2014-07-23
5,2,Lightning Bolt,,Spells,3,1,Scapeshift,TheRealDMoney,267 tix,"$ 1,080",241253,2014-07-23,Modern Daily #7299798,modern,modern-daily-7299798,modern-daily-7299798-2014-07-23
6,1,Repeal,,Spells,3,1,Scapeshift,TheRealDMoney,267 tix,"$ 1,080",241253,2014-07-23,Modern Daily #7299798,modern,modern-daily-7299798,modern-daily-7299798-2014-07-23
7,3,Farseek,,Spells,3,1,Scapeshift,TheRealDMoney,267 tix,"$ 1,080",241253,2014-07-23,Modern Daily #7299798,modern,modern-daily-7299798,modern-daily-7299798-2014-07-23
8,1,Izzet Charm,,Spells,3,1,Scapeshift,TheRealDMoney,267 tix,"$ 1,080",241253,2014-07-23,Modern Daily #7299798,modern,modern-daily-7299798,modern-daily-7299798-2014-07-23
9,3,Peer Through Depths,,Spells,3,1,Scapeshift,TheRealDMoney,267 tix,"$ 1,080",241253,2014-07-23,Modern Daily #7299798,modern,modern-daily-7299798,modern-daily-7299798-2014-07-23
10,4,Remand,,Spells,3,1,Scapeshift,TheRealDMoney,267 tix,"$ 1,080",241253,2014-07-23,Modern Daily #7299798,modern,modern-daily-7299798,modern-daily-7299798-2014-07-23
11,2,Electrolyze,,Spells,3,1,Scapeshift,TheRealDMoney,267 tix,"$ 1,080",241253,2014-07-23,Modern Daily #7299798,modern,modern-daily-7299798,modern-daily-7299798-2014-07-23
12,4,Search for Tomorrow,,Spells,3,1,Scapeshift,TheRealDMoney,267 tix,"$ 1,080",241253,2014-07-23,Modern Daily #7299798,modern,modern-daily-7299798,modern-daily-7299798-2014-07-23
13,4,Cryptic Command,,Spells,3,1,Scapeshift,TheRealDMoney,267 tix,"$ 1,080",241253,2014-07-23,Modern Daily #7299798,modern,modern-daily-7299798,modern-daily-7299798-2014-07-23
14,4,Scapeshift,,Spells,3,1,Scapeshift,TheRealDMoney,267 tix,"$ 1,080",241253,2014-07-23,Modern Daily #7299798,modern,modern-daily-7299798,modern-daily-7299798-2014-07-23
16,2,Breeding Pool,,Lands,3,1,Scapeshift,TheRealDMoney,267 tix,"$ 1,080",241253,2014-07-23,Modern Daily #7299798,modern,modern-daily-7299798,modern-daily-7299798-2014-07-23
17,2,Flooded Grove,,Lands,3,1,Scapeshift,TheRealDMoney,267 tix,"$ 1,080",241253,2014-07-23,Modern Daily #7299798,modern,modern-daily-7299798,modern-daily-7299798-2014-07-23
18,2,Forest,,Lands,3,1,Scapeshift,TheRealDMoney,267 tix,"$ 1,080",241253,2014-07-23,Modern Daily #7299798,modern,modern-daily-7299798,modern-daily-7299798-2014-07-23
19,3,Island,,Lands,3,1,Scapeshift,TheRealDMoney,267 tix,"$ 1,080",241253,2014-07-23,Modern Daily #7299798,modern,modern-daily-7299798,modern-daily-7299798-2014-07-23
20,4,Misty Rainforest,,Lands,3,1,Scapeshift,TheRealDMoney,267 tix,"$ 1,080",241253,2014-07-23,Modern Daily #7299798,modern,modern-daily-7299798,modern-daily-7299798-2014-07-23
21,2,Mountain,,Lands,3,1,Scapeshift,TheRealDMoney,267 tix,"$ 1,080",241253,2014-07-23,Modern Daily #7299798,modern,modern-daily-7299798,modern-daily-7299798-2014-07-23
22,4,Steam Vents,,Lands,3,1,Scapeshift,TheRealDMoney,267 tix,"$ 1,080",241253,2014-07-23,Modern Daily #7299798,modern,modern-daily-7299798,modern-daily-7299798-2014-07-23
23,4,Stomping Ground,,Lands,3,1,Scapeshift,TheRealDMoney,267 tix,"$ 1,080",241253,2014-07-23,Modern Daily #7299798,modern,modern-daily-7299798,modern-daily-7299798-2014-07-23
24,2,"Valakut, the Molten Pinnacle",,Lands,3,1,Scapeshift,TheRealDMoney,267 tix,"$ 1,080",241253,2014-07-23,Modern Daily #7299798,modern,modern-daily-7299798,modern-daily-7299798-2014-07-23
26,1,Engineered Explosives,,Sideboard,3,1,Scapeshift,TheRealDMoney,267 tix,"$ 1,080",241253,2014-07-23,Modern Daily #7299798,modern,modern-daily-7299798,modern-daily-7299798-2014-07-23
27,1,Gigadrowse,,Sideboard,3,1,Scapeshift,TheRealDMoney,267 tix,"$ 1,080",241253,2014-07-23,Modern Daily #7299798,modern,modern-daily-7299798,modern-daily-7299798-2014-07-23
28,2,Nature's Claim,,Sideboard,3,1,Scapeshift,TheRealDMoney,267 tix,"$ 1,080",241253,2014-07-23,Modern Daily #7299798,modern,modern-daily-7299798,modern-daily-7299798-2014-07-23
29,1,Negate,,Sideboard,3,1,Scapeshift,TheRealDMoney,267 tix,"$ 1,080",241253,2014-07-23,Modern Daily #7299798,modern,modern-daily-7299798,modern-daily-7299798-2014-07-23
30,1,Counterflux,,Sideboard,3,1,Scapeshift,TheRealDMoney,267 tix,"$ 1,080",241253,2014-07-23,Modern Daily #7299798,modern,modern-daily-7299798,modern-daily-7299798-2014-07-23
31,1,"Kiora, the Crashing Wave",,Sideboard,3,1,Scapeshift,TheRealDMoney,267 tix,"$ 1,080",241253,2014-07-23,Modern Daily #7299798,modern,modern-daily-7299798,modern-daily-7299798-2014-07-23
32,3,Obstinate Baloth,,Sideboard,3,1,Scapeshift,TheRealDMoney,267 tix,"$ 1,080",241253,2014-07-23,Modern Daily #7299798,modern,modern-daily-7299798,modern-daily-7299798-2014-07-23
33,2,Shatterstorm,,Sideboard,3,1,Scapeshift,TheRealDMoney,267 tix,"$ 1,080",241253,2014-07-23,Modern Daily #7299798,modern,modern-daily-7299798,modern-daily-7299798-2014-07-23
34,1,Batterskull,,Sideboard,3,1,Scapeshift,TheRealDMoney,267 tix,"$ 1,080",241253,2014-07-23,Modern Daily #7299798,modern,modern-daily-7299798,modern-daily-7299798-2014-07-23
35,2,Wurmcoil Engine,,Sideboard,3,1,Scapeshift,TheRealDMoney,267 tix,"$ 1,080",241253,2014-07-23,Modern Daily #7299798,modern,modern-daily-7299798,modern-daily-7299798-2014-07-23
1,4,Sakura-Tribe Elder,,Creatures,3,1,Scapeshift,mlmcc1,255 tix,$ 967,241258,2014-07-23,Modern Daily #7299798,modern,modern-daily-7299798,modern-daily-7299798-2014-07-23
2,2,Snapcaster Mage,,Creatures,3,1,Scapeshift,mlmcc1,255 tix,$ 967,241258,2014-07-23,Modern Daily #7299798,modern,modern-daily-7299798,modern-daily-7299798-2014-07-23
4,2,Repeal,,Spells,3,1,Scapeshift,mlmcc1,255 tix,$ 967,241258,2014-07-23,Modern Daily #7299798,modern,modern-daily-7299798,modern-daily-7299798-2014-07-23
5,4,Serum Visions,,Spells,3,1,Scapeshift,mlmcc1,255 tix,$ 967,241258,2014-07-23,Modern Daily #7299798,modern,modern-daily-7299798,modern-daily-7299798-2014-07-23
6,2,Explore,,Spells,3,1,Scapeshift,mlmcc1,255 tix,$ 967,241258,2014-07-23,Modern Daily #7299798,modern,modern-daily-7299798,modern-daily-7299798-2014-07-23
7,1,Izzet Charm,,Spells,3,1,Scapeshift,mlmcc1,255 tix,$ 967,241258,2014-07-23,Modern Daily #7299798,modern,modern-daily-7299798,modern-daily-7299798-2014-07-23
8,4,Remand,,Spells,3,1,Scapeshift,mlmcc1,255 tix,$ 967,241258,2014-07-23,Modern Daily #7299798,modern,modern-daily-7299798,modern-daily-7299798-2014-07-23
9,2,Telling Time,,Spells,3,1,Scapeshift,mlmcc1,255 tix,$ 967,241258,2014-07-23,Modern Daily #7299798,modern,modern-daily-7299798,modern-daily-7299798-2014-07-23
10,2,Electrolyze,,Spells,3,1,Scapeshift,mlmcc1,255 tix,$ 967,241258,2014-07-23,Modern Daily #7299798,modern,modern-daily-7299798,modern-daily-7299798-2014-07-23
11,4,Search for Tomorrow,,Spells,3,1,Scapeshift,mlmcc1,255 tix,$ 967,241258,2014-07-23,Modern Daily #7299798,modern,modern-daily-7299798,modern-daily-7299798-2014-07-23
12,4,Cryptic Command,,Spells,3,1,Scapeshift,mlmcc1,255 tix,$ 967,241258,2014-07-23,Modern Daily #7299798,modern,modern-daily-7299798,modern-daily-7299798-2014-07-23
13,4,Scapeshift,,Spells,3,1,Scapeshift,mlmcc1,255 tix,$ 967,241258,2014-07-23,Modern Daily #7299798,modern,modern-daily-7299798,modern-daily-7299798-2014-07-23
15,1,Breeding Pool,,Lands,3,1,Scapeshift,mlmcc1,255 tix,$ 967,241258,2014-07-23,Modern Daily #7299798,modern,modern-daily-7299798,modern-daily-7299798-2014-07-23
16,1,Cascade Bluffs,,Lands,3,1,Scapeshift,mlmcc1,255 tix,$ 967,241258,2014-07-23,Modern Daily #7299798,modern,modern-daily-7299798,modern-daily-7299798-2014-07-23
17,1,Flooded Grove,,Lands,3,1,Scapeshift,mlmcc1,255 tix,$ 967,241258,2014-07-23,Modern Daily #7299798,modern,modern-daily-7299798,modern-daily-7299798-2014-07-23
18,3,Forest,,Lands,3,1,Scapeshift,mlmcc1,255 tix,$ 967,241258,2014-07-23,Modern Daily #7299798,modern,modern-daily-7299798,modern-daily-7299798-2014-07-23
19,3,Island,,Lands,3,1,Scapeshift,mlmcc1,255 tix,$ 967,241258,2014-07-23,Modern Daily #7299798,modern,modern-daily-7299798,modern-daily-7299798-2014-07-23
20,3,Misty Rainforest,,Lands,3,1,Scapeshift,mlmcc1,255 tix,$ 967,241258,2014-07-23,Modern Daily #7299798,modern,modern-daily-7299798,modern-daily-7299798-2014-07-23
21,2,Mountain,,Lands,3,1,Scapeshift,mlmcc1,255 tix,$ 967,241258,2014-07-23,Modern Daily #7299798,modern,modern-daily-7299798,modern-daily-7299798-2014-07-23
22,4,Steam Vents,,Lands,3,1,Scapeshift,mlmcc1,255 tix,$ 967,241258,2014-07-23,Modern Daily #7299798,modern,modern-daily-7299798,modern-daily-7299798-2014-07-23
23,4,Stomping Ground,,Lands,3,1,Scapeshift,mlmcc1,255 tix,$ 967,241258,2014-07-23,Modern Daily #7299798,modern,modern-daily-7299798,modern-daily-7299798-2014-07-23
24,1,Temple of Mystery,,Lands,3,1,Scapeshift,mlmcc1,255 tix,$ 967,241258,2014-07-23,Modern Daily #7299798,modern,modern-daily-7299798,modern-daily-7299798-2014-07-23
25,2,"Valakut, the Molten Pinnacle",,Lands,3,1,Scapeshift,mlmcc1,255 tix,$ 967,241258,2014-07-23,Modern Daily #7299798,modern,modern-daily-7299798,modern-daily-7299798-2014-07-23
27,1,Engineered Explosives,,Sideboard,3,1,Scapeshift,mlmcc1,255 tix,$ 967,241258,2014-07-23,Modern Daily #7299798,modern,modern-daily-7299798,modern-daily-7299798-2014-07-23
28,2,Swan Song,,Sideboard,3,1,Scapeshift,mlmcc1,255 tix,$ 967,241258,2014-07-23,Modern Daily #7299798,modern,modern-daily-7299798,modern-daily-7299798-2014-07-23
29,2,Ancient Grudge,,Sideboard,3,1,Scapeshift,mlmcc1,255 tix,$ 967,241258,2014-07-23,Modern Daily #7299798,modern,modern-daily-7299798,modern-daily-7299798-2014-07-23
30,1,Combust,,Sideboard,3,1,Scapeshift,mlmcc1,255 tix,$ 967,241258,2014-07-23,Modern Daily #7299798,modern,modern-daily-7299798,modern-daily-7299798-2014-07-23
31,2,Anger of the Gods,,Sideboard,3,1,Scapeshift,mlmcc1,255 tix,$ 967,241258,2014-07-23,Modern Daily #7299798,modern,modern-daily-7299798,modern-daily-7299798-2014-07-23
32,1,Counterflux,,Sideboard,3,1,Scapeshift,mlmcc1,255 tix,$ 967,241258,2014-07-23,Modern Daily #7299798,modern,modern-daily-7299798,modern-daily-7299798-2014-07-23
33,2,Obstinate Baloth,,Sideboard,3,1,Scapeshift,mlmcc1,255 tix,$ 967,241258,2014-07-23,Modern Daily #7299798,modern,modern-daily-7299798,modern-daily-7299798-2014-07-23
34,1,Shatterstorm,,Sideboard,3,1,Scapeshift,mlmcc1,255 tix,$ 967,241258,2014-07-23,Modern Daily #7299798,modern,modern-daily-7299798,modern-daily-7299798-2014-07-23
35,2,Inferno Titan,,Sideboard,3,1,Scapeshift,mlmcc1,255 tix,$ 967,241258,2014-07-23,Modern Daily #7299798,modern,modern-daily-7299798,modern-daily-7299798-2014-07-23
1,4,Sakura-Tribe Elder,,Creatures,3,1,Scapeshift,MrMetronome,251 tix,$ 977,241261,2014-07-23,Modern Daily #7299798,modern,modern-daily-7299798,modern-daily-7299798-2014-07-23
2,3,Snapcaster Mage,,Creatures,3,1,Scapeshift,MrMetronome,251 tix,$ 977,241261,2014-07-23,Modern Daily #7299798,modern,modern-daily-7299798,modern-daily-7299798-2014-07-23
4,2,Lightning Bolt,,Spells,3,1,Scapeshift,MrMetronome,251 tix,$ 977,241261,2014-07-23,Modern Daily #7299798,modern,modern-daily-7299798,modern-daily-7299798-2014-07-23
5,1,Repeal,,Spells,3,1,Scapeshift,MrMetronome,251 tix,$ 977,241261,2014-07-23,Modern Daily #7299798,modern,modern-daily-7299798,modern-daily-7299798-2014-07-23
6,4,Serum Visions,,Spells,3,1,Scapeshift,MrMetronome,251 tix,$ 977,241261,2014-07-23,Modern Daily #7299798,modern,modern-daily-7299798,modern-daily-7299798-2014-07-23
7,3,Izzet Charm,,Spells,3,1,Scapeshift,MrMetronome,251 tix,$ 977,241261,2014-07-23,Modern Daily #7299798,modern,modern-daily-7299798,modern-daily-7299798-2014-07-23
8,2,Peer Through Depths,,Spells,3,1,Scapeshift,MrMetronome,251 tix,$ 977,241261,2014-07-23,Modern Daily #7299798,modern,modern-daily-7299798,modern-daily-7299798-2014-07-23
9,4,Remand,,Spells,3,1,Scapeshift,MrMetronome,251 tix,$ 977,241261,2014-07-23,Modern Daily #7299798,modern,modern-daily-7299798,modern-daily-7299798-2014-07-23
10,2,Electrolyze,,Spells,3,1,Scapeshift,MrMetronome,251 tix,$ 977,241261,2014-07-23,Modern Daily #7299798,modern,modern-daily-7299798,modern-daily-7299798-2014-07-23
11,4,Search for Tomorrow,,Spells,3,1,Scapeshift,MrMetronome,251 tix,$ 977,241261,2014-07-23,Modern Daily #7299798,modern,modern-daily-7299798,modern-daily-7299798-2014-07-23
12,3,Cryptic Command,,Spells,3,1,Scapeshift,MrMetronome,251 tix,$ 977,241261,2014-07-23,Modern Daily #7299798,modern,modern-daily-7299798,modern-daily-7299798-2014-07-23
13,4,Scapeshift,,Spells,3,1,Scapeshift,MrMetronome,251 tix,$ 977,241261,2014-07-23,Modern Daily #7299798,modern,modern-daily-7299798,modern-daily-7299798-2014-07-23
15,1,Breeding Pool,,Lands,3,1,Scapeshift,MrMetronome,251 tix,$ 977,241261,2014-07-23,Modern Daily #7299798,modern,modern-daily-7299798,modern-daily-7299798-2014-07-23
16,1,Cascade Bluffs,,Lands,3,1,Scapeshift,MrMetronome,251 tix,$ 977,241261,2014-07-23,Modern Daily #7299798,modern,modern-daily-7299798,modern-daily-7299798-2014-07-23
17,1,Flooded Grove,,Lands,3,1,Scapeshift,MrMetronome,251 tix,$ 977,241261,2014-07-23,Modern Daily #7299798,modern,modern-daily-7299798,modern-daily-7299798-2014-07-23
18,3,Forest,,Lands,3,1,Scapeshift,MrMetronome,251 tix,$ 977,241261,2014-07-23,Modern Daily #7299798,modern,modern-daily-7299798,modern-daily-7299798-2014-07-23
19,3,Island,,Lands,3,1,Scapeshift,MrMetronome,251 tix,$ 977,241261,2014-07-23,Modern Daily #7299798,modern,modern-daily-7299798,modern-daily-7299798-2014-07-23
20,2,Misty Rainforest,,Lands,3,1,Scapeshift,MrMetronome,251 tix,$ 977,241261,2014-07-23,Modern Daily #7299798,modern,modern-daily-7299798,modern-daily-7299798-2014-07-23
21,2,Mountain,,Lands,3,1,Scapeshift,MrMetronome,251 tix,$ 977,241261,2014-07-23,Modern Daily #7299798,modern,modern-daily-7299798,modern-daily-7299798-2014-07-23
22,4,Steam Vents,,Lands,3,1,Scapeshift,MrMetronome,251 tix,$ 977,241261,2014-07-23,Modern Daily #7299798,modern,modern-daily-7299798,modern-daily-7299798-2014-07-23
23,4,Stomping Ground,,Lands,3,1,Scapeshift,MrMetronome,251 tix,$ 977,241261,2014-07-23,Modern Daily #7299798,modern,modern-daily-7299798,modern-daily-7299798-2014-07-23
24,1,Temple of Mystery,,Lands,3,1,Scapeshift,MrMetronome,251 tix,$ 977,241261,2014-07-23,Modern Daily #7299798,modern,modern-daily-7299798,modern-daily-7299798-2014-07-23
25,2,"Valakut, the Molten Pinnacle",,Lands,3,1,Scapeshift,MrMetronome,251 tix,$ 977,241261,2014-07-23,Modern Daily #7299798,modern,modern-daily-7299798,modern-daily-7299798-2014-07-23
27,1,Engineered Explosives,,Sideboard,3,1,Scapeshift,MrMetronome,251 tix,$ 977,241261,2014-07-23,Modern Daily #7299798,modern,modern-daily-7299798,modern-daily-7299798-2014-07-23
28,2,Swan Song,,Sideboard,3,1,Scapeshift,MrMetronome,251 tix,$ 977,241261,2014-07-23,Modern Daily #7299798,modern,modern-daily-7299798,modern-daily-7299798-2014-07-23
29,2,Ancient Grudge,,Sideboard,3,1,Scapeshift,MrMetronome,251 tix,$ 977,241261,2014-07-23,Modern Daily #7299798,modern,modern-daily-7299798,modern-daily-7299798-2014-07-23
30,1,Combust,,Sideboard,3,1,Scapeshift,MrMetronome,251 tix,$ 977,241261,2014-07-23,Modern Daily #7299798,modern,modern-daily-7299798,modern-daily-7299798-2014-07-23
31,1,Spellskite,,Sideboard,3,1,Scapeshift,MrMetronome,251 tix,$ 977,241261,2014-07-23,Modern Daily #7299798,modern,modern-daily-7299798,modern-daily-7299798-2014-07-23
32,2,Anger of the Gods,,Sideboard,3,1,Scapeshift,MrMetronome,251 tix,$ 977,241261,2014-07-23,Modern Daily #7299798,modern,modern-daily-7299798,modern-daily-7299798-2014-07-23
33,1,Counterflux,,Sideboard,3,1,Scapeshift,MrMetronome,251 tix,$ 977,241261,2014-07-23,Modern Daily #7299798,modern,modern-daily-7299798,modern-daily-7299798-2014-07-23
34,2,Obstinate Baloth,,Sideboard,3,1,Scapeshift,MrMetronome,251 tix,$ 977,241261,2014-07-23,Modern Daily #7299798,modern,modern-daily-7299798,modern-daily-7299798-2014-07-23
35,1,Shatterstorm,,Sideboard,3,1,Scapeshift,MrMetronome,251 tix,$ 977,241261,2014-07-23,Modern Daily #7299798,modern,modern-daily-7299798,modern-daily-7299798-2014-07-23
36,2,Inferno Titan,,Sideboard,3,1,Scapeshift,MrMetronome,251 tix,$ 977,241261,2014-07-23,Modern Daily #7299798,modern,modern-daily-7299798,modern-daily-7299798-2014-07-23
1,1,Grim Lavamancer,,Creatures,3,1,Splinter Twin,LoveConnection,323 tix,"$ 1,187",241260,2014-07-23,Modern Daily #7299798,modern,modern-daily-7299798,modern-daily-7299798-2014-07-23
2,4,Snapcaster Mage,,Creatures,3,1,Splinter Twin,LoveConnection,323 tix,"$ 1,187",241260,2014-07-23,Modern Daily #7299798,modern,modern-daily-7299798,modern-daily-7299798-2014-07-23
3,3,Deceiver Exarch,,Creatures,3,1,Splinter Twin,LoveConnection,323 tix,"$ 1,187",241260,2014-07-23,Modern Daily #7299798,modern,modern-daily-7299798,modern-daily-7299798-2014-07-23
4,3,Pestermite,,Creatures,3,1,Splinter Twin,LoveConnection,323 tix,"$ 1,187",241260,2014-07-23,Modern Daily #7299798,modern,modern-daily-7299798,modern-daily-7299798-2014-07-23
5,1,"Kiki-Jiki, Mirror Breaker",,Creatures,3,1,Splinter Twin,LoveConnection,323 tix,"$ 1,187",241260,2014-07-23,Modern Daily #7299798,modern,modern-daily-7299798,modern-daily-7299798-2014-07-23
7,1,Flame Slash,,Spells,3,1,Splinter Twin,LoveConnection,323 tix,"$ 1,187",241260,2014-07-23,Modern Daily #7299798,modern,modern-daily-7299798,modern-daily-7299798-2014-07-23
8,4,Lightning Bolt,,Spells,3,1,Splinter Twin,LoveConnection,323 tix,"$ 1,187",241260,2014-07-23,Modern Daily #7299798,modern,modern-daily-7299798,modern-daily-7299798-2014-07-23
9,2,Peek,,Spells,3,1,Splinter Twin,LoveConnection,323 tix,"$ 1,187",241260,2014-07-23,Modern Daily #7299798,modern,modern-daily-7299798,modern-daily-7299798-2014-07-23
10,4,Serum Visions,,Spells,3,1,Splinter Twin,LoveConnection,323 tix,"$ 1,187",241260,2014-07-23,Modern Daily #7299798,modern,modern-daily-7299798,modern-daily-7299798-2014-07-23
11,1,Redirect,,Spells,3,1,Splinter Twin,LoveConnection,323 tix,"$ 1,187",241260,2014-07-23,Modern Daily #7299798,modern,modern-daily-7299798,modern-daily-7299798-2014-07-23
12,4,Remand,,Spells,3,1,Splinter Twin,LoveConnection,323 tix,"$ 1,187",241260,2014-07-23,Modern Daily #7299798,modern,modern-daily-7299798,modern-daily-7299798-2014-07-23
13,1,Dismember,,Spells,3,1,Splinter Twin,LoveConnection,323 tix,"$ 1,187",241260,2014-07-23,Modern Daily #7299798,modern,modern-daily-7299798,modern-daily-7299798-2014-07-23
14,1,Electrolyze,,Spells,3,1,Splinter Twin,LoveConnection,323 tix,"$ 1,187",241260,2014-07-23,Modern Daily #7299798,modern,modern-daily-7299798,modern-daily-7299798-2014-07-23
15,2,Cryptic Command,,Spells,3,1,Splinter Twin,LoveConnection,323 tix,"$ 1,187",241260,2014-07-23,Modern Daily #7299798,modern,modern-daily-7299798,modern-daily-7299798-2014-07-23
17,2,Spreading Seas,,Enchantments,3,1,Splinter Twin,LoveConnection,323 tix,"$ 1,187",241260,2014-07-23,Modern Daily #7299798,modern,modern-daily-7299798,modern-daily-7299798-2014-07-23
18,4,Splinter Twin,,Enchantments,3,1,Splinter Twin,LoveConnection,323 tix,"$ 1,187",241260,2014-07-23,Modern Daily #7299798,modern,modern-daily-7299798,modern-daily-7299798-2014-07-23
20,1,Desolate Lighthouse,,Lands,3,1,Splinter Twin,LoveConnection,323 tix,"$ 1,187",241260,2014-07-23,Modern Daily #7299798,modern,modern-daily-7299798,modern-daily-7299798-2014-07-23
21,4,Island,,Lands,3,1,Splinter Twin,LoveConnection,323 tix,"$ 1,187",241260,2014-07-23,Modern Daily #7299798,modern,modern-daily-7299798,modern-daily-7299798-2014-07-23
22,4,Misty Rainforest,,Lands,3,1,Splinter Twin,LoveConnection,323 tix,"$ 1,187",241260,2014-07-23,Modern Daily #7299798,modern,modern-daily-7299798,modern-daily-7299798-2014-07-23
23,1,Mountain,,Lands,3,1,Splinter Twin,LoveConnection,323 tix,"$ 1,187",241260,2014-07-23,Modern Daily #7299798,modern,modern-daily-7299798,modern-daily-7299798-2014-07-23
24,4,Scalding Tarn,,Lands,3,1,Splinter Twin,LoveConnection,323 tix,"$ 1,187",241260,2014-07-23,Modern Daily #7299798,modern,modern-daily-7299798,modern-daily-7299798-2014-07-23
25,3,Steam Vents,,Lands,3,1,Splinter Twin,LoveConnection,323 tix,"$ 1,187",241260,2014-07-23,Modern Daily #7299798,modern,modern-daily-7299798,modern-daily-7299798-2014-07-23
26,1,Stomping Ground,,Lands,3,1,Splinter Twin,LoveConnection,323 tix,"$ 1,187",241260,2014-07-23,Modern Daily #7299798,modern,modern-daily-7299798,modern-daily-7299798-2014-07-23
27,2,Sulfur Falls,,Lands,3,1,Splinter Twin,LoveConnection,323 tix,"$ 1,187",241260,2014-07-23,Modern Daily #7299798,modern,modern-daily-7299798,modern-daily-7299798-2014-07-23
28,2,Tectonic Edge,,Lands,3,1,Splinter Twin,LoveConnection,323 tix,"$ 1,187",241260,2014-07-23,Modern Daily #7299798,modern,modern-daily-7299798,modern-daily-7299798-2014-07-23
30,1,Engineered Explosives,,Sideboard,3,1,Splinter Twin,LoveConnection,323 tix,"$ 1,187",241260,2014-07-23,Modern Daily #7299798,modern,modern-daily-7299798,modern-daily-7299798-2014-07-23
31,2,Dispel,,Sideboard,3,1,Splinter Twin,LoveConnection,323 tix,"$ 1,187",241260,2014-07-23,Modern Daily #7299798,modern,modern-daily-7299798,modern-daily-7299798-2014-07-23
32,1,Relic of Progenitus,,Sideboard,3,1,Splinter Twin,LoveConnection,323 tix,"$ 1,187",241260,2014-07-23,Modern Daily #7299798,modern,modern-daily-7299798,modern-daily-7299798-2014-07-23
33,2,Ancient Grudge,,Sideboard,3,1,Splinter Twin,LoveConnection,323 tix,"$ 1,187",241260,2014-07-23,Modern Daily #7299798,modern,modern-daily-7299798,modern-daily-7299798-2014-07-23
34,1,Negate,,Sideboard,3,1,Splinter Twin,LoveConnection,323 tix,"$ 1,187",241260,2014-07-23,Modern Daily #7299798,modern,modern-daily-7299798,modern-daily-7299798-2014-07-23
35,1,Spellskite,,Sideboard,3,1,Splinter Twin,LoveConnection,323 tix,"$ 1,187",241260,2014-07-23,Modern Daily #7299798,modern,modern-daily-7299798,modern-daily-7299798-2014-07-23
36,1,Spreading Seas,,Sideboard,3,1,Splinter Twin,LoveConnection,323 tix,"$ 1,187",241260,2014-07-23,Modern Daily #7299798,modern,modern-daily-7299798,modern-daily-7299798-2014-07-23
37,2,Blood Moon,,Sideboard,3,1,Splinter Twin,LoveConnection,323 tix,"$ 1,187",241260,2014-07-23,Modern Daily #7299798,modern,modern-daily-7299798,modern-daily-7299798-2014-07-23
38,2,Talrand's Invocation,,Sideboard,3,1,Splinter Twin,LoveConnection,323 tix,"$ 1,187",241260,2014-07-23,Modern Daily #7299798,modern,modern-daily-7299798,modern-daily-7299798-2014-07-23
39,1,Batterskull,,Sideboard,3,1,Splinter Twin,LoveConnection,323 tix,"$ 1,187",241260,2014-07-23,Modern Daily #7299798,modern,modern-daily-7299798,modern-daily-7299798-2014-07-23
40,1,"Keranos, God of Storms",,Sideboard,3,1,Splinter Twin,LoveConnection,323 tix,"$ 1,187",241260,2014-07-23,Modern Daily #7299798,modern,modern-daily-7299798,modern-daily-7299798-2014-07-23
1,4,Goblin Electromancer,,Creatures,3,1,UR Storm,JohnnyHotSauce,168 tix,$ 650,241252,2014-07-23,Modern Daily #7299798,modern,modern-daily-7299798,modern-daily-7299798-2014-07-23
3,3,Faithless Looting,,Spells,3,1,UR Storm,JohnnyHotSauce,168 tix,$ 650,241252,2014-07-23,Modern Daily #7299798,modern,modern-daily-7299798,modern-daily-7299798-2014-07-23
4,4,Gitaxian Probe,,Spells,3,1,UR Storm,JohnnyHotSauce,168 tix,$ 650,241252,2014-07-23,Modern Daily #7299798,modern,modern-daily-7299798,modern-daily-7299798-2014-07-23
5,4,Serum Visions,,Spells,3,1,UR Storm,JohnnyHotSauce,168 tix,$ 650,241252,2014-07-23,Modern Daily #7299798,modern,modern-daily-7299798,modern-daily-7299798-2014-07-23
6,4,Sleight of Hand,,Spells,3,1,UR Storm,JohnnyHotSauce,168 tix,$ 650,241252,2014-07-23,Modern Daily #7299798,modern,modern-daily-7299798,modern-daily-7299798-2014-07-23
7,2,Desperate Ravings,,Spells,3,1,UR Storm,JohnnyHotSauce,168 tix,$ 650,241252,2014-07-23,Modern Daily #7299798,modern,modern-daily-7299798,modern-daily-7299798-2014-07-23
8,4,Desperate Ritual,,Spells,3,1,UR Storm,JohnnyHotSauce,168 tix,$ 650,241252,2014-07-23,Modern Daily #7299798,modern,modern-daily-7299798,modern-daily-7299798-2014-07-23
9,3,Grapeshot,,Spells,3,1,UR Storm,JohnnyHotSauce,168 tix,$ 650,241252,2014-07-23,Modern Daily #7299798,modern,modern-daily-7299798,modern-daily-7299798-2014-07-23
10,4,Manamorphose,,Spells,3,1,UR Storm,JohnnyHotSauce,168 tix,$ 650,241252,2014-07-23,Modern Daily #7299798,modern,modern-daily-7299798,modern-daily-7299798-2014-07-23
11,4,Pyretic Ritual,,Spells,3,1,UR Storm,JohnnyHotSauce,168 tix,$ 650,241252,2014-07-23,Modern Daily #7299798,modern,modern-daily-7299798,modern-daily-7299798-2014-07-23
12,3,Past in Flames,,Spells,3,1,UR Storm,JohnnyHotSauce,168 tix,$ 650,241252,2014-07-23,Modern Daily #7299798,modern,modern-daily-7299798,modern-daily-7299798-2014-07-23
14,4,Pyromancer Ascension,,Enchantments,3,1,UR Storm,JohnnyHotSauce,168 tix,$ 650,241252,2014-07-23,Modern Daily #7299798,modern,modern-daily-7299798,modern-daily-7299798-2014-07-23
16,1,Hallowed Fountain,,Lands,3,1,UR Storm,JohnnyHotSauce,168 tix,$ 650,241252,2014-07-23,Modern Daily #7299798,modern,modern-daily-7299798,modern-daily-7299798-2014-07-23
17,2,Island,,Lands,3,1,UR Storm,JohnnyHotSauce,168 tix,$ 650,241252,2014-07-23,Modern Daily #7299798,modern,modern-daily-7299798,modern-daily-7299798-2014-07-23
18,3,Misty Rainforest,,Lands,3,1,UR Storm,JohnnyHotSauce,168 tix,$ 650,241252,2014-07-23,Modern Daily #7299798,modern,modern-daily-7299798,modern-daily-7299798-2014-07-23
19,1,Mountain,,Lands,3,1,UR Storm,JohnnyHotSauce,168 tix,$ 650,241252,2014-07-23,Modern Daily #7299798,modern,modern-daily-7299798,modern-daily-7299798-2014-07-23
20,4,Scalding Tarn,,Lands,3,1,UR Storm,JohnnyHotSauce,168 tix,$ 650,241252,2014-07-23,Modern Daily #7299798,modern,modern-daily-7299798,modern-daily-7299798-2014-07-23
21,3,Shivan Reef,,Lands,3,1,UR Storm,JohnnyHotSauce,168 tix,$ 650,241252,2014-07-23,Modern Daily #7299798,modern,modern-daily-7299798,modern-daily-7299798-2014-07-23
22,3,Steam Vents,,Lands,3,1,UR Storm,JohnnyHotSauce,168 tix,$ 650,241252,2014-07-23,Modern Daily #7299798,modern,modern-daily-7299798,modern-daily-7299798-2014-07-23
24,3,Wear & Tear,,Sideboard,3,1,UR Storm,JohnnyHotSauce,168 tix,$ 650,241252,2014-07-23,Modern Daily #7299798,modern,modern-daily-7299798,modern-daily-7299798-2014-07-23
25,2,Flame Slash,,Sideboard,3,1,UR Storm,JohnnyHotSauce,168 tix,$ 650,241252,2014-07-23,Modern Daily #7299798,modern,modern-daily-7299798,modern-daily-7299798-2014-07-23
26,1,Lightning Bolt,,Sideboard,3,1,UR Storm,JohnnyHotSauce,168 tix,$ 650,241252,2014-07-23,Modern Daily #7299798,modern,modern-daily-7299798,modern-daily-7299798-2014-07-23
27,2,Swan Song,,Sideboard,3,1,UR Storm,JohnnyHotSauce,168 tix,$ 650,241252,2014-07-23,Modern Daily #7299798,modern,modern-daily-7299798,modern-daily-7299798-2014-07-23
28,2,Desperate Ravings,,Sideboard,3,1,UR Storm,JohnnyHotSauce,168 tix,$ 650,241252,2014-07-23,Modern Daily #7299798,modern,modern-daily-7299798,modern-daily-7299798-2014-07-23
29,2,Torpor Orb,,Sideboard,3,1,UR Storm,JohnnyHotSauce,168 tix,$ 650,241252,2014-07-23,Modern Daily #7299798,modern,modern-daily-7299798,modern-daily-7299798-2014-07-23
30,3,Empty the Warrens,,Sideboard,3,1,UR Storm,JohnnyHotSauce,168 tix,$ 650,241252,2014-07-23,Modern Daily #7299798,modern,modern-daily-7299798,modern-daily-7299798-2014-07-23
1,4,Snapcaster Mage,,Creatures,3,1,UWR Control,krazykirby4,435 tix,"$ 1,458",241255,2014-07-23,Modern Daily #7299798,modern,modern-daily-7299798,modern-daily-7299798-2014-07-23
2,4,Geist of Saint Traft,,Creatures,3,1,UWR Control,krazykirby4,435 tix,"$ 1,458",241255,2014-07-23,Modern Daily #7299798,modern,modern-daily-7299798,modern-daily-7299798-2014-07-23
3,3,Vendilion Clique,,Creatures,3,1,UWR Control,krazykirby4,435 tix,"$ 1,458",241255,2014-07-23,Modern Daily #7299798,modern,modern-daily-7299798,modern-daily-7299798-2014-07-23
4,3,Restoration Angel,,Creatures,3,1,UWR Control,krazykirby4,435 tix,"$ 1,458",241255,2014-07-23,Modern Daily #7299798,modern,modern-daily-7299798,modern-daily-7299798-2014-07-23
5,1,"Keranos, God of Storms",,Creatures,3,1,UWR Control,krazykirby4,435 tix,"$ 1,458",241255,2014-07-23,Modern Daily #7299798,modern,modern-daily-7299798,modern-daily-7299798-2014-07-23
7,4,Lightning Bolt,,Spells,3,1,UWR Control,krazykirby4,435 tix,"$ 1,458",241255,2014-07-23,Modern Daily #7299798,modern,modern-daily-7299798,modern-daily-7299798-2014-07-23
8,4,Path to Exile,,Spells,3,1,UWR Control,krazykirby4,435 tix,"$ 1,458",241255,2014-07-23,Modern Daily #7299798,modern,modern-daily-7299798,modern-daily-7299798-2014-07-23
9,4,Lightning Helix,,Spells,3,1,UWR Control,krazykirby4,435 tix,"$ 1,458",241255,2014-07-23,Modern Daily #7299798,modern,modern-daily-7299798,modern-daily-7299798-2014-07-23
10,4,Remand,,Spells,3,1,UWR Control,krazykirby4,435 tix,"$ 1,458",241255,2014-07-23,Modern Daily #7299798,modern,modern-daily-7299798,modern-daily-7299798-2014-07-23
11,3,Electrolyze,,Spells,3,1,UWR Control,krazykirby4,435 tix,"$ 1,458",241255,2014-07-23,Modern Daily #7299798,modern,modern-daily-7299798,modern-daily-7299798-2014-07-23
13,1,Batterskull,,Artifacts,3,1,UWR Control,krazykirby4,435 tix,"$ 1,458",241255,2014-07-23,Modern Daily #7299798,modern,modern-daily-7299798,modern-daily-7299798-2014-07-23
15,4,Arid Mesa,,Lands,3,1,UWR Control,krazykirby4,435 tix,"$ 1,458",241255,2014-07-23,Modern Daily #7299798,modern,modern-daily-7299798,modern-daily-7299798-2014-07-23
16,4,Celestial Colonnade,,Lands,3,1,UWR Control,krazykirby4,435 tix,"$ 1,458",241255,2014-07-23,Modern Daily #7299798,modern,modern-daily-7299798,modern-daily-7299798-2014-07-23
17,1,Eiganjo Castle,,Lands,3,1,UWR Control,krazykirby4,435 tix,"$ 1,458",241255,2014-07-23,Modern Daily #7299798,modern,modern-daily-7299798,modern-daily-7299798-2014-07-23
18,2,Ghost Quarter,,Lands,3,1,UWR Control,krazykirby4,435 tix,"$ 1,458",241255,2014-07-23,Modern Daily #7299798,modern,modern-daily-7299798,modern-daily-7299798-2014-07-23
19,1,Hallowed Fountain,,Lands,3,1,UWR Control,krazykirby4,435 tix,"$ 1,458",241255,2014-07-23,Modern Daily #7299798,modern,modern-daily-7299798,modern-daily-7299798-2014-07-23
20,2,Island,,Lands,3,1,UWR Control,krazykirby4,435 tix,"$ 1,458",241255,2014-07-23,Modern Daily #7299798,modern,modern-daily-7299798,modern-daily-7299798-2014-07-23
21,1,Moorland Haunt,,Lands,3,1,UWR Control,krazykirby4,435 tix,"$ 1,458",241255,2014-07-23,Modern Daily #7299798,modern,modern-daily-7299798,modern-daily-7299798-2014-07-23
22,1,Mountain,,Lands,3,1,UWR Control,krazykirby4,435 tix,"$ 1,458",241255,2014-07-23,Modern Daily #7299798,modern,modern-daily-7299798,modern-daily-7299798-2014-07-23
23,1,Plains,,Lands,3,1,UWR Control,krazykirby4,435 tix,"$ 1,458",241255,2014-07-23,Modern Daily #7299798,modern,modern-daily-7299798,modern-daily-7299798-2014-07-23
24,1,Sacred Foundry,,Lands,3,1,UWR Control,krazykirby4,435 tix,"$ 1,458",241255,2014-07-23,Modern Daily #7299798,modern,modern-daily-7299798,modern-daily-7299798-2014-07-23
25,4,Scalding Tarn,,Lands,3,1,UWR Control,krazykirby4,435 tix,"$ 1,458",241255,2014-07-23,Modern Daily #7299798,modern,modern-daily-7299798,modern-daily-7299798-2014-07-23
26,2,Steam Vents,,Lands,3,1,UWR Control,krazykirby4,435 tix,"$ 1,458",241255,2014-07-23,Modern Daily #7299798,modern,modern-daily-7299798,modern-daily-7299798-2014-07-23
27,1,Sulfur Falls,,Lands,3,1,UWR Control,krazykirby4,435 tix,"$ 1,458",241255,2014-07-23,Modern Daily #7299798,modern,modern-daily-7299798,modern-daily-7299798-2014-07-23
29,2,Engineered Explosives,,Sideboard,3,1,UWR Control,krazykirby4,435 tix,"$ 1,458",241255,2014-07-23,Modern Daily #7299798,modern,modern-daily-7299798,modern-daily-7299798-2014-07-23
30,2,Wear & Tear,,Sideboard,3,1,UWR Control,krazykirby4,435 tix,"$ 1,458",241255,2014-07-23,Modern Daily #7299798,modern,modern-daily-7299798,modern-daily-7299798-2014-07-23
31,2,Pillar of Flame,,Sideboard,3,1,UWR Control,krazykirby4,435 tix,"$ 1,458",241255,2014-07-23,Modern Daily #7299798,modern,modern-daily-7299798,modern-daily-7299798-2014-07-23
32,1,Celestial Purge,,Sideboard,3,1,UWR Control,krazykirby4,435 tix,"$ 1,458",241255,2014-07-23,Modern Daily #7299798,modern,modern-daily-7299798,modern-daily-7299798-2014-07-23
33,1,Combust,,Sideboard,3,1,UWR Control,krazykirby4,435 tix,"$ 1,458",241255,2014-07-23,Modern Daily #7299798,modern,modern-daily-7299798,modern-daily-7299798-2014-07-23
34,1,Anger of the Gods,,Sideboard,3,1,UWR Control,krazykirby4,435 tix,"$ 1,458",241255,2014-07-23,Modern Daily #7299798,modern,modern-daily-7299798,modern-daily-7299798-2014-07-23
35,3,Aven Mindcensor,,Sideboard,3,1,UWR Control,krazykirby4,435 tix,"$ 1,458",241255,2014-07-23,Modern Daily #7299798,modern,modern-daily-7299798,modern-daily-7299798-2014-07-23
36,2,Counterflux,,Sideboard,3,1,UWR Control,krazykirby4,435 tix,"$ 1,458",241255,2014-07-23,Modern Daily #7299798,modern,modern-daily-7299798,modern-daily-7299798-2014-07-23
37,1,Batterskull,,Sideboard,3,1,UWR Control,krazykirby4,435 tix,"$ 1,458",241255,2014-07-23,Modern Daily #7299798,modern,modern-daily-7299798,modern-daily-7299798-2014-07-23
1,3,Memnite,,Creatures,4,0,Affinity,Ellison,370 tix,$ 915,241177,2014-07-22,Modern Daily #7299767,modern,modern-daily-7299767,modern-daily-7299767-2014-07-22
2,4,Ornithopter,,Creatures,4,0,Affinity,Ellison,370 tix,$ 915,241177,2014-07-22,Modern Daily #7299767,modern,modern-daily-7299767,modern-daily-7299767-2014-07-22
3,4,Signal Pest,,Creatures,4,0,Affinity,Ellison,370 tix,$ 915,241177,2014-07-22,Modern Daily #7299767,modern,modern-daily-7299767,modern-daily-7299767-2014-07-22
4,4,Arcbound Ravager,,Creatures,4,0,Affinity,Ellison,370 tix,$ 915,241177,2014-07-22,Modern Daily #7299767,modern,modern-daily-7299767,modern-daily-7299767-2014-07-22
5,4,Steel Overseer,,Creatures,4,0,Affinity,Ellison,370 tix,$ 915,241177,2014-07-22,Modern Daily #7299767,modern,modern-daily-7299767,modern-daily-7299767-2014-07-22
6,4,Vault Skirge,,Creatures,4,0,Affinity,Ellison,370 tix,$ 915,241177,2014-07-22,Modern Daily #7299767,modern,modern-daily-7299767,modern-daily-7299767-2014-07-22
7,3,Etched Champion,,Creatures,4,0,Affinity,Ellison,370 tix,$ 915,241177,2014-07-22,Modern Daily #7299767,modern,modern-daily-7299767,modern-daily-7299767-2014-07-22
8,1,Master of Etherium,,Creatures,4,0,Affinity,Ellison,370 tix,$ 915,241177,2014-07-22,Modern Daily #7299767,modern,modern-daily-7299767,modern-daily-7299767-2014-07-22
10,2,Galvanic Blast,,Spells,4,0,Affinity,Ellison,370 tix,$ 915,241177,2014-07-22,Modern Daily #7299767,modern,modern-daily-7299767,modern-daily-7299767-2014-07-22
11,2,Thoughtcast,,Spells,4,0,Affinity,Ellison,370 tix,$ 915,241177,2014-07-22,Modern Daily #7299767,modern,modern-daily-7299767,modern-daily-7299767-2014-07-22
13,4,Mox Opal,,Artifacts,4,0,Affinity,Ellison,370 tix,$ 915,241177,2014-07-22,Modern Daily #7299767,modern,modern-daily-7299767,modern-daily-7299767-2014-07-22
14,1,Welding Jar,,Artifacts,4,0,Affinity,Ellison,370 tix,$ 915,241177,2014-07-22,Modern Daily #7299767,modern,modern-daily-7299767,modern-daily-7299767-2014-07-22
15,4,Springleaf Drum,,Artifacts,4,0,Affinity,Ellison,370 tix,$ 915,241177,2014-07-22,Modern Daily #7299767,modern,modern-daily-7299767,modern-daily-7299767-2014-07-22
16,4,Cranial Plating,,Artifacts,4,0,Affinity,Ellison,370 tix,$ 915,241177,2014-07-22,Modern Daily #7299767,modern,modern-daily-7299767,modern-daily-7299767-2014-07-22
18,4,Blinkmoth Nexus,,Lands,4,0,Affinity,Ellison,370 tix,$ 915,241177,2014-07-22,Modern Daily #7299767,modern,modern-daily-7299767,modern-daily-7299767-2014-07-22
19,4,Darksteel Citadel,,Lands,4,0,Affinity,Ellison,370 tix,$ 915,241177,2014-07-22,Modern Daily #7299767,modern,modern-daily-7299767,modern-daily-7299767-2014-07-22
20,3,Glimmervoid,,Lands,4,0,Affinity,Ellison,370 tix,$ 915,241177,2014-07-22,Modern Daily #7299767,modern,modern-daily-7299767,modern-daily-7299767-2014-07-22
21,4,Inkmoth Nexus,,Lands,4,0,Affinity,Ellison,370 tix,$ 915,241177,2014-07-22,Modern Daily #7299767,modern,modern-daily-7299767,modern-daily-7299767-2014-07-22
22,1,Island,,Lands,4,0,Affinity,Ellison,370 tix,$ 915,241177,2014-07-22,Modern Daily #7299767,modern,modern-daily-7299767,modern-daily-7299767-2014-07-22
24,1,Wear & Tear,,Sideboard,4,0,Affinity,Ellison,370 tix,$ 915,241177,2014-07-22,Modern Daily #7299767,modern,modern-daily-7299767,modern-daily-7299767-2014-07-22
25,1,Grafdigger's Cage,,Sideboard,4,0,Affinity,Ellison,370 tix,$ 915,241177,2014-07-22,Modern Daily #7299767,modern,modern-daily-7299767,modern-daily-7299767-2014-07-22
26,1,Gut Shot,,Sideboard,4,0,Affinity,Ellison,370 tix,$ 915,241177,2014-07-22,Modern Daily #7299767,modern,modern-daily-7299767,modern-daily-7299767-2014-07-22
27,1,Illness in the Ranks,,Sideboard,4,0,Affinity,Ellison,370 tix,$ 915,241177,2014-07-22,Modern Daily #7299767,modern,modern-daily-7299767,modern-daily-7299767-2014-07-22
28,2,Relic of Progenitus,,Sideboard,4,0,Affinity,Ellison,370 tix,$ 915,241177,2014-07-22,Modern Daily #7299767,modern,modern-daily-7299767,modern-daily-7299767-2014-07-22
29,2,Spell Pierce,,Sideboard,4,0,Affinity,Ellison,370 tix,$ 915,241177,2014-07-22,Modern Daily #7299767,modern,modern-daily-7299767,modern-daily-7299767-2014-07-22
30,2,Thoughtseize,,Sideboard,4,0,Affinity,Ellison,370 tix,$ 915,241177,2014-07-22,Modern Daily #7299767,modern,modern-daily-7299767,modern-daily-7299767-2014-07-22
31,2,Ancient Grudge,,Sideboard,4,0,Affinity,Ellison,370 tix,$ 915,241177,2014-07-22,Modern Daily #7299767,modern,modern-daily-7299767,modern-daily-7299767-2014-07-22
32,1,Ethersworn Canonist,,Sideboard,4,0,Affinity,Ellison,370 tix,$ 915,241177,2014-07-22,Modern Daily #7299767,modern,modern-daily-7299767,modern-daily-7299767-2014-07-22
33,1,Spellskite,,Sideboard,4,0,Affinity,Ellison,370 tix,$ 915,241177,2014-07-22,Modern Daily #7299767,modern,modern-daily-7299767,modern-daily-7299767-2014-07-22
34,1,Whipflare,,Sideboard,4,0,Affinity,Ellison,370 tix,$ 915,241177,2014-07-22,Modern Daily #7299767,modern,modern-daily-7299767,modern-daily-7299767-2014-07-22
1,2,Memnite,,Creatures,4,0,Affinity,wgnra0530,396 tix,$ 952,241178,2014-07-22,Modern Daily #7299767,modern,modern-daily-7299767,modern-daily-7299767-2014-07-22
2,4,Ornithopter,,Creatures,4,0,Affinity,wgnra0530,396 tix,$ 952,241178,2014-07-22,Modern Daily #7299767,modern,modern-daily-7299767,modern-daily-7299767-2014-07-22
3,4,Signal Pest,,Creatures,4,0,Affinity,wgnra0530,396 tix,$ 952,241178,2014-07-22,Modern Daily #7299767,modern,modern-daily-7299767,modern-daily-7299767-2014-07-22
4,4,Arcbound Ravager,,Creatures,4,0,Affinity,wgnra0530,396 tix,$ 952,241178,2014-07-22,Modern Daily #7299767,modern,modern-daily-7299767,modern-daily-7299767-2014-07-22
5,4,Steel Overseer,,Creatures,4,0,Affinity,wgnra0530,396 tix,$ 952,241178,2014-07-22,Modern Daily #7299767,modern,modern-daily-7299767,modern-daily-7299767-2014-07-22
6,4,Vault Skirge,,Creatures,4,0,Affinity,wgnra0530,396 tix,$ 952,241178,2014-07-22,Modern Daily #7299767,modern,modern-daily-7299767,modern-daily-7299767-2014-07-22
7,3,Etched Champion,,Creatures,4,0,Affinity,wgnra0530,396 tix,$ 952,241178,2014-07-22,Modern Daily #7299767,modern,modern-daily-7299767,modern-daily-7299767-2014-07-22
8,1,Master of Etherium,,Creatures,4,0,Affinity,wgnra0530,396 tix,$ 952,241178,2014-07-22,Modern Daily #7299767,modern,modern-daily-7299767,modern-daily-7299767-2014-07-22
10,4,Galvanic Blast,,Spells,4,0,Affinity,wgnra0530,396 tix,$ 952,241178,2014-07-22,Modern Daily #7299767,modern,modern-daily-7299767,modern-daily-7299767-2014-07-22
11,1,Thoughtcast,,Spells,4,0,Affinity,wgnra0530,396 tix,$ 952,241178,2014-07-22,Modern Daily #7299767,modern,modern-daily-7299767,modern-daily-7299767-2014-07-22
13,4,Mox Opal,,Artifacts,4,0,Affinity,wgnra0530,396 tix,$ 952,241178,2014-07-22,Modern Daily #7299767,modern,modern-daily-7299767,modern-daily-7299767-2014-07-22
14,1,Welding Jar,,Artifacts,4,0,Affinity,wgnra0530,396 tix,$ 952,241178,2014-07-22,Modern Daily #7299767,modern,modern-daily-7299767,modern-daily-7299767-2014-07-22
15,4,Springleaf Drum,,Artifacts,4,0,Affinity,wgnra0530,396 tix,$ 952,241178,2014-07-22,Modern Daily #7299767,modern,modern-daily-7299767,modern-daily-7299767-2014-07-22
16,4,Cranial Plating,,Artifacts,4,0,Affinity,wgnra0530,396 tix,$ 952,241178,2014-07-22,Modern Daily #7299767,modern,modern-daily-7299767,modern-daily-7299767-2014-07-22
18,4,Blinkmoth Nexus,,Lands,4,0,Affinity,wgnra0530,396 tix,$ 952,241178,2014-07-22,Modern Daily #7299767,modern,modern-daily-7299767,modern-daily-7299767-2014-07-22
19,4,Darksteel Citadel,,Lands,4,0,Affinity,wgnra0530,396 tix,$ 952,241178,2014-07-22,Modern Daily #7299767,modern,modern-daily-7299767,modern-daily-7299767-2014-07-22
20,3,Glimmervoid,,Lands,4,0,Affinity,wgnra0530,396 tix,$ 952,241178,2014-07-22,Modern Daily #7299767,modern,modern-daily-7299767,modern-daily-7299767-2014-07-22
21,4,Inkmoth Nexus,,Lands,4,0,Affinity,wgnra0530,396 tix,$ 952,241178,2014-07-22,Modern Daily #7299767,modern,modern-daily-7299767,modern-daily-7299767-2014-07-22
22,1,Mountain,,Lands,4,0,Affinity,wgnra0530,396 tix,$ 952,241178,2014-07-22,Modern Daily #7299767,modern,modern-daily-7299767,modern-daily-7299767-2014-07-22
24,1,Grafdigger's Cage,,Sideboard,4,0,Affinity,wgnra0530,396 tix,$ 952,241178,2014-07-22,Modern Daily #7299767,modern,modern-daily-7299767,modern-daily-7299767-2014-07-22
25,1,Illness in the Ranks,,Sideboard,4,0,Affinity,wgnra0530,396 tix,$ 952,241178,2014-07-22,Modern Daily #7299767,modern,modern-daily-7299767,modern-daily-7299767-2014-07-22
26,1,Relic of Progenitus,,Sideboard,4,0,Affinity,wgnra0530,396 tix,$ 952,241178,2014-07-22,Modern Daily #7299767,modern,modern-daily-7299767,modern-daily-7299767-2014-07-22
27,1,Spell Pierce,,Sideboard,4,0,Affinity,wgnra0530,396 tix,$ 952,241178,2014-07-22,Modern Daily #7299767,modern,modern-daily-7299767,modern-daily-7299767-2014-07-22
28,3,Thoughtseize,,Sideboard,4,0,Affinity,wgnra0530,396 tix,$ 952,241178,2014-07-22,Modern Daily #7299767,modern,modern-daily-7299767,modern-daily-7299767-2014-07-22
29,2,Ancient Grudge,,Sideboard,4,0,Affinity,wgnra0530,396 tix,$ 952,241178,2014-07-22,Modern Daily #7299767,modern,modern-daily-7299767,modern-daily-7299767-2014-07-22
30,2,Spellskite,,Sideboard,4,0,Affinity,wgnra0530,396 tix,$ 952,241178,2014-07-22,Modern Daily #7299767,modern,modern-daily-7299767,modern-daily-7299767-2014-07-22
31,1,Torpor Orb,,Sideboard,4,0,Affinity,wgnra0530,396 tix,$ 952,241178,2014-07-22,Modern Daily #7299767,modern,modern-daily-7299767,modern-daily-7299767-2014-07-22
32,1,Blood Moon,,Sideboard,4,0,Affinity,wgnra0530,396 tix,$ 952,241178,2014-07-22,Modern Daily #7299767,modern,modern-daily-7299767,modern-daily-7299767-2014-07-22
33,1,Choke,,Sideboard,4,0,Affinity,wgnra0530,396 tix,$ 952,241178,2014-07-22,Modern Daily #7299767,modern,modern-daily-7299767,modern-daily-7299767-2014-07-22
34,1,Etched Champion,,Sideboard,4,0,Affinity,wgnra0530,396 tix,$ 952,241178,2014-07-22,Modern Daily #7299767,modern,modern-daily-7299767,modern-daily-7299767-2014-07-22
1,4,Birds of Paradise,,Creatures,4,0,Kiki Pod,sheeps42,294 tix,$ 820,241180,2014-07-22,Modern Daily #7299767,modern,modern-daily-7299767,modern-daily-7299767-2014-07-22
2,3,Noble Hierarch,,Creatures,4,0,Kiki Pod,sheeps42,294 tix,$ 820,241180,2014-07-22,Modern Daily #7299767,modern,modern-daily-7299767,modern-daily-7299767-2014-07-22
3,1,Fauna Shaman,,Creatures,4,0,Kiki Pod,sheeps42,294 tix,$ 820,241180,2014-07-22,Modern Daily #7299767,modern,modern-daily-7299767,modern-daily-7299767-2014-07-22
4,1,Phantasmal Image,,Creatures,4,0,Kiki Pod,sheeps42,294 tix,$ 820,241180,2014-07-22,Modern Daily #7299767,modern,modern-daily-7299767,modern-daily-7299767-2014-07-22
5,1,Qasali Pridemage,,Creatures,4,0,Kiki Pod,sheeps42,294 tix,$ 820,241180,2014-07-22,Modern Daily #7299767,modern,modern-daily-7299767,modern-daily-7299767-2014-07-22
6,1,Scavenging Ooze,,Creatures,4,0,Kiki Pod,sheeps42,294 tix,$ 820,241180,2014-07-22,Modern Daily #7299767,modern,modern-daily-7299767,modern-daily-7299767-2014-07-22
7,1,Spellskite,,Creatures,4,0,Kiki Pod,sheeps42,294 tix,$ 820,241180,2014-07-22,Modern Daily #7299767,modern,modern-daily-7299767,modern-daily-7299767-2014-07-22
8,2,Voice of Resurgence,,Creatures,4,0,Kiki Pod,sheeps42,294 tix,$ 820,241180,2014-07-22,Modern Daily #7299767,modern,modern-daily-7299767,modern-daily-7299767-2014-07-22
9,2,Wall of Roots,,Creatures,4,0,Kiki Pod,sheeps42,294 tix,$ 820,241180,2014-07-22,Modern Daily #7299767,modern,modern-daily-7299767,modern-daily-7299767-2014-07-22
10,2,Deceiver Exarch,,Creatures,4,0,Kiki Pod,sheeps42,294 tix,$ 820,241180,2014-07-22,Modern Daily #7299767,modern,modern-daily-7299767,modern-daily-7299767-2014-07-22
11,1,Eternal Witness,,Creatures,4,0,Kiki Pod,sheeps42,294 tix,$ 820,241180,2014-07-22,Modern Daily #7299767,modern,modern-daily-7299767,modern-daily-7299767-2014-07-22
12,1,Izzet Staticaster,,Creatures,4,0,Kiki Pod,sheeps42,294 tix,$ 820,241180,2014-07-22,Modern Daily #7299767,modern,modern-daily-7299767,modern-daily-7299767-2014-07-22
13,3,Kitchen Finks,,Creatures,4,0,Kiki Pod,sheeps42,294 tix,$ 820,241180,2014-07-22,Modern Daily #7299767,modern,modern-daily-7299767,modern-daily-7299767-2014-07-22
14,1,Glen Elendra Archmage,,Creatures,4,0,Kiki Pod,sheeps42,294 tix,$ 820,241180,2014-07-22,Modern Daily #7299767,modern,modern-daily-7299767,modern-daily-7299767-2014-07-22
15,1,"Linvala, Keeper of Silence",,Creatures,4,0,Kiki Pod,sheeps42,294 tix,$ 820,241180,2014-07-22,Modern Daily #7299767,modern,modern-daily-7299767,modern-daily-7299767-2014-07-22
16,1,Murderous Redcap,,Creatures,4,0,Kiki Pod,sheeps42,294 tix,$ 820,241180,2014-07-22,Modern Daily #7299767,modern,modern-daily-7299767,modern-daily-7299767-2014-07-22
17,2,Restoration Angel,,Creatures,4,0,Kiki Pod,sheeps42,294 tix,$ 820,241180,2014-07-22,Modern Daily #7299767,modern,modern-daily-7299767,modern-daily-7299767-2014-07-22
18,2,"Kiki-Jiki, Mirror Breaker",,Creatures,4,0,Kiki Pod,sheeps42,294 tix,$ 820,241180,2014-07-22,Modern Daily #7299767,modern,modern-daily-7299767,modern-daily-7299767-2014-07-22
19,1,Zealous Conscripts,,Creatures,4,0,Kiki Pod,sheeps42,294 tix,$ 820,241180,2014-07-22,Modern Daily #7299767,modern,modern-daily-7299767,modern-daily-7299767-2014-07-22
21,2,Chord of Calling,,Spells,4,0,Kiki Pod,sheeps42,294 tix,$ 820,241180,2014-07-22,Modern Daily #7299767,modern,modern-daily-7299767,modern-daily-7299767-2014-07-22
23,4,Birthing Pod,,Artifacts,4,0,Kiki Pod,sheeps42,294 tix,$ 820,241180,2014-07-22,Modern Daily #7299767,modern,modern-daily-7299767,modern-daily-7299767-2014-07-22
25,4,Arid Mesa,,Lands,4,0,Kiki Pod,sheeps42,294 tix,$ 820,241180,2014-07-22,Modern Daily #7299767,modern,modern-daily-7299767,modern-daily-7299767-2014-07-22
26,1,Fire-Lit Thicket,,Lands,4,0,Kiki Pod,sheeps42,294 tix,$ 820,241180,2014-07-22,Modern Daily #7299767,modern,modern-daily-7299767,modern-daily-7299767-2014-07-22
27,2,Forest,,Lands,4,0,Kiki Pod,sheeps42,294 tix,$ 820,241180,2014-07-22,Modern Daily #7299767,modern,modern-daily-7299767,modern-daily-7299767-2014-07-22
28,2,Gavony Township,,Lands,4,0,Kiki Pod,sheeps42,294 tix,$ 820,241180,2014-07-22,Modern Daily #7299767,modern,modern-daily-7299767,modern-daily-7299767-2014-07-22
29,4,Grove of the Burnwillows,,Lands,4,0,Kiki Pod,sheeps42,294 tix,$ 820,241180,2014-07-22,Modern Daily #7299767,modern,modern-daily-7299767,modern-daily-7299767-2014-07-22
30,1,Hallowed Fountain,,Lands,4,0,Kiki Pod,sheeps42,294 tix,$ 820,241180,2014-07-22,Modern Daily #7299767,modern,modern-daily-7299767,modern-daily-7299767-2014-07-22
31,4,Misty Rainforest,,Lands,4,0,Kiki Pod,sheeps42,294 tix,$ 820,241180,2014-07-22,Modern Daily #7299767,modern,modern-daily-7299767,modern-daily-7299767-2014-07-22
32,1,Plains,,Lands,4,0,Kiki Pod,sheeps42,294 tix,$ 820,241180,2014-07-22,Modern Daily #7299767,modern,modern-daily-7299767,modern-daily-7299767-2014-07-22
33,1,Sacred Foundry,,Lands,4,0,Kiki Pod,sheeps42,294 tix,$ 820,241180,2014-07-22,Modern Daily #7299767,modern,modern-daily-7299767,modern-daily-7299767-2014-07-22
34,1,Steam Vents,,Lands,4,0,Kiki Pod,sheeps42,294 tix,$ 820,241180,2014-07-22,Modern Daily #7299767,modern,modern-daily-7299767,modern-daily-7299767-2014-07-22
35,1,Stomping Ground,,Lands,4,0,Kiki Pod,sheeps42,294 tix,$ 820,241180,2014-07-22,Modern Daily #7299767,modern,modern-daily-7299767,modern-daily-7299767-2014-07-22
36,1,Temple Garden,,Lands,4,0,Kiki Pod,sheeps42,294 tix,$ 820,241180,2014-07-22,Modern Daily #7299767,modern,modern-daily-7299767,modern-daily-7299767-2014-07-22
38,4,Path to Exile,,Sideboard,4,0,Kiki Pod,sheeps42,294 tix,$ 820,241180,2014-07-22,Modern Daily #7299767,modern,modern-daily-7299767,modern-daily-7299767-2014-07-22
39,1,Ancient Grudge,,Sideboard,4,0,Kiki Pod,sheeps42,294 tix,$ 820,241180,2014-07-22,Modern Daily #7299767,modern,modern-daily-7299767,modern-daily-7299767-2014-07-22
40,1,Combust,,Sideboard,4,0,Kiki Pod,sheeps42,294 tix,$ 820,241180,2014-07-22,Modern Daily #7299767,modern,modern-daily-7299767,modern-daily-7299767-2014-07-22
41,1,"Kataki, War's Wage",,Sideboard,4,0,Kiki Pod,sheeps42,294 tix,$ 820,241180,2014-07-22,Modern Daily #7299767,modern,modern-daily-7299767,modern-daily-7299767-2014-07-22
42,2,Negate,,Sideboard,4,0,Kiki Pod,sheeps42,294 tix,$ 820,241180,2014-07-22,Modern Daily #7299767,modern,modern-daily-7299767,modern-daily-7299767-2014-07-22
43,1,Aven Mindcensor,,Sideboard,4,0,Kiki Pod,sheeps42,294 tix,$ 820,241180,2014-07-22,Modern Daily #7299767,modern,modern-daily-7299767,modern-daily-7299767-2014-07-22
44,1,Eidolon of Rhetoric,,Sideboard,4,0,Kiki Pod,sheeps42,294 tix,$ 820,241180,2014-07-22,Modern Daily #7299767,modern,modern-daily-7299767,modern-daily-7299767-2014-07-22
45,1,Harmonic Sliver,,Sideboard,4,0,Kiki Pod,sheeps42,294 tix,$ 820,241180,2014-07-22,Modern Daily #7299767,modern,modern-daily-7299767,modern-daily-7299767-2014-07-22
46,1,Avalanche Riders,,Sideboard,4,0,Kiki Pod,sheeps42,294 tix,$ 820,241180,2014-07-22,Modern Daily #7299767,modern,modern-daily-7299767,modern-daily-7299767-2014-07-22
47,1,Obstinate Baloth,,Sideboard,4,0,Kiki Pod,sheeps42,294 tix,$ 820,241180,2014-07-22,Modern Daily #7299767,modern,modern-daily-7299767,modern-daily-7299767-2014-07-22
48,1,"Thrun, the Last Troll",,Sideboard,4,0,Kiki Pod,sheeps42,294 tix,$ 820,241180,2014-07-22,Modern Daily #7299767,modern,modern-daily-7299767,modern-daily-7299767-2014-07-22
1,4,Snapcaster Mage,,Creatures,4,0,Splinter Twin,erpa,334 tix,"$ 1,185",241179,2014-07-22,Modern Daily #7299767,modern,modern-daily-7299767,modern-daily-7299767-2014-07-22
2,1,Spellskite,,Creatures,4,0,Splinter Twin,erpa,334 tix,"$ 1,185",241179,2014-07-22,Modern Daily #7299767,modern,modern-daily-7299767,modern-daily-7299767-2014-07-22
3,3,Deceiver Exarch,,Creatures,4,0,Splinter Twin,erpa,334 tix,"$ 1,185",241179,2014-07-22,Modern Daily #7299767,modern,modern-daily-7299767,modern-daily-7299767-2014-07-22
4,3,Pestermite,,Creatures,4,0,Splinter Twin,erpa,334 tix,"$ 1,185",241179,2014-07-22,Modern Daily #7299767,modern,modern-daily-7299767,modern-daily-7299767-2014-07-22
5,2,Vendilion Clique,,Creatures,4,0,Splinter Twin,erpa,334 tix,"$ 1,185",241179,2014-07-22,Modern Daily #7299767,modern,modern-daily-7299767,modern-daily-7299767-2014-07-22
6,1,"Kiki-Jiki, Mirror Breaker",,Creatures,4,0,Splinter Twin,erpa,334 tix,"$ 1,185",241179,2014-07-22,Modern Daily #7299767,modern,modern-daily-7299767,modern-daily-7299767-2014-07-22
8,1,Dispel,,Spells,4,0,Splinter Twin,erpa,334 tix,"$ 1,185",241179,2014-07-22,Modern Daily #7299767,modern,modern-daily-7299767,modern-daily-7299767-2014-07-22
9,1,Flame Slash,,Spells,4,0,Splinter Twin,erpa,334 tix,"$ 1,185",241179,2014-07-22,Modern Daily #7299767,modern,modern-daily-7299767,modern-daily-7299767-2014-07-22
10,4,Lightning Bolt,,Spells,4,0,Splinter Twin,erpa,334 tix,"$ 1,185",241179,2014-07-22,Modern Daily #7299767,modern,modern-daily-7299767,modern-daily-7299767-2014-07-22
11,4,Serum Visions,,Spells,4,0,Splinter Twin,erpa,334 tix,"$ 1,185",241179,2014-07-22,Modern Daily #7299767,modern,modern-daily-7299767,modern-daily-7299767-2014-07-22
12,2,Twisted Image,,Spells,4,0,Splinter Twin,erpa,334 tix,"$ 1,185",241179,2014-07-22,Modern Daily #7299767,modern,modern-daily-7299767,modern-daily-7299767-2014-07-22
13,4,Remand,,Spells,4,0,Splinter Twin,erpa,334 tix,"$ 1,185",241179,2014-07-22,Modern Daily #7299767,modern,modern-daily-7299767,modern-daily-7299767-2014-07-22
14,1,Electrolyze,,Spells,4,0,Splinter Twin,erpa,334 tix,"$ 1,185",241179,2014-07-22,Modern Daily #7299767,modern,modern-daily-7299767,modern-daily-7299767-2014-07-22
15,2,Cryptic Command,,Spells,4,0,Splinter Twin,erpa,334 tix,"$ 1,185",241179,2014-07-22,Modern Daily #7299767,modern,modern-daily-7299767,modern-daily-7299767-2014-07-22
17,4,Splinter Twin,,Enchantments,4,0,Splinter Twin,erpa,334 tix,"$ 1,185",241179,2014-07-22,Modern Daily #7299767,modern,modern-daily-7299767,modern-daily-7299767-2014-07-22
19,1,Desolate Lighthouse,,Lands,4,0,Splinter Twin,erpa,334 tix,"$ 1,185",241179,2014-07-22,Modern Daily #7299767,modern,modern-daily-7299767,modern-daily-7299767-2014-07-22
20,4,Island,,Lands,4,0,Splinter Twin,erpa,334 tix,"$ 1,185",241179,2014-07-22,Modern Daily #7299767,modern,modern-daily-7299767,modern-daily-7299767-2014-07-22
21,4,Misty Rainforest,,Lands,4,0,Splinter Twin,erpa,334 tix,"$ 1,185",241179,2014-07-22,Modern Daily #7299767,modern,modern-daily-7299767,modern-daily-7299767-2014-07-22
22,1,Mountain,,Lands,4,0,Splinter Twin,erpa,334 tix,"$ 1,185",241179,2014-07-22,Modern Daily #7299767,modern,modern-daily-7299767,modern-daily-7299767-2014-07-22
23,4,Scalding Tarn,,Lands,4,0,Splinter Twin,erpa,334 tix,"$ 1,185",241179,2014-07-22,Modern Daily #7299767,modern,modern-daily-7299767,modern-daily-7299767-2014-07-22
24,4,Steam Vents,,Lands,4,0,Splinter Twin,erpa,334 tix,"$ 1,185",241179,2014-07-22,Modern Daily #7299767,modern,modern-daily-7299767,modern-daily-7299767-2014-07-22
25,1,Stomping Ground,,Lands,4,0,Splinter Twin,erpa,334 tix,"$ 1,185",241179,2014-07-22,Modern Daily #7299767,modern,modern-daily-7299767,modern-daily-7299767-2014-07-22
26,2,Sulfur Falls,,Lands,4,0,Splinter Twin,erpa,334 tix,"$ 1,185",241179,2014-07-22,Modern Daily #7299767,modern,modern-daily-7299767,modern-daily-7299767-2014-07-22
27,2,Tectonic Edge,,Lands,4,0,Splinter Twin,erpa,334 tix,"$ 1,185",241179,2014-07-22,Modern Daily #7299767,modern,modern-daily-7299767,modern-daily-7299767-2014-07-22
29,1,Dispel,,Sideboard,4,0,Splinter Twin,erpa,334 tix,"$ 1,185",241179,2014-07-22,Modern Daily #7299767,modern,modern-daily-7299767,modern-daily-7299767-2014-07-22
30,1,Relic of Progenitus,,Sideboard,4,0,Splinter Twin,erpa,334 tix,"$ 1,185",241179,2014-07-22,Modern Daily #7299767,modern,modern-daily-7299767,modern-daily-7299767-2014-07-22
31,2,Ancient Grudge,,Sideboard,4,0,Splinter Twin,erpa,334 tix,"$ 1,185",241179,2014-07-22,Modern Daily #7299767,modern,modern-daily-7299767,modern-daily-7299767-2014-07-22
32,1,Combust,,Sideboard,4,0,Splinter Twin,erpa,334 tix,"$ 1,185",241179,2014-07-22,Modern Daily #7299767,modern,modern-daily-7299767,modern-daily-7299767-2014-07-22
33,1,Negate,,Sideboard,4,0,Splinter Twin,erpa,334 tix,"$ 1,185",241179,2014-07-22,Modern Daily #7299767,modern,modern-daily-7299767,modern-daily-7299767-2014-07-22
34,2,Anger of the Gods,,Sideboard,4,0,Splinter Twin,erpa,334 tix,"$ 1,185",241179,2014-07-22,Modern Daily #7299767,modern,modern-daily-7299767,modern-daily-7299767-2014-07-22
35,3,Blood Moon,,Sideboard,4,0,Splinter Twin,erpa,334 tix,"$ 1,185",241179,2014-07-22,Modern Daily #7299767,modern,modern-daily-7299767,modern-daily-7299767-2014-07-22
36,1,Threads of Disloyalty,,Sideboard,4,0,Splinter Twin,erpa,334 tix,"$ 1,185",241179,2014-07-22,Modern Daily #7299767,modern,modern-daily-7299767,modern-daily-7299767-2014-07-22
37,2,Batterskull,,Sideboard,4,0,Splinter Twin,erpa,334 tix,"$ 1,185",241179,2014-07-22,Modern Daily #7299767,modern,modern-daily-7299767,modern-daily-7299767-2014-07-22
38,1,"Keranos, God of Storms",,Sideboard,4,0,Splinter Twin,erpa,334 tix,"$ 1,185",241179,2014-07-22,Modern Daily #7299767,modern,modern-daily-7299767,modern-daily-7299767-2014-07-22
1,4,Delver of Secrets,,Creatures,4,0,UR Delver,bashfor1,285 tix,$ 983,241176,2014-07-22,Modern Daily #7299767,modern,modern-daily-7299767,modern-daily-7299767-2014-07-22
2,2,Grim Lavamancer,,Creatures,4,0,UR Delver,bashfor1,285 tix,$ 983,241176,2014-07-22,Modern Daily #7299767,modern,modern-daily-7299767,modern-daily-7299767-2014-07-22
3,4,Snapcaster Mage,,Creatures,4,0,UR Delver,bashfor1,285 tix,$ 983,241176,2014-07-22,Modern Daily #7299767,modern,modern-daily-7299767,modern-daily-7299767-2014-07-22
4,4,Young Pyromancer,,Creatures,4,0,UR Delver,bashfor1,285 tix,$ 983,241176,2014-07-22,Modern Daily #7299767,modern,modern-daily-7299767,modern-daily-7299767-2014-07-22
5,2,Vendilion Clique,,Creatures,4,0,UR Delver,bashfor1,285 tix,$ 983,241176,2014-07-22,Modern Daily #7299767,modern,modern-daily-7299767,modern-daily-7299767-2014-07-22
7,1,Burst Lightning,,Spells,4,0,UR Delver,bashfor1,285 tix,$ 983,241176,2014-07-22,Modern Daily #7299767,modern,modern-daily-7299767,modern-daily-7299767-2014-07-22
8,4,Gitaxian Probe,,Spells,4,0,UR Delver,bashfor1,285 tix,$ 983,241176,2014-07-22,Modern Daily #7299767,modern,modern-daily-7299767,modern-daily-7299767-2014-07-22
9,4,Lightning Bolt,,Spells,4,0,UR Delver,bashfor1,285 tix,$ 983,241176,2014-07-22,Modern Daily #7299767,modern,modern-daily-7299767,modern-daily-7299767-2014-07-22
10,4,Serum Visions,,Spells,4,0,UR Delver,bashfor1,285 tix,$ 983,241176,2014-07-22,Modern Daily #7299767,modern,modern-daily-7299767,modern-daily-7299767-2014-07-22
11,2,Spell Snare,,Spells,4,0,UR Delver,bashfor1,285 tix,$ 983,241176,2014-07-22,Modern Daily #7299767,modern,modern-daily-7299767,modern-daily-7299767-2014-07-22
12,2,Vapor Snag,,Spells,4,0,UR Delver,bashfor1,285 tix,$ 983,241176,2014-07-22,Modern Daily #7299767,modern,modern-daily-7299767,modern-daily-7299767-2014-07-22
13,2,Mana Leak,,Spells,4,0,UR Delver,bashfor1,285 tix,$ 983,241176,2014-07-22,Modern Daily #7299767,modern,modern-daily-7299767,modern-daily-7299767-2014-07-22
14,4,Remand,,Spells,4,0,UR Delver,bashfor1,285 tix,$ 983,241176,2014-07-22,Modern Daily #7299767,modern,modern-daily-7299767,modern-daily-7299767-2014-07-22
16,2,Isochron Scepter,,Artifacts,4,0,UR Delver,bashfor1,285 tix,$ 983,241176,2014-07-22,Modern Daily #7299767,modern,modern-daily-7299767,modern-daily-7299767-2014-07-22
18,7,Island,,Lands,4,0,UR Delver,bashfor1,285 tix,$ 983,241176,2014-07-22,Modern Daily #7299767,modern,modern-daily-7299767,modern-daily-7299767-2014-07-22
19,1,Mountain,,Lands,4,0,UR Delver,bashfor1,285 tix,$ 983,241176,2014-07-22,Modern Daily #7299767,modern,modern-daily-7299767,modern-daily-7299767-2014-07-22
20,4,Scalding Tarn,,Lands,4,0,UR Delver,bashfor1,285 tix,$ 983,241176,2014-07-22,Modern Daily #7299767,modern,modern-daily-7299767,modern-daily-7299767-2014-07-22
21,4,Steam Vents,,Lands,4,0,UR Delver,bashfor1,285 tix,$ 983,241176,2014-07-22,Modern Daily #7299767,modern,modern-daily-7299767,modern-daily-7299767-2014-07-22
22,3,Sulfur Falls,,Lands,4,0,UR Delver,bashfor1,285 tix,$ 983,241176,2014-07-22,Modern Daily #7299767,modern,modern-daily-7299767,modern-daily-7299767-2014-07-22
24,1,Engineered Explosives,,Sideboard,4,0,UR Delver,bashfor1,285 tix,$ 983,241176,2014-07-22,Modern Daily #7299767,modern,modern-daily-7299767,modern-daily-7299767-2014-07-22
25,2,Dispel,,Sideboard,4,0,UR Delver,bashfor1,285 tix,$ 983,241176,2014-07-22,Modern Daily #7299767,modern,modern-daily-7299767,modern-daily-7299767-2014-07-22
26,2,Vandalblast,,Sideboard,4,0,UR Delver,bashfor1,285 tix,$ 983,241176,2014-07-22,Modern Daily #7299767,modern,modern-daily-7299767,modern-daily-7299767-2014-07-22
27,1,Izzet Charm,,Sideboard,4,0,UR Delver,bashfor1,285 tix,$ 983,241176,2014-07-22,Modern Daily #7299767,modern,modern-daily-7299767,modern-daily-7299767-2014-07-22
28,1,Negate,,Sideboard,4,0,UR Delver,bashfor1,285 tix,$ 983,241176,2014-07-22,Modern Daily #7299767,modern,modern-daily-7299767,modern-daily-7299767-2014-07-22
29,1,Spellskite,,Sideboard,4,0,UR Delver,bashfor1,285 tix,$ 983,241176,2014-07-22,Modern Daily #7299767,modern,modern-daily-7299767,modern-daily-7299767-2014-07-22
30,3,Blood Moon,,Sideboard,4,0,UR Delver,bashfor1,285 tix,$ 983,241176,2014-07-22,Modern Daily #7299767,modern,modern-daily-7299767,modern-daily-7299767-2014-07-22
31,1,Counterflux,,Sideboard,4,0,UR Delver,bashfor1,285 tix,$ 983,241176,2014-07-22,Modern Daily #7299767,modern,modern-daily-7299767,modern-daily-7299767-2014-07-22
32,2,Electrolyze,,Sideboard,4,0,UR Delver,bashfor1,285 tix,$ 983,241176,2014-07-22,Modern Daily #7299767,modern,modern-daily-7299767,modern-daily-7299767-2014-07-22
33,1,Sowing Salt,,Sideboard,4,0,UR Delver,bashfor1,285 tix,$ 983,241176,2014-07-22,Modern Daily #7299767,modern,modern-daily-7299767,modern-daily-7299767-2014-07-22
1,4,Delver of Secrets,,Creatures,3,1,Azorius Flash,Charlesjacenorman,254 tix,$ 939,241188,2014-07-22,Modern Daily #7299767,modern,modern-daily-7299767,modern-daily-7299767-2014-07-22
2,4,Snapcaster Mage,,Creatures,3,1,Azorius Flash,Charlesjacenorman,254 tix,$ 939,241188,2014-07-22,Modern Daily #7299767,modern,modern-daily-7299767,modern-daily-7299767-2014-07-22
3,4,Blade Splicer,,Creatures,3,1,Azorius Flash,Charlesjacenorman,254 tix,$ 939,241188,2014-07-22,Modern Daily #7299767,modern,modern-daily-7299767,modern-daily-7299767-2014-07-22
4,4,Geist of Saint Traft,,Creatures,3,1,Azorius Flash,Charlesjacenorman,254 tix,$ 939,241188,2014-07-22,Modern Daily #7299767,modern,modern-daily-7299767,modern-daily-7299767-2014-07-22
5,3,Restoration Angel,,Creatures,3,1,Azorius Flash,Charlesjacenorman,254 tix,$ 939,241188,2014-07-22,Modern Daily #7299767,modern,modern-daily-7299767,modern-daily-7299767-2014-07-22
7,4,Path to Exile,,Spells,3,1,Azorius Flash,Charlesjacenorman,254 tix,$ 939,241188,2014-07-22,Modern Daily #7299767,modern,modern-daily-7299767,modern-daily-7299767-2014-07-22
8,3,Serum Visions,,Spells,3,1,Azorius Flash,Charlesjacenorman,254 tix,$ 939,241188,2014-07-22,Modern Daily #7299767,modern,modern-daily-7299767,modern-daily-7299767-2014-07-22
9,1,Spell Snare,,Spells,3,1,Azorius Flash,Charlesjacenorman,254 tix,$ 939,241188,2014-07-22,Modern Daily #7299767,modern,modern-daily-7299767,modern-daily-7299767-2014-07-22
10,2,Vapor Snag,,Spells,3,1,Azorius Flash,Charlesjacenorman,254 tix,$ 939,241188,2014-07-22,Modern Daily #7299767,modern,modern-daily-7299767,modern-daily-7299767-2014-07-22
11,1,Mana Leak,,Spells,3,1,Azorius Flash,Charlesjacenorman,254 tix,$ 939,241188,2014-07-22,Modern Daily #7299767,modern,modern-daily-7299767,modern-daily-7299767-2014-07-22
12,3,Remand,,Spells,3,1,Azorius Flash,Charlesjacenorman,254 tix,$ 939,241188,2014-07-22,Modern Daily #7299767,modern,modern-daily-7299767,modern-daily-7299767-2014-07-22
13,3,Dismember,,Spells,3,1,Azorius Flash,Charlesjacenorman,254 tix,$ 939,241188,2014-07-22,Modern Daily #7299767,modern,modern-daily-7299767,modern-daily-7299767-2014-07-22
15,1,Sword of Fire and Ice,,Artifacts,3,1,Azorius Flash,Charlesjacenorman,254 tix,$ 939,241188,2014-07-22,Modern Daily #7299767,modern,modern-daily-7299767,modern-daily-7299767-2014-07-22
17,1,Arid Mesa,,Lands,3,1,Azorius Flash,Charlesjacenorman,254 tix,$ 939,241188,2014-07-22,Modern Daily #7299767,modern,modern-daily-7299767,modern-daily-7299767-2014-07-22
18,4,Celestial Colonnade,,Lands,3,1,Azorius Flash,Charlesjacenorman,254 tix,$ 939,241188,2014-07-22,Modern Daily #7299767,modern,modern-daily-7299767,modern-daily-7299767-2014-07-22
19,1,Eiganjo Castle,,Lands,3,1,Azorius Flash,Charlesjacenorman,254 tix,$ 939,241188,2014-07-22,Modern Daily #7299767,modern,modern-daily-7299767,modern-daily-7299767-2014-07-22
20,2,Glacial Fortress,,Lands,3,1,Azorius Flash,Charlesjacenorman,254 tix,$ 939,241188,2014-07-22,Modern Daily #7299767,modern,modern-daily-7299767,modern-daily-7299767-2014-07-22
21,3,Hallowed Fountain,,Lands,3,1,Azorius Flash,Charlesjacenorman,254 tix,$ 939,241188,2014-07-22,Modern Daily #7299767,modern,modern-daily-7299767,modern-daily-7299767-2014-07-22
22,4,Island,,Lands,3,1,Azorius Flash,Charlesjacenorman,254 tix,$ 939,241188,2014-07-22,Modern Daily #7299767,modern,modern-daily-7299767,modern-daily-7299767-2014-07-22
23,3,Plains,,Lands,3,1,Azorius Flash,Charlesjacenorman,254 tix,$ 939,241188,2014-07-22,Modern Daily #7299767,modern,modern-daily-7299767,modern-daily-7299767-2014-07-22
24,1,Scalding Tarn,,Lands,3,1,Azorius Flash,Charlesjacenorman,254 tix,$ 939,241188,2014-07-22,Modern Daily #7299767,modern,modern-daily-7299767,modern-daily-7299767-2014-07-22
25,4,Seachrome Coast,,Lands,3,1,Azorius Flash,Charlesjacenorman,254 tix,$ 939,241188,2014-07-22,Modern Daily #7299767,modern,modern-daily-7299767,modern-daily-7299767-2014-07-22
27,4,Dispel,,Sideboard,3,1,Azorius Flash,Charlesjacenorman,254 tix,$ 939,241188,2014-07-22,Modern Daily #7299767,modern,modern-daily-7299767,modern-daily-7299767-2014-07-22
28,1,Dispeller's Capsule,,Sideboard,3,1,Azorius Flash,Charlesjacenorman,254 tix,$ 939,241188,2014-07-22,Modern Daily #7299767,modern,modern-daily-7299767,modern-daily-7299767-2014-07-22
29,2,Celestial Purge,,Sideboard,3,1,Azorius Flash,Charlesjacenorman,254 tix,$ 939,241188,2014-07-22,Modern Daily #7299767,modern,modern-daily-7299767,modern-daily-7299767-2014-07-22
30,2,Negate,,Sideboard,3,1,Azorius Flash,Charlesjacenorman,254 tix,$ 939,241188,2014-07-22,Modern Daily #7299767,modern,modern-daily-7299767,modern-daily-7299767-2014-07-22
31,2,Rest in Peace,,Sideboard,3,1,Azorius Flash,Charlesjacenorman,254 tix,$ 939,241188,2014-07-22,Modern Daily #7299767,modern,modern-daily-7299767,modern-daily-7299767-2014-07-22
32,3,Stony Silence,,Sideboard,3,1,Azorius Flash,Charlesjacenorman,254 tix,$ 939,241188,2014-07-22,Modern Daily #7299767,modern,modern-daily-7299767,modern-daily-7299767-2014-07-22
33,1,Baneslayer Angel,,Sideboard,3,1,Azorius Flash,Charlesjacenorman,254 tix,$ 939,241188,2014-07-22,Modern Daily #7299767,modern,modern-daily-7299767,modern-daily-7299767-2014-07-22
1,4,Experiment One,,Creatures,3,1,Burning-Tree Zoo,LighteamBolt,279 tix,"$ 1,132",241192,2014-07-22,Modern Daily #7299767,modern,modern-daily-7299767,modern-daily-7299767-2014-07-22
2,4,Goblin Guide,,Creatures,3,1,Burning-Tree Zoo,LighteamBolt,279 tix,"$ 1,132",241192,2014-07-22,Modern Daily #7299767,modern,modern-daily-7299767,modern-daily-7299767-2014-07-22
3,4,Kird Ape,,Creatures,3,1,Burning-Tree Zoo,LighteamBolt,279 tix,"$ 1,132",241192,2014-07-22,Modern Daily #7299767,modern,modern-daily-7299767,modern-daily-7299767-2014-07-22
4,4,Wild Nacatl,,Creatures,3,1,Burning-Tree Zoo,LighteamBolt,279 tix,"$ 1,132",241192,2014-07-22,Modern Daily #7299767,modern,modern-daily-7299767,modern-daily-7299767-2014-07-22
5,4,Burning-Tree Emissary,,Creatures,3,1,Burning-Tree Zoo,LighteamBolt,279 tix,"$ 1,132",241192,2014-07-22,Modern Daily #7299767,modern,modern-daily-7299767,modern-daily-7299767-2014-07-22
6,4,Tarmogoyf,,Creatures,3,1,Burning-Tree Zoo,LighteamBolt,279 tix,"$ 1,132",241192,2014-07-22,Modern Daily #7299767,modern,modern-daily-7299767,modern-daily-7299767-2014-07-22
7,4,Ghor-Clan Rampager,,Creatures,3,1,Burning-Tree Zoo,LighteamBolt,279 tix,"$ 1,132",241192,2014-07-22,Modern Daily #7299767,modern,modern-daily-7299767,modern-daily-7299767-2014-07-22
9,4,Lightning Bolt,,Spells,3,1,Burning-Tree Zoo,LighteamBolt,279 tix,"$ 1,132",241192,2014-07-22,Modern Daily #7299767,modern,modern-daily-7299767,modern-daily-7299767-2014-07-22
10,4,Path to Exile,,Spells,3,1,Burning-Tree Zoo,LighteamBolt,279 tix,"$ 1,132",241192,2014-07-22,Modern Daily #7299767,modern,modern-daily-7299767,modern-daily-7299767-2014-07-22
11,4,Boros Charm,,Spells,3,1,Burning-Tree Zoo,LighteamBolt,279 tix,"$ 1,132",241192,2014-07-22,Modern Daily #7299767,modern,modern-daily-7299767,modern-daily-7299767-2014-07-22
13,4,Arid Mesa,,Lands,3,1,Burning-Tree Zoo,LighteamBolt,279 tix,"$ 1,132",241192,2014-07-22,Modern Daily #7299767,modern,modern-daily-7299767,modern-daily-7299767-2014-07-22
14,1,Forest,,Lands,3,1,Burning-Tree Zoo,LighteamBolt,279 tix,"$ 1,132",241192,2014-07-22,Modern Daily #7299767,modern,modern-daily-7299767,modern-daily-7299767-2014-07-22
15,2,Marsh Flats,,Lands,3,1,Burning-Tree Zoo,LighteamBolt,279 tix,"$ 1,132",241192,2014-07-22,Modern Daily #7299767,modern,modern-daily-7299767,modern-daily-7299767-2014-07-22
16,3,Misty Rainforest,,Lands,3,1,Burning-Tree Zoo,LighteamBolt,279 tix,"$ 1,132",241192,2014-07-22,Modern Daily #7299767,modern,modern-daily-7299767,modern-daily-7299767-2014-07-22
17,1,Mountain,,Lands,3,1,Burning-Tree Zoo,LighteamBolt,279 tix,"$ 1,132",241192,2014-07-22,Modern Daily #7299767,modern,modern-daily-7299767,modern-daily-7299767-2014-07-22
18,1,Plains,,Lands,3,1,Burning-Tree Zoo,LighteamBolt,279 tix,"$ 1,132",241192,2014-07-22,Modern Daily #7299767,modern,modern-daily-7299767,modern-daily-7299767-2014-07-22
19,2,Sacred Foundry,,Lands,3,1,Burning-Tree Zoo,LighteamBolt,279 tix,"$ 1,132",241192,2014-07-22,Modern Daily #7299767,modern,modern-daily-7299767,modern-daily-7299767-2014-07-22
20,2,Scalding Tarn,,Lands,3,1,Burning-Tree Zoo,LighteamBolt,279 tix,"$ 1,132",241192,2014-07-22,Modern Daily #7299767,modern,modern-daily-7299767,modern-daily-7299767-2014-07-22
21,2,Stomping Ground,,Lands,3,1,Burning-Tree Zoo,LighteamBolt,279 tix,"$ 1,132",241192,2014-07-22,Modern Daily #7299767,modern,modern-daily-7299767,modern-daily-7299767-2014-07-22
22,2,Temple Garden,,Lands,3,1,Burning-Tree Zoo,LighteamBolt,279 tix,"$ 1,132",241192,2014-07-22,Modern Daily #7299767,modern,modern-daily-7299767,modern-daily-7299767-2014-07-22
24,2,Pillar of Flame,,Sideboard,3,1,Burning-Tree Zoo,LighteamBolt,279 tix,"$ 1,132",241192,2014-07-22,Modern Daily #7299767,modern,modern-daily-7299767,modern-daily-7299767-2014-07-22
25,2,Relic of Progenitus,,Sideboard,3,1,Burning-Tree Zoo,LighteamBolt,279 tix,"$ 1,132",241192,2014-07-22,Modern Daily #7299767,modern,modern-daily-7299767,modern-daily-7299767-2014-07-22
26,2,Ancient Grudge,,Sideboard,3,1,Burning-Tree Zoo,LighteamBolt,279 tix,"$ 1,132",241192,2014-07-22,Modern Daily #7299767,modern,modern-daily-7299767,modern-daily-7299767-2014-07-22
27,2,Destructive Revelry,,Sideboard,3,1,Burning-Tree Zoo,LighteamBolt,279 tix,"$ 1,132",241192,2014-07-22,Modern Daily #7299767,modern,modern-daily-7299767,modern-daily-7299767-2014-07-22
28,2,Stony Silence,,Sideboard,3,1,Burning-Tree Zoo,LighteamBolt,279 tix,"$ 1,132",241192,2014-07-22,Modern Daily #7299767,modern,modern-daily-7299767,modern-daily-7299767-2014-07-22
29,2,Dismember,,Sideboard,3,1,Burning-Tree Zoo,LighteamBolt,279 tix,"$ 1,132",241192,2014-07-22,Modern Daily #7299767,modern,modern-daily-7299767,modern-daily-7299767-2014-07-22
30,2,Molten Rain,,Sideboard,3,1,Burning-Tree Zoo,LighteamBolt,279 tix,"$ 1,132",241192,2014-07-22,Modern Daily #7299767,modern,modern-daily-7299767,modern-daily-7299767-2014-07-22
31,1,Boil,,Sideboard,3,1,Burning-Tree Zoo,LighteamBolt,279 tix,"$ 1,132",241192,2014-07-22,Modern Daily #7299767,modern,modern-daily-7299767,modern-daily-7299767-2014-07-22
1,4,Goblin Guide,,Creatures,3,1,Gruul Zoo,SilverRocket,369 tix,"$ 1,146",241200,2014-07-22,Modern Daily #7299767,modern,modern-daily-7299767,modern-daily-7299767-2014-07-22
2,4,Grim Lavamancer,,Creatures,3,1,Gruul Zoo,SilverRocket,369 tix,"$ 1,146",241200,2014-07-22,Modern Daily #7299767,modern,modern-daily-7299767,modern-daily-7299767-2014-07-22
3,4,Kird Ape,,Creatures,3,1,Gruul Zoo,SilverRocket,369 tix,"$ 1,146",241200,2014-07-22,Modern Daily #7299767,modern,modern-daily-7299767,modern-daily-7299767-2014-07-22
4,1,Rakdos Cackler,,Creatures,3,1,Gruul Zoo,SilverRocket,369 tix,"$ 1,146",241200,2014-07-22,Modern Daily #7299767,modern,modern-daily-7299767,modern-daily-7299767-2014-07-22
5,4,Eidolon of the Great Revel,,Creatures,3,1,Gruul Zoo,SilverRocket,369 tix,"$ 1,146",241200,2014-07-22,Modern Daily #7299767,modern,modern-daily-7299767,modern-daily-7299767-2014-07-22
6,2,Scavenging Ooze,,Creatures,3,1,Gruul Zoo,SilverRocket,369 tix,"$ 1,146",241200,2014-07-22,Modern Daily #7299767,modern,modern-daily-7299767,modern-daily-7299767-2014-07-22
7,4,Tarmogoyf,,Creatures,3,1,Gruul Zoo,SilverRocket,369 tix,"$ 1,146",241200,2014-07-22,Modern Daily #7299767,modern,modern-daily-7299767,modern-daily-7299767-2014-07-22
9,2,Gut Shot,,Spells,3,1,Gruul Zoo,SilverRocket,369 tix,"$ 1,146",241200,2014-07-22,Modern Daily #7299767,modern,modern-daily-7299767,modern-daily-7299767-2014-07-22
10,4,Lightning Bolt,,Spells,3,1,Gruul Zoo,SilverRocket,369 tix,"$ 1,146",241200,2014-07-22,Modern Daily #7299767,modern,modern-daily-7299767,modern-daily-7299767-2014-07-22
11,2,Mutagenic Growth,,Spells,3,1,Gruul Zoo,SilverRocket,369 tix,"$ 1,146",241200,2014-07-22,Modern Daily #7299767,modern,modern-daily-7299767,modern-daily-7299767-2014-07-22
12,1,Arc Trail,,Spells,3,1,Gruul Zoo,SilverRocket,369 tix,"$ 1,146",241200,2014-07-22,Modern Daily #7299767,modern,modern-daily-7299767,modern-daily-7299767-2014-07-22
13,2,Incinerate,,Spells,3,1,Gruul Zoo,SilverRocket,369 tix,"$ 1,146",241200,2014-07-22,Modern Daily #7299767,modern,modern-daily-7299767,modern-daily-7299767-2014-07-22
14,4,Searing Blaze,,Spells,3,1,Gruul Zoo,SilverRocket,369 tix,"$ 1,146",241200,2014-07-22,Modern Daily #7299767,modern,modern-daily-7299767,modern-daily-7299767-2014-07-22
16,4,Arid Mesa,,Lands,3,1,Gruul Zoo,SilverRocket,369 tix,"$ 1,146",241200,2014-07-22,Modern Daily #7299767,modern,modern-daily-7299767,modern-daily-7299767-2014-07-22
17,1,Misty Rainforest,,Lands,3,1,Gruul Zoo,SilverRocket,369 tix,"$ 1,146",241200,2014-07-22,Modern Daily #7299767,modern,modern-daily-7299767,modern-daily-7299767-2014-07-22
18,6,Mountain,,Lands,3,1,Gruul Zoo,SilverRocket,369 tix,"$ 1,146",241200,2014-07-22,Modern Daily #7299767,modern,modern-daily-7299767,modern-daily-7299767-2014-07-22
19,3,Mutavault,,Lands,3,1,Gruul Zoo,SilverRocket,369 tix,"$ 1,146",241200,2014-07-22,Modern Daily #7299767,modern,modern-daily-7299767,modern-daily-7299767-2014-07-22
20,4,Scalding Tarn,,Lands,3,1,Gruul Zoo,SilverRocket,369 tix,"$ 1,146",241200,2014-07-22,Modern Daily #7299767,modern,modern-daily-7299767,modern-daily-7299767-2014-07-22
21,4,Stomping Ground,,Lands,3,1,Gruul Zoo,SilverRocket,369 tix,"$ 1,146",241200,2014-07-22,Modern Daily #7299767,modern,modern-daily-7299767,modern-daily-7299767-2014-07-22
23,1,Grafdigger's Cage,,Sideboard,3,1,Gruul Zoo,SilverRocket,369 tix,"$ 1,146",241200,2014-07-22,Modern Daily #7299767,modern,modern-daily-7299767,modern-daily-7299767-2014-07-22
24,2,Pillar of Flame,,Sideboard,3,1,Gruul Zoo,SilverRocket,369 tix,"$ 1,146",241200,2014-07-22,Modern Daily #7299767,modern,modern-daily-7299767,modern-daily-7299767-2014-07-22
25,2,Ancient Grudge,,Sideboard,3,1,Gruul Zoo,SilverRocket,369 tix,"$ 1,146",241200,2014-07-22,Modern Daily #7299767,modern,modern-daily-7299767,modern-daily-7299767-2014-07-22
26,2,Destructive Revelry,,Sideboard,3,1,Gruul Zoo,SilverRocket,369 tix,"$ 1,146",241200,2014-07-22,Modern Daily #7299767,modern,modern-daily-7299767,modern-daily-7299767-2014-07-22
27,2,Skullcrack,,Sideboard,3,1,Gruul Zoo,SilverRocket,369 tix,"$ 1,146",241200,2014-07-22,Modern Daily #7299767,modern,modern-daily-7299767,modern-daily-7299767-2014-07-22
28,2,Torpor Orb,,Sideboard,3,1,Gruul Zoo,SilverRocket,369 tix,"$ 1,146",241200,2014-07-22,Modern Daily #7299767,modern,modern-daily-7299767,modern-daily-7299767-2014-07-22
29,2,Anger of the Gods,,Sideboard,3,1,Gruul Zoo,SilverRocket,369 tix,"$ 1,146",241200,2014-07-22,Modern Daily #7299767,modern,modern-daily-7299767,modern-daily-7299767-2014-07-22
30,2,Giant Solifuge,,Sideboard,3,1,Gruul Zoo,SilverRocket,369 tix,"$ 1,146",241200,2014-07-22,Modern Daily #7299767,modern,modern-daily-7299767,modern-daily-7299767-2014-07-22
1,4,Dark Confidant,,Creatures,3,1,Jund,DuarteCruz,494 tix,"$ 1,848",241199,2014-07-22,Modern Daily #7299767,modern,modern-daily-7299767,modern-daily-7299767-2014-07-22
2,3,Scavenging Ooze,,Creatures,3,1,Jund,DuarteCruz,494 tix,"$ 1,848",241199,2014-07-22,Modern Daily #7299767,modern,modern-daily-7299767,modern-daily-7299767-2014-07-22
3,4,Tarmogoyf,,Creatures,3,1,Jund,DuarteCruz,494 tix,"$ 1,848",241199,2014-07-22,Modern Daily #7299767,modern,modern-daily-7299767,modern-daily-7299767-2014-07-22
4,2,Lifebane Zombie,,Creatures,3,1,Jund,DuarteCruz,494 tix,"$ 1,848",241199,2014-07-22,Modern Daily #7299767,modern,modern-daily-7299767,modern-daily-7299767-2014-07-22
5,1,"Thrun, the Last Troll",,Creatures,3,1,Jund,DuarteCruz,494 tix,"$ 1,848",241199,2014-07-22,Modern Daily #7299767,modern,modern-daily-7299767,modern-daily-7299767-2014-07-22
7,3,Liliana of the Veil,,Planeswalkers,3,1,Jund,DuarteCruz,494 tix,"$ 1,848",241199,2014-07-22,Modern Daily #7299767,modern,modern-daily-7299767,modern-daily-7299767-2014-07-22
8,1,"Chandra, Pyromaster",,Planeswalkers,3,1,Jund,DuarteCruz,494 tix,"$ 1,848",241199,2014-07-22,Modern Daily #7299767,modern,modern-daily-7299767,modern-daily-7299767-2014-07-22
10,2,Slaughter Pact,,Spells,3,1,Jund,DuarteCruz,494 tix,"$ 1,848",241199,2014-07-22,Modern Daily #7299767,modern,modern-daily-7299767,modern-daily-7299767-2014-07-22
11,3,Inquisition of Kozilek,,Spells,3,1,Jund,DuarteCruz,494 tix,"$ 1,848",241199,2014-07-22,Modern Daily #7299767,modern,modern-daily-7299767,modern-daily-7299767-2014-07-22
12,4,Lightning Bolt,,Spells,3,1,Jund,DuarteCruz,494 tix,"$ 1,848",241199,2014-07-22,Modern Daily #7299767,modern,modern-daily-7299767,modern-daily-7299767-2014-07-22
13,4,Thoughtseize,,Spells,3,1,Jund,DuarteCruz,494 tix,"$ 1,848",241199,2014-07-22,Modern Daily #7299767,modern,modern-daily-7299767,modern-daily-7299767-2014-07-22
14,3,Abrupt Decay,,Spells,3,1,Jund,DuarteCruz,494 tix,"$ 1,848",241199,2014-07-22,Modern Daily #7299767,modern,modern-daily-7299767,modern-daily-7299767-2014-07-22
15,1,Terminate,,Spells,3,1,Jund,DuarteCruz,494 tix,"$ 1,848",241199,2014-07-22,Modern Daily #7299767,modern,modern-daily-7299767,modern-daily-7299767-2014-07-22
16,1,Dismember,,Spells,3,1,Jund,DuarteCruz,494 tix,"$ 1,848",241199,2014-07-22,Modern Daily #7299767,modern,modern-daily-7299767,modern-daily-7299767-2014-07-22
18,4,Blackcleave Cliffs,,Lands,3,1,Jund,DuarteCruz,494 tix,"$ 1,848",241199,2014-07-22,Modern Daily #7299767,modern,modern-daily-7299767,modern-daily-7299767-2014-07-22
19,1,Blood Crypt,,Lands,3,1,Jund,DuarteCruz,494 tix,"$ 1,848",241199,2014-07-22,Modern Daily #7299767,modern,modern-daily-7299767,modern-daily-7299767-2014-07-22
20,2,Forest,,Lands,3,1,Jund,DuarteCruz,494 tix,"$ 1,848",241199,2014-07-22,Modern Daily #7299767,modern,modern-daily-7299767,modern-daily-7299767-2014-07-22
21,1,Marsh Flats,,Lands,3,1,Jund,DuarteCruz,494 tix,"$ 1,848",241199,2014-07-22,Modern Daily #7299767,modern,modern-daily-7299767,modern-daily-7299767-2014-07-22
22,1,Misty Rainforest,,Lands,3,1,Jund,DuarteCruz,494 tix,"$ 1,848",241199,2014-07-22,Modern Daily #7299767,modern,modern-daily-7299767,modern-daily-7299767-2014-07-22
23,2,Overgrown Tomb,,Lands,3,1,Jund,DuarteCruz,494 tix,"$ 1,848",241199,2014-07-22,Modern Daily #7299767,modern,modern-daily-7299767,modern-daily-7299767-2014-07-22
24,3,Raging Ravine,,Lands,3,1,Jund,DuarteCruz,494 tix,"$ 1,848",241199,2014-07-22,Modern Daily #7299767,modern,modern-daily-7299767,modern-daily-7299767-2014-07-22
25,2,Stomping Ground,,Lands,3,1,Jund,DuarteCruz,494 tix,"$ 1,848",241199,2014-07-22,Modern Daily #7299767,modern,modern-daily-7299767,modern-daily-7299767-2014-07-22
26,2,Swamp,,Lands,3,1,Jund,DuarteCruz,494 tix,"$ 1,848",241199,2014-07-22,Modern Daily #7299767,modern,modern-daily-7299767,modern-daily-7299767-2014-07-22
27,1,Treetop Village,,Lands,3,1,Jund,DuarteCruz,494 tix,"$ 1,848",241199,2014-07-22,Modern Daily #7299767,modern,modern-daily-7299767,modern-daily-7299767-2014-07-22
28,1,Twilight Mire,,Lands,3,1,Jund,DuarteCruz,494 tix,"$ 1,848",241199,2014-07-22,Modern Daily #7299767,modern,modern-daily-7299767,modern-daily-7299767-2014-07-22
29,4,Verdant Catacombs,,Lands,3,1,Jund,DuarteCruz,494 tix,"$ 1,848",241199,2014-07-22,Modern Daily #7299767,modern,modern-daily-7299767,modern-daily-7299767-2014-07-22
31,1,Abrupt Decay,,Sideboard,3,1,Jund,DuarteCruz,494 tix,"$ 1,848",241199,2014-07-22,Modern Daily #7299767,modern,modern-daily-7299767,modern-daily-7299767-2014-07-22
32,1,Ancient Grudge,,Sideboard,3,1,Jund,DuarteCruz,494 tix,"$ 1,848",241199,2014-07-22,Modern Daily #7299767,modern,modern-daily-7299767,modern-daily-7299767-2014-07-22
33,1,Rakdos Charm,,Sideboard,3,1,Jund,DuarteCruz,494 tix,"$ 1,848",241199,2014-07-22,Modern Daily #7299767,modern,modern-daily-7299767,modern-daily-7299767-2014-07-22
34,3,Anger of the Gods,,Sideboard,3,1,Jund,DuarteCruz,494 tix,"$ 1,848",241199,2014-07-22,Modern Daily #7299767,modern,modern-daily-7299767,modern-daily-7299767-2014-07-22
35,1,Jund Charm,,Sideboard,3,1,Jund,DuarteCruz,494 tix,"$ 1,848",241199,2014-07-22,Modern Daily #7299767,modern,modern-daily-7299767,modern-daily-7299767-2014-07-22
36,3,Molten Rain,,Sideboard,3,1,Jund,DuarteCruz,494 tix,"$ 1,848",241199,2014-07-22,Modern Daily #7299767,modern,modern-daily-7299767,modern-daily-7299767-2014-07-22
37,1,"Chandra, Pyromaster",,Sideboard,3,1,Jund,DuarteCruz,494 tix,"$ 1,848",241199,2014-07-22,Modern Daily #7299767,modern,modern-daily-7299767,modern-daily-7299767-2014-07-22
38,1,Desecration Demon,,Sideboard,3,1,Jund,DuarteCruz,494 tix,"$ 1,848",241199,2014-07-22,Modern Daily #7299767,modern,modern-daily-7299767,modern-daily-7299767-2014-07-22
39,1,Shatterstorm,,Sideboard,3,1,Jund,DuarteCruz,494 tix,"$ 1,848",241199,2014-07-22,Modern Daily #7299767,modern,modern-daily-7299767,modern-daily-7299767-2014-07-22
40,1,Slaughter Games,,Sideboard,3,1,Jund,DuarteCruz,494 tix,"$ 1,848",241199,2014-07-22,Modern Daily #7299767,modern,modern-daily-7299767,modern-daily-7299767-2014-07-22
41,1,Sowing Salt,,Sideboard,3,1,Jund,DuarteCruz,494 tix,"$ 1,848",241199,2014-07-22,Modern Daily #7299767,modern,modern-daily-7299767,modern-daily-7299767-2014-07-22
1,4,Dark Confidant,,Creatures,3,1,Junk,Dronny,621 tix,"$ 1,999",241187,2014-07-22,Modern Daily #7299767,modern,modern-daily-7299767,modern-daily-7299767-2014-07-22
2,3,Scavenging Ooze,,Creatures,3,1,Junk,Dronny,621 tix,"$ 1,999",241187,2014-07-22,Modern Daily #7299767,modern,modern-daily-7299767,modern-daily-7299767-2014-07-22
3,4,Tarmogoyf,,Creatures,3,1,Junk,Dronny,621 tix,"$ 1,999",241187,2014-07-22,Modern Daily #7299767,modern,modern-daily-7299767,modern-daily-7299767-2014-07-22
5,4,Liliana of the Veil,,Planeswalkers,3,1,Junk,Dronny,621 tix,"$ 1,999",241187,2014-07-22,Modern Daily #7299767,modern,modern-daily-7299767,modern-daily-7299767-2014-07-22
6,1,Garruk Wildspeaker,,Planeswalkers,3,1,Junk,Dronny,621 tix,"$ 1,999",241187,2014-07-22,Modern Daily #7299767,modern,modern-daily-7299767,modern-daily-7299767-2014-07-22
8,1,Slaughter Pact,,Spells,3,1,Junk,Dronny,621 tix,"$ 1,999",241187,2014-07-22,Modern Daily #7299767,modern,modern-daily-7299767,modern-daily-7299767-2014-07-22
9,3,Inquisition of Kozilek,,Spells,3,1,Junk,Dronny,621 tix,"$ 1,999",241187,2014-07-22,Modern Daily #7299767,modern,modern-daily-7299767,modern-daily-7299767-2014-07-22
10,4,Thoughtseize,,Spells,3,1,Junk,Dronny,621 tix,"$ 1,999",241187,2014-07-22,Modern Daily #7299767,modern,modern-daily-7299767,modern-daily-7299767-2014-07-22
11,4,Abrupt Decay,,Spells,3,1,Junk,Dronny,621 tix,"$ 1,999",241187,2014-07-22,Modern Daily #7299767,modern,modern-daily-7299767,modern-daily-7299767-2014-07-22
12,2,Dismember,,Spells,3,1,Junk,Dronny,621 tix,"$ 1,999",241187,2014-07-22,Modern Daily #7299767,modern,modern-daily-7299767,modern-daily-7299767-2014-07-22
13,3,Lingering Souls,,Spells,3,1,Junk,Dronny,621 tix,"$ 1,999",241187,2014-07-22,Modern Daily #7299767,modern,modern-daily-7299767,modern-daily-7299767-2014-07-22
14,2,Maelstrom Pulse,,Spells,3,1,Junk,Dronny,621 tix,"$ 1,999",241187,2014-07-22,Modern Daily #7299767,modern,modern-daily-7299767,modern-daily-7299767-2014-07-22
16,1,Forest,,Lands,3,1,Junk,Dronny,621 tix,"$ 1,999",241187,2014-07-22,Modern Daily #7299767,modern,modern-daily-7299767,modern-daily-7299767-2014-07-22
17,1,Godless Shrine,,Lands,3,1,Junk,Dronny,621 tix,"$ 1,999",241187,2014-07-22,Modern Daily #7299767,modern,modern-daily-7299767,modern-daily-7299767-2014-07-22
18,4,Marsh Flats,,Lands,3,1,Junk,Dronny,621 tix,"$ 1,999",241187,2014-07-22,Modern Daily #7299767,modern,modern-daily-7299767,modern-daily-7299767-2014-07-22
19,2,Overgrown Tomb,,Lands,3,1,Junk,Dronny,621 tix,"$ 1,999",241187,2014-07-22,Modern Daily #7299767,modern,modern-daily-7299767,modern-daily-7299767-2014-07-22
20,1,Stirring Wildwood,,Lands,3,1,Junk,Dronny,621 tix,"$ 1,999",241187,2014-07-22,Modern Daily #7299767,modern,modern-daily-7299767,modern-daily-7299767-2014-07-22
21,2,Swamp,,Lands,3,1,Junk,Dronny,621 tix,"$ 1,999",241187,2014-07-22,Modern Daily #7299767,modern,modern-daily-7299767,modern-daily-7299767-2014-07-22
22,4,Tectonic Edge,,Lands,3,1,Junk,Dronny,621 tix,"$ 1,999",241187,2014-07-22,Modern Daily #7299767,modern,modern-daily-7299767,modern-daily-7299767-2014-07-22
23,1,Temple Garden,,Lands,3,1,Junk,Dronny,621 tix,"$ 1,999",241187,2014-07-22,Modern Daily #7299767,modern,modern-daily-7299767,modern-daily-7299767-2014-07-22
24,3,Treetop Village,,Lands,3,1,Junk,Dronny,621 tix,"$ 1,999",241187,2014-07-22,Modern Daily #7299767,modern,modern-daily-7299767,modern-daily-7299767-2014-07-22
25,1,Twilight Mire,,Lands,3,1,Junk,Dronny,621 tix,"$ 1,999",241187,2014-07-22,Modern Daily #7299767,modern,modern-daily-7299767,modern-daily-7299767-2014-07-22
26,1,"Urborg, Tomb of Yawgmoth",,Lands,3,1,Junk,Dronny,621 tix,"$ 1,999",241187,2014-07-22,Modern Daily #7299767,modern,modern-daily-7299767,modern-daily-7299767-2014-07-22
27,4,Verdant Catacombs,,Lands,3,1,Junk,Dronny,621 tix,"$ 1,999",241187,2014-07-22,Modern Daily #7299767,modern,modern-daily-7299767,modern-daily-7299767-2014-07-22
29,1,Engineered Explosives,,Sideboard,3,1,Junk,Dronny,621 tix,"$ 1,999",241187,2014-07-22,Modern Daily #7299767,modern,modern-daily-7299767,modern-daily-7299767-2014-07-22
30,1,Slaughter Pact,,Sideboard,3,1,Junk,Dronny,621 tix,"$ 1,999",241187,2014-07-22,Modern Daily #7299767,modern,modern-daily-7299767,modern-daily-7299767-2014-07-22
31,2,Grafdigger's Cage,,Sideboard,3,1,Junk,Dronny,621 tix,"$ 1,999",241187,2014-07-22,Modern Daily #7299767,modern,modern-daily-7299767,modern-daily-7299767-2014-07-22
32,2,Pack Rat,,Sideboard,3,1,Junk,Dronny,621 tix,"$ 1,999",241187,2014-07-22,Modern Daily #7299767,modern,modern-daily-7299767,modern-daily-7299767-2014-07-22
33,1,Stony Silence,,Sideboard,3,1,Junk,Dronny,621 tix,"$ 1,999",241187,2014-07-22,Modern Daily #7299767,modern,modern-daily-7299767,modern-daily-7299767-2014-07-22
34,3,Fulminator Mage,,Sideboard,3,1,Junk,Dronny,621 tix,"$ 1,999",241187,2014-07-22,Modern Daily #7299767,modern,modern-daily-7299767,modern-daily-7299767-2014-07-22
35,1,Kitchen Finks,,Sideboard,3,1,Junk,Dronny,621 tix,"$ 1,999",241187,2014-07-22,Modern Daily #7299767,modern,modern-daily-7299767,modern-daily-7299767-2014-07-22
36,1,Lingering Souls,,Sideboard,3,1,Junk,Dronny,621 tix,"$ 1,999",241187,2014-07-22,Modern Daily #7299767,modern,modern-daily-7299767,modern-daily-7299767-2014-07-22
37,2,Creeping Corrosion,,Sideboard,3,1,Junk,Dronny,621 tix,"$ 1,999",241187,2014-07-22,Modern Daily #7299767,modern,modern-daily-7299767,modern-daily-7299767-2014-07-22
38,1,Obstinate Baloth,,Sideboard,3,1,Junk,Dronny,621 tix,"$ 1,999",241187,2014-07-22,Modern Daily #7299767,modern,modern-daily-7299767,modern-daily-7299767-2014-07-22
1,1,Dryad Arbor,,Creatures,3,1,Living End,yohdla04,175 tix,$ 789,241194,2014-07-22,Modern Daily #7299767,modern,modern-daily-7299767,modern-daily-7299767-2014-07-22
2,4,Fulminator Mage,,Creatures,3,1,Living End,yohdla04,175 tix,$ 789,241194,2014-07-22,Modern Daily #7299767,modern,modern-daily-7299767,modern-daily-7299767-2014-07-22
3,4,Simian Spirit Guide,,Creatures,3,1,Living End,yohdla04,175 tix,$ 789,241194,2014-07-22,Modern Daily #7299767,modern,modern-daily-7299767,modern-daily-7299767-2014-07-22
4,4,Deadshot Minotaur,,Creatures,3,1,Living End,yohdla04,175 tix,$ 789,241194,2014-07-22,Modern Daily #7299767,modern,modern-daily-7299767,modern-daily-7299767-2014-07-22
5,4,Monstrous Carabid,,Creatures,3,1,Living End,yohdla04,175 tix,$ 789,241194,2014-07-22,Modern Daily #7299767,modern,modern-daily-7299767,modern-daily-7299767-2014-07-22
6,1,Shriekmaw,,Creatures,3,1,Living End,yohdla04,175 tix,$ 789,241194,2014-07-22,Modern Daily #7299767,modern,modern-daily-7299767,modern-daily-7299767-2014-07-22
7,4,Street Wraith,,Creatures,3,1,Living End,yohdla04,175 tix,$ 789,241194,2014-07-22,Modern Daily #7299767,modern,modern-daily-7299767,modern-daily-7299767-2014-07-22
8,1,Pale Recluse,,Creatures,3,1,Living End,yohdla04,175 tix,$ 789,241194,2014-07-22,Modern Daily #7299767,modern,modern-daily-7299767,modern-daily-7299767-2014-07-22
9,4,Jungle Weaver,,Creatures,3,1,Living End,yohdla04,175 tix,$ 789,241194,2014-07-22,Modern Daily #7299767,modern,modern-daily-7299767,modern-daily-7299767-2014-07-22
11,3,Living End,,Spells,3,1,Living End,yohdla04,175 tix,$ 789,241194,2014-07-22,Modern Daily #7299767,modern,modern-daily-7299767,modern-daily-7299767-2014-07-22
12,4,Beast Within,,Spells,3,1,Living End,yohdla04,175 tix,$ 789,241194,2014-07-22,Modern Daily #7299767,modern,modern-daily-7299767,modern-daily-7299767-2014-07-22
13,4,Demonic Dread,,Spells,3,1,Living End,yohdla04,175 tix,$ 789,241194,2014-07-22,Modern Daily #7299767,modern,modern-daily-7299767,modern-daily-7299767-2014-07-22
14,4,Violent Outburst,,Spells,3,1,Living End,yohdla04,175 tix,$ 789,241194,2014-07-22,Modern Daily #7299767,modern,modern-daily-7299767,modern-daily-7299767-2014-07-22
16,4,Blackcleave Cliffs,,Lands,3,1,Living End,yohdla04,175 tix,$ 789,241194,2014-07-22,Modern Daily #7299767,modern,modern-daily-7299767,modern-daily-7299767-2014-07-22
17,1,Blood Crypt,,Lands,3,1,Living End,yohdla04,175 tix,$ 789,241194,2014-07-22,Modern Daily #7299767,modern,modern-daily-7299767,modern-daily-7299767-2014-07-22
18,4,Copperline Gorge,,Lands,3,1,Living End,yohdla04,175 tix,$ 789,241194,2014-07-22,Modern Daily #7299767,modern,modern-daily-7299767,modern-daily-7299767-2014-07-22
19,1,Forest,,Lands,3,1,Living End,yohdla04,175 tix,$ 789,241194,2014-07-22,Modern Daily #7299767,modern,modern-daily-7299767,modern-daily-7299767-2014-07-22
20,1,Kessig Wolf Run,,Lands,3,1,Living End,yohdla04,175 tix,$ 789,241194,2014-07-22,Modern Daily #7299767,modern,modern-daily-7299767,modern-daily-7299767-2014-07-22
21,1,Overgrown Tomb,,Lands,3,1,Living End,yohdla04,175 tix,$ 789,241194,2014-07-22,Modern Daily #7299767,modern,modern-daily-7299767,modern-daily-7299767-2014-07-22
22,1,Stomping Ground,,Lands,3,1,Living End,yohdla04,175 tix,$ 789,241194,2014-07-22,Modern Daily #7299767,modern,modern-daily-7299767,modern-daily-7299767-2014-07-22
23,1,Swamp,,Lands,3,1,Living End,yohdla04,175 tix,$ 789,241194,2014-07-22,Modern Daily #7299767,modern,modern-daily-7299767,modern-daily-7299767-2014-07-22
24,4,Verdant Catacombs,,Lands,3,1,Living End,yohdla04,175 tix,$ 789,241194,2014-07-22,Modern Daily #7299767,modern,modern-daily-7299767,modern-daily-7299767-2014-07-22
26,4,Anger of the Gods,,Sideboard,3,1,Living End,yohdla04,175 tix,$ 789,241194,2014-07-22,Modern Daily #7299767,modern,modern-daily-7299767,modern-daily-7299767-2014-07-22
27,3,Gnaw to the Bone,,Sideboard,3,1,Living End,yohdla04,175 tix,$ 789,241194,2014-07-22,Modern Daily #7299767,modern,modern-daily-7299767,modern-daily-7299767-2014-07-22
28,2,Boil,,Sideboard,3,1,Living End,yohdla04,175 tix,$ 789,241194,2014-07-22,Modern Daily #7299767,modern,modern-daily-7299767,modern-daily-7299767-2014-07-22
29,3,Ricochet Trap,,Sideboard,3,1,Living End,yohdla04,175 tix,$ 789,241194,2014-07-22,Modern Daily #7299767,modern,modern-daily-7299767,modern-daily-7299767-2014-07-22
30,2,Ingot Chewer,,Sideboard,3,1,Living End,yohdla04,175 tix,$ 789,241194,2014-07-22,Modern Daily #7299767,modern,modern-daily-7299767,modern-daily-7299767-2014-07-22
31,1,Shriekmaw,,Sideboard,3,1,Living End,yohdla04,175 tix,$ 789,241194,2014-07-22,Modern Daily #7299767,modern,modern-daily-7299767,modern-daily-7299767-2014-07-22
1,4,Birds of Paradise,,Creatures,3,1,Melira Pod,Dasklumpital,258 tix,$ 814,241196,2014-07-22,Modern Daily #7299767,modern,modern-daily-7299767,modern-daily-7299767-2014-07-22
2,3,Noble Hierarch,,Creatures,3,1,Melira Pod,Dasklumpital,258 tix,$ 814,241196,2014-07-22,Modern Daily #7299767,modern,modern-daily-7299767,modern-daily-7299767-2014-07-22
3,1,Viscera Seer,,Creatures,3,1,Melira Pod,Dasklumpital,258 tix,$ 814,241196,2014-07-22,Modern Daily #7299767,modern,modern-daily-7299767,modern-daily-7299767-2014-07-22
4,1,"Melira, Sylvok Outcast",,Creatures,3,1,Melira Pod,Dasklumpital,258 tix,$ 814,241196,2014-07-22,Modern Daily #7299767,modern,modern-daily-7299767,modern-daily-7299767-2014-07-22
5,1,Qasali Pridemage,,Creatures,3,1,Melira Pod,Dasklumpital,258 tix,$ 814,241196,2014-07-22,Modern Daily #7299767,modern,modern-daily-7299767,modern-daily-7299767-2014-07-22
6,1,Scavenging Ooze,,Creatures,3,1,Melira Pod,Dasklumpital,258 tix,$ 814,241196,2014-07-22,Modern Daily #7299767,modern,modern-daily-7299767,modern-daily-7299767-2014-07-22
7,1,Spellskite,,Creatures,3,1,Melira Pod,Dasklumpital,258 tix,$ 814,241196,2014-07-22,Modern Daily #7299767,modern,modern-daily-7299767,modern-daily-7299767-2014-07-22
8,2,Voice of Resurgence,,Creatures,3,1,Melira Pod,Dasklumpital,258 tix,$ 814,241196,2014-07-22,Modern Daily #7299767,modern,modern-daily-7299767,modern-daily-7299767-2014-07-22
9,1,Wall of Omens,,Creatures,3,1,Melira Pod,Dasklumpital,258 tix,$ 814,241196,2014-07-22,Modern Daily #7299767,modern,modern-daily-7299767,modern-daily-7299767-2014-07-22
10,2,Wall of Roots,,Creatures,3,1,Melira Pod,Dasklumpital,258 tix,$ 814,241196,2014-07-22,Modern Daily #7299767,modern,modern-daily-7299767,modern-daily-7299767-2014-07-22
11,1,Eternal Witness,,Creatures,3,1,Melira Pod,Dasklumpital,258 tix,$ 814,241196,2014-07-22,Modern Daily #7299767,modern,modern-daily-7299767,modern-daily-7299767-2014-07-22
12,3,Kitchen Finks,,Creatures,3,1,Melira Pod,Dasklumpital,258 tix,$ 814,241196,2014-07-22,Modern Daily #7299767,modern,modern-daily-7299767,modern-daily-7299767-2014-07-22
13,1,Orzhov Pontiff,,Creatures,3,1,Melira Pod,Dasklumpital,258 tix,$ 814,241196,2014-07-22,Modern Daily #7299767,modern,modern-daily-7299767,modern-daily-7299767-2014-07-22
14,1,"Linvala, Keeper of Silence",,Creatures,3,1,Melira Pod,Dasklumpital,258 tix,$ 814,241196,2014-07-22,Modern Daily #7299767,modern,modern-daily-7299767,modern-daily-7299767-2014-07-22
15,1,Murderous Redcap,,Creatures,3,1,Melira Pod,Dasklumpital,258 tix,$ 814,241196,2014-07-22,Modern Daily #7299767,modern,modern-daily-7299767,modern-daily-7299767-2014-07-22
16,1,Ranger of Eos,,Creatures,3,1,Melira Pod,Dasklumpital,258 tix,$ 814,241196,2014-07-22,Modern Daily #7299767,modern,modern-daily-7299767,modern-daily-7299767-2014-07-22
17,1,Restoration Angel,,Creatures,3,1,Melira Pod,Dasklumpital,258 tix,$ 814,241196,2014-07-22,Modern Daily #7299767,modern,modern-daily-7299767,modern-daily-7299767-2014-07-22
18,1,Reveillark,,Creatures,3,1,Melira Pod,Dasklumpital,258 tix,$ 814,241196,2014-07-22,Modern Daily #7299767,modern,modern-daily-7299767,modern-daily-7299767-2014-07-22
19,1,Shriekmaw,,Creatures,3,1,Melira Pod,Dasklumpital,258 tix,$ 814,241196,2014-07-22,Modern Daily #7299767,modern,modern-daily-7299767,modern-daily-7299767-2014-07-22
21,2,Thoughtseize,,Spells,3,1,Melira Pod,Dasklumpital,258 tix,$ 814,241196,2014-07-22,Modern Daily #7299767,modern,modern-daily-7299767,modern-daily-7299767-2014-07-22
22,3,Chord of Calling,,Spells,3,1,Melira Pod,Dasklumpital,258 tix,$ 814,241196,2014-07-22,Modern Daily #7299767,modern,modern-daily-7299767,modern-daily-7299767-2014-07-22
24,4,Birthing Pod,,Artifacts,3,1,Melira Pod,Dasklumpital,258 tix,$ 814,241196,2014-07-22,Modern Daily #7299767,modern,modern-daily-7299767,modern-daily-7299767-2014-07-22
26,3,Forest,,Lands,3,1,Melira Pod,Dasklumpital,258 tix,$ 814,241196,2014-07-22,Modern Daily #7299767,modern,modern-daily-7299767,modern-daily-7299767-2014-07-22
27,3,Gavony Township,,Lands,3,1,Melira Pod,Dasklumpital,258 tix,$ 814,241196,2014-07-22,Modern Daily #7299767,modern,modern-daily-7299767,modern-daily-7299767-2014-07-22
28,1,Godless Shrine,,Lands,3,1,Melira Pod,Dasklumpital,258 tix,$ 814,241196,2014-07-22,Modern Daily #7299767,modern,modern-daily-7299767,modern-daily-7299767-2014-07-22
29,2,Marsh Flats,,Lands,3,1,Melira Pod,Dasklumpital,258 tix,$ 814,241196,2014-07-22,Modern Daily #7299767,modern,modern-daily-7299767,modern-daily-7299767-2014-07-22
30,2,Misty Rainforest,,Lands,3,1,Melira Pod,Dasklumpital,258 tix,$ 814,241196,2014-07-22,Modern Daily #7299767,modern,modern-daily-7299767,modern-daily-7299767-2014-07-22
31,2,Overgrown Tomb,,Lands,3,1,Melira Pod,Dasklumpital,258 tix,$ 814,241196,2014-07-22,Modern Daily #7299767,modern,modern-daily-7299767,modern-daily-7299767-2014-07-22
32,3,Razorverge Thicket,,Lands,3,1,Melira Pod,Dasklumpital,258 tix,$ 814,241196,2014-07-22,Modern Daily #7299767,modern,modern-daily-7299767,modern-daily-7299767-2014-07-22
33,1,Swamp,,Lands,3,1,Melira Pod,Dasklumpital,258 tix,$ 814,241196,2014-07-22,Modern Daily #7299767,modern,modern-daily-7299767,modern-daily-7299767-2014-07-22
34,1,Temple Garden,,Lands,3,1,Melira Pod,Dasklumpital,258 tix,$ 814,241196,2014-07-22,Modern Daily #7299767,modern,modern-daily-7299767,modern-daily-7299767-2014-07-22
35,4,Verdant Catacombs,,Lands,3,1,Melira Pod,Dasklumpital,258 tix,$ 814,241196,2014-07-22,Modern Daily #7299767,modern,modern-daily-7299767,modern-daily-7299767-2014-07-22
36,1,Woodland Cemetery,,Lands,3,1,Melira Pod,Dasklumpital,258 tix,$ 814,241196,2014-07-22,Modern Daily #7299767,modern,modern-daily-7299767,modern-daily-7299767-2014-07-22
38,1,Burrenton Forge-Tender,,Sideboard,3,1,Melira Pod,Dasklumpital,258 tix,$ 814,241196,2014-07-22,Modern Daily #7299767,modern,modern-daily-7299767,modern-daily-7299767-2014-07-22
39,2,Thoughtseize,,Sideboard,3,1,Melira Pod,Dasklumpital,258 tix,$ 814,241196,2014-07-22,Modern Daily #7299767,modern,modern-daily-7299767,modern-daily-7299767-2014-07-22
40,2,Abrupt Decay,,Sideboard,3,1,Melira Pod,Dasklumpital,258 tix,$ 814,241196,2014-07-22,Modern Daily #7299767,modern,modern-daily-7299767,modern-daily-7299767-2014-07-22
41,1,"Kataki, War's Wage",,Sideboard,3,1,Melira Pod,Dasklumpital,258 tix,$ 814,241196,2014-07-22,Modern Daily #7299767,modern,modern-daily-7299767,modern-daily-7299767-2014-07-22
42,2,Dismember,,Sideboard,3,1,Melira Pod,Dasklumpital,258 tix,$ 814,241196,2014-07-22,Modern Daily #7299767,modern,modern-daily-7299767,modern-daily-7299767-2014-07-22
43,1,Harmonic Sliver,,Sideboard,3,1,Melira Pod,Dasklumpital,258 tix,$ 814,241196,2014-07-22,Modern Daily #7299767,modern,modern-daily-7299767,modern-daily-7299767-2014-07-22
44,1,Lingering Souls,,Sideboard,3,1,Melira Pod,Dasklumpital,258 tix,$ 814,241196,2014-07-22,Modern Daily #7299767,modern,modern-daily-7299767,modern-daily-7299767-2014-07-22
45,1,Sin Collector,,Sideboard,3,1,Melira Pod,Dasklumpital,258 tix,$ 814,241196,2014-07-22,Modern Daily #7299767,modern,modern-daily-7299767,modern-daily-7299767-2014-07-22
46,1,Entomber Exarch,,Sideboard,3,1,Melira Pod,Dasklumpital,258 tix,$ 814,241196,2014-07-22,Modern Daily #7299767,modern,modern-daily-7299767,modern-daily-7299767-2014-07-22
47,2,Garruk Relentless,,Sideboard,3,1,Melira Pod,Dasklumpital,258 tix,$ 814,241196,2014-07-22,Modern Daily #7299767,modern,modern-daily-7299767,modern-daily-7299767-2014-07-22
48,1,Obstinate Baloth,,Sideboard,3,1,Melira Pod,Dasklumpital,258 tix,$ 814,241196,2014-07-22,Modern Daily #7299767,modern,modern-daily-7299767,modern-daily-7299767-2014-07-22
1,1,Spellskite,,Creatures,3,1,RG Tron,PascalMaynard,259 tix,$ 736,241193,2014-07-22,Modern Daily #7299767,modern,modern-daily-7299767,modern-daily-7299767-2014-07-22
2,3,Wurmcoil Engine,,Creatures,3,1,RG Tron,PascalMaynard,259 tix,$ 736,241193,2014-07-22,Modern Daily #7299767,modern,modern-daily-7299767,modern-daily-7299767-2014-07-22
3,1,"Emrakul, the Aeons Torn",,Creatures,3,1,RG Tron,PascalMaynard,259 tix,$ 736,241193,2014-07-22,Modern Daily #7299767,modern,modern-daily-7299767,modern-daily-7299767-2014-07-22
5,4,Karn Liberated,,Planeswalkers,3,1,RG Tron,PascalMaynard,259 tix,$ 736,241193,2014-07-22,Modern Daily #7299767,modern,modern-daily-7299767,modern-daily-7299767-2014-07-22
7,4,Ancient Stirrings,,Spells,3,1,RG Tron,PascalMaynard,259 tix,$ 736,241193,2014-07-22,Modern Daily #7299767,modern,modern-daily-7299767,modern-daily-7299767-2014-07-22
8,3,Pyroclasm,,Spells,3,1,RG Tron,PascalMaynard,259 tix,$ 736,241193,2014-07-22,Modern Daily #7299767,modern,modern-daily-7299767,modern-daily-7299767-2014-07-22
9,4,Sylvan Scrying,,Spells,3,1,RG Tron,PascalMaynard,259 tix,$ 736,241193,2014-07-22,Modern Daily #7299767,modern,modern-daily-7299767,modern-daily-7299767-2014-07-22
11,4,Chromatic Sphere,,Artifacts,3,1,RG Tron,PascalMaynard,259 tix,$ 736,241193,2014-07-22,Modern Daily #7299767,modern,modern-daily-7299767,modern-daily-7299767-2014-07-22
12,4,Chromatic Star,,Artifacts,3,1,RG Tron,PascalMaynard,259 tix,$ 736,241193,2014-07-22,Modern Daily #7299767,modern,modern-daily-7299767,modern-daily-7299767-2014-07-22
13,4,Expedition Map,,Artifacts,3,1,RG Tron,PascalMaynard,259 tix,$ 736,241193,2014-07-22,Modern Daily #7299767,modern,modern-daily-7299767,modern-daily-7299767-2014-07-22
14,4,Relic of Progenitus,,Artifacts,3,1,RG Tron,PascalMaynard,259 tix,$ 736,241193,2014-07-22,Modern Daily #7299767,modern,modern-daily-7299767,modern-daily-7299767-2014-07-22
15,4,Oblivion Stone,,Artifacts,3,1,RG Tron,PascalMaynard,259 tix,$ 736,241193,2014-07-22,Modern Daily #7299767,modern,modern-daily-7299767,modern-daily-7299767-2014-07-22
17,1,Eye of Ugin,,Lands,3,1,RG Tron,PascalMaynard,259 tix,$ 736,241193,2014-07-22,Modern Daily #7299767,modern,modern-daily-7299767,modern-daily-7299767-2014-07-22
18,1,Forest,,Lands,3,1,RG Tron,PascalMaynard,259 tix,$ 736,241193,2014-07-22,Modern Daily #7299767,modern,modern-daily-7299767,modern-daily-7299767-2014-07-22
19,1,Ghost Quarter,,Lands,3,1,RG Tron,PascalMaynard,259 tix,$ 736,241193,2014-07-22,Modern Daily #7299767,modern,modern-daily-7299767,modern-daily-7299767-2014-07-22
20,4,Grove of the Burnwillows,,Lands,3,1,RG Tron,PascalMaynard,259 tix,$ 736,241193,2014-07-22,Modern Daily #7299767,modern,modern-daily-7299767,modern-daily-7299767-2014-07-22
21,1,Llanowar Wastes,,Lands,3,1,RG Tron,PascalMaynard,259 tix,$ 736,241193,2014-07-22,Modern Daily #7299767,modern,modern-daily-7299767,modern-daily-7299767-2014-07-22
22,4,Urza's Mine,,Lands,3,1,RG Tron,PascalMaynard,259 tix,$ 736,241193,2014-07-22,Modern Daily #7299767,modern,modern-daily-7299767,modern-daily-7299767-2014-07-22
23,4,Urza's Power Plant,,Lands,3,1,RG Tron,PascalMaynard,259 tix,$ 736,241193,2014-07-22,Modern Daily #7299767,modern,modern-daily-7299767,modern-daily-7299767-2014-07-22
24,4,Urza's Tower,,Lands,3,1,RG Tron,PascalMaynard,259 tix,$ 736,241193,2014-07-22,Modern Daily #7299767,modern,modern-daily-7299767,modern-daily-7299767-2014-07-22
26,3,Nature's Claim,,Sideboard,3,1,RG Tron,PascalMaynard,259 tix,$ 736,241193,2014-07-22,Modern Daily #7299767,modern,modern-daily-7299767,modern-daily-7299767-2014-07-22
27,2,Combust,,Sideboard,3,1,RG Tron,PascalMaynard,259 tix,$ 736,241193,2014-07-22,Modern Daily #7299767,modern,modern-daily-7299767,modern-daily-7299767-2014-07-22
28,2,Defense Grid,,Sideboard,3,1,RG Tron,PascalMaynard,259 tix,$ 736,241193,2014-07-22,Modern Daily #7299767,modern,modern-daily-7299767,modern-daily-7299767-2014-07-22
29,1,Spellskite,,Sideboard,3,1,RG Tron,PascalMaynard,259 tix,$ 736,241193,2014-07-22,Modern Daily #7299767,modern,modern-daily-7299767,modern-daily-7299767-2014-07-22
30,2,Torpor Orb,,Sideboard,3,1,RG Tron,PascalMaynard,259 tix,$ 736,241193,2014-07-22,Modern Daily #7299767,modern,modern-daily-7299767,modern-daily-7299767-2014-07-22
31,3,Slaughter Games,,Sideboard,3,1,RG Tron,PascalMaynard,259 tix,$ 736,241193,2014-07-22,Modern Daily #7299767,modern,modern-daily-7299767,modern-daily-7299767-2014-07-22
32,1,Wurmcoil Engine,,Sideboard,3,1,RG Tron,PascalMaynard,259 tix,$ 736,241193,2014-07-22,Modern Daily #7299767,modern,modern-daily-7299767,modern-daily-7299767-2014-07-22
33,1,Sundering Titan,,Sideboard,3,1,RG Tron,PascalMaynard,259 tix,$ 736,241193,2014-07-22,Modern Daily #7299767,modern,modern-daily-7299767,modern-daily-7299767-2014-07-22
1,4,Snapcaster Mage,,Creatures,3,1,RUG Midrange,Znapcaster,443 tix,"$ 1,563",241190,2014-07-22,Modern Daily #7299767,modern,modern-daily-7299767,modern-daily-7299767-2014-07-22
2,3,Tarmogoyf,,Creatures,3,1,RUG Midrange,Znapcaster,443 tix,"$ 1,563",241190,2014-07-22,Modern Daily #7299767,modern,modern-daily-7299767,modern-daily-7299767-2014-07-22
3,3,Vendilion Clique,,Creatures,3,1,RUG Midrange,Znapcaster,443 tix,"$ 1,563",241190,2014-07-22,Modern Daily #7299767,modern,modern-daily-7299767,modern-daily-7299767-2014-07-22
4,2,Huntmaster of the Fells,,Creatures,3,1,RUG Midrange,Znapcaster,443 tix,"$ 1,563",241190,2014-07-22,Modern Daily #7299767,modern,modern-daily-7299767,modern-daily-7299767-2014-07-22
6,4,Lightning Bolt,,Spells,3,1,RUG Midrange,Znapcaster,443 tix,"$ 1,563",241190,2014-07-22,Modern Daily #7299767,modern,modern-daily-7299767,modern-daily-7299767-2014-07-22
7,1,Pillar of Flame,,Spells,3,1,RUG Midrange,Znapcaster,443 tix,"$ 1,563",241190,2014-07-22,Modern Daily #7299767,modern,modern-daily-7299767,modern-daily-7299767-2014-07-22
8,3,Serum Visions,,Spells,3,1,RUG Midrange,Znapcaster,443 tix,"$ 1,563",241190,2014-07-22,Modern Daily #7299767,modern,modern-daily-7299767,modern-daily-7299767-2014-07-22
9,3,Spell Snare,,Spells,3,1,RUG Midrange,Znapcaster,443 tix,"$ 1,563",241190,2014-07-22,Modern Daily #7299767,modern,modern-daily-7299767,modern-daily-7299767-2014-07-22
10,3,Mana Leak,,Spells,3,1,RUG Midrange,Znapcaster,443 tix,"$ 1,563",241190,2014-07-22,Modern Daily #7299767,modern,modern-daily-7299767,modern-daily-7299767-2014-07-22
11,3,Thirst for Knowledge,,Spells,3,1,RUG Midrange,Znapcaster,443 tix,"$ 1,563",241190,2014-07-22,Modern Daily #7299767,modern,modern-daily-7299767,modern-daily-7299767-2014-07-22
12,3,Cryptic Command,,Spells,3,1,RUG Midrange,Znapcaster,443 tix,"$ 1,563",241190,2014-07-22,Modern Daily #7299767,modern,modern-daily-7299767,modern-daily-7299767-2014-07-22
14,1,Engineered Explosives,,Artifacts,3,1,RUG Midrange,Znapcaster,443 tix,"$ 1,563",241190,2014-07-22,Modern Daily #7299767,modern,modern-daily-7299767,modern-daily-7299767-2014-07-22
15,3,Vedalken Shackles,,Artifacts,3,1,RUG Midrange,Znapcaster,443 tix,"$ 1,563",241190,2014-07-22,Modern Daily #7299767,modern,modern-daily-7299767,modern-daily-7299767-2014-07-22
16,1,Batterskull,,Artifacts,3,1,RUG Midrange,Znapcaster,443 tix,"$ 1,563",241190,2014-07-22,Modern Daily #7299767,modern,modern-daily-7299767,modern-daily-7299767-2014-07-22
18,1,Breeding Pool,,Lands,3,1,RUG Midrange,Znapcaster,443 tix,"$ 1,563",241190,2014-07-22,Modern Daily #7299767,modern,modern-daily-7299767,modern-daily-7299767-2014-07-22
19,1,Forest,,Lands,3,1,RUG Midrange,Znapcaster,443 tix,"$ 1,563",241190,2014-07-22,Modern Daily #7299767,modern,modern-daily-7299767,modern-daily-7299767-2014-07-22
20,9,Island,,Lands,3,1,RUG Midrange,Znapcaster,443 tix,"$ 1,563",241190,2014-07-22,Modern Daily #7299767,modern,modern-daily-7299767,modern-daily-7299767-2014-07-22
21,4,Misty Rainforest,,Lands,3,1,RUG Midrange,Znapcaster,443 tix,"$ 1,563",241190,2014-07-22,Modern Daily #7299767,modern,modern-daily-7299767,modern-daily-7299767-2014-07-22
22,1,Mountain,,Lands,3,1,RUG Midrange,Znapcaster,443 tix,"$ 1,563",241190,2014-07-22,Modern Daily #7299767,modern,modern-daily-7299767,modern-daily-7299767-2014-07-22
23,4,Scalding Tarn,,Lands,3,1,RUG Midrange,Znapcaster,443 tix,"$ 1,563",241190,2014-07-22,Modern Daily #7299767,modern,modern-daily-7299767,modern-daily-7299767-2014-07-22
24,2,Steam Vents,,Lands,3,1,RUG Midrange,Znapcaster,443 tix,"$ 1,563",241190,2014-07-22,Modern Daily #7299767,modern,modern-daily-7299767,modern-daily-7299767-2014-07-22
25,1,Stomping Ground,,Lands,3,1,RUG Midrange,Znapcaster,443 tix,"$ 1,563",241190,2014-07-22,Modern Daily #7299767,modern,modern-daily-7299767,modern-daily-7299767-2014-07-22
27,1,Dispel,,Sideboard,3,1,RUG Midrange,Znapcaster,443 tix,"$ 1,563",241190,2014-07-22,Modern Daily #7299767,modern,modern-daily-7299767,modern-daily-7299767-2014-07-22
28,2,Relic of Progenitus,,Sideboard,3,1,RUG Midrange,Znapcaster,443 tix,"$ 1,563",241190,2014-07-22,Modern Daily #7299767,modern,modern-daily-7299767,modern-daily-7299767-2014-07-22
29,3,Ancient Grudge,,Sideboard,3,1,RUG Midrange,Znapcaster,443 tix,"$ 1,563",241190,2014-07-22,Modern Daily #7299767,modern,modern-daily-7299767,modern-daily-7299767-2014-07-22
30,2,Combust,,Sideboard,3,1,RUG Midrange,Znapcaster,443 tix,"$ 1,563",241190,2014-07-22,Modern Daily #7299767,modern,modern-daily-7299767,modern-daily-7299767-2014-07-22
31,1,Negate,,Sideboard,3,1,RUG Midrange,Znapcaster,443 tix,"$ 1,563",241190,2014-07-22,Modern Daily #7299767,modern,modern-daily-7299767,modern-daily-7299767-2014-07-22
32,3,Blood Moon,,Sideboard,3,1,RUG Midrange,Znapcaster,443 tix,"$ 1,563",241190,2014-07-22,Modern Daily #7299767,modern,modern-daily-7299767,modern-daily-7299767-2014-07-22
33,2,Glen Elendra Archmage,,Sideboard,3,1,RUG Midrange,Znapcaster,443 tix,"$ 1,563",241190,2014-07-22,Modern Daily #7299767,modern,modern-daily-7299767,modern-daily-7299767-2014-07-22
34,1,"Thrun, the Last Troll",,Sideboard,3,1,RUG Midrange,Znapcaster,443 tix,"$ 1,563",241190,2014-07-22,Modern Daily #7299767,modern,modern-daily-7299767,modern-daily-7299767-2014-07-22
1,4,Sakura-Tribe Elder,,Creatures,3,1,Scapeshift,armlx,251 tix,$ 973,241182,2014-07-22,Modern Daily #7299767,modern,modern-daily-7299767,modern-daily-7299767-2014-07-22
2,3,Snapcaster Mage,,Creatures,3,1,Scapeshift,armlx,251 tix,$ 973,241182,2014-07-22,Modern Daily #7299767,modern,modern-daily-7299767,modern-daily-7299767-2014-07-22
4,2,Repeal,,Spells,3,1,Scapeshift,armlx,251 tix,$ 973,241182,2014-07-22,Modern Daily #7299767,modern,modern-daily-7299767,modern-daily-7299767-2014-07-22
5,4,Serum Visions,,Spells,3,1,Scapeshift,armlx,251 tix,$ 973,241182,2014-07-22,Modern Daily #7299767,modern,modern-daily-7299767,modern-daily-7299767-2014-07-22
6,2,Explore,,Spells,3,1,Scapeshift,armlx,251 tix,$ 973,241182,2014-07-22,Modern Daily #7299767,modern,modern-daily-7299767,modern-daily-7299767-2014-07-22
7,3,Izzet Charm,,Spells,3,1,Scapeshift,armlx,251 tix,$ 973,241182,2014-07-22,Modern Daily #7299767,modern,modern-daily-7299767,modern-daily-7299767-2014-07-22
8,4,Remand,,Spells,3,1,Scapeshift,armlx,251 tix,$ 973,241182,2014-07-22,Modern Daily #7299767,modern,modern-daily-7299767,modern-daily-7299767-2014-07-22
9,2,Telling Time,,Spells,3,1,Scapeshift,armlx,251 tix,$ 973,241182,2014-07-22,Modern Daily #7299767,modern,modern-daily-7299767,modern-daily-7299767-2014-07-22
10,4,Search for Tomorrow,,Spells,3,1,Scapeshift,armlx,251 tix,$ 973,241182,2014-07-22,Modern Daily #7299767,modern,modern-daily-7299767,modern-daily-7299767-2014-07-22
11,3,Cryptic Command,,Spells,3,1,Scapeshift,armlx,251 tix,$ 973,241182,2014-07-22,Modern Daily #7299767,modern,modern-daily-7299767,modern-daily-7299767-2014-07-22
12,4,Scapeshift,,Spells,3,1,Scapeshift,armlx,251 tix,$ 973,241182,2014-07-22,Modern Daily #7299767,modern,modern-daily-7299767,modern-daily-7299767-2014-07-22
14,1,Breeding Pool,,Lands,3,1,Scapeshift,armlx,251 tix,$ 973,241182,2014-07-22,Modern Daily #7299767,modern,modern-daily-7299767,modern-daily-7299767-2014-07-22
15,1,Cascade Bluffs,,Lands,3,1,Scapeshift,armlx,251 tix,$ 973,241182,2014-07-22,Modern Daily #7299767,modern,modern-daily-7299767,modern-daily-7299767-2014-07-22
16,1,Flooded Grove,,Lands,3,1,Scapeshift,armlx,251 tix,$ 973,241182,2014-07-22,Modern Daily #7299767,modern,modern-daily-7299767,modern-daily-7299767-2014-07-22
17,3,Forest,,Lands,3,1,Scapeshift,armlx,251 tix,$ 973,241182,2014-07-22,Modern Daily #7299767,modern,modern-daily-7299767,modern-daily-7299767-2014-07-22
18,3,Island,,Lands,3,1,Scapeshift,armlx,251 tix,$ 973,241182,2014-07-22,Modern Daily #7299767,modern,modern-daily-7299767,modern-daily-7299767-2014-07-22
19,2,Misty Rainforest,,Lands,3,1,Scapeshift,armlx,251 tix,$ 973,241182,2014-07-22,Modern Daily #7299767,modern,modern-daily-7299767,modern-daily-7299767-2014-07-22
20,2,Mountain,,Lands,3,1,Scapeshift,armlx,251 tix,$ 973,241182,2014-07-22,Modern Daily #7299767,modern,modern-daily-7299767,modern-daily-7299767-2014-07-22
21,4,Steam Vents,,Lands,3,1,Scapeshift,armlx,251 tix,$ 973,241182,2014-07-22,Modern Daily #7299767,modern,modern-daily-7299767,modern-daily-7299767-2014-07-22
22,4,Stomping Ground,,Lands,3,1,Scapeshift,armlx,251 tix,$ 973,241182,2014-07-22,Modern Daily #7299767,modern,modern-daily-7299767,modern-daily-7299767-2014-07-22
23,2,Temple of Mystery,,Lands,3,1,Scapeshift,armlx,251 tix,$ 973,241182,2014-07-22,Modern Daily #7299767,modern,modern-daily-7299767,modern-daily-7299767-2014-07-22
24,2,"Valakut, the Molten Pinnacle",,Lands,3,1,Scapeshift,armlx,251 tix,$ 973,241182,2014-07-22,Modern Daily #7299767,modern,modern-daily-7299767,modern-daily-7299767-2014-07-22
26,1,Engineered Explosives,,Sideboard,3,1,Scapeshift,armlx,251 tix,$ 973,241182,2014-07-22,Modern Daily #7299767,modern,modern-daily-7299767,modern-daily-7299767-2014-07-22
27,2,Swan Song,,Sideboard,3,1,Scapeshift,armlx,251 tix,$ 973,241182,2014-07-22,Modern Daily #7299767,modern,modern-daily-7299767,modern-daily-7299767-2014-07-22
28,2,Ancient Grudge,,Sideboard,3,1,Scapeshift,armlx,251 tix,$ 973,241182,2014-07-22,Modern Daily #7299767,modern,modern-daily-7299767,modern-daily-7299767-2014-07-22
29,1,Combust,,Sideboard,3,1,Scapeshift,armlx,251 tix,$ 973,241182,2014-07-22,Modern Daily #7299767,modern,modern-daily-7299767,modern-daily-7299767-2014-07-22
30,1,Spellskite,,Sideboard,3,1,Scapeshift,armlx,251 tix,$ 973,241182,2014-07-22,Modern Daily #7299767,modern,modern-daily-7299767,modern-daily-7299767-2014-07-22
31,2,Anger of the Gods,,Sideboard,3,1,Scapeshift,armlx,251 tix,$ 973,241182,2014-07-22,Modern Daily #7299767,modern,modern-daily-7299767,modern-daily-7299767-2014-07-22
32,1,Counterflux,,Sideboard,3,1,Scapeshift,armlx,251 tix,$ 973,241182,2014-07-22,Modern Daily #7299767,modern,modern-daily-7299767,modern-daily-7299767-2014-07-22
33,2,Obstinate Baloth,,Sideboard,3,1,Scapeshift,armlx,251 tix,$ 973,241182,2014-07-22,Modern Daily #7299767,modern,modern-daily-7299767,modern-daily-7299767-2014-07-22
34,1,Shatterstorm,,Sideboard,3,1,Scapeshift,armlx,251 tix,$ 973,241182,2014-07-22,Modern Daily #7299767,modern,modern-daily-7299767,modern-daily-7299767-2014-07-22
35,2,Inferno Titan,,Sideboard,3,1,Scapeshift,armlx,251 tix,$ 973,241182,2014-07-22,Modern Daily #7299767,modern,modern-daily-7299767,modern-daily-7299767-2014-07-22
1,4,Sakura-Tribe Elder,,Creatures,3,1,Scapeshift,Legalt,278 tix,"$ 1,034",241183,2014-07-22,Modern Daily #7299767,modern,modern-daily-7299767,modern-daily-7299767-2014-07-22
2,2,Snapcaster Mage,,Creatures,3,1,Scapeshift,Legalt,278 tix,"$ 1,034",241183,2014-07-22,Modern Daily #7299767,modern,modern-daily-7299767,modern-daily-7299767-2014-07-22
4,2,Repeal,,Spells,3,1,Scapeshift,Legalt,278 tix,"$ 1,034",241183,2014-07-22,Modern Daily #7299767,modern,modern-daily-7299767,modern-daily-7299767-2014-07-22
5,4,Serum Visions,,Spells,3,1,Scapeshift,Legalt,278 tix,"$ 1,034",241183,2014-07-22,Modern Daily #7299767,modern,modern-daily-7299767,modern-daily-7299767-2014-07-22
6,2,Izzet Charm,,Spells,3,1,Scapeshift,Legalt,278 tix,"$ 1,034",241183,2014-07-22,Modern Daily #7299767,modern,modern-daily-7299767,modern-daily-7299767-2014-07-22
7,4,Remand,,Spells,3,1,Scapeshift,Legalt,278 tix,"$ 1,034",241183,2014-07-22,Modern Daily #7299767,modern,modern-daily-7299767,modern-daily-7299767-2014-07-22
8,4,Worldly Counsel,,Spells,3,1,Scapeshift,Legalt,278 tix,"$ 1,034",241183,2014-07-22,Modern Daily #7299767,modern,modern-daily-7299767,modern-daily-7299767-2014-07-22
9,2,Electrolyze,,Spells,3,1,Scapeshift,Legalt,278 tix,"$ 1,034",241183,2014-07-22,Modern Daily #7299767,modern,modern-daily-7299767,modern-daily-7299767-2014-07-22
10,4,Search for Tomorrow,,Spells,3,1,Scapeshift,Legalt,278 tix,"$ 1,034",241183,2014-07-22,Modern Daily #7299767,modern,modern-daily-7299767,modern-daily-7299767-2014-07-22
11,4,Cryptic Command,,Spells,3,1,Scapeshift,Legalt,278 tix,"$ 1,034",241183,2014-07-22,Modern Daily #7299767,modern,modern-daily-7299767,modern-daily-7299767-2014-07-22
12,4,Scapeshift,,Spells,3,1,Scapeshift,Legalt,278 tix,"$ 1,034",241183,2014-07-22,Modern Daily #7299767,modern,modern-daily-7299767,modern-daily-7299767-2014-07-22
14,2,Breeding Pool,,Lands,3,1,Scapeshift,Legalt,278 tix,"$ 1,034",241183,2014-07-22,Modern Daily #7299767,modern,modern-daily-7299767,modern-daily-7299767-2014-07-22
15,1,Flooded Grove,,Lands,3,1,Scapeshift,Legalt,278 tix,"$ 1,034",241183,2014-07-22,Modern Daily #7299767,modern,modern-daily-7299767,modern-daily-7299767-2014-07-22
16,2,Forest,,Lands,3,1,Scapeshift,Legalt,278 tix,"$ 1,034",241183,2014-07-22,Modern Daily #7299767,modern,modern-daily-7299767,modern-daily-7299767-2014-07-22
17,3,Island,,Lands,3,1,Scapeshift,Legalt,278 tix,"$ 1,034",241183,2014-07-22,Modern Daily #7299767,modern,modern-daily-7299767,modern-daily-7299767-2014-07-22
18,4,Misty Rainforest,,Lands,3,1,Scapeshift,Legalt,278 tix,"$ 1,034",241183,2014-07-22,Modern Daily #7299767,modern,modern-daily-7299767,modern-daily-7299767-2014-07-22
19,2,Mountain,,Lands,3,1,Scapeshift,Legalt,278 tix,"$ 1,034",241183,2014-07-22,Modern Daily #7299767,modern,modern-daily-7299767,modern-daily-7299767-2014-07-22
20,4,Steam Vents,,Lands,3,1,Scapeshift,Legalt,278 tix,"$ 1,034",241183,2014-07-22,Modern Daily #7299767,modern,modern-daily-7299767,modern-daily-7299767-2014-07-22
21,4,Stomping Ground,,Lands,3,1,Scapeshift,Legalt,278 tix,"$ 1,034",241183,2014-07-22,Modern Daily #7299767,modern,modern-daily-7299767,modern-daily-7299767-2014-07-22
22,2,"Valakut, the Molten Pinnacle",,Lands,3,1,Scapeshift,Legalt,278 tix,"$ 1,034",241183,2014-07-22,Modern Daily #7299767,modern,modern-daily-7299767,modern-daily-7299767-2014-07-22
24,1,Engineered Explosives,,Sideboard,3,1,Scapeshift,Legalt,278 tix,"$ 1,034",241183,2014-07-22,Modern Daily #7299767,modern,modern-daily-7299767,modern-daily-7299767-2014-07-22
25,1,Nature's Claim,,Sideboard,3,1,Scapeshift,Legalt,278 tix,"$ 1,034",241183,2014-07-22,Modern Daily #7299767,modern,modern-daily-7299767,modern-daily-7299767-2014-07-22
26,1,Ancient Grudge,,Sideboard,3,1,Scapeshift,Legalt,278 tix,"$ 1,034",241183,2014-07-22,Modern Daily #7299767,modern,modern-daily-7299767,modern-daily-7299767-2014-07-22
27,1,Combust,,Sideboard,3,1,Scapeshift,Legalt,278 tix,"$ 1,034",241183,2014-07-22,Modern Daily #7299767,modern,modern-daily-7299767,modern-daily-7299767-2014-07-22
28,1,Negate,,Sideboard,3,1,Scapeshift,Legalt,278 tix,"$ 1,034",241183,2014-07-22,Modern Daily #7299767,modern,modern-daily-7299767,modern-daily-7299767-2014-07-22
29,2,Anger of the Gods,,Sideboard,3,1,Scapeshift,Legalt,278 tix,"$ 1,034",241183,2014-07-22,Modern Daily #7299767,modern,modern-daily-7299767,modern-daily-7299767-2014-07-22
30,1,Counterflux,,Sideboard,3,1,Scapeshift,Legalt,278 tix,"$ 1,034",241183,2014-07-22,Modern Daily #7299767,modern,modern-daily-7299767,modern-daily-7299767-2014-07-22
31,2,Obstinate Baloth,,Sideboard,3,1,Scapeshift,Legalt,278 tix,"$ 1,034",241183,2014-07-22,Modern Daily #7299767,modern,modern-daily-7299767,modern-daily-7299767-2014-07-22
32,1,Shatterstorm,,Sideboard,3,1,Scapeshift,Legalt,278 tix,"$ 1,034",241183,2014-07-22,Modern Daily #7299767,modern,modern-daily-7299767,modern-daily-7299767-2014-07-22
33,1,Batterskull,,Sideboard,3,1,Scapeshift,Legalt,278 tix,"$ 1,034",241183,2014-07-22,Modern Daily #7299767,modern,modern-daily-7299767,modern-daily-7299767-2014-07-22
34,1,"Teferi, Mage of Zhalfir",,Sideboard,3,1,Scapeshift,Legalt,278 tix,"$ 1,034",241183,2014-07-22,Modern Daily #7299767,modern,modern-daily-7299767,modern-daily-7299767-2014-07-22
35,2,Inferno Titan,,Sideboard,3,1,Scapeshift,Legalt,278 tix,"$ 1,034",241183,2014-07-22,Modern Daily #7299767,modern,modern-daily-7299767,modern-daily-7299767-2014-07-22
1,4,Sakura-Tribe Elder,,Creatures,3,1,Scapeshift,Tenken,246 tix,"$ 1,029",241189,2014-07-22,Modern Daily #7299767,modern,modern-daily-7299767,modern-daily-7299767-2014-07-22
2,3,Snapcaster Mage,,Creatures,3,1,Scapeshift,Tenken,246 tix,"$ 1,029",241189,2014-07-22,Modern Daily #7299767,modern,modern-daily-7299767,modern-daily-7299767-2014-07-22
4,3,Lightning Bolt,,Spells,3,1,Scapeshift,Tenken,246 tix,"$ 1,029",241189,2014-07-22,Modern Daily #7299767,modern,modern-daily-7299767,modern-daily-7299767-2014-07-22
5,1,Repeal,,Spells,3,1,Scapeshift,Tenken,246 tix,"$ 1,029",241189,2014-07-22,Modern Daily #7299767,modern,modern-daily-7299767,modern-daily-7299767-2014-07-22
6,2,Izzet Charm,,Spells,3,1,Scapeshift,Tenken,246 tix,"$ 1,029",241189,2014-07-22,Modern Daily #7299767,modern,modern-daily-7299767,modern-daily-7299767-2014-07-22
7,3,Peer Through Depths,,Spells,3,1,Scapeshift,Tenken,246 tix,"$ 1,029",241189,2014-07-22,Modern Daily #7299767,modern,modern-daily-7299767,modern-daily-7299767-2014-07-22
8,4,Remand,,Spells,3,1,Scapeshift,Tenken,246 tix,"$ 1,029",241189,2014-07-22,Modern Daily #7299767,modern,modern-daily-7299767,modern-daily-7299767-2014-07-22
9,1,Anger of the Gods,,Spells,3,1,Scapeshift,Tenken,246 tix,"$ 1,029",241189,2014-07-22,Modern Daily #7299767,modern,modern-daily-7299767,modern-daily-7299767-2014-07-22
10,2,Electrolyze,,Spells,3,1,Scapeshift,Tenken,246 tix,"$ 1,029",241189,2014-07-22,Modern Daily #7299767,modern,modern-daily-7299767,modern-daily-7299767-2014-07-22
11,4,Search for Tomorrow,,Spells,3,1,Scapeshift,Tenken,246 tix,"$ 1,029",241189,2014-07-22,Modern Daily #7299767,modern,modern-daily-7299767,modern-daily-7299767-2014-07-22
12,4,Cryptic Command,,Spells,3,1,Scapeshift,Tenken,246 tix,"$ 1,029",241189,2014-07-22,Modern Daily #7299767,modern,modern-daily-7299767,modern-daily-7299767-2014-07-22
13,4,Scapeshift,,Spells,3,1,Scapeshift,Tenken,246 tix,"$ 1,029",241189,2014-07-22,Modern Daily #7299767,modern,modern-daily-7299767,modern-daily-7299767-2014-07-22
15,2,Breeding Pool,,Lands,3,1,Scapeshift,Tenken,246 tix,"$ 1,029",241189,2014-07-22,Modern Daily #7299767,modern,modern-daily-7299767,modern-daily-7299767-2014-07-22
16,1,Cascade Bluffs,,Lands,3,1,Scapeshift,Tenken,246 tix,"$ 1,029",241189,2014-07-22,Modern Daily #7299767,modern,modern-daily-7299767,modern-daily-7299767-2014-07-22
17,2,Flooded Grove,,Lands,3,1,Scapeshift,Tenken,246 tix,"$ 1,029",241189,2014-07-22,Modern Daily #7299767,modern,modern-daily-7299767,modern-daily-7299767-2014-07-22
18,3,Forest,,Lands,3,1,Scapeshift,Tenken,246 tix,"$ 1,029",241189,2014-07-22,Modern Daily #7299767,modern,modern-daily-7299767,modern-daily-7299767-2014-07-22
19,3,Island,,Lands,3,1,Scapeshift,Tenken,246 tix,"$ 1,029",241189,2014-07-22,Modern Daily #7299767,modern,modern-daily-7299767,modern-daily-7299767-2014-07-22
20,2,Misty Rainforest,,Lands,3,1,Scapeshift,Tenken,246 tix,"$ 1,029",241189,2014-07-22,Modern Daily #7299767,modern,modern-daily-7299767,modern-daily-7299767-2014-07-22
21,2,Mountain,,Lands,3,1,Scapeshift,Tenken,246 tix,"$ 1,029",241189,2014-07-22,Modern Daily #7299767,modern,modern-daily-7299767,modern-daily-7299767-2014-07-22
22,4,Steam Vents,,Lands,3,1,Scapeshift,Tenken,246 tix,"$ 1,029",241189,2014-07-22,Modern Daily #7299767,modern,modern-daily-7299767,modern-daily-7299767-2014-07-22
23,4,Stomping Ground,,Lands,3,1,Scapeshift,Tenken,246 tix,"$ 1,029",241189,2014-07-22,Modern Daily #7299767,modern,modern-daily-7299767,modern-daily-7299767-2014-07-22
24,2,"Valakut, the Molten Pinnacle",,Lands,3,1,Scapeshift,Tenken,246 tix,"$ 1,029",241189,2014-07-22,Modern Daily #7299767,modern,modern-daily-7299767,modern-daily-7299767-2014-07-22
26,1,"Boseiju, Who Shelters All",,Sideboard,3,1,Scapeshift,Tenken,246 tix,"$ 1,029",241189,2014-07-22,Modern Daily #7299767,modern,modern-daily-7299767,modern-daily-7299767-2014-07-22
27,1,Engineered Explosives,,Sideboard,3,1,Scapeshift,Tenken,246 tix,"$ 1,029",241189,2014-07-22,Modern Daily #7299767,modern,modern-daily-7299767,modern-daily-7299767-2014-07-22
28,1,Dispel,,Sideboard,3,1,Scapeshift,Tenken,246 tix,"$ 1,029",241189,2014-07-22,Modern Daily #7299767,modern,modern-daily-7299767,modern-daily-7299767-2014-07-22
29,1,Ancient Grudge,,Sideboard,3,1,Scapeshift,Tenken,246 tix,"$ 1,029",241189,2014-07-22,Modern Daily #7299767,modern,modern-daily-7299767,modern-daily-7299767-2014-07-22
30,1,Back to Nature,,Sideboard,3,1,Scapeshift,Tenken,246 tix,"$ 1,029",241189,2014-07-22,Modern Daily #7299767,modern,modern-daily-7299767,modern-daily-7299767-2014-07-22
31,1,Combust,,Sideboard,3,1,Scapeshift,Tenken,246 tix,"$ 1,029",241189,2014-07-22,Modern Daily #7299767,modern,modern-daily-7299767,modern-daily-7299767-2014-07-22
32,1,Anger of the Gods,,Sideboard,3,1,Scapeshift,Tenken,246 tix,"$ 1,029",241189,2014-07-22,Modern Daily #7299767,modern,modern-daily-7299767,modern-daily-7299767-2014-07-22
33,2,Counterflux,,Sideboard,3,1,Scapeshift,Tenken,246 tix,"$ 1,029",241189,2014-07-22,Modern Daily #7299767,modern,modern-daily-7299767,modern-daily-7299767-2014-07-22
34,3,Obstinate Baloth,,Sideboard,3,1,Scapeshift,Tenken,246 tix,"$ 1,029",241189,2014-07-22,Modern Daily #7299767,modern,modern-daily-7299767,modern-daily-7299767-2014-07-22
35,1,Shatterstorm,,Sideboard,3,1,Scapeshift,Tenken,246 tix,"$ 1,029",241189,2014-07-22,Modern Daily #7299767,modern,modern-daily-7299767,modern-daily-7299767-2014-07-22
36,1,"Keranos, God of Storms",,Sideboard,3,1,Scapeshift,Tenken,246 tix,"$ 1,029",241189,2014-07-22,Modern Daily #7299767,modern,modern-daily-7299767,modern-daily-7299767-2014-07-22
37,1,Inferno Titan,,Sideboard,3,1,Scapeshift,Tenken,246 tix,"$ 1,029",241189,2014-07-22,Modern Daily #7299767,modern,modern-daily-7299767,modern-daily-7299767-2014-07-22
1,4,Delver of Secrets,,Creatures,3,1,UR Delver,vojtino,141 tix,$ 704,241186,2014-07-22,Modern Daily #7299767,modern,modern-daily-7299767,modern-daily-7299767-2014-07-22
2,2,Grim Lavamancer,,Creatures,3,1,UR Delver,vojtino,141 tix,$ 704,241186,2014-07-22,Modern Daily #7299767,modern,modern-daily-7299767,modern-daily-7299767-2014-07-22
3,4,Snapcaster Mage,,Creatures,3,1,UR Delver,vojtino,141 tix,$ 704,241186,2014-07-22,Modern Daily #7299767,modern,modern-daily-7299767,modern-daily-7299767-2014-07-22
4,4,Young Pyromancer,,Creatures,3,1,UR Delver,vojtino,141 tix,$ 704,241186,2014-07-22,Modern Daily #7299767,modern,modern-daily-7299767,modern-daily-7299767-2014-07-22
6,4,Gitaxian Probe,,Spells,3,1,UR Delver,vojtino,141 tix,$ 704,241186,2014-07-22,Modern Daily #7299767,modern,modern-daily-7299767,modern-daily-7299767-2014-07-22
7,4,Lightning Bolt,,Spells,3,1,UR Delver,vojtino,141 tix,$ 704,241186,2014-07-22,Modern Daily #7299767,modern,modern-daily-7299767,modern-daily-7299767-2014-07-22
8,2,Pillar of Flame,,Spells,3,1,UR Delver,vojtino,141 tix,$ 704,241186,2014-07-22,Modern Daily #7299767,modern,modern-daily-7299767,modern-daily-7299767-2014-07-22
9,4,Serum Visions,,Spells,3,1,UR Delver,vojtino,141 tix,$ 704,241186,2014-07-22,Modern Daily #7299767,modern,modern-daily-7299767,modern-daily-7299767-2014-07-22
10,1,Spell Pierce,,Spells,3,1,UR Delver,vojtino,141 tix,$ 704,241186,2014-07-22,Modern Daily #7299767,modern,modern-daily-7299767,modern-daily-7299767-2014-07-22
11,2,Spell Snare,,Spells,3,1,UR Delver,vojtino,141 tix,$ 704,241186,2014-07-22,Modern Daily #7299767,modern,modern-daily-7299767,modern-daily-7299767-2014-07-22
12,2,Vapor Snag,,Spells,3,1,UR Delver,vojtino,141 tix,$ 704,241186,2014-07-22,Modern Daily #7299767,modern,modern-daily-7299767,modern-daily-7299767-2014-07-22
13,3,Mana Leak,,Spells,3,1,UR Delver,vojtino,141 tix,$ 704,241186,2014-07-22,Modern Daily #7299767,modern,modern-daily-7299767,modern-daily-7299767-2014-07-22
14,3,Remand,,Spells,3,1,UR Delver,vojtino,141 tix,$ 704,241186,2014-07-22,Modern Daily #7299767,modern,modern-daily-7299767,modern-daily-7299767-2014-07-22
15,1,Electrolyze,,Spells,3,1,UR Delver,vojtino,141 tix,$ 704,241186,2014-07-22,Modern Daily #7299767,modern,modern-daily-7299767,modern-daily-7299767-2014-07-22
17,1,Sword of War and Peace,,Artifacts,3,1,UR Delver,vojtino,141 tix,$ 704,241186,2014-07-22,Modern Daily #7299767,modern,modern-daily-7299767,modern-daily-7299767-2014-07-22
19,6,Island,,Lands,3,1,UR Delver,vojtino,141 tix,$ 704,241186,2014-07-22,Modern Daily #7299767,modern,modern-daily-7299767,modern-daily-7299767-2014-07-22
20,1,Misty Rainforest,,Lands,3,1,UR Delver,vojtino,141 tix,$ 704,241186,2014-07-22,Modern Daily #7299767,modern,modern-daily-7299767,modern-daily-7299767-2014-07-22
21,2,Mountain,,Lands,3,1,UR Delver,vojtino,141 tix,$ 704,241186,2014-07-22,Modern Daily #7299767,modern,modern-daily-7299767,modern-daily-7299767-2014-07-22
22,2,Scalding Tarn,,Lands,3,1,UR Delver,vojtino,141 tix,$ 704,241186,2014-07-22,Modern Daily #7299767,modern,modern-daily-7299767,modern-daily-7299767-2014-07-22
23,4,Steam Vents,,Lands,3,1,UR Delver,vojtino,141 tix,$ 704,241186,2014-07-22,Modern Daily #7299767,modern,modern-daily-7299767,modern-daily-7299767-2014-07-22
24,4,Sulfur Falls,,Lands,3,1,UR Delver,vojtino,141 tix,$ 704,241186,2014-07-22,Modern Daily #7299767,modern,modern-daily-7299767,modern-daily-7299767-2014-07-22
26,1,Dispel,,Sideboard,3,1,UR Delver,vojtino,141 tix,$ 704,241186,2014-07-22,Modern Daily #7299767,modern,modern-daily-7299767,modern-daily-7299767-2014-07-22
27,2,Relic of Progenitus,,Sideboard,3,1,UR Delver,vojtino,141 tix,$ 704,241186,2014-07-22,Modern Daily #7299767,modern,modern-daily-7299767,modern-daily-7299767-2014-07-22
28,1,Spell Pierce,,Sideboard,3,1,UR Delver,vojtino,141 tix,$ 704,241186,2014-07-22,Modern Daily #7299767,modern,modern-daily-7299767,modern-daily-7299767-2014-07-22
29,2,Vandalblast,,Sideboard,3,1,UR Delver,vojtino,141 tix,$ 704,241186,2014-07-22,Modern Daily #7299767,modern,modern-daily-7299767,modern-daily-7299767-2014-07-22
30,1,Combust,,Sideboard,3,1,UR Delver,vojtino,141 tix,$ 704,241186,2014-07-22,Modern Daily #7299767,modern,modern-daily-7299767,modern-daily-7299767-2014-07-22
31,1,Negate,,Sideboard,3,1,UR Delver,vojtino,141 tix,$ 704,241186,2014-07-22,Modern Daily #7299767,modern,modern-daily-7299767,modern-daily-7299767-2014-07-22
32,2,Counterflux,,Sideboard,3,1,UR Delver,vojtino,141 tix,$ 704,241186,2014-07-22,Modern Daily #7299767,modern,modern-daily-7299767,modern-daily-7299767-2014-07-22
33,2,Izzet Staticaster,,Sideboard,3,1,UR Delver,vojtino,141 tix,$ 704,241186,2014-07-22,Modern Daily #7299767,modern,modern-daily-7299767,modern-daily-7299767-2014-07-22
34,3,Molten Rain,,Sideboard,3,1,UR Delver,vojtino,141 tix,$ 704,241186,2014-07-22,Modern Daily #7299767,modern,modern-daily-7299767,modern-daily-7299767-2014-07-22
1,4,Goblin Electromancer,,Creatures,3,1,UR Storm,JohnnyHotSauce,168 tix,$ 650,241181,2014-07-22,Modern Daily #7299767,modern,modern-daily-7299767,modern-daily-7299767-2014-07-22
3,3,Faithless Looting,,Spells,3,1,UR Storm,JohnnyHotSauce,168 tix,$ 650,241181,2014-07-22,Modern Daily #7299767,modern,modern-daily-7299767,modern-daily-7299767-2014-07-22
4,4,Gitaxian Probe,,Spells,3,1,UR Storm,JohnnyHotSauce,168 tix,$ 650,241181,2014-07-22,Modern Daily #7299767,modern,modern-daily-7299767,modern-daily-7299767-2014-07-22
5,4,Serum Visions,,Spells,3,1,UR Storm,JohnnyHotSauce,168 tix,$ 650,241181,2014-07-22,Modern Daily #7299767,modern,modern-daily-7299767,modern-daily-7299767-2014-07-22
6,4,Sleight of Hand,,Spells,3,1,UR Storm,JohnnyHotSauce,168 tix,$ 650,241181,2014-07-22,Modern Daily #7299767,modern,modern-daily-7299767,modern-daily-7299767-2014-07-22
7,2,Desperate Ravings,,Spells,3,1,UR Storm,JohnnyHotSauce,168 tix,$ 650,241181,2014-07-22,Modern Daily #7299767,modern,modern-daily-7299767,modern-daily-7299767-2014-07-22
8,4,Desperate Ritual,,Spells,3,1,UR Storm,JohnnyHotSauce,168 tix,$ 650,241181,2014-07-22,Modern Daily #7299767,modern,modern-daily-7299767,modern-daily-7299767-2014-07-22
9,3,Grapeshot,,Spells,3,1,UR Storm,JohnnyHotSauce,168 tix,$ 650,241181,2014-07-22,Modern Daily #7299767,modern,modern-daily-7299767,modern-daily-7299767-2014-07-22
10,4,Manamorphose,,Spells,3,1,UR Storm,JohnnyHotSauce,168 tix,$ 650,241181,2014-07-22,Modern Daily #7299767,modern,modern-daily-7299767,modern-daily-7299767-2014-07-22
11,4,Pyretic Ritual,,Spells,3,1,UR Storm,JohnnyHotSauce,168 tix,$ 650,241181,2014-07-22,Modern Daily #7299767,modern,modern-daily-7299767,modern-daily-7299767-2014-07-22
12,3,Past in Flames,,Spells,3,1,UR Storm,JohnnyHotSauce,168 tix,$ 650,241181,2014-07-22,Modern Daily #7299767,modern,modern-daily-7299767,modern-daily-7299767-2014-07-22
14,4,Pyromancer Ascension,,Enchantments,3,1,UR Storm,JohnnyHotSauce,168 tix,$ 650,241181,2014-07-22,Modern Daily #7299767,modern,modern-daily-7299767,modern-daily-7299767-2014-07-22
16,1,Hallowed Fountain,,Lands,3,1,UR Storm,JohnnyHotSauce,168 tix,$ 650,241181,2014-07-22,Modern Daily #7299767,modern,modern-daily-7299767,modern-daily-7299767-2014-07-22
17,2,Island,,Lands,3,1,UR Storm,JohnnyHotSauce,168 tix,$ 650,241181,2014-07-22,Modern Daily #7299767,modern,modern-daily-7299767,modern-daily-7299767-2014-07-22
18,3,Misty Rainforest,,Lands,3,1,UR Storm,JohnnyHotSauce,168 tix,$ 650,241181,2014-07-22,Modern Daily #7299767,modern,modern-daily-7299767,modern-daily-7299767-2014-07-22
19,1,Mountain,,Lands,3,1,UR Storm,JohnnyHotSauce,168 tix,$ 650,241181,2014-07-22,Modern Daily #7299767,modern,modern-daily-7299767,modern-daily-7299767-2014-07-22
20,4,Scalding Tarn,,Lands,3,1,UR Storm,JohnnyHotSauce,168 tix,$ 650,241181,2014-07-22,Modern Daily #7299767,modern,modern-daily-7299767,modern-daily-7299767-2014-07-22
21,3,Shivan Reef,,Lands,3,1,UR Storm,JohnnyHotSauce,168 tix,$ 650,241181,2014-07-22,Modern Daily #7299767,modern,modern-daily-7299767,modern-daily-7299767-2014-07-22
22,3,Steam Vents,,Lands,3,1,UR Storm,JohnnyHotSauce,168 tix,$ 650,241181,2014-07-22,Modern Daily #7299767,modern,modern-daily-7299767,modern-daily-7299767-2014-07-22
24,3,Wear & Tear,,Sideboard,3,1,UR Storm,JohnnyHotSauce,168 tix,$ 650,241181,2014-07-22,Modern Daily #7299767,modern,modern-daily-7299767,modern-daily-7299767-2014-07-22
25,2,Flame Slash,,Sideboard,3,1,UR Storm,JohnnyHotSauce,168 tix,$ 650,241181,2014-07-22,Modern Daily #7299767,modern,modern-daily-7299767,modern-daily-7299767-2014-07-22
26,1,Lightning Bolt,,Sideboard,3,1,UR Storm,JohnnyHotSauce,168 tix,$ 650,241181,2014-07-22,Modern Daily #7299767,modern,modern-daily-7299767,modern-daily-7299767-2014-07-22
27,2,Swan Song,,Sideboard,3,1,UR Storm,JohnnyHotSauce,168 tix,$ 650,241181,2014-07-22,Modern Daily #7299767,modern,modern-daily-7299767,modern-daily-7299767-2014-07-22
28,2,Desperate Ravings,,Sideboard,3,1,UR Storm,JohnnyHotSauce,168 tix,$ 650,241181,2014-07-22,Modern Daily #7299767,modern,modern-daily-7299767,modern-daily-7299767-2014-07-22
29,2,Torpor Orb,,Sideboard,3,1,UR Storm,JohnnyHotSauce,168 tix,$ 650,241181,2014-07-22,Modern Daily #7299767,modern,modern-daily-7299767,modern-daily-7299767-2014-07-22
30,3,Empty the Warrens,,Sideboard,3,1,UR Storm,JohnnyHotSauce,168 tix,$ 650,241181,2014-07-22,Modern Daily #7299767,modern,modern-daily-7299767,modern-daily-7299767-2014-07-22
1,1,Wurmcoil Engine,,Creatures,3,1,UW Tron,McWinSauce,179 tix,$ 588,241184,2014-07-22,Modern Daily #7299767,modern,modern-daily-7299767,modern-daily-7299767-2014-07-22
2,1,"Elesh Norn, Grand Cenobite",,Creatures,3,1,UW Tron,McWinSauce,179 tix,$ 588,241184,2014-07-22,Modern Daily #7299767,modern,modern-daily-7299767,modern-daily-7299767-2014-07-22
3,1,"Iona, Shield of Emeria",,Creatures,3,1,UW Tron,McWinSauce,179 tix,$ 588,241184,2014-07-22,Modern Daily #7299767,modern,modern-daily-7299767,modern-daily-7299767-2014-07-22
4,1,"Emrakul, the Aeons Torn",,Creatures,3,1,UW Tron,McWinSauce,179 tix,$ 588,241184,2014-07-22,Modern Daily #7299767,modern,modern-daily-7299767,modern-daily-7299767-2014-07-22
6,1,Condescend,,Spells,3,1,UW Tron,McWinSauce,179 tix,$ 588,241184,2014-07-22,Modern Daily #7299767,modern,modern-daily-7299767,modern-daily-7299767-2014-07-22
7,4,Path to Exile,,Spells,3,1,UW Tron,McWinSauce,179 tix,$ 588,241184,2014-07-22,Modern Daily #7299767,modern,modern-daily-7299767,modern-daily-7299767-2014-07-22
8,3,Remand,,Spells,3,1,UW Tron,McWinSauce,179 tix,$ 588,241184,2014-07-22,Modern Daily #7299767,modern,modern-daily-7299767,modern-daily-7299767-2014-07-22
9,1,Sphinx's Revelation,,Spells,3,1,UW Tron,McWinSauce,179 tix,$ 588,241184,2014-07-22,Modern Daily #7299767,modern,modern-daily-7299767,modern-daily-7299767-2014-07-22
10,4,Thirst for Knowledge,,Spells,3,1,UW Tron,McWinSauce,179 tix,$ 588,241184,2014-07-22,Modern Daily #7299767,modern,modern-daily-7299767,modern-daily-7299767-2014-07-22
11,1,Timely Reinforcements,,Spells,3,1,UW Tron,McWinSauce,179 tix,$ 588,241184,2014-07-22,Modern Daily #7299767,modern,modern-daily-7299767,modern-daily-7299767-2014-07-22
12,1,Day of Judgment,,Spells,3,1,UW Tron,McWinSauce,179 tix,$ 588,241184,2014-07-22,Modern Daily #7299767,modern,modern-daily-7299767,modern-daily-7299767-2014-07-22
13,4,Gifts Ungiven,,Spells,3,1,UW Tron,McWinSauce,179 tix,$ 588,241184,2014-07-22,Modern Daily #7299767,modern,modern-daily-7299767,modern-daily-7299767-2014-07-22
14,1,Supreme Verdict,,Spells,3,1,UW Tron,McWinSauce,179 tix,$ 588,241184,2014-07-22,Modern Daily #7299767,modern,modern-daily-7299767,modern-daily-7299767-2014-07-22
15,1,Wrath of God,,Spells,3,1,UW Tron,McWinSauce,179 tix,$ 588,241184,2014-07-22,Modern Daily #7299767,modern,modern-daily-7299767,modern-daily-7299767-2014-07-22
16,1,Unburial Rites,,Spells,3,1,UW Tron,McWinSauce,179 tix,$ 588,241184,2014-07-22,Modern Daily #7299767,modern,modern-daily-7299767,modern-daily-7299767-2014-07-22
18,2,Expedition Map,,Artifacts,3,1,UW Tron,McWinSauce,179 tix,$ 588,241184,2014-07-22,Modern Daily #7299767,modern,modern-daily-7299767,modern-daily-7299767-2014-07-22
19,4,Azorius Signet,,Artifacts,3,1,UW Tron,McWinSauce,179 tix,$ 588,241184,2014-07-22,Modern Daily #7299767,modern,modern-daily-7299767,modern-daily-7299767-2014-07-22
20,1,Batterskull,,Artifacts,3,1,UW Tron,McWinSauce,179 tix,$ 588,241184,2014-07-22,Modern Daily #7299767,modern,modern-daily-7299767,modern-daily-7299767-2014-07-22
22,1,Detention Sphere,,Enchantments,3,1,UW Tron,McWinSauce,179 tix,$ 588,241184,2014-07-22,Modern Daily #7299767,modern,modern-daily-7299767,modern-daily-7299767-2014-07-22
24,4,Celestial Colonnade,,Lands,3,1,UW Tron,McWinSauce,179 tix,$ 588,241184,2014-07-22,Modern Daily #7299767,modern,modern-daily-7299767,modern-daily-7299767-2014-07-22
25,1,Ghost Quarter,,Lands,3,1,UW Tron,McWinSauce,179 tix,$ 588,241184,2014-07-22,Modern Daily #7299767,modern,modern-daily-7299767,modern-daily-7299767-2014-07-22
26,3,Hallowed Fountain,,Lands,3,1,UW Tron,McWinSauce,179 tix,$ 588,241184,2014-07-22,Modern Daily #7299767,modern,modern-daily-7299767,modern-daily-7299767-2014-07-22
27,1,Island,,Lands,3,1,UW Tron,McWinSauce,179 tix,$ 588,241184,2014-07-22,Modern Daily #7299767,modern,modern-daily-7299767,modern-daily-7299767-2014-07-22
28,1,Plains,,Lands,3,1,UW Tron,McWinSauce,179 tix,$ 588,241184,2014-07-22,Modern Daily #7299767,modern,modern-daily-7299767,modern-daily-7299767-2014-07-22
29,3,Seachrome Coast,,Lands,3,1,UW Tron,McWinSauce,179 tix,$ 588,241184,2014-07-22,Modern Daily #7299767,modern,modern-daily-7299767,modern-daily-7299767-2014-07-22
30,1,Snow-Covered Island,,Lands,3,1,UW Tron,McWinSauce,179 tix,$ 588,241184,2014-07-22,Modern Daily #7299767,modern,modern-daily-7299767,modern-daily-7299767-2014-07-22
31,4,Urza's Mine,,Lands,3,1,UW Tron,McWinSauce,179 tix,$ 588,241184,2014-07-22,Modern Daily #7299767,modern,modern-daily-7299767,modern-daily-7299767-2014-07-22
32,4,Urza's Power Plant,,Lands,3,1,UW Tron,McWinSauce,179 tix,$ 588,241184,2014-07-22,Modern Daily #7299767,modern,modern-daily-7299767,modern-daily-7299767-2014-07-22
33,4,Urza's Tower,,Lands,3,1,UW Tron,McWinSauce,179 tix,$ 588,241184,2014-07-22,Modern Daily #7299767,modern,modern-daily-7299767,modern-daily-7299767-2014-07-22
35,2,Dispel,,Sideboard,3,1,UW Tron,McWinSauce,179 tix,$ 588,241184,2014-07-22,Modern Daily #7299767,modern,modern-daily-7299767,modern-daily-7299767-2014-07-22
36,1,Grafdigger's Cage,,Sideboard,3,1,UW Tron,McWinSauce,179 tix,$ 588,241184,2014-07-22,Modern Daily #7299767,modern,modern-daily-7299767,modern-daily-7299767-2014-07-22
37,2,Porphyry Nodes,,Sideboard,3,1,UW Tron,McWinSauce,179 tix,$ 588,241184,2014-07-22,Modern Daily #7299767,modern,modern-daily-7299767,modern-daily-7299767-2014-07-22
38,2,Celestial Purge,,Sideboard,3,1,UW Tron,McWinSauce,179 tix,$ 588,241184,2014-07-22,Modern Daily #7299767,modern,modern-daily-7299767,modern-daily-7299767-2014-07-22
39,1,Disenchant,,Sideboard,3,1,UW Tron,McWinSauce,179 tix,$ 588,241184,2014-07-22,Modern Daily #7299767,modern,modern-daily-7299767,modern-daily-7299767-2014-07-22
40,1,Negate,,Sideboard,3,1,UW Tron,McWinSauce,179 tix,$ 588,241184,2014-07-22,Modern Daily #7299767,modern,modern-daily-7299767,modern-daily-7299767-2014-07-22
41,1,Torpor Orb,,Sideboard,3,1,UW Tron,McWinSauce,179 tix,$ 588,241184,2014-07-22,Modern Daily #7299767,modern,modern-daily-7299767,modern-daily-7299767-2014-07-22
42,3,Ghostly Prison,,Sideboard,3,1,UW Tron,McWinSauce,179 tix,$ 588,241184,2014-07-22,Modern Daily #7299767,modern,modern-daily-7299767,modern-daily-7299767-2014-07-22
43,1,Timely Reinforcements,,Sideboard,3,1,UW Tron,McWinSauce,179 tix,$ 588,241184,2014-07-22,Modern Daily #7299767,modern,modern-daily-7299767,modern-daily-7299767-2014-07-22
44,1,Mindbreak Trap,,Sideboard,3,1,UW Tron,McWinSauce,179 tix,$ 588,241184,2014-07-22,Modern Daily #7299767,modern,modern-daily-7299767,modern-daily-7299767-2014-07-22
1,1,Treasure Mage,,Creatures,3,1,UW Tron,Kaslan,93 tix,$ 341,241185,2014-07-22,Modern Daily #7299767,modern,modern-daily-7299767,modern-daily-7299767-2014-07-22
2,3,Solemn Simulacrum,,Creatures,3,1,UW Tron,Kaslan,93 tix,$ 341,241185,2014-07-22,Modern Daily #7299767,modern,modern-daily-7299767,modern-daily-7299767-2014-07-22
3,1,Wurmcoil Engine,,Creatures,3,1,UW Tron,Kaslan,93 tix,$ 341,241185,2014-07-22,Modern Daily #7299767,modern,modern-daily-7299767,modern-daily-7299767-2014-07-22
4,1,"Elesh Norn, Grand Cenobite",,Creatures,3,1,UW Tron,Kaslan,93 tix,$ 341,241185,2014-07-22,Modern Daily #7299767,modern,modern-daily-7299767,modern-daily-7299767-2014-07-22
5,1,"Iona, Shield of Emeria",,Creatures,3,1,UW Tron,Kaslan,93 tix,$ 341,241185,2014-07-22,Modern Daily #7299767,modern,modern-daily-7299767,modern-daily-7299767-2014-07-22
7,4,Path to Exile,,Spells,3,1,UW Tron,Kaslan,93 tix,$ 341,241185,2014-07-22,Modern Daily #7299767,modern,modern-daily-7299767,modern-daily-7299767-2014-07-22
8,4,Remand,,Spells,3,1,UW Tron,Kaslan,93 tix,$ 341,241185,2014-07-22,Modern Daily #7299767,modern,modern-daily-7299767,modern-daily-7299767-2014-07-22
9,4,Thirst for Knowledge,,Spells,3,1,UW Tron,Kaslan,93 tix,$ 341,241185,2014-07-22,Modern Daily #7299767,modern,modern-daily-7299767,modern-daily-7299767-2014-07-22
10,4,Gifts Ungiven,,Spells,3,1,UW Tron,Kaslan,93 tix,$ 341,241185,2014-07-22,Modern Daily #7299767,modern,modern-daily-7299767,modern-daily-7299767-2014-07-22
11,1,Unburial Rites,,Spells,3,1,UW Tron,Kaslan,93 tix,$ 341,241185,2014-07-22,Modern Daily #7299767,modern,modern-daily-7299767,modern-daily-7299767-2014-07-22
13,4,Expedition Map,,Artifacts,3,1,UW Tron,Kaslan,93 tix,$ 341,241185,2014-07-22,Modern Daily #7299767,modern,modern-daily-7299767,modern-daily-7299767-2014-07-22
14,3,Azorius Signet,,Artifacts,3,1,UW Tron,Kaslan,93 tix,$ 341,241185,2014-07-22,Modern Daily #7299767,modern,modern-daily-7299767,modern-daily-7299767-2014-07-22
15,2,Talisman of Progress,,Artifacts,3,1,UW Tron,Kaslan,93 tix,$ 341,241185,2014-07-22,Modern Daily #7299767,modern,modern-daily-7299767,modern-daily-7299767-2014-07-22
16,1,Oblivion Stone,,Artifacts,3,1,UW Tron,Kaslan,93 tix,$ 341,241185,2014-07-22,Modern Daily #7299767,modern,modern-daily-7299767,modern-daily-7299767-2014-07-22
17,1,Batterskull,,Artifacts,3,1,UW Tron,Kaslan,93 tix,$ 341,241185,2014-07-22,Modern Daily #7299767,modern,modern-daily-7299767,modern-daily-7299767-2014-07-22
18,1,Mindslaver,,Artifacts,3,1,UW Tron,Kaslan,93 tix,$ 341,241185,2014-07-22,Modern Daily #7299767,modern,modern-daily-7299767,modern-daily-7299767-2014-07-22
20,1,Academy Ruins,,Lands,3,1,UW Tron,Kaslan,93 tix,$ 341,241185,2014-07-22,Modern Daily #7299767,modern,modern-daily-7299767,modern-daily-7299767-2014-07-22
21,1,Celestial Colonnade,,Lands,3,1,UW Tron,Kaslan,93 tix,$ 341,241185,2014-07-22,Modern Daily #7299767,modern,modern-daily-7299767,modern-daily-7299767-2014-07-22
22,1,Ghost Quarter,,Lands,3,1,UW Tron,Kaslan,93 tix,$ 341,241185,2014-07-22,Modern Daily #7299767,modern,modern-daily-7299767,modern-daily-7299767-2014-07-22
23,1,Glacial Fortress,,Lands,3,1,UW Tron,Kaslan,93 tix,$ 341,241185,2014-07-22,Modern Daily #7299767,modern,modern-daily-7299767,modern-daily-7299767-2014-07-22
24,2,Hallowed Fountain,,Lands,3,1,UW Tron,Kaslan,93 tix,$ 341,241185,2014-07-22,Modern Daily #7299767,modern,modern-daily-7299767,modern-daily-7299767-2014-07-22
25,4,Island,,Lands,3,1,UW Tron,Kaslan,93 tix,$ 341,241185,2014-07-22,Modern Daily #7299767,modern,modern-daily-7299767,modern-daily-7299767-2014-07-22
26,1,Plains,,Lands,3,1,UW Tron,Kaslan,93 tix,$ 341,241185,2014-07-22,Modern Daily #7299767,modern,modern-daily-7299767,modern-daily-7299767-2014-07-22
27,1,Tectonic Edge,,Lands,3,1,UW Tron,Kaslan,93 tix,$ 341,241185,2014-07-22,Modern Daily #7299767,modern,modern-daily-7299767,modern-daily-7299767-2014-07-22
28,4,Urza's Mine,,Lands,3,1,UW Tron,Kaslan,93 tix,$ 341,241185,2014-07-22,Modern Daily #7299767,modern,modern-daily-7299767,modern-daily-7299767-2014-07-22
29,4,Urza's Power Plant,,Lands,3,1,UW Tron,Kaslan,93 tix,$ 341,241185,2014-07-22,Modern Daily #7299767,modern,modern-daily-7299767,modern-daily-7299767-2014-07-22
30,4,Urza's Tower,,Lands,3,1,UW Tron,Kaslan,93 tix,$ 341,241185,2014-07-22,Modern Daily #7299767,modern,modern-daily-7299767,modern-daily-7299767-2014-07-22
32,2,Dispel,,Sideboard,3,1,UW Tron,Kaslan,93 tix,$ 341,241185,2014-07-22,Modern Daily #7299767,modern,modern-daily-7299767,modern-daily-7299767-2014-07-22
33,2,Spell Pierce,,Sideboard,3,1,UW Tron,Kaslan,93 tix,$ 341,241185,2014-07-22,Modern Daily #7299767,modern,modern-daily-7299767,modern-daily-7299767-2014-07-22
34,1,Disenchant,,Sideboard,3,1,UW Tron,Kaslan,93 tix,$ 341,241185,2014-07-22,Modern Daily #7299767,modern,modern-daily-7299767,modern-daily-7299767-2014-07-22
35,1,Negate,,Sideboard,3,1,UW Tron,Kaslan,93 tix,$ 341,241185,2014-07-22,Modern Daily #7299767,modern,modern-daily-7299767,modern-daily-7299767-2014-07-22
36,3,Squelch,,Sideboard,3,1,UW Tron,Kaslan,93 tix,$ 341,241185,2014-07-22,Modern Daily #7299767,modern,modern-daily-7299767,modern-daily-7299767-2014-07-22
37,2,Aven Mindcensor,,Sideboard,3,1,UW Tron,Kaslan,93 tix,$ 341,241185,2014-07-22,Modern Daily #7299767,modern,modern-daily-7299767,modern-daily-7299767-2014-07-22
38,3,Timely Reinforcements,,Sideboard,3,1,UW Tron,Kaslan,93 tix,$ 341,241185,2014-07-22,Modern Daily #7299767,modern,modern-daily-7299767,modern-daily-7299767-2014-07-22
39,1,Terastodon,,Sideboard,3,1,UW Tron,Kaslan,93 tix,$ 341,241185,2014-07-22,Modern Daily #7299767,modern,modern-daily-7299767,modern-daily-7299767-2014-07-22
1,3,Snapcaster Mage,,Creatures,3,1,UWR Control,Berg1213,328 tix,"$ 1,264",241191,2014-07-22,Modern Daily #7299767,modern,modern-daily-7299767,modern-daily-7299767-2014-07-22
2,2,Vendilion Clique,,Creatures,3,1,UWR Control,Berg1213,328 tix,"$ 1,264",241191,2014-07-22,Modern Daily #7299767,modern,modern-daily-7299767,modern-daily-7299767-2014-07-22
3,4,Restoration Angel,,Creatures,3,1,UWR Control,Berg1213,328 tix,"$ 1,264",241191,2014-07-22,Modern Daily #7299767,modern,modern-daily-7299767,modern-daily-7299767-2014-07-22
4,1,"Teferi, Mage of Zhalfir",,Creatures,3,1,UWR Control,Berg1213,328 tix,"$ 1,264",241191,2014-07-22,Modern Daily #7299767,modern,modern-daily-7299767,modern-daily-7299767-2014-07-22
6,4,Lightning Bolt,,Spells,3,1,UWR Control,Berg1213,328 tix,"$ 1,264",241191,2014-07-22,Modern Daily #7299767,modern,modern-daily-7299767,modern-daily-7299767-2014-07-22
7,3,Path to Exile,,Spells,3,1,UWR Control,Berg1213,328 tix,"$ 1,264",241191,2014-07-22,Modern Daily #7299767,modern,modern-daily-7299767,modern-daily-7299767-2014-07-22
8,3,Spell Snare,,Spells,3,1,UWR Control,Berg1213,328 tix,"$ 1,264",241191,2014-07-22,Modern Daily #7299767,modern,modern-daily-7299767,modern-daily-7299767-2014-07-22
9,2,Lightning Helix,,Spells,3,1,UWR Control,Berg1213,328 tix,"$ 1,264",241191,2014-07-22,Modern Daily #7299767,modern,modern-daily-7299767,modern-daily-7299767-2014-07-22
10,3,Mana Leak,,Spells,3,1,UWR Control,Berg1213,328 tix,"$ 1,264",241191,2014-07-22,Modern Daily #7299767,modern,modern-daily-7299767,modern-daily-7299767-2014-07-22
11,1,Remand,,Spells,3,1,UWR Control,Berg1213,328 tix,"$ 1,264",241191,2014-07-22,Modern Daily #7299767,modern,modern-daily-7299767,modern-daily-7299767-2014-07-22
12,1,Shadow of Doubt,,Spells,3,1,UWR Control,Berg1213,328 tix,"$ 1,264",241191,2014-07-22,Modern Daily #7299767,modern,modern-daily-7299767,modern-daily-7299767-2014-07-22
13,1,Anger of the Gods,,Spells,3,1,UWR Control,Berg1213,328 tix,"$ 1,264",241191,2014-07-22,Modern Daily #7299767,modern,modern-daily-7299767,modern-daily-7299767-2014-07-22
14,3,Electrolyze,,Spells,3,1,UWR Control,Berg1213,328 tix,"$ 1,264",241191,2014-07-22,Modern Daily #7299767,modern,modern-daily-7299767,modern-daily-7299767-2014-07-22
15,3,Cryptic Command,,Spells,3,1,UWR Control,Berg1213,328 tix,"$ 1,264",241191,2014-07-22,Modern Daily #7299767,modern,modern-daily-7299767,modern-daily-7299767-2014-07-22
17,4,Arid Mesa,,Lands,3,1,UWR Control,Berg1213,328 tix,"$ 1,264",241191,2014-07-22,Modern Daily #7299767,modern,modern-daily-7299767,modern-daily-7299767-2014-07-22
18,4,Celestial Colonnade,,Lands,3,1,UWR Control,Berg1213,328 tix,"$ 1,264",241191,2014-07-22,Modern Daily #7299767,modern,modern-daily-7299767,modern-daily-7299767-2014-07-22
19,2,Hallowed Fountain,,Lands,3,1,UWR Control,Berg1213,328 tix,"$ 1,264",241191,2014-07-22,Modern Daily #7299767,modern,modern-daily-7299767,modern-daily-7299767-2014-07-22
20,3,Island,,Lands,3,1,UWR Control,Berg1213,328 tix,"$ 1,264",241191,2014-07-22,Modern Daily #7299767,modern,modern-daily-7299767,modern-daily-7299767-2014-07-22
21,1,Mountain,,Lands,3,1,UWR Control,Berg1213,328 tix,"$ 1,264",241191,2014-07-22,Modern Daily #7299767,modern,modern-daily-7299767,modern-daily-7299767-2014-07-22
22,1,Plains,,Lands,3,1,UWR Control,Berg1213,328 tix,"$ 1,264",241191,2014-07-22,Modern Daily #7299767,modern,modern-daily-7299767,modern-daily-7299767-2014-07-22
23,1,Sacred Foundry,,Lands,3,1,UWR Control,Berg1213,328 tix,"$ 1,264",241191,2014-07-22,Modern Daily #7299767,modern,modern-daily-7299767,modern-daily-7299767-2014-07-22
24,4,Scalding Tarn,,Lands,3,1,UWR Control,Berg1213,328 tix,"$ 1,264",241191,2014-07-22,Modern Daily #7299767,modern,modern-daily-7299767,modern-daily-7299767-2014-07-22
25,2,Steam Vents,,Lands,3,1,UWR Control,Berg1213,328 tix,"$ 1,264",241191,2014-07-22,Modern Daily #7299767,modern,modern-daily-7299767,modern-daily-7299767-2014-07-22
26,1,Sulfur Falls,,Lands,3,1,UWR Control,Berg1213,328 tix,"$ 1,264",241191,2014-07-22,Modern Daily #7299767,modern,modern-daily-7299767,modern-daily-7299767-2014-07-22
27,3,Tectonic Edge,,Lands,3,1,UWR Control,Berg1213,328 tix,"$ 1,264",241191,2014-07-22,Modern Daily #7299767,modern,modern-daily-7299767,modern-daily-7299767-2014-07-22
29,1,Path to Exile,,Sideboard,3,1,UWR Control,Berg1213,328 tix,"$ 1,264",241191,2014-07-22,Modern Daily #7299767,modern,modern-daily-7299767,modern-daily-7299767-2014-07-22
30,3,Relic of Progenitus,,Sideboard,3,1,UWR Control,Berg1213,328 tix,"$ 1,264",241191,2014-07-22,Modern Daily #7299767,modern,modern-daily-7299767,modern-daily-7299767-2014-07-22
31,1,Celestial Purge,,Sideboard,3,1,UWR Control,Berg1213,328 tix,"$ 1,264",241191,2014-07-22,Modern Daily #7299767,modern,modern-daily-7299767,modern-daily-7299767-2014-07-22
32,1,Negate,,Sideboard,3,1,UWR Control,Berg1213,328 tix,"$ 1,264",241191,2014-07-22,Modern Daily #7299767,modern,modern-daily-7299767,modern-daily-7299767-2014-07-22
33,1,Spellskite,,Sideboard,3,1,UWR Control,Berg1213,328 tix,"$ 1,264",241191,2014-07-22,Modern Daily #7299767,modern,modern-daily-7299767,modern-daily-7299767-2014-07-22
34,2,Stony Silence,,Sideboard,3,1,UWR Control,Berg1213,328 tix,"$ 1,264",241191,2014-07-22,Modern Daily #7299767,modern,modern-daily-7299767,modern-daily-7299767-2014-07-22
35,1,Aven Mindcensor,,Sideboard,3,1,UWR Control,Berg1213,328 tix,"$ 1,264",241191,2014-07-22,Modern Daily #7299767,modern,modern-daily-7299767,modern-daily-7299767-2014-07-22
36,2,Counterflux,,Sideboard,3,1,UWR Control,Berg1213,328 tix,"$ 1,264",241191,2014-07-22,Modern Daily #7299767,modern,modern-daily-7299767,modern-daily-7299767-2014-07-22
37,2,Wrath of God,,Sideboard,3,1,UWR Control,Berg1213,328 tix,"$ 1,264",241191,2014-07-22,Modern Daily #7299767,modern,modern-daily-7299767,modern-daily-7299767-2014-07-22
38,1,"Keranos, God of Storms",,Sideboard,3,1,UWR Control,Berg1213,328 tix,"$ 1,264",241191,2014-07-22,Modern Daily #7299767,modern,modern-daily-7299767,modern-daily-7299767-2014-07-22
1,3,Snapcaster Mage,,Creatures,3,1,UWR Control,the_royce,290 tix,"$ 1,154",241195,2014-07-22,Modern Daily #7299767,modern,modern-daily-7299767,modern-daily-7299767-2014-07-22
2,4,Wall of Omens,,Creatures,3,1,UWR Control,the_royce,290 tix,"$ 1,154",241195,2014-07-22,Modern Daily #7299767,modern,modern-daily-7299767,modern-daily-7299767-2014-07-22
3,1,Vendilion Clique,,Creatures,3,1,UWR Control,the_royce,290 tix,"$ 1,154",241195,2014-07-22,Modern Daily #7299767,modern,modern-daily-7299767,modern-daily-7299767-2014-07-22
4,4,Restoration Angel,,Creatures,3,1,UWR Control,the_royce,290 tix,"$ 1,154",241195,2014-07-22,Modern Daily #7299767,modern,modern-daily-7299767,modern-daily-7299767-2014-07-22
6,4,Lightning Bolt,,Spells,3,1,UWR Control,the_royce,290 tix,"$ 1,154",241195,2014-07-22,Modern Daily #7299767,modern,modern-daily-7299767,modern-daily-7299767-2014-07-22
7,3,Path to Exile,,Spells,3,1,UWR Control,the_royce,290 tix,"$ 1,154",241195,2014-07-22,Modern Daily #7299767,modern,modern-daily-7299767,modern-daily-7299767-2014-07-22
8,1,Spell Snare,,Spells,3,1,UWR Control,the_royce,290 tix,"$ 1,154",241195,2014-07-22,Modern Daily #7299767,modern,modern-daily-7299767,modern-daily-7299767-2014-07-22
9,2,Izzet Charm,,Spells,3,1,UWR Control,the_royce,290 tix,"$ 1,154",241195,2014-07-22,Modern Daily #7299767,modern,modern-daily-7299767,modern-daily-7299767-2014-07-22
10,3,Mana Leak,,Spells,3,1,UWR Control,the_royce,290 tix,"$ 1,154",241195,2014-07-22,Modern Daily #7299767,modern,modern-daily-7299767,modern-daily-7299767-2014-07-22
11,3,Remand,,Spells,3,1,UWR Control,the_royce,290 tix,"$ 1,154",241195,2014-07-22,Modern Daily #7299767,modern,modern-daily-7299767,modern-daily-7299767-2014-07-22
12,3,Electrolyze,,Spells,3,1,UWR Control,the_royce,290 tix,"$ 1,154",241195,2014-07-22,Modern Daily #7299767,modern,modern-daily-7299767,modern-daily-7299767-2014-07-22
13,1,Sphinx's Revelation,,Spells,3,1,UWR Control,the_royce,290 tix,"$ 1,154",241195,2014-07-22,Modern Daily #7299767,modern,modern-daily-7299767,modern-daily-7299767-2014-07-22
14,2,Cryptic Command,,Spells,3,1,UWR Control,the_royce,290 tix,"$ 1,154",241195,2014-07-22,Modern Daily #7299767,modern,modern-daily-7299767,modern-daily-7299767-2014-07-22
16,3,Arid Mesa,,Lands,3,1,UWR Control,the_royce,290 tix,"$ 1,154",241195,2014-07-22,Modern Daily #7299767,modern,modern-daily-7299767,modern-daily-7299767-2014-07-22
17,4,Celestial Colonnade,,Lands,3,1,UWR Control,the_royce,290 tix,"$ 1,154",241195,2014-07-22,Modern Daily #7299767,modern,modern-daily-7299767,modern-daily-7299767-2014-07-22
18,1,Glacial Fortress,,Lands,3,1,UWR Control,the_royce,290 tix,"$ 1,154",241195,2014-07-22,Modern Daily #7299767,modern,modern-daily-7299767,modern-daily-7299767-2014-07-22
19,2,Hallowed Fountain,,Lands,3,1,UWR Control,the_royce,290 tix,"$ 1,154",241195,2014-07-22,Modern Daily #7299767,modern,modern-daily-7299767,modern-daily-7299767-2014-07-22
20,3,Island,,Lands,3,1,UWR Control,the_royce,290 tix,"$ 1,154",241195,2014-07-22,Modern Daily #7299767,modern,modern-daily-7299767,modern-daily-7299767-2014-07-22
21,1,Mountain,,Lands,3,1,UWR Control,the_royce,290 tix,"$ 1,154",241195,2014-07-22,Modern Daily #7299767,modern,modern-daily-7299767,modern-daily-7299767-2014-07-22
22,1,Plains,,Lands,3,1,UWR Control,the_royce,290 tix,"$ 1,154",241195,2014-07-22,Modern Daily #7299767,modern,modern-daily-7299767,modern-daily-7299767-2014-07-22
23,1,Sacred Foundry,,Lands,3,1,UWR Control,the_royce,290 tix,"$ 1,154",241195,2014-07-22,Modern Daily #7299767,modern,modern-daily-7299767,modern-daily-7299767-2014-07-22
24,4,Scalding Tarn,,Lands,3,1,UWR Control,the_royce,290 tix,"$ 1,154",241195,2014-07-22,Modern Daily #7299767,modern,modern-daily-7299767,modern-daily-7299767-2014-07-22
25,2,Steam Vents,,Lands,3,1,UWR Control,the_royce,290 tix,"$ 1,154",241195,2014-07-22,Modern Daily #7299767,modern,modern-daily-7299767,modern-daily-7299767-2014-07-22
26,1,Sulfur Falls,,Lands,3,1,UWR Control,the_royce,290 tix,"$ 1,154",241195,2014-07-22,Modern Daily #7299767,modern,modern-daily-7299767,modern-daily-7299767-2014-07-22
27,3,Tectonic Edge,,Lands,3,1,UWR Control,the_royce,290 tix,"$ 1,154",241195,2014-07-22,Modern Daily #7299767,modern,modern-daily-7299767,modern-daily-7299767-2014-07-22
29,1,Wear & Tear,,Sideboard,3,1,UWR Control,the_royce,290 tix,"$ 1,154",241195,2014-07-22,Modern Daily #7299767,modern,modern-daily-7299767,modern-daily-7299767-2014-07-22
30,1,Dispel,,Sideboard,3,1,UWR Control,the_royce,290 tix,"$ 1,154",241195,2014-07-22,Modern Daily #7299767,modern,modern-daily-7299767,modern-daily-7299767-2014-07-22
31,2,Relic of Progenitus,,Sideboard,3,1,UWR Control,the_royce,290 tix,"$ 1,154",241195,2014-07-22,Modern Daily #7299767,modern,modern-daily-7299767,modern-daily-7299767-2014-07-22
32,1,Celestial Purge,,Sideboard,3,1,UWR Control,the_royce,290 tix,"$ 1,154",241195,2014-07-22,Modern Daily #7299767,modern,modern-daily-7299767,modern-daily-7299767-2014-07-22
33,1,Shadow of Doubt,,Sideboard,3,1,UWR Control,the_royce,290 tix,"$ 1,154",241195,2014-07-22,Modern Daily #7299767,modern,modern-daily-7299767,modern-daily-7299767-2014-07-22
34,2,Stony Silence,,Sideboard,3,1,UWR Control,the_royce,290 tix,"$ 1,154",241195,2014-07-22,Modern Daily #7299767,modern,modern-daily-7299767,modern-daily-7299767-2014-07-22
35,1,Aven Mindcensor,,Sideboard,3,1,UWR Control,the_royce,290 tix,"$ 1,154",241195,2014-07-22,Modern Daily #7299767,modern,modern-daily-7299767,modern-daily-7299767-2014-07-22
36,2,Counterflux,,Sideboard,3,1,UWR Control,the_royce,290 tix,"$ 1,154",241195,2014-07-22,Modern Daily #7299767,modern,modern-daily-7299767,modern-daily-7299767-2014-07-22
37,1,Timely Reinforcements,,Sideboard,3,1,UWR Control,the_royce,290 tix,"$ 1,154",241195,2014-07-22,Modern Daily #7299767,modern,modern-daily-7299767,modern-daily-7299767-2014-07-22
38,2,Sowing Salt,,Sideboard,3,1,UWR Control,the_royce,290 tix,"$ 1,154",241195,2014-07-22,Modern Daily #7299767,modern,modern-daily-7299767,modern-daily-7299767-2014-07-22
39,1,Supreme Verdict,,Sideboard,3,1,UWR Control,the_royce,290 tix,"$ 1,154",241195,2014-07-22,Modern Daily #7299767,modern,modern-daily-7299767,modern-daily-7299767-2014-07-22
1,4,Snapcaster Mage,,Creatures,3,1,UWR Control,krazykirby4,435 tix,"$ 1,458",241197,2014-07-22,Modern Daily #7299767,modern,modern-daily-7299767,modern-daily-7299767-2014-07-22
2,4,Geist of Saint Traft,,Creatures,3,1,UWR Control,krazykirby4,435 tix,"$ 1,458",241197,2014-07-22,Modern Daily #7299767,modern,modern-daily-7299767,modern-daily-7299767-2014-07-22
3,3,Vendilion Clique,,Creatures,3,1,UWR Control,krazykirby4,435 tix,"$ 1,458",241197,2014-07-22,Modern Daily #7299767,modern,modern-daily-7299767,modern-daily-7299767-2014-07-22
4,3,Restoration Angel,,Creatures,3,1,UWR Control,krazykirby4,435 tix,"$ 1,458",241197,2014-07-22,Modern Daily #7299767,modern,modern-daily-7299767,modern-daily-7299767-2014-07-22
5,1,"Keranos, God of Storms",,Creatures,3,1,UWR Control,krazykirby4,435 tix,"$ 1,458",241197,2014-07-22,Modern Daily #7299767,modern,modern-daily-7299767,modern-daily-7299767-2014-07-22
7,4,Lightning Bolt,,Spells,3,1,UWR Control,krazykirby4,435 tix,"$ 1,458",241197,2014-07-22,Modern Daily #7299767,modern,modern-daily-7299767,modern-daily-7299767-2014-07-22
8,4,Path to Exile,,Spells,3,1,UWR Control,krazykirby4,435 tix,"$ 1,458",241197,2014-07-22,Modern Daily #7299767,modern,modern-daily-7299767,modern-daily-7299767-2014-07-22
9,4,Lightning Helix,,Spells,3,1,UWR Control,krazykirby4,435 tix,"$ 1,458",241197,2014-07-22,Modern Daily #7299767,modern,modern-daily-7299767,modern-daily-7299767-2014-07-22
10,4,Remand,,Spells,3,1,UWR Control,krazykirby4,435 tix,"$ 1,458",241197,2014-07-22,Modern Daily #7299767,modern,modern-daily-7299767,modern-daily-7299767-2014-07-22
11,3,Electrolyze,,Spells,3,1,UWR Control,krazykirby4,435 tix,"$ 1,458",241197,2014-07-22,Modern Daily #7299767,modern,modern-daily-7299767,modern-daily-7299767-2014-07-22
13,1,Batterskull,,Artifacts,3,1,UWR Control,krazykirby4,435 tix,"$ 1,458",241197,2014-07-22,Modern Daily #7299767,modern,modern-daily-7299767,modern-daily-7299767-2014-07-22
15,4,Arid Mesa,,Lands,3,1,UWR Control,krazykirby4,435 tix,"$ 1,458",241197,2014-07-22,Modern Daily #7299767,modern,modern-daily-7299767,modern-daily-7299767-2014-07-22
16,4,Celestial Colonnade,,Lands,3,1,UWR Control,krazykirby4,435 tix,"$ 1,458",241197,2014-07-22,Modern Daily #7299767,modern,modern-daily-7299767,modern-daily-7299767-2014-07-22
17,1,Eiganjo Castle,,Lands,3,1,UWR Control,krazykirby4,435 tix,"$ 1,458",241197,2014-07-22,Modern Daily #7299767,modern,modern-daily-7299767,modern-daily-7299767-2014-07-22
18,2,Ghost Quarter,,Lands,3,1,UWR Control,krazykirby4,435 tix,"$ 1,458",241197,2014-07-22,Modern Daily #7299767,modern,modern-daily-7299767,modern-daily-7299767-2014-07-22
19,1,Hallowed Fountain,,Lands,3,1,UWR Control,krazykirby4,435 tix,"$ 1,458",241197,2014-07-22,Modern Daily #7299767,modern,modern-daily-7299767,modern-daily-7299767-2014-07-22
20,2,Island,,Lands,3,1,UWR Control,krazykirby4,435 tix,"$ 1,458",241197,2014-07-22,Modern Daily #7299767,modern,modern-daily-7299767,modern-daily-7299767-2014-07-22
21,1,Moorland Haunt,,Lands,3,1,UWR Control,krazykirby4,435 tix,"$ 1,458",241197,2014-07-22,Modern Daily #7299767,modern,modern-daily-7299767,modern-daily-7299767-2014-07-22
22,1,Mountain,,Lands,3,1,UWR Control,krazykirby4,435 tix,"$ 1,458",241197,2014-07-22,Modern Daily #7299767,modern,modern-daily-7299767,modern-daily-7299767-2014-07-22
23,1,Plains,,Lands,3,1,UWR Control,krazykirby4,435 tix,"$ 1,458",241197,2014-07-22,Modern Daily #7299767,modern,modern-daily-7299767,modern-daily-7299767-2014-07-22
24,1,Sacred Foundry,,Lands,3,1,UWR Control,krazykirby4,435 tix,"$ 1,458",241197,2014-07-22,Modern Daily #7299767,modern,modern-daily-7299767,modern-daily-7299767-2014-07-22
25,4,Scalding Tarn,,Lands,3,1,UWR Control,krazykirby4,435 tix,"$ 1,458",241197,2014-07-22,Modern Daily #7299767,modern,modern-daily-7299767,modern-daily-7299767-2014-07-22
26,2,Steam Vents,,Lands,3,1,UWR Control,krazykirby4,435 tix,"$ 1,458",241197,2014-07-22,Modern Daily #7299767,modern,modern-daily-7299767,modern-daily-7299767-2014-07-22
27,1,Sulfur Falls,,Lands,3,1,UWR Control,krazykirby4,435 tix,"$ 1,458",241197,2014-07-22,Modern Daily #7299767,modern,modern-daily-7299767,modern-daily-7299767-2014-07-22
29,2,Engineered Explosives,,Sideboard,3,1,UWR Control,krazykirby4,435 tix,"$ 1,458",241197,2014-07-22,Modern Daily #7299767,modern,modern-daily-7299767,modern-daily-7299767-2014-07-22
30,2,Wear & Tear,,Sideboard,3,1,UWR Control,krazykirby4,435 tix,"$ 1,458",241197,2014-07-22,Modern Daily #7299767,modern,modern-daily-7299767,modern-daily-7299767-2014-07-22
31,2,Pillar of Flame,,Sideboard,3,1,UWR Control,krazykirby4,435 tix,"$ 1,458",241197,2014-07-22,Modern Daily #7299767,modern,modern-daily-7299767,modern-daily-7299767-2014-07-22
32,1,Celestial Purge,,Sideboard,3,1,UWR Control,krazykirby4,435 tix,"$ 1,458",241197,2014-07-22,Modern Daily #7299767,modern,modern-daily-7299767,modern-daily-7299767-2014-07-22
33,1,Combust,,Sideboard,3,1,UWR Control,krazykirby4,435 tix,"$ 1,458",241197,2014-07-22,Modern Daily #7299767,modern,modern-daily-7299767,modern-daily-7299767-2014-07-22
34,1,Anger of the Gods,,Sideboard,3,1,UWR Control,krazykirby4,435 tix,"$ 1,458",241197,2014-07-22,Modern Daily #7299767,modern,modern-daily-7299767,modern-daily-7299767-2014-07-22
35,3,Aven Mindcensor,,Sideboard,3,1,UWR Control,krazykirby4,435 tix,"$ 1,458",241197,2014-07-22,Modern Daily #7299767,modern,modern-daily-7299767,modern-daily-7299767-2014-07-22
36,2,Counterflux,,Sideboard,3,1,UWR Control,krazykirby4,435 tix,"$ 1,458",241197,2014-07-22,Modern Daily #7299767,modern,modern-daily-7299767,modern-daily-7299767-2014-07-22
37,1,Batterskull,,Sideboard,3,1,UWR Control,krazykirby4,435 tix,"$ 1,458",241197,2014-07-22,Modern Daily #7299767,modern,modern-daily-7299767,modern-daily-7299767-2014-07-22
1,4,Snapcaster Mage,,Creatures,3,1,UWR Control,Citrus,297 tix,"$ 1,322",241198,2014-07-22,Modern Daily #7299767,modern,modern-daily-7299767,modern-daily-7299767-2014-07-22
3,1,Ajani Vengeant,,Planeswalkers,3,1,UWR Control,Citrus,297 tix,"$ 1,322",241198,2014-07-22,Modern Daily #7299767,modern,modern-daily-7299767,modern-daily-7299767-2014-07-22
5,4,Lightning Bolt,,Spells,3,1,UWR Control,Citrus,297 tix,"$ 1,322",241198,2014-07-22,Modern Daily #7299767,modern,modern-daily-7299767,modern-daily-7299767-2014-07-22
6,3,Path to Exile,,Spells,3,1,UWR Control,Citrus,297 tix,"$ 1,322",241198,2014-07-22,Modern Daily #7299767,modern,modern-daily-7299767,modern-daily-7299767-2014-07-22
7,3,Spell Snare,,Spells,3,1,UWR Control,Citrus,297 tix,"$ 1,322",241198,2014-07-22,Modern Daily #7299767,modern,modern-daily-7299767,modern-daily-7299767-2014-07-22
8,2,Lightning Helix,,Spells,3,1,UWR Control,Citrus,297 tix,"$ 1,322",241198,2014-07-22,Modern Daily #7299767,modern,modern-daily-7299767,modern-daily-7299767-2014-07-22
9,2,Mana Leak,,Spells,3,1,UWR Control,Citrus,297 tix,"$ 1,322",241198,2014-07-22,Modern Daily #7299767,modern,modern-daily-7299767,modern-daily-7299767-2014-07-22
10,2,Remand,,Spells,3,1,UWR Control,Citrus,297 tix,"$ 1,322",241198,2014-07-22,Modern Daily #7299767,modern,modern-daily-7299767,modern-daily-7299767-2014-07-22
11,1,Shadow of Doubt,,Spells,3,1,UWR Control,Citrus,297 tix,"$ 1,322",241198,2014-07-22,Modern Daily #7299767,modern,modern-daily-7299767,modern-daily-7299767-2014-07-22
12,4,Electrolyze,,Spells,3,1,UWR Control,Citrus,297 tix,"$ 1,322",241198,2014-07-22,Modern Daily #7299767,modern,modern-daily-7299767,modern-daily-7299767-2014-07-22
13,2,Sphinx's Revelation,,Spells,3,1,UWR Control,Citrus,297 tix,"$ 1,322",241198,2014-07-22,Modern Daily #7299767,modern,modern-daily-7299767,modern-daily-7299767-2014-07-22
14,4,Cryptic Command,,Spells,3,1,UWR Control,Citrus,297 tix,"$ 1,322",241198,2014-07-22,Modern Daily #7299767,modern,modern-daily-7299767,modern-daily-7299767-2014-07-22
15,1,Supreme Verdict,,Spells,3,1,UWR Control,Citrus,297 tix,"$ 1,322",241198,2014-07-22,Modern Daily #7299767,modern,modern-daily-7299767,modern-daily-7299767-2014-07-22
16,1,Wrath of God,,Spells,3,1,UWR Control,Citrus,297 tix,"$ 1,322",241198,2014-07-22,Modern Daily #7299767,modern,modern-daily-7299767,modern-daily-7299767-2014-07-22
18,2,Arid Mesa,,Lands,3,1,UWR Control,Citrus,297 tix,"$ 1,322",241198,2014-07-22,Modern Daily #7299767,modern,modern-daily-7299767,modern-daily-7299767-2014-07-22
19,4,Celestial Colonnade,,Lands,3,1,UWR Control,Citrus,297 tix,"$ 1,322",241198,2014-07-22,Modern Daily #7299767,modern,modern-daily-7299767,modern-daily-7299767-2014-07-22
20,2,Hallowed Fountain,,Lands,3,1,UWR Control,Citrus,297 tix,"$ 1,322",241198,2014-07-22,Modern Daily #7299767,modern,modern-daily-7299767,modern-daily-7299767-2014-07-22
21,3,Island,,Lands,3,1,UWR Control,Citrus,297 tix,"$ 1,322",241198,2014-07-22,Modern Daily #7299767,modern,modern-daily-7299767,modern-daily-7299767-2014-07-22
22,1,Mountain,,Lands,3,1,UWR Control,Citrus,297 tix,"$ 1,322",241198,2014-07-22,Modern Daily #7299767,modern,modern-daily-7299767,modern-daily-7299767-2014-07-22
23,1,Plains,,Lands,3,1,UWR Control,Citrus,297 tix,"$ 1,322",241198,2014-07-22,Modern Daily #7299767,modern,modern-daily-7299767,modern-daily-7299767-2014-07-22
24,1,Sacred Foundry,,Lands,3,1,UWR Control,Citrus,297 tix,"$ 1,322",241198,2014-07-22,Modern Daily #7299767,modern,modern-daily-7299767,modern-daily-7299767-2014-07-22
25,4,Scalding Tarn,,Lands,3,1,UWR Control,Citrus,297 tix,"$ 1,322",241198,2014-07-22,Modern Daily #7299767,modern,modern-daily-7299767,modern-daily-7299767-2014-07-22
26,2,Steam Vents,,Lands,3,1,UWR Control,Citrus,297 tix,"$ 1,322",241198,2014-07-22,Modern Daily #7299767,modern,modern-daily-7299767,modern-daily-7299767-2014-07-22
27,3,Sulfur Falls,,Lands,3,1,UWR Control,Citrus,297 tix,"$ 1,322",241198,2014-07-22,Modern Daily #7299767,modern,modern-daily-7299767,modern-daily-7299767-2014-07-22
28,3,Tectonic Edge,,Lands,3,1,UWR Control,Citrus,297 tix,"$ 1,322",241198,2014-07-22,Modern Daily #7299767,modern,modern-daily-7299767,modern-daily-7299767-2014-07-22
30,2,Wear & Tear,,Sideboard,3,1,UWR Control,Citrus,297 tix,"$ 1,322",241198,2014-07-22,Modern Daily #7299767,modern,modern-daily-7299767,modern-daily-7299767-2014-07-22
31,2,Porphyry Nodes,,Sideboard,3,1,UWR Control,Citrus,297 tix,"$ 1,322",241198,2014-07-22,Modern Daily #7299767,modern,modern-daily-7299767,modern-daily-7299767-2014-07-22
32,2,Relic of Progenitus,,Sideboard,3,1,UWR Control,Citrus,297 tix,"$ 1,322",241198,2014-07-22,Modern Daily #7299767,modern,modern-daily-7299767,modern-daily-7299767-2014-07-22
33,2,Celestial Purge,,Sideboard,3,1,UWR Control,Citrus,297 tix,"$ 1,322",241198,2014-07-22,Modern Daily #7299767,modern,modern-daily-7299767,modern-daily-7299767-2014-07-22
34,1,Spellskite,,Sideboard,3,1,UWR Control,Citrus,297 tix,"$ 1,322",241198,2014-07-22,Modern Daily #7299767,modern,modern-daily-7299767,modern-daily-7299767-2014-07-22
35,2,Stony Silence,,Sideboard,3,1,UWR Control,Citrus,297 tix,"$ 1,322",241198,2014-07-22,Modern Daily #7299767,modern,modern-daily-7299767,modern-daily-7299767-2014-07-22
36,1,Anger of the Gods,,Sideboard,3,1,UWR Control,Citrus,297 tix,"$ 1,322",241198,2014-07-22,Modern Daily #7299767,modern,modern-daily-7299767,modern-daily-7299767-2014-07-22
37,2,Counterflux,,Sideboard,3,1,UWR Control,Citrus,297 tix,"$ 1,322",241198,2014-07-22,Modern Daily #7299767,modern,modern-daily-7299767,modern-daily-7299767-2014-07-22
38,1,Crucible of Worlds,,Sideboard,3,1,UWR Control,Citrus,297 tix,"$ 1,322",241198,2014-07-22,Modern Daily #7299767,modern,modern-daily-7299767,modern-daily-7299767-2014-07-22
1,3,Snapcaster Mage,,Creatures,3,1,UWR Control,Destraschul,273 tix,"$ 1,115",241201,2014-07-22,Modern Daily #7299767,modern,modern-daily-7299767,modern-daily-7299767-2014-07-22
2,3,Wall of Omens,,Creatures,3,1,UWR Control,Destraschul,273 tix,"$ 1,115",241201,2014-07-22,Modern Daily #7299767,modern,modern-daily-7299767,modern-daily-7299767-2014-07-22
3,4,Restoration Angel,,Creatures,3,1,UWR Control,Destraschul,273 tix,"$ 1,115",241201,2014-07-22,Modern Daily #7299767,modern,modern-daily-7299767,modern-daily-7299767-2014-07-22
4,3,"Kiki-Jiki, Mirror Breaker",,Creatures,3,1,UWR Control,Destraschul,273 tix,"$ 1,115",241201,2014-07-22,Modern Daily #7299767,modern,modern-daily-7299767,modern-daily-7299767-2014-07-22
6,1,Ajani Vengeant,,Planeswalkers,3,1,UWR Control,Destraschul,273 tix,"$ 1,115",241201,2014-07-22,Modern Daily #7299767,modern,modern-daily-7299767,modern-daily-7299767-2014-07-22
8,3,Lightning Bolt,,Spells,3,1,UWR Control,Destraschul,273 tix,"$ 1,115",241201,2014-07-22,Modern Daily #7299767,modern,modern-daily-7299767,modern-daily-7299767-2014-07-22
9,4,Path to Exile,,Spells,3,1,UWR Control,Destraschul,273 tix,"$ 1,115",241201,2014-07-22,Modern Daily #7299767,modern,modern-daily-7299767,modern-daily-7299767-2014-07-22
10,1,Spell Snare,,Spells,3,1,UWR Control,Destraschul,273 tix,"$ 1,115",241201,2014-07-22,Modern Daily #7299767,modern,modern-daily-7299767,modern-daily-7299767-2014-07-22
11,4,Mana Leak,,Spells,3,1,UWR Control,Destraschul,273 tix,"$ 1,115",241201,2014-07-22,Modern Daily #7299767,modern,modern-daily-7299767,modern-daily-7299767-2014-07-22
12,3,Remand,,Spells,3,1,UWR Control,Destraschul,273 tix,"$ 1,115",241201,2014-07-22,Modern Daily #7299767,modern,modern-daily-7299767,modern-daily-7299767-2014-07-22
13,4,Electrolyze,,Spells,3,1,UWR Control,Destraschul,273 tix,"$ 1,115",241201,2014-07-22,Modern Daily #7299767,modern,modern-daily-7299767,modern-daily-7299767-2014-07-22
14,1,Sphinx's Revelation,,Spells,3,1,UWR Control,Destraschul,273 tix,"$ 1,115",241201,2014-07-22,Modern Daily #7299767,modern,modern-daily-7299767,modern-daily-7299767-2014-07-22
16,3,Arid Mesa,,Lands,3,1,UWR Control,Destraschul,273 tix,"$ 1,115",241201,2014-07-22,Modern Daily #7299767,modern,modern-daily-7299767,modern-daily-7299767-2014-07-22
17,1,Cascade Bluffs,,Lands,3,1,UWR Control,Destraschul,273 tix,"$ 1,115",241201,2014-07-22,Modern Daily #7299767,modern,modern-daily-7299767,modern-daily-7299767-2014-07-22
18,4,Celestial Colonnade,,Lands,3,1,UWR Control,Destraschul,273 tix,"$ 1,115",241201,2014-07-22,Modern Daily #7299767,modern,modern-daily-7299767,modern-daily-7299767-2014-07-22
19,1,Desolate Lighthouse,,Lands,3,1,UWR Control,Destraschul,273 tix,"$ 1,115",241201,2014-07-22,Modern Daily #7299767,modern,modern-daily-7299767,modern-daily-7299767-2014-07-22
20,1,Hallowed Fountain,,Lands,3,1,UWR Control,Destraschul,273 tix,"$ 1,115",241201,2014-07-22,Modern Daily #7299767,modern,modern-daily-7299767,modern-daily-7299767-2014-07-22
21,2,Island,,Lands,3,1,UWR Control,Destraschul,273 tix,"$ 1,115",241201,2014-07-22,Modern Daily #7299767,modern,modern-daily-7299767,modern-daily-7299767-2014-07-22
22,1,Mountain,,Lands,3,1,UWR Control,Destraschul,273 tix,"$ 1,115",241201,2014-07-22,Modern Daily #7299767,modern,modern-daily-7299767,modern-daily-7299767-2014-07-22
23,2,Plains,,Lands,3,1,UWR Control,Destraschul,273 tix,"$ 1,115",241201,2014-07-22,Modern Daily #7299767,modern,modern-daily-7299767,modern-daily-7299767-2014-07-22
24,1,Sacred Foundry,,Lands,3,1,UWR Control,Destraschul,273 tix,"$ 1,115",241201,2014-07-22,Modern Daily #7299767,modern,modern-daily-7299767,modern-daily-7299767-2014-07-22
25,4,Scalding Tarn,,Lands,3,1,UWR Control,Destraschul,273 tix,"$ 1,115",241201,2014-07-22,Modern Daily #7299767,modern,modern-daily-7299767,modern-daily-7299767-2014-07-22
26,2,Steam Vents,,Lands,3,1,UWR Control,Destraschul,273 tix,"$ 1,115",241201,2014-07-22,Modern Daily #7299767,modern,modern-daily-7299767,modern-daily-7299767-2014-07-22
27,2,Sulfur Falls,,Lands,3,1,UWR Control,Destraschul,273 tix,"$ 1,115",241201,2014-07-22,Modern Daily #7299767,modern,modern-daily-7299767,modern-daily-7299767-2014-07-22
28,2,Tectonic Edge,,Lands,3,1,UWR Control,Destraschul,273 tix,"$ 1,115",241201,2014-07-22,Modern Daily #7299767,modern,modern-daily-7299767,modern-daily-7299767-2014-07-22
30,2,Wear & Tear,,Sideboard,3,1,UWR Control,Destraschul,273 tix,"$ 1,115",241201,2014-07-22,Modern Daily #7299767,modern,modern-daily-7299767,modern-daily-7299767-2014-07-22
31,1,Dispel,,Sideboard,3,1,UWR Control,Destraschul,273 tix,"$ 1,115",241201,2014-07-22,Modern Daily #7299767,modern,modern-daily-7299767,modern-daily-7299767-2014-07-22
32,2,Relic of Progenitus,,Sideboard,3,1,UWR Control,Destraschul,273 tix,"$ 1,115",241201,2014-07-22,Modern Daily #7299767,modern,modern-daily-7299767,modern-daily-7299767-2014-07-22
33,2,Kor Firewalker,,Sideboard,3,1,UWR Control,Destraschul,273 tix,"$ 1,115",241201,2014-07-22,Modern Daily #7299767,modern,modern-daily-7299767,modern-daily-7299767-2014-07-22
34,1,Spellskite,,Sideboard,3,1,UWR Control,Destraschul,273 tix,"$ 1,115",241201,2014-07-22,Modern Daily #7299767,modern,modern-daily-7299767,modern-daily-7299767-2014-07-22
35,1,Stony Silence,,Sideboard,3,1,UWR Control,Destraschul,273 tix,"$ 1,115",241201,2014-07-22,Modern Daily #7299767,modern,modern-daily-7299767,modern-daily-7299767-2014-07-22
36,2,Counterflux,,Sideboard,3,1,UWR Control,Destraschul,273 tix,"$ 1,115",241201,2014-07-22,Modern Daily #7299767,modern,modern-daily-7299767,modern-daily-7299767-2014-07-22
37,1,Threads of Disloyalty,,Sideboard,3,1,UWR Control,Destraschul,273 tix,"$ 1,115",241201,2014-07-22,Modern Daily #7299767,modern,modern-daily-7299767,modern-daily-7299767-2014-07-22
38,1,Timely Reinforcements,,Sideboard,3,1,UWR Control,Destraschul,273 tix,"$ 1,115",241201,2014-07-22,Modern Daily #7299767,modern,modern-daily-7299767,modern-daily-7299767-2014-07-22
39,2,Wrath of God,,Sideboard,3,1,UWR Control,Destraschul,273 tix,"$ 1,115",241201,2014-07-22,Modern Daily #7299767,modern,modern-daily-7299767,modern-daily-7299767-2014-07-22
1,4,Dark Confidant,,Creatures,6,0,Junk,robgladiator90,573 tix,"$ 1,857",241082,2014-07-21,Modern Premier #7299721,modern,modern-premier-7299721,modern-premier-7299721-2014-07-21
2,4,Scavenging Ooze,,Creatures,6,0,Junk,robgladiator90,573 tix,"$ 1,857",241082,2014-07-21,Modern Premier #7299721,modern,modern-premier-7299721,modern-premier-7299721-2014-07-21
3,4,Tarmogoyf,,Creatures,6,0,Junk,robgladiator90,573 tix,"$ 1,857",241082,2014-07-21,Modern Premier #7299721,modern,modern-premier-7299721,modern-premier-7299721-2014-07-21
5,4,Liliana of the Veil,,Planeswalkers,6,0,Junk,robgladiator90,573 tix,"$ 1,857",241082,2014-07-21,Modern Premier #7299721,modern,modern-premier-7299721,modern-premier-7299721-2014-07-21
7,2,Slaughter Pact,,Spells,6,0,Junk,robgladiator90,573 tix,"$ 1,857",241082,2014-07-21,Modern Premier #7299721,modern,modern-premier-7299721,modern-premier-7299721-2014-07-21
8,1,Disfigure,,Spells,6,0,Junk,robgladiator90,573 tix,"$ 1,857",241082,2014-07-21,Modern Premier #7299721,modern,modern-premier-7299721,modern-premier-7299721-2014-07-21
9,3,Inquisition of Kozilek,,Spells,6,0,Junk,robgladiator90,573 tix,"$ 1,857",241082,2014-07-21,Modern Premier #7299721,modern,modern-premier-7299721,modern-premier-7299721-2014-07-21
10,4,Thoughtseize,,Spells,6,0,Junk,robgladiator90,573 tix,"$ 1,857",241082,2014-07-21,Modern Premier #7299721,modern,modern-premier-7299721,modern-premier-7299721-2014-07-21
11,4,Abrupt Decay,,Spells,6,0,Junk,robgladiator90,573 tix,"$ 1,857",241082,2014-07-21,Modern Premier #7299721,modern,modern-premier-7299721,modern-premier-7299721-2014-07-21
12,1,Dismember,,Spells,6,0,Junk,robgladiator90,573 tix,"$ 1,857",241082,2014-07-21,Modern Premier #7299721,modern,modern-premier-7299721,modern-premier-7299721-2014-07-21
13,4,Lingering Souls,,Spells,6,0,Junk,robgladiator90,573 tix,"$ 1,857",241082,2014-07-21,Modern Premier #7299721,modern,modern-premier-7299721,modern-premier-7299721-2014-07-21
14,1,Maelstrom Pulse,,Spells,6,0,Junk,robgladiator90,573 tix,"$ 1,857",241082,2014-07-21,Modern Premier #7299721,modern,modern-premier-7299721,modern-premier-7299721-2014-07-21
16,2,Forest,,Lands,6,0,Junk,robgladiator90,573 tix,"$ 1,857",241082,2014-07-21,Modern Premier #7299721,modern,modern-premier-7299721,modern-premier-7299721-2014-07-21
17,1,Godless Shrine,,Lands,6,0,Junk,robgladiator90,573 tix,"$ 1,857",241082,2014-07-21,Modern Premier #7299721,modern,modern-premier-7299721,modern-premier-7299721-2014-07-21
18,3,Marsh Flats,,Lands,6,0,Junk,robgladiator90,573 tix,"$ 1,857",241082,2014-07-21,Modern Premier #7299721,modern,modern-premier-7299721,modern-premier-7299721-2014-07-21
19,2,Overgrown Tomb,,Lands,6,0,Junk,robgladiator90,573 tix,"$ 1,857",241082,2014-07-21,Modern Premier #7299721,modern,modern-premier-7299721,modern-premier-7299721-2014-07-21
20,2,Swamp,,Lands,6,0,Junk,robgladiator90,573 tix,"$ 1,857",241082,2014-07-21,Modern Premier #7299721,modern,modern-premier-7299721,modern-premier-7299721-2014-07-21
21,3,Tectonic Edge,,Lands,6,0,Junk,robgladiator90,573 tix,"$ 1,857",241082,2014-07-21,Modern Premier #7299721,modern,modern-premier-7299721,modern-premier-7299721-2014-07-21
22,1,Temple Garden,,Lands,6,0,Junk,robgladiator90,573 tix,"$ 1,857",241082,2014-07-21,Modern Premier #7299721,modern,modern-premier-7299721,modern-premier-7299721-2014-07-21
23,4,Treetop Village,,Lands,6,0,Junk,robgladiator90,573 tix,"$ 1,857",241082,2014-07-21,Modern Premier #7299721,modern,modern-premier-7299721,modern-premier-7299721-2014-07-21
24,2,Twilight Mire,,Lands,6,0,Junk,robgladiator90,573 tix,"$ 1,857",241082,2014-07-21,Modern Premier #7299721,modern,modern-premier-7299721,modern-premier-7299721-2014-07-21
25,4,Verdant Catacombs,,Lands,6,0,Junk,robgladiator90,573 tix,"$ 1,857",241082,2014-07-21,Modern Premier #7299721,modern,modern-premier-7299721,modern-premier-7299721-2014-07-21
27,1,Disfigure,,Sideboard,6,0,Junk,robgladiator90,573 tix,"$ 1,857",241082,2014-07-21,Modern Premier #7299721,modern,modern-premier-7299721,modern-premier-7299721-2014-07-21
28,1,Grafdigger's Cage,,Sideboard,6,0,Junk,robgladiator90,573 tix,"$ 1,857",241082,2014-07-21,Modern Premier #7299721,modern,modern-premier-7299721,modern-premier-7299721-2014-07-21
29,1,Inquisition of Kozilek,,Sideboard,6,0,Junk,robgladiator90,573 tix,"$ 1,857",241082,2014-07-21,Modern Premier #7299721,modern,modern-premier-7299721,modern-premier-7299721-2014-07-21
30,1,Golgari Charm,,Sideboard,6,0,Junk,robgladiator90,573 tix,"$ 1,857",241082,2014-07-21,Modern Premier #7299721,modern,modern-premier-7299721,modern-premier-7299721-2014-07-21
31,3,Stony Silence,,Sideboard,6,0,Junk,robgladiator90,573 tix,"$ 1,857",241082,2014-07-21,Modern Premier #7299721,modern,modern-premier-7299721,modern-premier-7299721-2014-07-21
32,1,Bow of Nylea,,Sideboard,6,0,Junk,robgladiator90,573 tix,"$ 1,857",241082,2014-07-21,Modern Premier #7299721,modern,modern-premier-7299721,modern-premier-7299721-2014-07-21
33,2,Drown in Sorrow,,Sideboard,6,0,Junk,robgladiator90,573 tix,"$ 1,857",241082,2014-07-21,Modern Premier #7299721,modern,modern-premier-7299721,modern-premier-7299721-2014-07-21
34,3,Fulminator Mage,,Sideboard,6,0,Junk,robgladiator90,573 tix,"$ 1,857",241082,2014-07-21,Modern Premier #7299721,modern,modern-premier-7299721,modern-premier-7299721-2014-07-21
35,1,"Sorin, Lord of Innistrad",,Sideboard,6,0,Junk,robgladiator90,573 tix,"$ 1,857",241082,2014-07-21,Modern Premier #7299721,modern,modern-premier-7299721,modern-premier-7299721-2014-07-21
36,1,"Thrun, the Last Troll",,Sideboard,6,0,Junk,robgladiator90,573 tix,"$ 1,857",241082,2014-07-21,Modern Premier #7299721,modern,modern-premier-7299721,modern-premier-7299721-2014-07-21
1,2,Memnite,,Creatures,5,1,Affinity,WhiteStripe,400 tix,$ 968,241081,2014-07-21,Modern Premier #7299721,modern,modern-premier-7299721,modern-premier-7299721-2014-07-21
2,4,Ornithopter,,Creatures,5,1,Affinity,WhiteStripe,400 tix,$ 968,241081,2014-07-21,Modern Premier #7299721,modern,modern-premier-7299721,modern-premier-7299721-2014-07-21
3,4,Signal Pest,,Creatures,5,1,Affinity,WhiteStripe,400 tix,$ 968,241081,2014-07-21,Modern Premier #7299721,modern,modern-premier-7299721,modern-premier-7299721-2014-07-21
4,4,Arcbound Ravager,,Creatures,5,1,Affinity,WhiteStripe,400 tix,$ 968,241081,2014-07-21,Modern Premier #7299721,modern,modern-premier-7299721,modern-premier-7299721-2014-07-21
5,4,Steel Overseer,,Creatures,5,1,Affinity,WhiteStripe,400 tix,$ 968,241081,2014-07-21,Modern Premier #7299721,modern,modern-premier-7299721,modern-premier-7299721-2014-07-21
6,4,Vault Skirge,,Creatures,5,1,Affinity,WhiteStripe,400 tix,$ 968,241081,2014-07-21,Modern Premier #7299721,modern,modern-premier-7299721,modern-premier-7299721-2014-07-21
7,3,Etched Champion,,Creatures,5,1,Affinity,WhiteStripe,400 tix,$ 968,241081,2014-07-21,Modern Premier #7299721,modern,modern-premier-7299721,modern-premier-7299721-2014-07-21
8,1,Master of Etherium,,Creatures,5,1,Affinity,WhiteStripe,400 tix,$ 968,241081,2014-07-21,Modern Premier #7299721,modern,modern-premier-7299721,modern-premier-7299721-2014-07-21
10,2,Thoughtseize,,Spells,5,1,Affinity,WhiteStripe,400 tix,$ 968,241081,2014-07-21,Modern Premier #7299721,modern,modern-premier-7299721,modern-premier-7299721-2014-07-21
11,2,Thoughtcast,,Spells,5,1,Affinity,WhiteStripe,400 tix,$ 968,241081,2014-07-21,Modern Premier #7299721,modern,modern-premier-7299721,modern-premier-7299721-2014-07-21
13,4,Mox Opal,,Artifacts,5,1,Affinity,WhiteStripe,400 tix,$ 968,241081,2014-07-21,Modern Premier #7299721,modern,modern-premier-7299721,modern-premier-7299721-2014-07-21
14,1,Welding Jar,,Artifacts,5,1,Affinity,WhiteStripe,400 tix,$ 968,241081,2014-07-21,Modern Premier #7299721,modern,modern-premier-7299721,modern-premier-7299721-2014-07-21
15,4,Springleaf Drum,,Artifacts,5,1,Affinity,WhiteStripe,400 tix,$ 968,241081,2014-07-21,Modern Premier #7299721,modern,modern-premier-7299721,modern-premier-7299721-2014-07-21
16,4,Cranial Plating,,Artifacts,5,1,Affinity,WhiteStripe,400 tix,$ 968,241081,2014-07-21,Modern Premier #7299721,modern,modern-premier-7299721,modern-premier-7299721-2014-07-21
18,4,Blinkmoth Nexus,,Lands,5,1,Affinity,WhiteStripe,400 tix,$ 968,241081,2014-07-21,Modern Premier #7299721,modern,modern-premier-7299721,modern-premier-7299721-2014-07-21
19,4,Darksteel Citadel,,Lands,5,1,Affinity,WhiteStripe,400 tix,$ 968,241081,2014-07-21,Modern Premier #7299721,modern,modern-premier-7299721,modern-premier-7299721-2014-07-21
20,4,Glimmervoid,,Lands,5,1,Affinity,WhiteStripe,400 tix,$ 968,241081,2014-07-21,Modern Premier #7299721,modern,modern-premier-7299721,modern-premier-7299721-2014-07-21
21,4,Inkmoth Nexus,,Lands,5,1,Affinity,WhiteStripe,400 tix,$ 968,241081,2014-07-21,Modern Premier #7299721,modern,modern-premier-7299721,modern-premier-7299721-2014-07-21
22,1,Swamp,,Lands,5,1,Affinity,WhiteStripe,400 tix,$ 968,241081,2014-07-21,Modern Premier #7299721,modern,modern-premier-7299721,modern-premier-7299721-2014-07-21
24,1,Tormod's Crypt,,Sideboard,5,1,Affinity,WhiteStripe,400 tix,$ 968,241081,2014-07-21,Modern Premier #7299721,modern,modern-premier-7299721,modern-premier-7299721-2014-07-21
25,1,Grafdigger's Cage,,Sideboard,5,1,Affinity,WhiteStripe,400 tix,$ 968,241081,2014-07-21,Modern Premier #7299721,modern,modern-premier-7299721,modern-premier-7299721-2014-07-21
26,1,Gut Shot,,Sideboard,5,1,Affinity,WhiteStripe,400 tix,$ 968,241081,2014-07-21,Modern Premier #7299721,modern,modern-premier-7299721,modern-premier-7299721-2014-07-21
27,1,Thoughtseize,,Sideboard,5,1,Affinity,WhiteStripe,400 tix,$ 968,241081,2014-07-21,Modern Premier #7299721,modern,modern-premier-7299721,modern-premier-7299721-2014-07-21
28,2,Ancient Grudge,,Sideboard,5,1,Affinity,WhiteStripe,400 tix,$ 968,241081,2014-07-21,Modern Premier #7299721,modern,modern-premier-7299721,modern-premier-7299721-2014-07-21
29,2,Spellskite,,Sideboard,5,1,Affinity,WhiteStripe,400 tix,$ 968,241081,2014-07-21,Modern Premier #7299721,modern,modern-premier-7299721,modern-premier-7299721-2014-07-21
30,2,Whipflare,,Sideboard,5,1,Affinity,WhiteStripe,400 tix,$ 968,241081,2014-07-21,Modern Premier #7299721,modern,modern-premier-7299721,modern-premier-7299721-2014-07-21
31,1,Blood Moon,,Sideboard,5,1,Affinity,WhiteStripe,400 tix,$ 968,241081,2014-07-21,Modern Premier #7299721,modern,modern-premier-7299721,modern-premier-7299721-2014-07-21
32,1,Dismember,,Sideboard,5,1,Affinity,WhiteStripe,400 tix,$ 968,241081,2014-07-21,Modern Premier #7299721,modern,modern-premier-7299721,modern-premier-7299721-2014-07-21
33,1,Etched Champion,,Sideboard,5,1,Affinity,WhiteStripe,400 tix,$ 968,241081,2014-07-21,Modern Premier #7299721,modern,modern-premier-7299721,modern-premier-7299721-2014-07-21
34,1,Master of Etherium,,Sideboard,5,1,Affinity,WhiteStripe,400 tix,$ 968,241081,2014-07-21,Modern Premier #7299721,modern,modern-premier-7299721,modern-premier-7299721-2014-07-21
35,1,Rule of Law,,Sideboard,5,1,Affinity,WhiteStripe,400 tix,$ 968,241081,2014-07-21,Modern Premier #7299721,modern,modern-premier-7299721,modern-premier-7299721-2014-07-21
1,4,Pack Rat,,Creatures,5,1,Faeries,osmanozguney,180 tix,$ 770,241083,2014-07-21,Modern Premier #7299721,modern,modern-premier-7299721,modern-premier-7299721-2014-07-21
2,3,Spellstutter Sprite,,Creatures,5,1,Faeries,osmanozguney,180 tix,$ 770,241083,2014-07-21,Modern Premier #7299721,modern,modern-premier-7299721,modern-premier-7299721-2014-07-21
3,2,Vendilion Clique,,Creatures,5,1,Faeries,osmanozguney,180 tix,$ 770,241083,2014-07-21,Modern Premier #7299721,modern,modern-premier-7299721,modern-premier-7299721-2014-07-21
4,3,Mistbind Clique,,Creatures,5,1,Faeries,osmanozguney,180 tix,$ 770,241083,2014-07-21,Modern Premier #7299721,modern,modern-premier-7299721,modern-premier-7299721-2014-07-21
6,1,Disfigure,,Spells,5,1,Faeries,osmanozguney,180 tix,$ 770,241083,2014-07-21,Modern Premier #7299721,modern,modern-premier-7299721,modern-premier-7299721-2014-07-21
7,4,Inquisition of Kozilek,,Spells,5,1,Faeries,osmanozguney,180 tix,$ 770,241083,2014-07-21,Modern Premier #7299721,modern,modern-premier-7299721,modern-premier-7299721-2014-07-21
8,4,Thoughtseize,,Spells,5,1,Faeries,osmanozguney,180 tix,$ 770,241083,2014-07-21,Modern Premier #7299721,modern,modern-premier-7299721,modern-premier-7299721-2014-07-21
9,1,Doom Blade,,Spells,5,1,Faeries,osmanozguney,180 tix,$ 770,241083,2014-07-21,Modern Premier #7299721,modern,modern-premier-7299721,modern-premier-7299721-2014-07-21
10,2,Mana Leak,,Spells,5,1,Faeries,osmanozguney,180 tix,$ 770,241083,2014-07-21,Modern Premier #7299721,modern,modern-premier-7299721,modern-premier-7299721-2014-07-21
11,2,Smother,,Spells,5,1,Faeries,osmanozguney,180 tix,$ 770,241083,2014-07-21,Modern Premier #7299721,modern,modern-premier-7299721,modern-premier-7299721-2014-07-21
12,1,Dismember,,Spells,5,1,Faeries,osmanozguney,180 tix,$ 770,241083,2014-07-21,Modern Premier #7299721,modern,modern-premier-7299721,modern-premier-7299721-2014-07-21
13,4,Cryptic Command,,Spells,5,1,Faeries,osmanozguney,180 tix,$ 770,241083,2014-07-21,Modern Premier #7299721,modern,modern-premier-7299721,modern-premier-7299721-2014-07-21
15,4,Bitterblossom,,Enchantments,5,1,Faeries,osmanozguney,180 tix,$ 770,241083,2014-07-21,Modern Premier #7299721,modern,modern-premier-7299721,modern-premier-7299721-2014-07-21
17,2,Creeping Tar Pit,,Lands,5,1,Faeries,osmanozguney,180 tix,$ 770,241083,2014-07-21,Modern Premier #7299721,modern,modern-premier-7299721,modern-premier-7299721-2014-07-21
18,4,Darkslick Shores,,Lands,5,1,Faeries,osmanozguney,180 tix,$ 770,241083,2014-07-21,Modern Premier #7299721,modern,modern-premier-7299721,modern-premier-7299721-2014-07-21
19,3,Island,,Lands,5,1,Faeries,osmanozguney,180 tix,$ 770,241083,2014-07-21,Modern Premier #7299721,modern,modern-premier-7299721,modern-premier-7299721-2014-07-21
20,4,Mutavault,,Lands,5,1,Faeries,osmanozguney,180 tix,$ 770,241083,2014-07-21,Modern Premier #7299721,modern,modern-premier-7299721,modern-premier-7299721-2014-07-21
21,4,River of Tears,,Lands,5,1,Faeries,osmanozguney,180 tix,$ 770,241083,2014-07-21,Modern Premier #7299721,modern,modern-premier-7299721,modern-premier-7299721-2014-07-21
22,4,Secluded Glen,,Lands,5,1,Faeries,osmanozguney,180 tix,$ 770,241083,2014-07-21,Modern Premier #7299721,modern,modern-premier-7299721,modern-premier-7299721-2014-07-21
23,2,Tectonic Edge,,Lands,5,1,Faeries,osmanozguney,180 tix,$ 770,241083,2014-07-21,Modern Premier #7299721,modern,modern-premier-7299721,modern-premier-7299721-2014-07-21
24,2,Watery Grave,,Lands,5,1,Faeries,osmanozguney,180 tix,$ 770,241083,2014-07-21,Modern Premier #7299721,modern,modern-premier-7299721,modern-premier-7299721-2014-07-21
26,1,Tectonic Edge,,Sideboard,5,1,Faeries,osmanozguney,180 tix,$ 770,241083,2014-07-21,Modern Premier #7299721,modern,modern-premier-7299721,modern-premier-7299721-2014-07-21
27,1,Disfigure,,Sideboard,5,1,Faeries,osmanozguney,180 tix,$ 770,241083,2014-07-21,Modern Premier #7299721,modern,modern-premier-7299721,modern-premier-7299721-2014-07-21
28,2,Spell Snare,,Sideboard,5,1,Faeries,osmanozguney,180 tix,$ 770,241083,2014-07-21,Modern Premier #7299721,modern,modern-premier-7299721,modern-premier-7299721-2014-07-21
29,2,Negate,,Sideboard,5,1,Faeries,osmanozguney,180 tix,$ 770,241083,2014-07-21,Modern Premier #7299721,modern,modern-premier-7299721,modern-premier-7299721-2014-07-21
30,3,Ratchet Bomb,,Sideboard,5,1,Faeries,osmanozguney,180 tix,$ 770,241083,2014-07-21,Modern Premier #7299721,modern,modern-premier-7299721,modern-premier-7299721-2014-07-21
31,2,Jace Beleren,,Sideboard,5,1,Faeries,osmanozguney,180 tix,$ 770,241083,2014-07-21,Modern Premier #7299721,modern,modern-premier-7299721,modern-premier-7299721-2014-07-21
32,1,Vendilion Clique,,Sideboard,5,1,Faeries,osmanozguney,180 tix,$ 770,241083,2014-07-21,Modern Premier #7299721,modern,modern-premier-7299721,modern-premier-7299721-2014-07-21
33,3,Sower of Temptation,,Sideboard,5,1,Faeries,osmanozguney,180 tix,$ 770,241083,2014-07-21,Modern Premier #7299721,modern,modern-premier-7299721,modern-premier-7299721-2014-07-21
1,4,Birds of Paradise,,Creatures,5,1,Melira Pod,krav3n666,256 tix,$ 853,241080,2014-07-21,Modern Premier #7299721,modern,modern-premier-7299721,modern-premier-7299721-2014-07-21
2,3,Noble Hierarch,,Creatures,5,1,Melira Pod,krav3n666,256 tix,$ 853,241080,2014-07-21,Modern Premier #7299721,modern,modern-premier-7299721,modern-premier-7299721-2014-07-21
3,1,Viscera Seer,,Creatures,5,1,Melira Pod,krav3n666,256 tix,$ 853,241080,2014-07-21,Modern Premier #7299721,modern,modern-premier-7299721,modern-premier-7299721-2014-07-21
4,1,"Melira, Sylvok Outcast",,Creatures,5,1,Melira Pod,krav3n666,256 tix,$ 853,241080,2014-07-21,Modern Premier #7299721,modern,modern-premier-7299721,modern-premier-7299721-2014-07-21
5,1,Qasali Pridemage,,Creatures,5,1,Melira Pod,krav3n666,256 tix,$ 853,241080,2014-07-21,Modern Premier #7299721,modern,modern-premier-7299721,modern-premier-7299721-2014-07-21
6,1,Scavenging Ooze,,Creatures,5,1,Melira Pod,krav3n666,256 tix,$ 853,241080,2014-07-21,Modern Premier #7299721,modern,modern-premier-7299721,modern-premier-7299721-2014-07-21
7,1,Spellskite,,Creatures,5,1,Melira Pod,krav3n666,256 tix,$ 853,241080,2014-07-21,Modern Premier #7299721,modern,modern-premier-7299721,modern-premier-7299721-2014-07-21
8,2,Voice of Resurgence,,Creatures,5,1,Melira Pod,krav3n666,256 tix,$ 853,241080,2014-07-21,Modern Premier #7299721,modern,modern-premier-7299721,modern-premier-7299721-2014-07-21
9,1,Wall of Roots,,Creatures,5,1,Melira Pod,krav3n666,256 tix,$ 853,241080,2014-07-21,Modern Premier #7299721,modern,modern-premier-7299721,modern-premier-7299721-2014-07-21
10,1,Eternal Witness,,Creatures,5,1,Melira Pod,krav3n666,256 tix,$ 853,241080,2014-07-21,Modern Premier #7299721,modern,modern-premier-7299721,modern-premier-7299721-2014-07-21
11,2,Kitchen Finks,,Creatures,5,1,Melira Pod,krav3n666,256 tix,$ 853,241080,2014-07-21,Modern Premier #7299721,modern,modern-premier-7299721,modern-premier-7299721-2014-07-21
12,1,Orzhov Pontiff,,Creatures,5,1,Melira Pod,krav3n666,256 tix,$ 853,241080,2014-07-21,Modern Premier #7299721,modern,modern-premier-7299721,modern-premier-7299721-2014-07-21
13,1,Sin Collector,,Creatures,5,1,Melira Pod,krav3n666,256 tix,$ 853,241080,2014-07-21,Modern Premier #7299721,modern,modern-premier-7299721,modern-premier-7299721-2014-07-21
14,1,Spike Feeder,,Creatures,5,1,Melira Pod,krav3n666,256 tix,$ 853,241080,2014-07-21,Modern Premier #7299721,modern,modern-premier-7299721,modern-premier-7299721-2014-07-21
15,1,"Linvala, Keeper of Silence",,Creatures,5,1,Melira Pod,krav3n666,256 tix,$ 853,241080,2014-07-21,Modern Premier #7299721,modern,modern-premier-7299721,modern-premier-7299721-2014-07-21
16,1,Murderous Redcap,,Creatures,5,1,Melira Pod,krav3n666,256 tix,$ 853,241080,2014-07-21,Modern Premier #7299721,modern,modern-premier-7299721,modern-premier-7299721-2014-07-21
17,1,Ranger of Eos,,Creatures,5,1,Melira Pod,krav3n666,256 tix,$ 853,241080,2014-07-21,Modern Premier #7299721,modern,modern-premier-7299721,modern-premier-7299721-2014-07-21
18,1,Restoration Angel,,Creatures,5,1,Melira Pod,krav3n666,256 tix,$ 853,241080,2014-07-21,Modern Premier #7299721,modern,modern-premier-7299721,modern-premier-7299721-2014-07-21
19,1,Archangel of Thune,,Creatures,5,1,Melira Pod,krav3n666,256 tix,$ 853,241080,2014-07-21,Modern Premier #7299721,modern,modern-premier-7299721,modern-premier-7299721-2014-07-21
20,1,Reveillark,,Creatures,5,1,Melira Pod,krav3n666,256 tix,$ 853,241080,2014-07-21,Modern Premier #7299721,modern,modern-premier-7299721,modern-premier-7299721-2014-07-21
21,1,Shriekmaw,,Creatures,5,1,Melira Pod,krav3n666,256 tix,$ 853,241080,2014-07-21,Modern Premier #7299721,modern,modern-premier-7299721,modern-premier-7299721-2014-07-21
23,2,Abrupt Decay,,Spells,5,1,Melira Pod,krav3n666,256 tix,$ 853,241080,2014-07-21,Modern Premier #7299721,modern,modern-premier-7299721,modern-premier-7299721-2014-07-21
24,3,Chord of Calling,,Spells,5,1,Melira Pod,krav3n666,256 tix,$ 853,241080,2014-07-21,Modern Premier #7299721,modern,modern-premier-7299721,modern-premier-7299721-2014-07-21
26,4,Birthing Pod,,Artifacts,5,1,Melira Pod,krav3n666,256 tix,$ 853,241080,2014-07-21,Modern Premier #7299721,modern,modern-premier-7299721,modern-premier-7299721-2014-07-21
28,3,Forest,,Lands,5,1,Melira Pod,krav3n666,256 tix,$ 853,241080,2014-07-21,Modern Premier #7299721,modern,modern-premier-7299721,modern-premier-7299721-2014-07-21
29,3,Gavony Township,,Lands,5,1,Melira Pod,krav3n666,256 tix,$ 853,241080,2014-07-21,Modern Premier #7299721,modern,modern-premier-7299721,modern-premier-7299721-2014-07-21
30,1,Godless Shrine,,Lands,5,1,Melira Pod,krav3n666,256 tix,$ 853,241080,2014-07-21,Modern Premier #7299721,modern,modern-premier-7299721,modern-premier-7299721-2014-07-21
31,4,Misty Rainforest,,Lands,5,1,Melira Pod,krav3n666,256 tix,$ 853,241080,2014-07-21,Modern Premier #7299721,modern,modern-premier-7299721,modern-premier-7299721-2014-07-21
32,2,Overgrown Tomb,,Lands,5,1,Melira Pod,krav3n666,256 tix,$ 853,241080,2014-07-21,Modern Premier #7299721,modern,modern-premier-7299721,modern-premier-7299721-2014-07-21
33,3,Razorverge Thicket,,Lands,5,1,Melira Pod,krav3n666,256 tix,$ 853,241080,2014-07-21,Modern Premier #7299721,modern,modern-premier-7299721,modern-premier-7299721-2014-07-21
34,1,Swamp,,Lands,5,1,Melira Pod,krav3n666,256 tix,$ 853,241080,2014-07-21,Modern Premier #7299721,modern,modern-premier-7299721,modern-premier-7299721-2014-07-21
35,1,Temple Garden,,Lands,5,1,Melira Pod,krav3n666,256 tix,$ 853,241080,2014-07-21,Modern Premier #7299721,modern,modern-premier-7299721,modern-premier-7299721-2014-07-21
36,4,Verdant Catacombs,,Lands,5,1,Melira Pod,krav3n666,256 tix,$ 853,241080,2014-07-21,Modern Premier #7299721,modern,modern-premier-7299721,modern-premier-7299721-2014-07-21
37,1,Woodland Cemetery,,Lands,5,1,Melira Pod,krav3n666,256 tix,$ 853,241080,2014-07-21,Modern Premier #7299721,modern,modern-premier-7299721,modern-premier-7299721-2014-07-21
39,1,Slaughter Pact,,Sideboard,5,1,Melira Pod,krav3n666,256 tix,$ 853,241080,2014-07-21,Modern Premier #7299721,modern,modern-premier-7299721,modern-premier-7299721-2014-07-21
40,1,Burrenton Forge-Tender,,Sideboard,5,1,Melira Pod,krav3n666,256 tix,$ 853,241080,2014-07-21,Modern Premier #7299721,modern,modern-premier-7299721,modern-premier-7299721-2014-07-21
41,2,Path to Exile,,Sideboard,5,1,Melira Pod,krav3n666,256 tix,$ 853,241080,2014-07-21,Modern Premier #7299721,modern,modern-premier-7299721,modern-premier-7299721-2014-07-21
42,4,Thoughtseize,,Sideboard,5,1,Melira Pod,krav3n666,256 tix,$ 853,241080,2014-07-21,Modern Premier #7299721,modern,modern-premier-7299721,modern-premier-7299721-2014-07-21
43,1,Aven Mindcensor,,Sideboard,5,1,Melira Pod,krav3n666,256 tix,$ 853,241080,2014-07-21,Modern Premier #7299721,modern,modern-premier-7299721,modern-premier-7299721-2014-07-21
44,1,Eidolon of Rhetoric,,Sideboard,5,1,Melira Pod,krav3n666,256 tix,$ 853,241080,2014-07-21,Modern Premier #7299721,modern,modern-premier-7299721,modern-premier-7299721-2014-07-21
45,1,Harmonic Sliver,,Sideboard,5,1,Melira Pod,krav3n666,256 tix,$ 853,241080,2014-07-21,Modern Premier #7299721,modern,modern-premier-7299721,modern-premier-7299721-2014-07-21
46,2,Lingering Souls,,Sideboard,5,1,Melira Pod,krav3n666,256 tix,$ 853,241080,2014-07-21,Modern Premier #7299721,modern,modern-premier-7299721,modern-premier-7299721-2014-07-21
47,1,Entomber Exarch,,Sideboard,5,1,Melira Pod,krav3n666,256 tix,$ 853,241080,2014-07-21,Modern Premier #7299721,modern,modern-premier-7299721,modern-premier-7299721-2014-07-21
48,1,"Thrun, the Last Troll",,Sideboard,5,1,Melira Pod,krav3n666,256 tix,$ 853,241080,2014-07-21,Modern Premier #7299721,modern,modern-premier-7299721,modern-premier-7299721-2014-07-21
1,4,Birds of Paradise,,Creatures,5,1,Melira Pod,sneakattackkid,190 tix,$ 857,241084,2014-07-21,Modern Premier #7299721,modern,modern-premier-7299721,modern-premier-7299721-2014-07-21
2,2,Viscera Seer,,Creatures,5,1,Melira Pod,sneakattackkid,190 tix,$ 857,241084,2014-07-21,Modern Premier #7299721,modern,modern-premier-7299721,modern-premier-7299721-2014-07-21
3,2,"Melira, Sylvok Outcast",,Creatures,5,1,Melira Pod,sneakattackkid,190 tix,$ 857,241084,2014-07-21,Modern Premier #7299721,modern,modern-premier-7299721,modern-premier-7299721-2014-07-21
4,1,Spellskite,,Creatures,5,1,Melira Pod,sneakattackkid,190 tix,$ 857,241084,2014-07-21,Modern Premier #7299721,modern,modern-premier-7299721,modern-premier-7299721-2014-07-21
5,2,Voice of Resurgence,,Creatures,5,1,Melira Pod,sneakattackkid,190 tix,$ 857,241084,2014-07-21,Modern Premier #7299721,modern,modern-premier-7299721,modern-premier-7299721-2014-07-21
6,4,Wall of Roots,,Creatures,5,1,Melira Pod,sneakattackkid,190 tix,$ 857,241084,2014-07-21,Modern Premier #7299721,modern,modern-premier-7299721,modern-premier-7299721-2014-07-21
7,1,Eternal Witness,,Creatures,5,1,Melira Pod,sneakattackkid,190 tix,$ 857,241084,2014-07-21,Modern Premier #7299721,modern,modern-premier-7299721,modern-premier-7299721-2014-07-21
8,1,Harmonic Sliver,,Creatures,5,1,Melira Pod,sneakattackkid,190 tix,$ 857,241084,2014-07-21,Modern Premier #7299721,modern,modern-premier-7299721,modern-premier-7299721-2014-07-21
9,4,Kitchen Finks,,Creatures,5,1,Melira Pod,sneakattackkid,190 tix,$ 857,241084,2014-07-21,Modern Premier #7299721,modern,modern-premier-7299721,modern-premier-7299721-2014-07-21
10,1,Orzhov Pontiff,,Creatures,5,1,Melira Pod,sneakattackkid,190 tix,$ 857,241084,2014-07-21,Modern Premier #7299721,modern,modern-premier-7299721,modern-premier-7299721-2014-07-21
11,1,"Linvala, Keeper of Silence",,Creatures,5,1,Melira Pod,sneakattackkid,190 tix,$ 857,241084,2014-07-21,Modern Premier #7299721,modern,modern-premier-7299721,modern-premier-7299721-2014-07-21
12,2,Murderous Redcap,,Creatures,5,1,Melira Pod,sneakattackkid,190 tix,$ 857,241084,2014-07-21,Modern Premier #7299721,modern,modern-premier-7299721,modern-premier-7299721-2014-07-21
13,1,Phyrexian Metamorph,,Creatures,5,1,Melira Pod,sneakattackkid,190 tix,$ 857,241084,2014-07-21,Modern Premier #7299721,modern,modern-premier-7299721,modern-premier-7299721-2014-07-21
14,1,Reveillark,,Creatures,5,1,Melira Pod,sneakattackkid,190 tix,$ 857,241084,2014-07-21,Modern Premier #7299721,modern,modern-premier-7299721,modern-premier-7299721-2014-07-21
15,1,Shriekmaw,,Creatures,5,1,Melira Pod,sneakattackkid,190 tix,$ 857,241084,2014-07-21,Modern Premier #7299721,modern,modern-premier-7299721,modern-premier-7299721-2014-07-21
17,2,Thoughtseize,,Spells,5,1,Melira Pod,sneakattackkid,190 tix,$ 857,241084,2014-07-21,Modern Premier #7299721,modern,modern-premier-7299721,modern-premier-7299721-2014-07-21
18,3,Chord of Calling,,Spells,5,1,Melira Pod,sneakattackkid,190 tix,$ 857,241084,2014-07-21,Modern Premier #7299721,modern,modern-premier-7299721,modern-premier-7299721-2014-07-21
20,4,Birthing Pod,,Artifacts,5,1,Melira Pod,sneakattackkid,190 tix,$ 857,241084,2014-07-21,Modern Premier #7299721,modern,modern-premier-7299721,modern-premier-7299721-2014-07-21
22,3,Forest,,Lands,5,1,Melira Pod,sneakattackkid,190 tix,$ 857,241084,2014-07-21,Modern Premier #7299721,modern,modern-premier-7299721,modern-premier-7299721-2014-07-21
23,3,Gavony Township,,Lands,5,1,Melira Pod,sneakattackkid,190 tix,$ 857,241084,2014-07-21,Modern Premier #7299721,modern,modern-premier-7299721,modern-premier-7299721-2014-07-21
24,1,Godless Shrine,,Lands,5,1,Melira Pod,sneakattackkid,190 tix,$ 857,241084,2014-07-21,Modern Premier #7299721,modern,modern-premier-7299721,modern-premier-7299721-2014-07-21
25,2,Marsh Flats,,Lands,5,1,Melira Pod,sneakattackkid,190 tix,$ 857,241084,2014-07-21,Modern Premier #7299721,modern,modern-premier-7299721,modern-premier-7299721-2014-07-21
26,2,Misty Rainforest,,Lands,5,1,Melira Pod,sneakattackkid,190 tix,$ 857,241084,2014-07-21,Modern Premier #7299721,modern,modern-premier-7299721,modern-premier-7299721-2014-07-21
27,2,Overgrown Tomb,,Lands,5,1,Melira Pod,sneakattackkid,190 tix,$ 857,241084,2014-07-21,Modern Premier #7299721,modern,modern-premier-7299721,modern-premier-7299721-2014-07-21
28,3,Razorverge Thicket,,Lands,5,1,Melira Pod,sneakattackkid,190 tix,$ 857,241084,2014-07-21,Modern Premier #7299721,modern,modern-premier-7299721,modern-premier-7299721-2014-07-21
29,1,Stomping Ground,,Lands,5,1,Melira Pod,sneakattackkid,190 tix,$ 857,241084,2014-07-21,Modern Premier #7299721,modern,modern-premier-7299721,modern-premier-7299721-2014-07-21
30,1,Swamp,,Lands,5,1,Melira Pod,sneakattackkid,190 tix,$ 857,241084,2014-07-21,Modern Premier #7299721,modern,modern-premier-7299721,modern-premier-7299721-2014-07-21
31,1,Temple Garden,,Lands,5,1,Melira Pod,sneakattackkid,190 tix,$ 857,241084,2014-07-21,Modern Premier #7299721,modern,modern-premier-7299721,modern-premier-7299721-2014-07-21
32,4,Verdant Catacombs,,Lands,5,1,Melira Pod,sneakattackkid,190 tix,$ 857,241084,2014-07-21,Modern Premier #7299721,modern,modern-premier-7299721,modern-premier-7299721-2014-07-21
34,1,Thoughtseize,,Sideboard,5,1,Melira Pod,sneakattackkid,190 tix,$ 857,241084,2014-07-21,Modern Premier #7299721,modern,modern-premier-7299721,modern-premier-7299721-2014-07-21
35,2,Abrupt Decay,,Sideboard,5,1,Melira Pod,sneakattackkid,190 tix,$ 857,241084,2014-07-21,Modern Premier #7299721,modern,modern-premier-7299721,modern-premier-7299721-2014-07-21
36,1,"Kataki, War's Wage",,Sideboard,5,1,Melira Pod,sneakattackkid,190 tix,$ 857,241084,2014-07-21,Modern Premier #7299721,modern,modern-premier-7299721,modern-premier-7299721-2014-07-21
37,1,Qasali Pridemage,,Sideboard,5,1,Melira Pod,sneakattackkid,190 tix,$ 857,241084,2014-07-21,Modern Premier #7299721,modern,modern-premier-7299721,modern-premier-7299721-2014-07-21
38,2,Dismember,,Sideboard,5,1,Melira Pod,sneakattackkid,190 tix,$ 857,241084,2014-07-21,Modern Premier #7299721,modern,modern-premier-7299721,modern-premier-7299721-2014-07-21
39,1,Eidolon of Rhetoric,,Sideboard,5,1,Melira Pod,sneakattackkid,190 tix,$ 857,241084,2014-07-21,Modern Premier #7299721,modern,modern-premier-7299721,modern-premier-7299721-2014-07-21
40,1,Sin Collector,,Sideboard,5,1,Melira Pod,sneakattackkid,190 tix,$ 857,241084,2014-07-21,Modern Premier #7299721,modern,modern-premier-7299721,modern-premier-7299721-2014-07-21
41,1,Entomber Exarch,,Sideboard,5,1,Melira Pod,sneakattackkid,190 tix,$ 857,241084,2014-07-21,Modern Premier #7299721,modern,modern-premier-7299721,modern-premier-7299721-2014-07-21
42,2,Obstinate Baloth,,Sideboard,5,1,Melira Pod,sneakattackkid,190 tix,$ 857,241084,2014-07-21,Modern Premier #7299721,modern,modern-premier-7299721,modern-premier-7299721-2014-07-21
43,1,"Thrun, the Last Troll",,Sideboard,5,1,Melira Pod,sneakattackkid,190 tix,$ 857,241084,2014-07-21,Modern Premier #7299721,modern,modern-premier-7299721,modern-premier-7299721-2014-07-21
44,1,"Sigarda, Host of Herons",,Sideboard,5,1,Melira Pod,sneakattackkid,190 tix,$ 857,241084,2014-07-21,Modern Premier #7299721,modern,modern-premier-7299721,modern-premier-7299721-2014-07-21
45,1,Realm Razer,,Sideboard,5,1,Melira Pod,sneakattackkid,190 tix,$ 857,241084,2014-07-21,Modern Premier #7299721,modern,modern-premier-7299721,modern-premier-7299721-2014-07-21
1,3,Snapcaster Mage,,Creatures,4,2,5 C Teachings,Kagooick,165 tix,$ 714,241085,2014-07-21,Modern Premier #7299721,modern,modern-premier-7299721,modern-premier-7299721-2014-07-21
3,3,Path to Exile,,Spells,4,2,5 C Teachings,Kagooick,165 tix,$ 714,241085,2014-07-21,Modern Premier #7299721,modern,modern-premier-7299721,modern-premier-7299721-2014-07-21
4,1,Surgical Extraction,,Spells,4,2,5 C Teachings,Kagooick,165 tix,$ 714,241085,2014-07-21,Modern Premier #7299721,modern,modern-premier-7299721,modern-premier-7299721-2014-07-21
5,1,Lightning Helix,,Spells,4,2,5 C Teachings,Kagooick,165 tix,$ 714,241085,2014-07-21,Modern Premier #7299721,modern,modern-premier-7299721,modern-premier-7299721-2014-07-21
6,3,Mana Leak,,Spells,4,2,5 C Teachings,Kagooick,165 tix,$ 714,241085,2014-07-21,Modern Premier #7299721,modern,modern-premier-7299721,modern-premier-7299721-2014-07-21
7,2,Think Twice,,Spells,4,2,5 C Teachings,Kagooick,165 tix,$ 714,241085,2014-07-21,Modern Premier #7299721,modern,modern-premier-7299721,modern-premier-7299721-2014-07-21
8,1,Electrolyze,,Spells,4,2,5 C Teachings,Kagooick,165 tix,$ 714,241085,2014-07-21,Modern Premier #7299721,modern,modern-premier-7299721,modern-premier-7299721-2014-07-21
9,3,Esper Charm,,Spells,4,2,5 C Teachings,Kagooick,165 tix,$ 714,241085,2014-07-21,Modern Premier #7299721,modern,modern-premier-7299721,modern-premier-7299721-2014-07-21
10,1,Hero's Downfall,,Spells,4,2,5 C Teachings,Kagooick,165 tix,$ 714,241085,2014-07-21,Modern Premier #7299721,modern,modern-premier-7299721,modern-premier-7299721-2014-07-21
11,1,Putrefy,,Spells,4,2,5 C Teachings,Kagooick,165 tix,$ 714,241085,2014-07-21,Modern Premier #7299721,modern,modern-premier-7299721,modern-premier-7299721-2014-07-21
12,1,Sudden Death,,Spells,4,2,5 C Teachings,Kagooick,165 tix,$ 714,241085,2014-07-21,Modern Premier #7299721,modern,modern-premier-7299721,modern-premier-7299721-2014-07-21
13,4,Cryptic Command,,Spells,4,2,5 C Teachings,Kagooick,165 tix,$ 714,241085,2014-07-21,Modern Premier #7299721,modern,modern-premier-7299721,modern-premier-7299721-2014-07-21
14,3,Mystical Teachings,,Spells,4,2,5 C Teachings,Kagooick,165 tix,$ 714,241085,2014-07-21,Modern Premier #7299721,modern,modern-premier-7299721,modern-premier-7299721-2014-07-21
15,2,Supreme Verdict,,Spells,4,2,5 C Teachings,Kagooick,165 tix,$ 714,241085,2014-07-21,Modern Premier #7299721,modern,modern-premier-7299721,modern-premier-7299721-2014-07-21
16,1,Consume the Meek,,Spells,4,2,5 C Teachings,Kagooick,165 tix,$ 714,241085,2014-07-21,Modern Premier #7299721,modern,modern-premier-7299721,modern-premier-7299721-2014-07-21
17,2,Cruel Ultimatum,,Spells,4,2,5 C Teachings,Kagooick,165 tix,$ 714,241085,2014-07-21,Modern Premier #7299721,modern,modern-premier-7299721,modern-premier-7299721-2014-07-21
19,1,Batterskull,,Artifacts,4,2,5 C Teachings,Kagooick,165 tix,$ 714,241085,2014-07-21,Modern Premier #7299721,modern,modern-premier-7299721,modern-premier-7299721-2014-07-21
21,2,Celestial Colonnade,,Lands,4,2,5 C Teachings,Kagooick,165 tix,$ 714,241085,2014-07-21,Modern Premier #7299721,modern,modern-premier-7299721,modern-premier-7299721-2014-07-21
22,1,Creeping Tar Pit,,Lands,4,2,5 C Teachings,Kagooick,165 tix,$ 714,241085,2014-07-21,Modern Premier #7299721,modern,modern-premier-7299721,modern-premier-7299721-2014-07-21
23,1,Dreadship Reef,,Lands,4,2,5 C Teachings,Kagooick,165 tix,$ 714,241085,2014-07-21,Modern Premier #7299721,modern,modern-premier-7299721,modern-premier-7299721-2014-07-21
24,3,Island,,Lands,4,2,5 C Teachings,Kagooick,165 tix,$ 714,241085,2014-07-21,Modern Premier #7299721,modern,modern-premier-7299721,modern-premier-7299721-2014-07-21
25,2,Mystic Gate,,Lands,4,2,5 C Teachings,Kagooick,165 tix,$ 714,241085,2014-07-21,Modern Premier #7299721,modern,modern-premier-7299721,modern-premier-7299721-2014-07-21
26,1,Plains,,Lands,4,2,5 C Teachings,Kagooick,165 tix,$ 714,241085,2014-07-21,Modern Premier #7299721,modern,modern-premier-7299721,modern-premier-7299721-2014-07-21
27,4,Reflecting Pool,,Lands,4,2,5 C Teachings,Kagooick,165 tix,$ 714,241085,2014-07-21,Modern Premier #7299721,modern,modern-premier-7299721,modern-premier-7299721-2014-07-21
28,2,Sunken Ruins,,Lands,4,2,5 C Teachings,Kagooick,165 tix,$ 714,241085,2014-07-21,Modern Premier #7299721,modern,modern-premier-7299721,modern-premier-7299721-2014-07-21
29,1,Swamp,,Lands,4,2,5 C Teachings,Kagooick,165 tix,$ 714,241085,2014-07-21,Modern Premier #7299721,modern,modern-premier-7299721,modern-premier-7299721-2014-07-21
30,4,Vivid Creek,,Lands,4,2,5 C Teachings,Kagooick,165 tix,$ 714,241085,2014-07-21,Modern Premier #7299721,modern,modern-premier-7299721,modern-premier-7299721-2014-07-21
31,3,Vivid Marsh,,Lands,4,2,5 C Teachings,Kagooick,165 tix,$ 714,241085,2014-07-21,Modern Premier #7299721,modern,modern-premier-7299721,modern-premier-7299721-2014-07-21
32,3,Vivid Meadow,,Lands,4,2,5 C Teachings,Kagooick,165 tix,$ 714,241085,2014-07-21,Modern Premier #7299721,modern,modern-premier-7299721,modern-premier-7299721-2014-07-21
34,2,Relic of Progenitus,,Sideboard,4,2,5 C Teachings,Kagooick,165 tix,$ 714,241085,2014-07-21,Modern Premier #7299721,modern,modern-premier-7299721,modern-premier-7299721-2014-07-21
35,1,Celestial Purge,,Sideboard,4,2,5 C Teachings,Kagooick,165 tix,$ 714,241085,2014-07-21,Modern Premier #7299721,modern,modern-premier-7299721,modern-premier-7299721-2014-07-21
36,1,Disenchant,,Sideboard,4,2,5 C Teachings,Kagooick,165 tix,$ 714,241085,2014-07-21,Modern Premier #7299721,modern,modern-premier-7299721,modern-premier-7299721-2014-07-21
37,1,Counterflux,,Sideboard,4,2,5 C Teachings,Kagooick,165 tix,$ 714,241085,2014-07-21,Modern Premier #7299721,modern,modern-premier-7299721,modern-premier-7299721-2014-07-21
38,1,Electrolyze,,Sideboard,4,2,5 C Teachings,Kagooick,165 tix,$ 714,241085,2014-07-21,Modern Premier #7299721,modern,modern-premier-7299721,modern-premier-7299721-2014-07-21
39,2,Timely Reinforcements,,Sideboard,4,2,5 C Teachings,Kagooick,165 tix,$ 714,241085,2014-07-21,Modern Premier #7299721,modern,modern-premier-7299721,modern-premier-7299721-2014-07-21
40,1,Slaughter Games,,Sideboard,4,2,5 C Teachings,Kagooick,165 tix,$ 714,241085,2014-07-21,Modern Premier #7299721,modern,modern-premier-7299721,modern-premier-7299721-2014-07-21
41,1,Voidmage Husher,,Sideboard,4,2,5 C Teachings,Kagooick,165 tix,$ 714,241085,2014-07-21,Modern Premier #7299721,modern,modern-premier-7299721,modern-premier-7299721-2014-07-21
42,1,Wrath of God,,Sideboard,4,2,5 C Teachings,Kagooick,165 tix,$ 714,241085,2014-07-21,Modern Premier #7299721,modern,modern-premier-7299721,modern-premier-7299721-2014-07-21
43,1,Blood Baron of Vizkopa,,Sideboard,4,2,5 C Teachings,Kagooick,165 tix,$ 714,241085,2014-07-21,Modern Premier #7299721,modern,modern-premier-7299721,modern-premier-7299721-2014-07-21
44,1,Fracturing Gust,,Sideboard,4,2,5 C Teachings,Kagooick,165 tix,$ 714,241085,2014-07-21,Modern Premier #7299721,modern,modern-premier-7299721,modern-premier-7299721-2014-07-21
45,1,Gideon Jura,,Sideboard,4,2,5 C Teachings,Kagooick,165 tix,$ 714,241085,2014-07-21,Modern Premier #7299721,modern,modern-premier-7299721,modern-premier-7299721-2014-07-21
46,1,"Teferi, Mage of Zhalfir",,Sideboard,4,2,5 C Teachings,Kagooick,165 tix,$ 714,241085,2014-07-21,Modern Premier #7299721,modern,modern-premier-7299721,modern-premier-7299721-2014-07-21
1,4,Noble Hierarch,,Creatures,4,2,GW Hatebears,senrabselim,431 tix,$ 725,241091,2014-07-21,Modern Premier #7299721,modern,modern-premier-7299721,modern-premier-7299721-2014-07-21
2,4,Leonin Arbiter,,Creatures,4,2,GW Hatebears,senrabselim,431 tix,$ 725,241091,2014-07-21,Modern Premier #7299721,modern,modern-premier-7299721,modern-premier-7299721-2014-07-21
3,3,Scavenging Ooze,,Creatures,4,2,GW Hatebears,senrabselim,431 tix,$ 725,241091,2014-07-21,Modern Premier #7299721,modern,modern-premier-7299721,modern-premier-7299721-2014-07-21
4,3,"Thalia, Guardian of Thraben",,Creatures,4,2,GW Hatebears,senrabselim,431 tix,$ 725,241091,2014-07-21,Modern Premier #7299721,modern,modern-premier-7299721,modern-premier-7299721-2014-07-21
5,3,Aven Mindcensor,,Creatures,4,2,GW Hatebears,senrabselim,431 tix,$ 725,241091,2014-07-21,Modern Premier #7299721,modern,modern-premier-7299721,modern-premier-7299721-2014-07-21
6,4,Blade Splicer,,Creatures,4,2,GW Hatebears,senrabselim,431 tix,$ 725,241091,2014-07-21,Modern Premier #7299721,modern,modern-premier-7299721,modern-premier-7299721-2014-07-21
7,4,Flickerwisp,,Creatures,4,2,GW Hatebears,senrabselim,431 tix,$ 725,241091,2014-07-21,Modern Premier #7299721,modern,modern-premier-7299721,modern-premier-7299721-2014-07-21
8,1,"Linvala, Keeper of Silence",,Creatures,4,2,GW Hatebears,senrabselim,431 tix,$ 725,241091,2014-07-21,Modern Premier #7299721,modern,modern-premier-7299721,modern-premier-7299721-2014-07-21
9,4,Restoration Angel,,Creatures,4,2,GW Hatebears,senrabselim,431 tix,$ 725,241091,2014-07-21,Modern Premier #7299721,modern,modern-premier-7299721,modern-premier-7299721-2014-07-21
11,4,Path to Exile,,Spells,4,2,GW Hatebears,senrabselim,431 tix,$ 725,241091,2014-07-21,Modern Premier #7299721,modern,modern-premier-7299721,modern-premier-7299721-2014-07-21
13,4,Aether Vial,,Artifacts,4,2,GW Hatebears,senrabselim,431 tix,$ 725,241091,2014-07-21,Modern Premier #7299721,modern,modern-premier-7299721,modern-premier-7299721-2014-07-21
15,1,Forest,,Lands,4,2,GW Hatebears,senrabselim,431 tix,$ 725,241091,2014-07-21,Modern Premier #7299721,modern,modern-premier-7299721,modern-premier-7299721-2014-07-21
16,4,Ghost Quarter,,Lands,4,2,GW Hatebears,senrabselim,431 tix,$ 725,241091,2014-07-21,Modern Premier #7299721,modern,modern-premier-7299721,modern-premier-7299721-2014-07-21
17,4,Horizon Canopy,,Lands,4,2,GW Hatebears,senrabselim,431 tix,$ 725,241091,2014-07-21,Modern Premier #7299721,modern,modern-premier-7299721,modern-premier-7299721-2014-07-21
18,2,Plains,,Lands,4,2,GW Hatebears,senrabselim,431 tix,$ 725,241091,2014-07-21,Modern Premier #7299721,modern,modern-premier-7299721,modern-premier-7299721-2014-07-21
19,4,Razorverge Thicket,,Lands,4,2,GW Hatebears,senrabselim,431 tix,$ 725,241091,2014-07-21,Modern Premier #7299721,modern,modern-premier-7299721,modern-premier-7299721-2014-07-21
20,3,Tectonic Edge,,Lands,4,2,GW Hatebears,senrabselim,431 tix,$ 725,241091,2014-07-21,Modern Premier #7299721,modern,modern-premier-7299721,modern-premier-7299721-2014-07-21
21,4,Temple Garden,,Lands,4,2,GW Hatebears,senrabselim,431 tix,$ 725,241091,2014-07-21,Modern Premier #7299721,modern,modern-premier-7299721,modern-premier-7299721-2014-07-21
23,1,Relic of Progenitus,,Sideboard,4,2,GW Hatebears,senrabselim,431 tix,$ 725,241091,2014-07-21,Modern Premier #7299721,modern,modern-premier-7299721,modern-premier-7299721-2014-07-21
24,1,Mark of Asylum,,Sideboard,4,2,GW Hatebears,senrabselim,431 tix,$ 725,241091,2014-07-21,Modern Premier #7299721,modern,modern-premier-7299721,modern-premier-7299721-2014-07-21
25,1,Qasali Pridemage,,Sideboard,4,2,GW Hatebears,senrabselim,431 tix,$ 725,241091,2014-07-21,Modern Premier #7299721,modern,modern-premier-7299721,modern-premier-7299721-2014-07-21
26,3,Stony Silence,,Sideboard,4,2,GW Hatebears,senrabselim,431 tix,$ 725,241091,2014-07-21,Modern Premier #7299721,modern,modern-premier-7299721,modern-premier-7299721-2014-07-21
27,2,Choke,,Sideboard,4,2,GW Hatebears,senrabselim,431 tix,$ 725,241091,2014-07-21,Modern Premier #7299721,modern,modern-premier-7299721,modern-premier-7299721-2014-07-21
28,1,Crucible of Worlds,,Sideboard,4,2,GW Hatebears,senrabselim,431 tix,$ 725,241091,2014-07-21,Modern Premier #7299721,modern,modern-premier-7299721,modern-premier-7299721-2014-07-21
29,1,Dismember,,Sideboard,4,2,GW Hatebears,senrabselim,431 tix,$ 725,241091,2014-07-21,Modern Premier #7299721,modern,modern-premier-7299721,modern-premier-7299721-2014-07-21
30,2,Kitchen Finks,,Sideboard,4,2,GW Hatebears,senrabselim,431 tix,$ 725,241091,2014-07-21,Modern Premier #7299721,modern,modern-premier-7299721,modern-premier-7299721-2014-07-21
31,1,Creeping Corrosion,,Sideboard,4,2,GW Hatebears,senrabselim,431 tix,$ 725,241091,2014-07-21,Modern Premier #7299721,modern,modern-premier-7299721,modern-premier-7299721-2014-07-21
32,2,"Thrun, the Last Troll",,Sideboard,4,2,GW Hatebears,senrabselim,431 tix,$ 725,241091,2014-07-21,Modern Premier #7299721,modern,modern-premier-7299721,modern-premier-7299721-2014-07-21
1,4,Dark Confidant,,Creatures,4,2,Junk,JIsOrange,548 tix,"$ 1,815",241090,2014-07-21,Modern Premier #7299721,modern,modern-premier-7299721,modern-premier-7299721-2014-07-21
2,3,Scavenging Ooze,,Creatures,4,2,Junk,JIsOrange,548 tix,"$ 1,815",241090,2014-07-21,Modern Premier #7299721,modern,modern-premier-7299721,modern-premier-7299721-2014-07-21
3,4,Tarmogoyf,,Creatures,4,2,Junk,JIsOrange,548 tix,"$ 1,815",241090,2014-07-21,Modern Premier #7299721,modern,modern-premier-7299721,modern-premier-7299721-2014-07-21
4,2,Courser of Kruphix,,Creatures,4,2,Junk,JIsOrange,548 tix,"$ 1,815",241090,2014-07-21,Modern Premier #7299721,modern,modern-premier-7299721,modern-premier-7299721-2014-07-21
5,1,"Thrun, the Last Troll",,Creatures,4,2,Junk,JIsOrange,548 tix,"$ 1,815",241090,2014-07-21,Modern Premier #7299721,modern,modern-premier-7299721,modern-premier-7299721-2014-07-21
7,4,Liliana of the Veil,,Planeswalkers,4,2,Junk,JIsOrange,548 tix,"$ 1,815",241090,2014-07-21,Modern Premier #7299721,modern,modern-premier-7299721,modern-premier-7299721-2014-07-21
9,1,Slaughter Pact,,Spells,4,2,Junk,JIsOrange,548 tix,"$ 1,815",241090,2014-07-21,Modern Premier #7299721,modern,modern-premier-7299721,modern-premier-7299721-2014-07-21
10,3,Inquisition of Kozilek,,Spells,4,2,Junk,JIsOrange,548 tix,"$ 1,815",241090,2014-07-21,Modern Premier #7299721,modern,modern-premier-7299721,modern-premier-7299721-2014-07-21
11,4,Thoughtseize,,Spells,4,2,Junk,JIsOrange,548 tix,"$ 1,815",241090,2014-07-21,Modern Premier #7299721,modern,modern-premier-7299721,modern-premier-7299721-2014-07-21
12,3,Abrupt Decay,,Spells,4,2,Junk,JIsOrange,548 tix,"$ 1,815",241090,2014-07-21,Modern Premier #7299721,modern,modern-premier-7299721,modern-premier-7299721-2014-07-21
13,1,Victim of Night,,Spells,4,2,Junk,JIsOrange,548 tix,"$ 1,815",241090,2014-07-21,Modern Premier #7299721,modern,modern-premier-7299721,modern-premier-7299721-2014-07-21
14,2,Dismember,,Spells,4,2,Junk,JIsOrange,548 tix,"$ 1,815",241090,2014-07-21,Modern Premier #7299721,modern,modern-premier-7299721,modern-premier-7299721-2014-07-21
15,2,Maelstrom Pulse,,Spells,4,2,Junk,JIsOrange,548 tix,"$ 1,815",241090,2014-07-21,Modern Premier #7299721,modern,modern-premier-7299721,modern-premier-7299721-2014-07-21
17,1,Batterskull,,Artifacts,4,2,Junk,JIsOrange,548 tix,"$ 1,815",241090,2014-07-21,Modern Premier #7299721,modern,modern-premier-7299721,modern-premier-7299721-2014-07-21
19,1,Forest,,Lands,4,2,Junk,JIsOrange,548 tix,"$ 1,815",241090,2014-07-21,Modern Premier #7299721,modern,modern-premier-7299721,modern-premier-7299721-2014-07-21
20,3,Marsh Flats,,Lands,4,2,Junk,JIsOrange,548 tix,"$ 1,815",241090,2014-07-21,Modern Premier #7299721,modern,modern-premier-7299721,modern-premier-7299721-2014-07-21
21,1,Misty Rainforest,,Lands,4,2,Junk,JIsOrange,548 tix,"$ 1,815",241090,2014-07-21,Modern Premier #7299721,modern,modern-premier-7299721,modern-premier-7299721-2014-07-21
22,3,Overgrown Tomb,,Lands,4,2,Junk,JIsOrange,548 tix,"$ 1,815",241090,2014-07-21,Modern Premier #7299721,modern,modern-premier-7299721,modern-premier-7299721-2014-07-21
23,3,Swamp,,Lands,4,2,Junk,JIsOrange,548 tix,"$ 1,815",241090,2014-07-21,Modern Premier #7299721,modern,modern-premier-7299721,modern-premier-7299721-2014-07-21
24,4,Tectonic Edge,,Lands,4,2,Junk,JIsOrange,548 tix,"$ 1,815",241090,2014-07-21,Modern Premier #7299721,modern,modern-premier-7299721,modern-premier-7299721-2014-07-21
25,4,Treetop Village,,Lands,4,2,Junk,JIsOrange,548 tix,"$ 1,815",241090,2014-07-21,Modern Premier #7299721,modern,modern-premier-7299721,modern-premier-7299721-2014-07-21
26,1,"Urborg, Tomb of Yawgmoth",,Lands,4,2,Junk,JIsOrange,548 tix,"$ 1,815",241090,2014-07-21,Modern Premier #7299721,modern,modern-premier-7299721,modern-premier-7299721-2014-07-21
27,4,Verdant Catacombs,,Lands,4,2,Junk,JIsOrange,548 tix,"$ 1,815",241090,2014-07-21,Modern Premier #7299721,modern,modern-premier-7299721,modern-premier-7299721-2014-07-21
28,1,Woodland Cemetery,,Lands,4,2,Junk,JIsOrange,548 tix,"$ 1,815",241090,2014-07-21,Modern Premier #7299721,modern,modern-premier-7299721,modern-premier-7299721-2014-07-21
30,2,Grafdigger's Cage,,Sideboard,4,2,Junk,JIsOrange,548 tix,"$ 1,815",241090,2014-07-21,Modern Premier #7299721,modern,modern-premier-7299721,modern-premier-7299721-2014-07-21
31,2,Golgari Charm,,Sideboard,4,2,Junk,JIsOrange,548 tix,"$ 1,815",241090,2014-07-21,Modern Premier #7299721,modern,modern-premier-7299721,modern-premier-7299721-2014-07-21
32,1,Bow of Nylea,,Sideboard,4,2,Junk,JIsOrange,548 tix,"$ 1,815",241090,2014-07-21,Modern Premier #7299721,modern,modern-premier-7299721,modern-premier-7299721-2014-07-21
33,2,Drown in Sorrow,,Sideboard,4,2,Junk,JIsOrange,548 tix,"$ 1,815",241090,2014-07-21,Modern Premier #7299721,modern,modern-premier-7299721,modern-premier-7299721-2014-07-21
34,1,Creeping Corrosion,,Sideboard,4,2,Junk,JIsOrange,548 tix,"$ 1,815",241090,2014-07-21,Modern Premier #7299721,modern,modern-premier-7299721,modern-premier-7299721-2014-07-21
35,2,Night of Souls' Betrayal,,Sideboard,4,2,Junk,JIsOrange,548 tix,"$ 1,815",241090,2014-07-21,Modern Premier #7299721,modern,modern-premier-7299721,modern-premier-7299721-2014-07-21
36,3,Skinrender,,Sideboard,4,2,Junk,JIsOrange,548 tix,"$ 1,815",241090,2014-07-21,Modern Premier #7299721,modern,modern-premier-7299721,modern-premier-7299721-2014-07-21
1,4,Dark Confidant,,Creatures,4,2,Junk,dancingjesus102,587 tix,"$ 1,918",241093,2014-07-21,Modern Premier #7299721,modern,modern-premier-7299721,modern-premier-7299721-2014-07-21
2,3,Scavenging Ooze,,Creatures,4,2,Junk,dancingjesus102,587 tix,"$ 1,918",241093,2014-07-21,Modern Premier #7299721,modern,modern-premier-7299721,modern-premier-7299721-2014-07-21
3,4,Tarmogoyf,,Creatures,4,2,Junk,dancingjesus102,587 tix,"$ 1,918",241093,2014-07-21,Modern Premier #7299721,modern,modern-premier-7299721,modern-premier-7299721-2014-07-21
4,1,"Thrun, the Last Troll",,Creatures,4,2,Junk,dancingjesus102,587 tix,"$ 1,918",241093,2014-07-21,Modern Premier #7299721,modern,modern-premier-7299721,modern-premier-7299721-2014-07-21
6,3,Liliana of the Veil,,Planeswalkers,4,2,Junk,dancingjesus102,587 tix,"$ 1,918",241093,2014-07-21,Modern Premier #7299721,modern,modern-premier-7299721,modern-premier-7299721-2014-07-21
8,1,Slaughter Pact,,Spells,4,2,Junk,dancingjesus102,587 tix,"$ 1,918",241093,2014-07-21,Modern Premier #7299721,modern,modern-premier-7299721,modern-premier-7299721-2014-07-21
9,3,Inquisition of Kozilek,,Spells,4,2,Junk,dancingjesus102,587 tix,"$ 1,918",241093,2014-07-21,Modern Premier #7299721,modern,modern-premier-7299721,modern-premier-7299721-2014-07-21
10,1,Path to Exile,,Spells,4,2,Junk,dancingjesus102,587 tix,"$ 1,918",241093,2014-07-21,Modern Premier #7299721,modern,modern-premier-7299721,modern-premier-7299721-2014-07-21
11,4,Thoughtseize,,Spells,4,2,Junk,dancingjesus102,587 tix,"$ 1,918",241093,2014-07-21,Modern Premier #7299721,modern,modern-premier-7299721,modern-premier-7299721-2014-07-21
12,4,Abrupt Decay,,Spells,4,2,Junk,dancingjesus102,587 tix,"$ 1,918",241093,2014-07-21,Modern Premier #7299721,modern,modern-premier-7299721,modern-premier-7299721-2014-07-21
13,2,Dismember,,Spells,4,2,Junk,dancingjesus102,587 tix,"$ 1,918",241093,2014-07-21,Modern Premier #7299721,modern,modern-premier-7299721,modern-premier-7299721-2014-07-21
14,3,Lingering Souls,,Spells,4,2,Junk,dancingjesus102,587 tix,"$ 1,918",241093,2014-07-21,Modern Premier #7299721,modern,modern-premier-7299721,modern-premier-7299721-2014-07-21
15,2,Maelstrom Pulse,,Spells,4,2,Junk,dancingjesus102,587 tix,"$ 1,918",241093,2014-07-21,Modern Premier #7299721,modern,modern-premier-7299721,modern-premier-7299721-2014-07-21
17,1,Forest,,Lands,4,2,Junk,dancingjesus102,587 tix,"$ 1,918",241093,2014-07-21,Modern Premier #7299721,modern,modern-premier-7299721,modern-premier-7299721-2014-07-21
18,1,Godless Shrine,,Lands,4,2,Junk,dancingjesus102,587 tix,"$ 1,918",241093,2014-07-21,Modern Premier #7299721,modern,modern-premier-7299721,modern-premier-7299721-2014-07-21
19,4,Marsh Flats,,Lands,4,2,Junk,dancingjesus102,587 tix,"$ 1,918",241093,2014-07-21,Modern Premier #7299721,modern,modern-premier-7299721,modern-premier-7299721-2014-07-21
20,2,Overgrown Tomb,,Lands,4,2,Junk,dancingjesus102,587 tix,"$ 1,918",241093,2014-07-21,Modern Premier #7299721,modern,modern-premier-7299721,modern-premier-7299721-2014-07-21
21,2,Stirring Wildwood,,Lands,4,2,Junk,dancingjesus102,587 tix,"$ 1,918",241093,2014-07-21,Modern Premier #7299721,modern,modern-premier-7299721,modern-premier-7299721-2014-07-21
22,2,Swamp,,Lands,4,2,Junk,dancingjesus102,587 tix,"$ 1,918",241093,2014-07-21,Modern Premier #7299721,modern,modern-premier-7299721,modern-premier-7299721-2014-07-21
23,4,Tectonic Edge,,Lands,4,2,Junk,dancingjesus102,587 tix,"$ 1,918",241093,2014-07-21,Modern Premier #7299721,modern,modern-premier-7299721,modern-premier-7299721-2014-07-21
24,1,Temple Garden,,Lands,4,2,Junk,dancingjesus102,587 tix,"$ 1,918",241093,2014-07-21,Modern Premier #7299721,modern,modern-premier-7299721,modern-premier-7299721-2014-07-21
25,2,Treetop Village,,Lands,4,2,Junk,dancingjesus102,587 tix,"$ 1,918",241093,2014-07-21,Modern Premier #7299721,modern,modern-premier-7299721,modern-premier-7299721-2014-07-21
26,1,Twilight Mire,,Lands,4,2,Junk,dancingjesus102,587 tix,"$ 1,918",241093,2014-07-21,Modern Premier #7299721,modern,modern-premier-7299721,modern-premier-7299721-2014-07-21
27,1,"Urborg, Tomb of Yawgmoth",,Lands,4,2,Junk,dancingjesus102,587 tix,"$ 1,918",241093,2014-07-21,Modern Premier #7299721,modern,modern-premier-7299721,modern-premier-7299721-2014-07-21
28,4,Verdant Catacombs,,Lands,4,2,Junk,dancingjesus102,587 tix,"$ 1,918",241093,2014-07-21,Modern Premier #7299721,modern,modern-premier-7299721,modern-premier-7299721-2014-07-21
30,1,Engineered Explosives,,Sideboard,4,2,Junk,dancingjesus102,587 tix,"$ 1,918",241093,2014-07-21,Modern Premier #7299721,modern,modern-premier-7299721,modern-premier-7299721-2014-07-21
31,2,Grafdigger's Cage,,Sideboard,4,2,Junk,dancingjesus102,587 tix,"$ 1,918",241093,2014-07-21,Modern Premier #7299721,modern,modern-premier-7299721,modern-premier-7299721-2014-07-21
32,1,Spellskite,,Sideboard,4,2,Junk,dancingjesus102,587 tix,"$ 1,918",241093,2014-07-21,Modern Premier #7299721,modern,modern-premier-7299721,modern-premier-7299721-2014-07-21
33,2,Stony Silence,,Sideboard,4,2,Junk,dancingjesus102,587 tix,"$ 1,918",241093,2014-07-21,Modern Premier #7299721,modern,modern-premier-7299721,modern-premier-7299721-2014-07-21
34,1,Aven Mindcensor,,Sideboard,4,2,Junk,dancingjesus102,587 tix,"$ 1,918",241093,2014-07-21,Modern Premier #7299721,modern,modern-premier-7299721,modern-premier-7299721-2014-07-21
35,3,Fulminator Mage,,Sideboard,4,2,Junk,dancingjesus102,587 tix,"$ 1,918",241093,2014-07-21,Modern Premier #7299721,modern,modern-premier-7299721,modern-premier-7299721-2014-07-21
36,2,Creeping Corrosion,,Sideboard,4,2,Junk,dancingjesus102,587 tix,"$ 1,918",241093,2014-07-21,Modern Premier #7299721,modern,modern-premier-7299721,modern-premier-7299721-2014-07-21
37,2,Obstinate Baloth,,Sideboard,4,2,Junk,dancingjesus102,587 tix,"$ 1,918",241093,2014-07-21,Modern Premier #7299721,modern,modern-premier-7299721,modern-premier-7299721-2014-07-21
38,1,Batterskull,,Sideboard,4,2,Junk,dancingjesus102,587 tix,"$ 1,918",241093,2014-07-21,Modern Premier #7299721,modern,modern-premier-7299721,modern-premier-7299721-2014-07-21
1,4,Birds of Paradise,,Creatures,4,2,Kiki Pod,dk640,311 tix,$ 765,241086,2014-07-21,Modern Premier #7299721,modern,modern-premier-7299721,modern-premier-7299721-2014-07-21
2,4,Noble Hierarch,,Creatures,4,2,Kiki Pod,dk640,311 tix,$ 765,241086,2014-07-21,Modern Premier #7299721,modern,modern-premier-7299721,modern-premier-7299721-2014-07-21
3,1,Phantasmal Image,,Creatures,4,2,Kiki Pod,dk640,311 tix,$ 765,241086,2014-07-21,Modern Premier #7299721,modern,modern-premier-7299721,modern-premier-7299721-2014-07-21
4,1,Qasali Pridemage,,Creatures,4,2,Kiki Pod,dk640,311 tix,$ 765,241086,2014-07-21,Modern Premier #7299721,modern,modern-premier-7299721,modern-premier-7299721-2014-07-21
5,2,Scavenging Ooze,,Creatures,4,2,Kiki Pod,dk640,311 tix,$ 765,241086,2014-07-21,Modern Premier #7299721,modern,modern-premier-7299721,modern-premier-7299721-2014-07-21
6,1,Spellskite,,Creatures,4,2,Kiki Pod,dk640,311 tix,$ 765,241086,2014-07-21,Modern Premier #7299721,modern,modern-premier-7299721,modern-premier-7299721-2014-07-21
7,2,Voice of Resurgence,,Creatures,4,2,Kiki Pod,dk640,311 tix,$ 765,241086,2014-07-21,Modern Premier #7299721,modern,modern-premier-7299721,modern-premier-7299721-2014-07-21
8,1,Wall of Roots,,Creatures,4,2,Kiki Pod,dk640,311 tix,$ 765,241086,2014-07-21,Modern Premier #7299721,modern,modern-premier-7299721,modern-premier-7299721-2014-07-21
9,1,Deceiver Exarch,,Creatures,4,2,Kiki Pod,dk640,311 tix,$ 765,241086,2014-07-21,Modern Premier #7299721,modern,modern-premier-7299721,modern-premier-7299721-2014-07-21
10,1,Eternal Witness,,Creatures,4,2,Kiki Pod,dk640,311 tix,$ 765,241086,2014-07-21,Modern Premier #7299721,modern,modern-premier-7299721,modern-premier-7299721-2014-07-21
11,3,Kitchen Finks,,Creatures,4,2,Kiki Pod,dk640,311 tix,$ 765,241086,2014-07-21,Modern Premier #7299721,modern,modern-premier-7299721,modern-premier-7299721-2014-07-21
12,1,Glen Elendra Archmage,,Creatures,4,2,Kiki Pod,dk640,311 tix,$ 765,241086,2014-07-21,Modern Premier #7299721,modern,modern-premier-7299721,modern-premier-7299721-2014-07-21
13,1,"Linvala, Keeper of Silence",,Creatures,4,2,Kiki Pod,dk640,311 tix,$ 765,241086,2014-07-21,Modern Premier #7299721,modern,modern-premier-7299721,modern-premier-7299721-2014-07-21
14,1,Murderous Redcap,,Creatures,4,2,Kiki Pod,dk640,311 tix,$ 765,241086,2014-07-21,Modern Premier #7299721,modern,modern-premier-7299721,modern-premier-7299721-2014-07-21
15,3,Restoration Angel,,Creatures,4,2,Kiki Pod,dk640,311 tix,$ 765,241086,2014-07-21,Modern Premier #7299721,modern,modern-premier-7299721,modern-premier-7299721-2014-07-21
16,2,"Kiki-Jiki, Mirror Breaker",,Creatures,4,2,Kiki Pod,dk640,311 tix,$ 765,241086,2014-07-21,Modern Premier #7299721,modern,modern-premier-7299721,modern-premier-7299721-2014-07-21
17,1,Zealous Conscripts,,Creatures,4,2,Kiki Pod,dk640,311 tix,$ 765,241086,2014-07-21,Modern Premier #7299721,modern,modern-premier-7299721,modern-premier-7299721-2014-07-21
19,3,Path to Exile,,Spells,4,2,Kiki Pod,dk640,311 tix,$ 765,241086,2014-07-21,Modern Premier #7299721,modern,modern-premier-7299721,modern-premier-7299721-2014-07-21
21,4,Birthing Pod,,Artifacts,4,2,Kiki Pod,dk640,311 tix,$ 765,241086,2014-07-21,Modern Premier #7299721,modern,modern-premier-7299721,modern-premier-7299721-2014-07-21
23,4,Arid Mesa,,Lands,4,2,Kiki Pod,dk640,311 tix,$ 765,241086,2014-07-21,Modern Premier #7299721,modern,modern-premier-7299721,modern-premier-7299721-2014-07-21
24,1,Breeding Pool,,Lands,4,2,Kiki Pod,dk640,311 tix,$ 765,241086,2014-07-21,Modern Premier #7299721,modern,modern-premier-7299721,modern-premier-7299721-2014-07-21
25,1,Fire-Lit Thicket,,Lands,4,2,Kiki Pod,dk640,311 tix,$ 765,241086,2014-07-21,Modern Premier #7299721,modern,modern-premier-7299721,modern-premier-7299721-2014-07-21
26,2,Forest,,Lands,4,2,Kiki Pod,dk640,311 tix,$ 765,241086,2014-07-21,Modern Premier #7299721,modern,modern-premier-7299721,modern-premier-7299721-2014-07-21
27,2,Gavony Township,,Lands,4,2,Kiki Pod,dk640,311 tix,$ 765,241086,2014-07-21,Modern Premier #7299721,modern,modern-premier-7299721,modern-premier-7299721-2014-07-21
28,4,Grove of the Burnwillows,,Lands,4,2,Kiki Pod,dk640,311 tix,$ 765,241086,2014-07-21,Modern Premier #7299721,modern,modern-premier-7299721,modern-premier-7299721-2014-07-21
29,1,Hallowed Fountain,,Lands,4,2,Kiki Pod,dk640,311 tix,$ 765,241086,2014-07-21,Modern Premier #7299721,modern,modern-premier-7299721,modern-premier-7299721-2014-07-21
30,3,Misty Rainforest,,Lands,4,2,Kiki Pod,dk640,311 tix,$ 765,241086,2014-07-21,Modern Premier #7299721,modern,modern-premier-7299721,modern-premier-7299721-2014-07-21
31,1,Plains,,Lands,4,2,Kiki Pod,dk640,311 tix,$ 765,241086,2014-07-21,Modern Premier #7299721,modern,modern-premier-7299721,modern-premier-7299721-2014-07-21
32,1,Sacred Foundry,,Lands,4,2,Kiki Pod,dk640,311 tix,$ 765,241086,2014-07-21,Modern Premier #7299721,modern,modern-premier-7299721,modern-premier-7299721-2014-07-21
33,1,Steam Vents,,Lands,4,2,Kiki Pod,dk640,311 tix,$ 765,241086,2014-07-21,Modern Premier #7299721,modern,modern-premier-7299721,modern-premier-7299721-2014-07-21
34,1,Stomping Ground,,Lands,4,2,Kiki Pod,dk640,311 tix,$ 765,241086,2014-07-21,Modern Premier #7299721,modern,modern-premier-7299721,modern-premier-7299721-2014-07-21
35,1,Temple Garden,,Lands,4,2,Kiki Pod,dk640,311 tix,$ 765,241086,2014-07-21,Modern Premier #7299721,modern,modern-premier-7299721,modern-premier-7299721-2014-07-21
37,1,Ancient Grudge,,Sideboard,4,2,Kiki Pod,dk640,311 tix,$ 765,241086,2014-07-21,Modern Premier #7299721,modern,modern-premier-7299721,modern-premier-7299721-2014-07-21
38,1,Combust,,Sideboard,4,2,Kiki Pod,dk640,311 tix,$ 765,241086,2014-07-21,Modern Premier #7299721,modern,modern-premier-7299721,modern-premier-7299721-2014-07-21
39,1,"Kataki, War's Wage",,Sideboard,4,2,Kiki Pod,dk640,311 tix,$ 765,241086,2014-07-21,Modern Premier #7299721,modern,modern-premier-7299721,modern-premier-7299721-2014-07-21
40,2,Negate,,Sideboard,4,2,Kiki Pod,dk640,311 tix,$ 765,241086,2014-07-21,Modern Premier #7299721,modern,modern-premier-7299721,modern-premier-7299721-2014-07-21
41,1,"Thalia, Guardian of Thraben",,Sideboard,4,2,Kiki Pod,dk640,311 tix,$ 765,241086,2014-07-21,Modern Premier #7299721,modern,modern-premier-7299721,modern-premier-7299721-2014-07-21
42,1,Aven Mindcensor,,Sideboard,4,2,Kiki Pod,dk640,311 tix,$ 765,241086,2014-07-21,Modern Premier #7299721,modern,modern-premier-7299721,modern-premier-7299721-2014-07-21
43,1,Eidolon of Rhetoric,,Sideboard,4,2,Kiki Pod,dk640,311 tix,$ 765,241086,2014-07-21,Modern Premier #7299721,modern,modern-premier-7299721,modern-premier-7299721-2014-07-21
44,1,Fiery Justice,,Sideboard,4,2,Kiki Pod,dk640,311 tix,$ 765,241086,2014-07-21,Modern Premier #7299721,modern,modern-premier-7299721,modern-premier-7299721-2014-07-21
45,1,Harmonic Sliver,,Sideboard,4,2,Kiki Pod,dk640,311 tix,$ 765,241086,2014-07-21,Modern Premier #7299721,modern,modern-premier-7299721,modern-premier-7299721-2014-07-21
46,1,Avalanche Riders,,Sideboard,4,2,Kiki Pod,dk640,311 tix,$ 765,241086,2014-07-21,Modern Premier #7299721,modern,modern-premier-7299721,modern-premier-7299721-2014-07-21
47,1,Loxodon Hierarch,,Sideboard,4,2,Kiki Pod,dk640,311 tix,$ 765,241086,2014-07-21,Modern Premier #7299721,modern,modern-premier-7299721,modern-premier-7299721-2014-07-21
48,1,Shatterstorm,,Sideboard,4,2,Kiki Pod,dk640,311 tix,$ 765,241086,2014-07-21,Modern Premier #7299721,modern,modern-premier-7299721,modern-premier-7299721-2014-07-21
49,1,Sowing Salt,,Sideboard,4,2,Kiki Pod,dk640,311 tix,$ 765,241086,2014-07-21,Modern Premier #7299721,modern,modern-premier-7299721,modern-premier-7299721-2014-07-21
50,1,"Thrun, the Last Troll",,Sideboard,4,2,Kiki Pod,dk640,311 tix,$ 765,241086,2014-07-21,Modern Premier #7299721,modern,modern-premier-7299721,modern-premier-7299721-2014-07-21
1,4,Birds of Paradise,,Creatures,4,2,Melira Pod,bobjackson,258 tix,$ 837,241088,2014-07-21,Modern Premier #7299721,modern,modern-premier-7299721,modern-premier-7299721-2014-07-21
2,3,Noble Hierarch,,Creatures,4,2,Melira Pod,bobjackson,258 tix,$ 837,241088,2014-07-21,Modern Premier #7299721,modern,modern-premier-7299721,modern-premier-7299721-2014-07-21
3,1,Qasali Pridemage,,Creatures,4,2,Melira Pod,bobjackson,258 tix,$ 837,241088,2014-07-21,Modern Premier #7299721,modern,modern-premier-7299721,modern-premier-7299721-2014-07-21
4,1,Scavenging Ooze,,Creatures,4,2,Melira Pod,bobjackson,258 tix,$ 837,241088,2014-07-21,Modern Premier #7299721,modern,modern-premier-7299721,modern-premier-7299721-2014-07-21
5,1,Spellskite,,Creatures,4,2,Melira Pod,bobjackson,258 tix,$ 837,241088,2014-07-21,Modern Premier #7299721,modern,modern-premier-7299721,modern-premier-7299721-2014-07-21
6,2,Voice of Resurgence,,Creatures,4,2,Melira Pod,bobjackson,258 tix,$ 837,241088,2014-07-21,Modern Premier #7299721,modern,modern-premier-7299721,modern-premier-7299721-2014-07-21
7,1,Wall of Roots,,Creatures,4,2,Melira Pod,bobjackson,258 tix,$ 837,241088,2014-07-21,Modern Premier #7299721,modern,modern-premier-7299721,modern-premier-7299721-2014-07-21
8,1,Aven Mindcensor,,Creatures,4,2,Melira Pod,bobjackson,258 tix,$ 837,241088,2014-07-21,Modern Premier #7299721,modern,modern-premier-7299721,modern-premier-7299721-2014-07-21
9,1,Eternal Witness,,Creatures,4,2,Melira Pod,bobjackson,258 tix,$ 837,241088,2014-07-21,Modern Premier #7299721,modern,modern-premier-7299721,modern-premier-7299721-2014-07-21
10,1,Harmonic Sliver,,Creatures,4,2,Melira Pod,bobjackson,258 tix,$ 837,241088,2014-07-21,Modern Premier #7299721,modern,modern-premier-7299721,modern-premier-7299721-2014-07-21
11,1,Kitchen Finks,,Creatures,4,2,Melira Pod,bobjackson,258 tix,$ 837,241088,2014-07-21,Modern Premier #7299721,modern,modern-premier-7299721,modern-premier-7299721-2014-07-21
12,1,Orzhov Pontiff,,Creatures,4,2,Melira Pod,bobjackson,258 tix,$ 837,241088,2014-07-21,Modern Premier #7299721,modern,modern-premier-7299721,modern-premier-7299721-2014-07-21
13,1,Sin Collector,,Creatures,4,2,Melira Pod,bobjackson,258 tix,$ 837,241088,2014-07-21,Modern Premier #7299721,modern,modern-premier-7299721,modern-premier-7299721-2014-07-21
14,1,Spike Feeder,,Creatures,4,2,Melira Pod,bobjackson,258 tix,$ 837,241088,2014-07-21,Modern Premier #7299721,modern,modern-premier-7299721,modern-premier-7299721-2014-07-21
15,1,"Linvala, Keeper of Silence",,Creatures,4,2,Melira Pod,bobjackson,258 tix,$ 837,241088,2014-07-21,Modern Premier #7299721,modern,modern-premier-7299721,modern-premier-7299721-2014-07-21
16,1,Murderous Redcap,,Creatures,4,2,Melira Pod,bobjackson,258 tix,$ 837,241088,2014-07-21,Modern Premier #7299721,modern,modern-premier-7299721,modern-premier-7299721-2014-07-21
17,1,Restoration Angel,,Creatures,4,2,Melira Pod,bobjackson,258 tix,$ 837,241088,2014-07-21,Modern Premier #7299721,modern,modern-premier-7299721,modern-premier-7299721-2014-07-21
18,1,Archangel of Thune,,Creatures,4,2,Melira Pod,bobjackson,258 tix,$ 837,241088,2014-07-21,Modern Premier #7299721,modern,modern-premier-7299721,modern-premier-7299721-2014-07-21
19,1,Reveillark,,Creatures,4,2,Melira Pod,bobjackson,258 tix,$ 837,241088,2014-07-21,Modern Premier #7299721,modern,modern-premier-7299721,modern-premier-7299721-2014-07-21
20,1,Shriekmaw,,Creatures,4,2,Melira Pod,bobjackson,258 tix,$ 837,241088,2014-07-21,Modern Premier #7299721,modern,modern-premier-7299721,modern-premier-7299721-2014-07-21
22,3,Thoughtseize,,Spells,4,2,Melira Pod,bobjackson,258 tix,$ 837,241088,2014-07-21,Modern Premier #7299721,modern,modern-premier-7299721,modern-premier-7299721-2014-07-21
23,2,Abrupt Decay,,Spells,4,2,Melira Pod,bobjackson,258 tix,$ 837,241088,2014-07-21,Modern Premier #7299721,modern,modern-premier-7299721,modern-premier-7299721-2014-07-21
24,2,Chord of Calling,,Spells,4,2,Melira Pod,bobjackson,258 tix,$ 837,241088,2014-07-21,Modern Premier #7299721,modern,modern-premier-7299721,modern-premier-7299721-2014-07-21
26,4,Birthing Pod,,Artifacts,4,2,Melira Pod,bobjackson,258 tix,$ 837,241088,2014-07-21,Modern Premier #7299721,modern,modern-premier-7299721,modern-premier-7299721-2014-07-21
28,3,Forest,,Lands,4,2,Melira Pod,bobjackson,258 tix,$ 837,241088,2014-07-21,Modern Premier #7299721,modern,modern-premier-7299721,modern-premier-7299721-2014-07-21
29,3,Gavony Township,,Lands,4,2,Melira Pod,bobjackson,258 tix,$ 837,241088,2014-07-21,Modern Premier #7299721,modern,modern-premier-7299721,modern-premier-7299721-2014-07-21
30,1,Godless Shrine,,Lands,4,2,Melira Pod,bobjackson,258 tix,$ 837,241088,2014-07-21,Modern Premier #7299721,modern,modern-premier-7299721,modern-premier-7299721-2014-07-21
31,2,Marsh Flats,,Lands,4,2,Melira Pod,bobjackson,258 tix,$ 837,241088,2014-07-21,Modern Premier #7299721,modern,modern-premier-7299721,modern-premier-7299721-2014-07-21
32,2,Misty Rainforest,,Lands,4,2,Melira Pod,bobjackson,258 tix,$ 837,241088,2014-07-21,Modern Premier #7299721,modern,modern-premier-7299721,modern-premier-7299721-2014-07-21
33,2,Overgrown Tomb,,Lands,4,2,Melira Pod,bobjackson,258 tix,$ 837,241088,2014-07-21,Modern Premier #7299721,modern,modern-premier-7299721,modern-premier-7299721-2014-07-21
34,3,Razorverge Thicket,,Lands,4,2,Melira Pod,bobjackson,258 tix,$ 837,241088,2014-07-21,Modern Premier #7299721,modern,modern-premier-7299721,modern-premier-7299721-2014-07-21
35,1,Swamp,,Lands,4,2,Melira Pod,bobjackson,258 tix,$ 837,241088,2014-07-21,Modern Premier #7299721,modern,modern-premier-7299721,modern-premier-7299721-2014-07-21
36,1,Temple Garden,,Lands,4,2,Melira Pod,bobjackson,258 tix,$ 837,241088,2014-07-21,Modern Premier #7299721,modern,modern-premier-7299721,modern-premier-7299721-2014-07-21
37,4,Verdant Catacombs,,Lands,4,2,Melira Pod,bobjackson,258 tix,$ 837,241088,2014-07-21,Modern Premier #7299721,modern,modern-premier-7299721,modern-premier-7299721-2014-07-21
38,1,Woodland Cemetery,,Lands,4,2,Melira Pod,bobjackson,258 tix,$ 837,241088,2014-07-21,Modern Premier #7299721,modern,modern-premier-7299721,modern-premier-7299721-2014-07-21
40,1,Slaughter Pact,,Sideboard,4,2,Melira Pod,bobjackson,258 tix,$ 837,241088,2014-07-21,Modern Premier #7299721,modern,modern-premier-7299721,modern-premier-7299721-2014-07-21
41,1,Thoughtseize,,Sideboard,4,2,Melira Pod,bobjackson,258 tix,$ 837,241088,2014-07-21,Modern Premier #7299721,modern,modern-premier-7299721,modern-premier-7299721-2014-07-21
42,1,Abrupt Decay,,Sideboard,4,2,Melira Pod,bobjackson,258 tix,$ 837,241088,2014-07-21,Modern Premier #7299721,modern,modern-premier-7299721,modern-premier-7299721-2014-07-21
43,1,Ethersworn Canonist,,Sideboard,4,2,Melira Pod,bobjackson,258 tix,$ 837,241088,2014-07-21,Modern Premier #7299721,modern,modern-premier-7299721,modern-premier-7299721-2014-07-21
44,1,Qasali Pridemage,,Sideboard,4,2,Melira Pod,bobjackson,258 tix,$ 837,241088,2014-07-21,Modern Premier #7299721,modern,modern-premier-7299721,modern-premier-7299721-2014-07-21
45,2,Dismember,,Sideboard,4,2,Melira Pod,bobjackson,258 tix,$ 837,241088,2014-07-21,Modern Premier #7299721,modern,modern-premier-7299721,modern-premier-7299721-2014-07-21
46,2,Lingering Souls,,Sideboard,4,2,Melira Pod,bobjackson,258 tix,$ 837,241088,2014-07-21,Modern Premier #7299721,modern,modern-premier-7299721,modern-premier-7299721-2014-07-21
47,1,Sin Collector,,Sideboard,4,2,Melira Pod,bobjackson,258 tix,$ 837,241088,2014-07-21,Modern Premier #7299721,modern,modern-premier-7299721,modern-premier-7299721-2014-07-21
48,1,Creeping Corrosion,,Sideboard,4,2,Melira Pod,bobjackson,258 tix,$ 837,241088,2014-07-21,Modern Premier #7299721,modern,modern-premier-7299721,modern-premier-7299721-2014-07-21
49,1,Entomber Exarch,,Sideboard,4,2,Melira Pod,bobjackson,258 tix,$ 837,241088,2014-07-21,Modern Premier #7299721,modern,modern-premier-7299721,modern-premier-7299721-2014-07-21
50,1,Obstinate Baloth,,Sideboard,4,2,Melira Pod,bobjackson,258 tix,$ 837,241088,2014-07-21,Modern Premier #7299721,modern,modern-premier-7299721,modern-premier-7299721-2014-07-21
51,1,"Thrun, the Last Troll",,Sideboard,4,2,Melira Pod,bobjackson,258 tix,$ 837,241088,2014-07-21,Modern Premier #7299721,modern,modern-premier-7299721,modern-premier-7299721-2014-07-21
52,1,"Sigarda, Host of Herons",,Sideboard,4,2,Melira Pod,bobjackson,258 tix,$ 837,241088,2014-07-21,Modern Premier #7299721,modern,modern-premier-7299721,modern-premier-7299721-2014-07-21
1,4,Birds of Paradise,,Creatures,4,2,Melira Pod,Danicus,229 tix,$ 813,241089,2014-07-21,Modern Premier #7299721,modern,modern-premier-7299721,modern-premier-7299721-2014-07-21
2,2,Noble Hierarch,,Creatures,4,2,Melira Pod,Danicus,229 tix,$ 813,241089,2014-07-21,Modern Premier #7299721,modern,modern-premier-7299721,modern-premier-7299721-2014-07-21
3,1,Scavenging Ooze,,Creatures,4,2,Melira Pod,Danicus,229 tix,$ 813,241089,2014-07-21,Modern Premier #7299721,modern,modern-premier-7299721,modern-premier-7299721-2014-07-21
4,1,Spellskite,,Creatures,4,2,Melira Pod,Danicus,229 tix,$ 813,241089,2014-07-21,Modern Premier #7299721,modern,modern-premier-7299721,modern-premier-7299721-2014-07-21
5,3,Voice of Resurgence,,Creatures,4,2,Melira Pod,Danicus,229 tix,$ 813,241089,2014-07-21,Modern Premier #7299721,modern,modern-premier-7299721,modern-premier-7299721-2014-07-21
6,2,Wall of Roots,,Creatures,4,2,Melira Pod,Danicus,229 tix,$ 813,241089,2014-07-21,Modern Premier #7299721,modern,modern-premier-7299721,modern-premier-7299721-2014-07-21
7,1,Eternal Witness,,Creatures,4,2,Melira Pod,Danicus,229 tix,$ 813,241089,2014-07-21,Modern Premier #7299721,modern,modern-premier-7299721,modern-premier-7299721-2014-07-21
8,1,Harmonic Sliver,,Creatures,4,2,Melira Pod,Danicus,229 tix,$ 813,241089,2014-07-21,Modern Premier #7299721,modern,modern-premier-7299721,modern-premier-7299721-2014-07-21
9,1,Kitchen Finks,,Creatures,4,2,Melira Pod,Danicus,229 tix,$ 813,241089,2014-07-21,Modern Premier #7299721,modern,modern-premier-7299721,modern-premier-7299721-2014-07-21
10,1,Orzhov Pontiff,,Creatures,4,2,Melira Pod,Danicus,229 tix,$ 813,241089,2014-07-21,Modern Premier #7299721,modern,modern-premier-7299721,modern-premier-7299721-2014-07-21
11,1,Sin Collector,,Creatures,4,2,Melira Pod,Danicus,229 tix,$ 813,241089,2014-07-21,Modern Premier #7299721,modern,modern-premier-7299721,modern-premier-7299721-2014-07-21
12,1,Spike Feeder,,Creatures,4,2,Melira Pod,Danicus,229 tix,$ 813,241089,2014-07-21,Modern Premier #7299721,modern,modern-premier-7299721,modern-premier-7299721-2014-07-21
13,1,"Linvala, Keeper of Silence",,Creatures,4,2,Melira Pod,Danicus,229 tix,$ 813,241089,2014-07-21,Modern Premier #7299721,modern,modern-premier-7299721,modern-premier-7299721-2014-07-21
14,1,Murderous Redcap,,Creatures,4,2,Melira Pod,Danicus,229 tix,$ 813,241089,2014-07-21,Modern Premier #7299721,modern,modern-premier-7299721,modern-premier-7299721-2014-07-21
15,1,Nekrataal,,Creatures,4,2,Melira Pod,Danicus,229 tix,$ 813,241089,2014-07-21,Modern Premier #7299721,modern,modern-premier-7299721,modern-premier-7299721-2014-07-21
16,1,Restoration Angel,,Creatures,4,2,Melira Pod,Danicus,229 tix,$ 813,241089,2014-07-21,Modern Premier #7299721,modern,modern-premier-7299721,modern-premier-7299721-2014-07-21
17,1,Archangel of Thune,,Creatures,4,2,Melira Pod,Danicus,229 tix,$ 813,241089,2014-07-21,Modern Premier #7299721,modern,modern-premier-7299721,modern-premier-7299721-2014-07-21
18,1,Reveillark,,Creatures,4,2,Melira Pod,Danicus,229 tix,$ 813,241089,2014-07-21,Modern Premier #7299721,modern,modern-premier-7299721,modern-premier-7299721-2014-07-21
20,3,Thoughtseize,,Spells,4,2,Melira Pod,Danicus,229 tix,$ 813,241089,2014-07-21,Modern Premier #7299721,modern,modern-premier-7299721,modern-premier-7299721-2014-07-21
21,3,Abrupt Decay,,Spells,4,2,Melira Pod,Danicus,229 tix,$ 813,241089,2014-07-21,Modern Premier #7299721,modern,modern-premier-7299721,modern-premier-7299721-2014-07-21
22,2,Chord of Calling,,Spells,4,2,Melira Pod,Danicus,229 tix,$ 813,241089,2014-07-21,Modern Premier #7299721,modern,modern-premier-7299721,modern-premier-7299721-2014-07-21
24,4,Birthing Pod,,Artifacts,4,2,Melira Pod,Danicus,229 tix,$ 813,241089,2014-07-21,Modern Premier #7299721,modern,modern-premier-7299721,modern-premier-7299721-2014-07-21
26,2,Forest,,Lands,4,2,Melira Pod,Danicus,229 tix,$ 813,241089,2014-07-21,Modern Premier #7299721,modern,modern-premier-7299721,modern-premier-7299721-2014-07-21
27,3,Gavony Township,,Lands,4,2,Melira Pod,Danicus,229 tix,$ 813,241089,2014-07-21,Modern Premier #7299721,modern,modern-premier-7299721,modern-premier-7299721-2014-07-21
28,1,Godless Shrine,,Lands,4,2,Melira Pod,Danicus,229 tix,$ 813,241089,2014-07-21,Modern Premier #7299721,modern,modern-premier-7299721,modern-premier-7299721-2014-07-21
29,4,Marsh Flats,,Lands,4,2,Melira Pod,Danicus,229 tix,$ 813,241089,2014-07-21,Modern Premier #7299721,modern,modern-premier-7299721,modern-premier-7299721-2014-07-21
30,2,Overgrown Tomb,,Lands,4,2,Melira Pod,Danicus,229 tix,$ 813,241089,2014-07-21,Modern Premier #7299721,modern,modern-premier-7299721,modern-premier-7299721-2014-07-21
31,1,Plains,,Lands,4,2,Melira Pod,Danicus,229 tix,$ 813,241089,2014-07-21,Modern Premier #7299721,modern,modern-premier-7299721,modern-premier-7299721-2014-07-21
32,4,Razorverge Thicket,,Lands,4,2,Melira Pod,Danicus,229 tix,$ 813,241089,2014-07-21,Modern Premier #7299721,modern,modern-premier-7299721,modern-premier-7299721-2014-07-21
33,1,Swamp,,Lands,4,2,Melira Pod,Danicus,229 tix,$ 813,241089,2014-07-21,Modern Premier #7299721,modern,modern-premier-7299721,modern-premier-7299721-2014-07-21
34,1,Temple Garden,,Lands,4,2,Melira Pod,Danicus,229 tix,$ 813,241089,2014-07-21,Modern Premier #7299721,modern,modern-premier-7299721,modern-premier-7299721-2014-07-21
35,4,Verdant Catacombs,,Lands,4,2,Melira Pod,Danicus,229 tix,$ 813,241089,2014-07-21,Modern Premier #7299721,modern,modern-premier-7299721,modern-premier-7299721-2014-07-21
37,1,Burrenton Forge-Tender,,Sideboard,4,2,Melira Pod,Danicus,229 tix,$ 813,241089,2014-07-21,Modern Premier #7299721,modern,modern-premier-7299721,modern-premier-7299721-2014-07-21
38,2,Path to Exile,,Sideboard,4,2,Melira Pod,Danicus,229 tix,$ 813,241089,2014-07-21,Modern Premier #7299721,modern,modern-premier-7299721,modern-premier-7299721-2014-07-21
39,1,Thoughtseize,,Sideboard,4,2,Melira Pod,Danicus,229 tix,$ 813,241089,2014-07-21,Modern Premier #7299721,modern,modern-premier-7299721,modern-premier-7299721-2014-07-21
40,1,Qasali Pridemage,,Sideboard,4,2,Melira Pod,Danicus,229 tix,$ 813,241089,2014-07-21,Modern Premier #7299721,modern,modern-premier-7299721,modern-premier-7299721-2014-07-21
41,1,Aven Mindcensor,,Sideboard,4,2,Melira Pod,Danicus,229 tix,$ 813,241089,2014-07-21,Modern Premier #7299721,modern,modern-premier-7299721,modern-premier-7299721-2014-07-21
42,2,Dismember,,Sideboard,4,2,Melira Pod,Danicus,229 tix,$ 813,241089,2014-07-21,Modern Premier #7299721,modern,modern-premier-7299721,modern-premier-7299721-2014-07-21
43,1,Eidolon of Rhetoric,,Sideboard,4,2,Melira Pod,Danicus,229 tix,$ 813,241089,2014-07-21,Modern Premier #7299721,modern,modern-premier-7299721,modern-premier-7299721-2014-07-21
44,2,Lingering Souls,,Sideboard,4,2,Melira Pod,Danicus,229 tix,$ 813,241089,2014-07-21,Modern Premier #7299721,modern,modern-premier-7299721,modern-premier-7299721-2014-07-21
45,2,Creeping Corrosion,,Sideboard,4,2,Melira Pod,Danicus,229 tix,$ 813,241089,2014-07-21,Modern Premier #7299721,modern,modern-premier-7299721,modern-premier-7299721-2014-07-21
46,1,Entomber Exarch,,Sideboard,4,2,Melira Pod,Danicus,229 tix,$ 813,241089,2014-07-21,Modern Premier #7299721,modern,modern-premier-7299721,modern-premier-7299721-2014-07-21
47,1,"Linvala, Keeper of Silence",,Sideboard,4,2,Melira Pod,Danicus,229 tix,$ 813,241089,2014-07-21,Modern Premier #7299721,modern,modern-premier-7299721,modern-premier-7299721-2014-07-21
1,4,Cursecatcher,,Creatures,4,2,Merfolk,TheFalkenrath,199 tix,$ 556,241087,2014-07-21,Modern Premier #7299721,modern,modern-premier-7299721,modern-premier-7299721-2014-07-21
2,1,Coralhelm Commander,,Creatures,4,2,Merfolk,TheFalkenrath,199 tix,$ 556,241087,2014-07-21,Modern Premier #7299721,modern,modern-premier-7299721,modern-premier-7299721-2014-07-21
3,4,Lord of Atlantis,,Creatures,4,2,Merfolk,TheFalkenrath,199 tix,$ 556,241087,2014-07-21,Modern Premier #7299721,modern,modern-premier-7299721,modern-premier-7299721-2014-07-21
4,4,Master of the Pearl Trident,,Creatures,4,2,Merfolk,TheFalkenrath,199 tix,$ 556,241087,2014-07-21,Modern Premier #7299721,modern,modern-premier-7299721,modern-premier-7299721-2014-07-21
5,3,Phantasmal Image,,Creatures,4,2,Merfolk,TheFalkenrath,199 tix,$ 556,241087,2014-07-21,Modern Premier #7299721,modern,modern-premier-7299721,modern-premier-7299721-2014-07-21
6,4,Silvergill Adept,,Creatures,4,2,Merfolk,TheFalkenrath,199 tix,$ 556,241087,2014-07-21,Modern Premier #7299721,modern,modern-premier-7299721,modern-premier-7299721-2014-07-21
7,2,Spellskite,,Creatures,4,2,Merfolk,TheFalkenrath,199 tix,$ 556,241087,2014-07-21,Modern Premier #7299721,modern,modern-premier-7299721,modern-premier-7299721-2014-07-21
8,1,"Sygg, River Cutthroat",,Creatures,4,2,Merfolk,TheFalkenrath,199 tix,$ 556,241087,2014-07-21,Modern Premier #7299721,modern,modern-premier-7299721,modern-premier-7299721-2014-07-21
9,1,"Kira, Great Glass-Spinner",,Creatures,4,2,Merfolk,TheFalkenrath,199 tix,$ 556,241087,2014-07-21,Modern Premier #7299721,modern,modern-premier-7299721,modern-premier-7299721-2014-07-21
10,4,Merrow Reejerey,,Creatures,4,2,Merfolk,TheFalkenrath,199 tix,$ 556,241087,2014-07-21,Modern Premier #7299721,modern,modern-premier-7299721,modern-premier-7299721-2014-07-21
11,1,"Thassa, God of the Sea",,Creatures,4,2,Merfolk,TheFalkenrath,199 tix,$ 556,241087,2014-07-21,Modern Premier #7299721,modern,modern-premier-7299721,modern-premier-7299721-2014-07-21
12,1,Wake Thrasher,,Creatures,4,2,Merfolk,TheFalkenrath,199 tix,$ 556,241087,2014-07-21,Modern Premier #7299721,modern,modern-premier-7299721,modern-premier-7299721-2014-07-21
13,1,Master of Waves,,Creatures,4,2,Merfolk,TheFalkenrath,199 tix,$ 556,241087,2014-07-21,Modern Premier #7299721,modern,modern-premier-7299721,modern-premier-7299721-2014-07-21
15,1,Vapor Snag,,Spells,4,2,Merfolk,TheFalkenrath,199 tix,$ 556,241087,2014-07-21,Modern Premier #7299721,modern,modern-premier-7299721,modern-premier-7299721-2014-07-21
17,4,Aether Vial,,Artifacts,4,2,Merfolk,TheFalkenrath,199 tix,$ 556,241087,2014-07-21,Modern Premier #7299721,modern,modern-premier-7299721,modern-premier-7299721-2014-07-21
19,4,Spreading Seas,,Enchantments,4,2,Merfolk,TheFalkenrath,199 tix,$ 556,241087,2014-07-21,Modern Premier #7299721,modern,modern-premier-7299721,modern-premier-7299721-2014-07-21
21,2,Cavern of Souls,,Lands,4,2,Merfolk,TheFalkenrath,199 tix,$ 556,241087,2014-07-21,Modern Premier #7299721,modern,modern-premier-7299721,modern-premier-7299721-2014-07-21
22,15,Island,,Lands,4,2,Merfolk,TheFalkenrath,199 tix,$ 556,241087,2014-07-21,Modern Premier #7299721,modern,modern-premier-7299721,modern-premier-7299721-2014-07-21
23,3,Mutavault,,Lands,4,2,Merfolk,TheFalkenrath,199 tix,$ 556,241087,2014-07-21,Modern Premier #7299721,modern,modern-premier-7299721,modern-premier-7299721-2014-07-21
25,1,Ghost Quarter,,Sideboard,4,2,Merfolk,TheFalkenrath,199 tix,$ 556,241087,2014-07-21,Modern Premier #7299721,modern,modern-premier-7299721,modern-premier-7299721-2014-07-21
26,1,Grafdigger's Cage,,Sideboard,4,2,Merfolk,TheFalkenrath,199 tix,$ 556,241087,2014-07-21,Modern Premier #7299721,modern,modern-premier-7299721,modern-premier-7299721-2014-07-21
27,2,Relic of Progenitus,,Sideboard,4,2,Merfolk,TheFalkenrath,199 tix,$ 556,241087,2014-07-21,Modern Premier #7299721,modern,modern-premier-7299721,modern-premier-7299721-2014-07-21
28,2,Spell Pierce,,Sideboard,4,2,Merfolk,TheFalkenrath,199 tix,$ 556,241087,2014-07-21,Modern Premier #7299721,modern,modern-premier-7299721,modern-premier-7299721-2014-07-21
29,1,Steel Sabotage,,Sideboard,4,2,Merfolk,TheFalkenrath,199 tix,$ 556,241087,2014-07-21,Modern Premier #7299721,modern,modern-premier-7299721,modern-premier-7299721-2014-07-21
30,2,Swan Song,,Sideboard,4,2,Merfolk,TheFalkenrath,199 tix,$ 556,241087,2014-07-21,Modern Premier #7299721,modern,modern-premier-7299721,modern-premier-7299721-2014-07-21
31,2,Torpor Orb,,Sideboard,4,2,Merfolk,TheFalkenrath,199 tix,$ 556,241087,2014-07-21,Modern Premier #7299721,modern,modern-premier-7299721,modern-premier-7299721-2014-07-21
32,2,Unified Will,,Sideboard,4,2,Merfolk,TheFalkenrath,199 tix,$ 556,241087,2014-07-21,Modern Premier #7299721,modern,modern-premier-7299721,modern-premier-7299721-2014-07-21
33,1,Dismember,,Sideboard,4,2,Merfolk,TheFalkenrath,199 tix,$ 556,241087,2014-07-21,Modern Premier #7299721,modern,modern-premier-7299721,modern-premier-7299721-2014-07-21
34,1,"Kira, Great Glass-Spinner",,Sideboard,4,2,Merfolk,TheFalkenrath,199 tix,$ 556,241087,2014-07-21,Modern Premier #7299721,modern,modern-premier-7299721,modern-premier-7299721-2014-07-21
1,4,Delver of Secrets,,Creatures,4,2,RUG Midrange,MayoDominaria,402 tix,"$ 1,501",241092,2014-07-21,Modern Premier #7299721,modern,modern-premier-7299721,modern-premier-7299721-2014-07-21
2,4,Snapcaster Mage,,Creatures,4,2,RUG Midrange,MayoDominaria,402 tix,"$ 1,501",241092,2014-07-21,Modern Premier #7299721,modern,modern-premier-7299721,modern-premier-7299721-2014-07-21
3,4,Tarmogoyf,,Creatures,4,2,RUG Midrange,MayoDominaria,402 tix,"$ 1,501",241092,2014-07-21,Modern Premier #7299721,modern,modern-premier-7299721,modern-premier-7299721-2014-07-21
4,3,Vendilion Clique,,Creatures,4,2,RUG Midrange,MayoDominaria,402 tix,"$ 1,501",241092,2014-07-21,Modern Premier #7299721,modern,modern-premier-7299721,modern-premier-7299721-2014-07-21
6,2,Flame Slash,,Spells,4,2,RUG Midrange,MayoDominaria,402 tix,"$ 1,501",241092,2014-07-21,Modern Premier #7299721,modern,modern-premier-7299721,modern-premier-7299721-2014-07-21
7,4,Lightning Bolt,,Spells,4,2,RUG Midrange,MayoDominaria,402 tix,"$ 1,501",241092,2014-07-21,Modern Premier #7299721,modern,modern-premier-7299721,modern-premier-7299721-2014-07-21
8,4,Serum Visions,,Spells,4,2,RUG Midrange,MayoDominaria,402 tix,"$ 1,501",241092,2014-07-21,Modern Premier #7299721,modern,modern-premier-7299721,modern-premier-7299721-2014-07-21
9,2,Spell Snare,,Spells,4,2,RUG Midrange,MayoDominaria,402 tix,"$ 1,501",241092,2014-07-21,Modern Premier #7299721,modern,modern-premier-7299721,modern-premier-7299721-2014-07-21
10,1,Deprive,,Spells,4,2,RUG Midrange,MayoDominaria,402 tix,"$ 1,501",241092,2014-07-21,Modern Premier #7299721,modern,modern-premier-7299721,modern-premier-7299721-2014-07-21
11,3,Mana Leak,,Spells,4,2,RUG Midrange,MayoDominaria,402 tix,"$ 1,501",241092,2014-07-21,Modern Premier #7299721,modern,modern-premier-7299721,modern-premier-7299721-2014-07-21
12,2,Remand,,Spells,4,2,RUG Midrange,MayoDominaria,402 tix,"$ 1,501",241092,2014-07-21,Modern Premier #7299721,modern,modern-premier-7299721,modern-premier-7299721-2014-07-21
13,2,Electrolyze,,Spells,4,2,RUG Midrange,MayoDominaria,402 tix,"$ 1,501",241092,2014-07-21,Modern Premier #7299721,modern,modern-premier-7299721,modern-premier-7299721-2014-07-21
14,2,Cryptic Command,,Spells,4,2,RUG Midrange,MayoDominaria,402 tix,"$ 1,501",241092,2014-07-21,Modern Premier #7299721,modern,modern-premier-7299721,modern-premier-7299721-2014-07-21
16,2,Vedalken Shackles,,Artifacts,4,2,RUG Midrange,MayoDominaria,402 tix,"$ 1,501",241092,2014-07-21,Modern Premier #7299721,modern,modern-premier-7299721,modern-premier-7299721-2014-07-21
18,2,Breeding Pool,,Lands,4,2,RUG Midrange,MayoDominaria,402 tix,"$ 1,501",241092,2014-07-21,Modern Premier #7299721,modern,modern-premier-7299721,modern-premier-7299721-2014-07-21
19,1,Forest,,Lands,4,2,RUG Midrange,MayoDominaria,402 tix,"$ 1,501",241092,2014-07-21,Modern Premier #7299721,modern,modern-premier-7299721,modern-premier-7299721-2014-07-21
20,6,Island,,Lands,4,2,RUG Midrange,MayoDominaria,402 tix,"$ 1,501",241092,2014-07-21,Modern Premier #7299721,modern,modern-premier-7299721,modern-premier-7299721-2014-07-21
21,3,Misty Rainforest,,Lands,4,2,RUG Midrange,MayoDominaria,402 tix,"$ 1,501",241092,2014-07-21,Modern Premier #7299721,modern,modern-premier-7299721,modern-premier-7299721-2014-07-21
22,1,Mountain,,Lands,4,2,RUG Midrange,MayoDominaria,402 tix,"$ 1,501",241092,2014-07-21,Modern Premier #7299721,modern,modern-premier-7299721,modern-premier-7299721-2014-07-21
23,4,Scalding Tarn,,Lands,4,2,RUG Midrange,MayoDominaria,402 tix,"$ 1,501",241092,2014-07-21,Modern Premier #7299721,modern,modern-premier-7299721,modern-premier-7299721-2014-07-21
24,2,Steam Vents,,Lands,4,2,RUG Midrange,MayoDominaria,402 tix,"$ 1,501",241092,2014-07-21,Modern Premier #7299721,modern,modern-premier-7299721,modern-premier-7299721-2014-07-21
25,1,Stomping Ground,,Lands,4,2,RUG Midrange,MayoDominaria,402 tix,"$ 1,501",241092,2014-07-21,Modern Premier #7299721,modern,modern-premier-7299721,modern-premier-7299721-2014-07-21
26,1,Verdant Catacombs,,Lands,4,2,RUG Midrange,MayoDominaria,402 tix,"$ 1,501",241092,2014-07-21,Modern Premier #7299721,modern,modern-premier-7299721,modern-premier-7299721-2014-07-21
28,2,Grim Lavamancer,,Sideboard,4,2,RUG Midrange,MayoDominaria,402 tix,"$ 1,501",241092,2014-07-21,Modern Premier #7299721,modern,modern-premier-7299721,modern-premier-7299721-2014-07-21
29,2,Ancient Grudge,,Sideboard,4,2,RUG Midrange,MayoDominaria,402 tix,"$ 1,501",241092,2014-07-21,Modern Premier #7299721,modern,modern-premier-7299721,modern-premier-7299721-2014-07-21
30,3,Negate,,Sideboard,4,2,RUG Midrange,MayoDominaria,402 tix,"$ 1,501",241092,2014-07-21,Modern Premier #7299721,modern,modern-premier-7299721,modern-premier-7299721-2014-07-21
31,1,Anger of the Gods,,Sideboard,4,2,RUG Midrange,MayoDominaria,402 tix,"$ 1,501",241092,2014-07-21,Modern Premier #7299721,modern,modern-premier-7299721,modern-premier-7299721-2014-07-21
32,2,Blood Moon,,Sideboard,4,2,RUG Midrange,MayoDominaria,402 tix,"$ 1,501",241092,2014-07-21,Modern Premier #7299721,modern,modern-premier-7299721,modern-premier-7299721-2014-07-21
33,2,Threads of Disloyalty,,Sideboard,4,2,RUG Midrange,MayoDominaria,402 tix,"$ 1,501",241092,2014-07-21,Modern Premier #7299721,modern,modern-premier-7299721,modern-premier-7299721-2014-07-21
34,2,"Thrun, the Last Troll",,Sideboard,4,2,RUG Midrange,MayoDominaria,402 tix,"$ 1,501",241092,2014-07-21,Modern Premier #7299721,modern,modern-premier-7299721,modern-premier-7299721-2014-07-21
35,1,"Keranos, God of Storms",,Sideboard,4,2,RUG Midrange,MayoDominaria,402 tix,"$ 1,501",241092,2014-07-21,Modern Premier #7299721,modern,modern-premier-7299721,modern-premier-7299721-2014-07-21
1,4,Goblin Guide,,Creatures,3,3,RDW,eddiesilver,138 tix,$ 432,241095,2014-07-21,Modern Premier #7299721,modern,modern-premier-7299721,modern-premier-7299721-2014-07-21
2,4,Eidolon of the Great Revel,,Creatures,3,3,RDW,eddiesilver,138 tix,$ 432,241095,2014-07-21,Modern Premier #7299721,modern,modern-premier-7299721,modern-premier-7299721-2014-07-21
3,2,Satyr Firedancer,,Creatures,3,3,RDW,eddiesilver,138 tix,$ 432,241095,2014-07-21,Modern Premier #7299721,modern,modern-premier-7299721,modern-premier-7299721-2014-07-21
5,4,Lava Spike,,Spells,3,3,RDW,eddiesilver,138 tix,$ 432,241095,2014-07-21,Modern Premier #7299721,modern,modern-premier-7299721,modern-premier-7299721-2014-07-21
6,4,Lightning Bolt,,Spells,3,3,RDW,eddiesilver,138 tix,$ 432,241095,2014-07-21,Modern Premier #7299721,modern,modern-premier-7299721,modern-premier-7299721-2014-07-21
7,4,Shard Volley,,Spells,3,3,RDW,eddiesilver,138 tix,$ 432,241095,2014-07-21,Modern Premier #7299721,modern,modern-premier-7299721,modern-premier-7299721-2014-07-21
8,4,Boros Charm,,Spells,3,3,RDW,eddiesilver,138 tix,$ 432,241095,2014-07-21,Modern Premier #7299721,modern,modern-premier-7299721,modern-premier-7299721-2014-07-21
9,4,Lightning Helix,,Spells,3,3,RDW,eddiesilver,138 tix,$ 432,241095,2014-07-21,Modern Premier #7299721,modern,modern-premier-7299721,modern-premier-7299721-2014-07-21
10,3,Searing Blood,,Spells,3,3,RDW,eddiesilver,138 tix,$ 432,241095,2014-07-21,Modern Premier #7299721,modern,modern-premier-7299721,modern-premier-7299721-2014-07-21
11,4,Skullcrack,,Spells,3,3,RDW,eddiesilver,138 tix,$ 432,241095,2014-07-21,Modern Premier #7299721,modern,modern-premier-7299721,modern-premier-7299721-2014-07-21
12,4,Rift Bolt,,Spells,3,3,RDW,eddiesilver,138 tix,$ 432,241095,2014-07-21,Modern Premier #7299721,modern,modern-premier-7299721,modern-premier-7299721-2014-07-21
14,4,Arid Mesa,,Lands,3,3,RDW,eddiesilver,138 tix,$ 432,241095,2014-07-21,Modern Premier #7299721,modern,modern-premier-7299721,modern-premier-7299721-2014-07-21
15,3,Battlefield Forge,,Lands,3,3,RDW,eddiesilver,138 tix,$ 432,241095,2014-07-21,Modern Premier #7299721,modern,modern-premier-7299721,modern-premier-7299721-2014-07-21
16,7,Mountain,,Lands,3,3,RDW,eddiesilver,138 tix,$ 432,241095,2014-07-21,Modern Premier #7299721,modern,modern-premier-7299721,modern-premier-7299721-2014-07-21
17,1,Plains,,Lands,3,3,RDW,eddiesilver,138 tix,$ 432,241095,2014-07-21,Modern Premier #7299721,modern,modern-premier-7299721,modern-premier-7299721-2014-07-21
18,4,Sacred Foundry,,Lands,3,3,RDW,eddiesilver,138 tix,$ 432,241095,2014-07-21,Modern Premier #7299721,modern,modern-premier-7299721,modern-premier-7299721-2014-07-21
20,4,Wear & Tear,,Sideboard,3,3,RDW,eddiesilver,138 tix,$ 432,241095,2014-07-21,Modern Premier #7299721,modern,modern-premier-7299721,modern-premier-7299721-2014-07-21
21,3,Rest in Peace,,Sideboard,3,3,RDW,eddiesilver,138 tix,$ 432,241095,2014-07-21,Modern Premier #7299721,modern,modern-premier-7299721,modern-premier-7299721-2014-07-21
22,4,Suppression Field,,Sideboard,3,3,RDW,eddiesilver,138 tix,$ 432,241095,2014-07-21,Modern Premier #7299721,modern,modern-premier-7299721,modern-premier-7299721-2014-07-21
23,4,Molten Rain,,Sideboard,3,3,RDW,eddiesilver,138 tix,$ 432,241095,2014-07-21,Modern Premier #7299721,modern,modern-premier-7299721,modern-premier-7299721-2014-07-21
1,4,Goblin Electromancer,,Creatures,3,3,UR Storm,umbrageous,153 tix,$ 601,241094,2014-07-21,Modern Premier #7299721,modern,modern-premier-7299721,modern-premier-7299721-2014-07-21
3,3,Faithless Looting,,Spells,3,3,UR Storm,umbrageous,153 tix,$ 601,241094,2014-07-21,Modern Premier #7299721,modern,modern-premier-7299721,modern-premier-7299721-2014-07-21
4,4,Gitaxian Probe,,Spells,3,3,UR Storm,umbrageous,153 tix,$ 601,241094,2014-07-21,Modern Premier #7299721,modern,modern-premier-7299721,modern-premier-7299721-2014-07-21
5,4,Serum Visions,,Spells,3,3,UR Storm,umbrageous,153 tix,$ 601,241094,2014-07-21,Modern Premier #7299721,modern,modern-premier-7299721,modern-premier-7299721-2014-07-21
6,4,Sleight of Hand,,Spells,3,3,UR Storm,umbrageous,153 tix,$ 601,241094,2014-07-21,Modern Premier #7299721,modern,modern-premier-7299721,modern-premier-7299721-2014-07-21
7,3,Desperate Ravings,,Spells,3,3,UR Storm,umbrageous,153 tix,$ 601,241094,2014-07-21,Modern Premier #7299721,modern,modern-premier-7299721,modern-premier-7299721-2014-07-21
8,4,Desperate Ritual,,Spells,3,3,UR Storm,umbrageous,153 tix,$ 601,241094,2014-07-21,Modern Premier #7299721,modern,modern-premier-7299721,modern-premier-7299721-2014-07-21
9,3,Grapeshot,,Spells,3,3,UR Storm,umbrageous,153 tix,$ 601,241094,2014-07-21,Modern Premier #7299721,modern,modern-premier-7299721,modern-premier-7299721-2014-07-21
10,4,Manamorphose,,Spells,3,3,UR Storm,umbrageous,153 tix,$ 601,241094,2014-07-21,Modern Premier #7299721,modern,modern-premier-7299721,modern-premier-7299721-2014-07-21
11,4,Pyretic Ritual,,Spells,3,3,UR Storm,umbrageous,153 tix,$ 601,241094,2014-07-21,Modern Premier #7299721,modern,modern-premier-7299721,modern-premier-7299721-2014-07-21
12,3,Past in Flames,,Spells,3,3,UR Storm,umbrageous,153 tix,$ 601,241094,2014-07-21,Modern Premier #7299721,modern,modern-premier-7299721,modern-premier-7299721-2014-07-21
14,4,Pyromancer Ascension,,Enchantments,3,3,UR Storm,umbrageous,153 tix,$ 601,241094,2014-07-21,Modern Premier #7299721,modern,modern-premier-7299721,modern-premier-7299721-2014-07-21
16,3,Island,,Lands,3,3,UR Storm,umbrageous,153 tix,$ 601,241094,2014-07-21,Modern Premier #7299721,modern,modern-premier-7299721,modern-premier-7299721-2014-07-21
17,2,Misty Rainforest,,Lands,3,3,UR Storm,umbrageous,153 tix,$ 601,241094,2014-07-21,Modern Premier #7299721,modern,modern-premier-7299721,modern-premier-7299721-2014-07-21
18,1,Mountain,,Lands,3,3,UR Storm,umbrageous,153 tix,$ 601,241094,2014-07-21,Modern Premier #7299721,modern,modern-premier-7299721,modern-premier-7299721-2014-07-21
19,4,Scalding Tarn,,Lands,3,3,UR Storm,umbrageous,153 tix,$ 601,241094,2014-07-21,Modern Premier #7299721,modern,modern-premier-7299721,modern-premier-7299721-2014-07-21
20,3,Steam Vents,,Lands,3,3,UR Storm,umbrageous,153 tix,$ 601,241094,2014-07-21,Modern Premier #7299721,modern,modern-premier-7299721,modern-premier-7299721-2014-07-21
21,3,Sulfur Falls,,Lands,3,3,UR Storm,umbrageous,153 tix,$ 601,241094,2014-07-21,Modern Premier #7299721,modern,modern-premier-7299721,modern-premier-7299721-2014-07-21
23,4,Flame Slash,,Sideboard,3,3,UR Storm,umbrageous,153 tix,$ 601,241094,2014-07-21,Modern Premier #7299721,modern,modern-premier-7299721,modern-premier-7299721-2014-07-21
24,2,Lightning Bolt,,Sideboard,3,3,UR Storm,umbrageous,153 tix,$ 601,241094,2014-07-21,Modern Premier #7299721,modern,modern-premier-7299721,modern-premier-7299721-2014-07-21
25,2,Spell Pierce,,Sideboard,3,3,UR Storm,umbrageous,153 tix,$ 601,241094,2014-07-21,Modern Premier #7299721,modern,modern-premier-7299721,modern-premier-7299721-2014-07-21
26,2,Vandalblast,,Sideboard,3,3,UR Storm,umbrageous,153 tix,$ 601,241094,2014-07-21,Modern Premier #7299721,modern,modern-premier-7299721,modern-premier-7299721-2014-07-21
27,2,Dragon's Claw,,Sideboard,3,3,UR Storm,umbrageous,153 tix,$ 601,241094,2014-07-21,Modern Premier #7299721,modern,modern-premier-7299721,modern-premier-7299721-2014-07-21
28,1,Echoing Truth,,Sideboard,3,3,UR Storm,umbrageous,153 tix,$ 601,241094,2014-07-21,Modern Premier #7299721,modern,modern-premier-7299721,modern-premier-7299721-2014-07-21
29,2,Empty the Warrens,,Sideboard,3,3,UR Storm,umbrageous,153 tix,$ 601,241094,2014-07-21,Modern Premier #7299721,modern,modern-premier-7299721,modern-premier-7299721-2014-07-21
1,2,Memnite,,Creatures,4,0,Affinity,djbmppwns,331 tix,$ 822,241097,2014-07-21,Modern Daily #7299759,modern,modern-daily-7299759,modern-daily-7299759-2014-07-21
2,3,Ornithopter,,Creatures,4,0,Affinity,djbmppwns,331 tix,$ 822,241097,2014-07-21,Modern Daily #7299759,modern,modern-daily-7299759,modern-daily-7299759-2014-07-21
3,4,Signal Pest,,Creatures,4,0,Affinity,djbmppwns,331 tix,$ 822,241097,2014-07-21,Modern Daily #7299759,modern,modern-daily-7299759,modern-daily-7299759-2014-07-21
4,4,Arcbound Ravager,,Creatures,4,0,Affinity,djbmppwns,331 tix,$ 822,241097,2014-07-21,Modern Daily #7299759,modern,modern-daily-7299759,modern-daily-7299759-2014-07-21
5,1,Spellskite,,Creatures,4,0,Affinity,djbmppwns,331 tix,$ 822,241097,2014-07-21,Modern Daily #7299759,modern,modern-daily-7299759,modern-daily-7299759-2014-07-21
6,3,Steel Overseer,,Creatures,4,0,Affinity,djbmppwns,331 tix,$ 822,241097,2014-07-21,Modern Daily #7299759,modern,modern-daily-7299759,modern-daily-7299759-2014-07-21
7,4,Vault Skirge,,Creatures,4,0,Affinity,djbmppwns,331 tix,$ 822,241097,2014-07-21,Modern Daily #7299759,modern,modern-daily-7299759,modern-daily-7299759-2014-07-21
8,3,Etched Champion,,Creatures,4,0,Affinity,djbmppwns,331 tix,$ 822,241097,2014-07-21,Modern Daily #7299759,modern,modern-daily-7299759,modern-daily-7299759-2014-07-21
9,2,Master of Etherium,,Creatures,4,0,Affinity,djbmppwns,331 tix,$ 822,241097,2014-07-21,Modern Daily #7299759,modern,modern-daily-7299759,modern-daily-7299759-2014-07-21
11,3,Galvanic Blast,,Spells,4,0,Affinity,djbmppwns,331 tix,$ 822,241097,2014-07-21,Modern Daily #7299759,modern,modern-daily-7299759,modern-daily-7299759-2014-07-21
12,2,Thoughtcast,,Spells,4,0,Affinity,djbmppwns,331 tix,$ 822,241097,2014-07-21,Modern Daily #7299759,modern,modern-daily-7299759,modern-daily-7299759-2014-07-21
14,3,Mox Opal,,Artifacts,4,0,Affinity,djbmppwns,331 tix,$ 822,241097,2014-07-21,Modern Daily #7299759,modern,modern-daily-7299759,modern-daily-7299759-2014-07-21
15,1,Welding Jar,,Artifacts,4,0,Affinity,djbmppwns,331 tix,$ 822,241097,2014-07-21,Modern Daily #7299759,modern,modern-daily-7299759,modern-daily-7299759-2014-07-21
16,4,Springleaf Drum,,Artifacts,4,0,Affinity,djbmppwns,331 tix,$ 822,241097,2014-07-21,Modern Daily #7299759,modern,modern-daily-7299759,modern-daily-7299759-2014-07-21
17,4,Cranial Plating,,Artifacts,4,0,Affinity,djbmppwns,331 tix,$ 822,241097,2014-07-21,Modern Daily #7299759,modern,modern-daily-7299759,modern-daily-7299759-2014-07-21
19,4,Blinkmoth Nexus,,Lands,4,0,Affinity,djbmppwns,331 tix,$ 822,241097,2014-07-21,Modern Daily #7299759,modern,modern-daily-7299759,modern-daily-7299759-2014-07-21
20,4,Darksteel Citadel,,Lands,4,0,Affinity,djbmppwns,331 tix,$ 822,241097,2014-07-21,Modern Daily #7299759,modern,modern-daily-7299759,modern-daily-7299759-2014-07-21
21,3,Glimmervoid,,Lands,4,0,Affinity,djbmppwns,331 tix,$ 822,241097,2014-07-21,Modern Daily #7299759,modern,modern-daily-7299759,modern-daily-7299759-2014-07-21
22,4,Inkmoth Nexus,,Lands,4,0,Affinity,djbmppwns,331 tix,$ 822,241097,2014-07-21,Modern Daily #7299759,modern,modern-daily-7299759,modern-daily-7299759-2014-07-21
23,1,Island,,Lands,4,0,Affinity,djbmppwns,331 tix,$ 822,241097,2014-07-21,Modern Daily #7299759,modern,modern-daily-7299759,modern-daily-7299759-2014-07-21
24,1,Mountain,,Lands,4,0,Affinity,djbmppwns,331 tix,$ 822,241097,2014-07-21,Modern Daily #7299759,modern,modern-daily-7299759,modern-daily-7299759-2014-07-21
26,1,Wear & Tear,,Sideboard,4,0,Affinity,djbmppwns,331 tix,$ 822,241097,2014-07-21,Modern Daily #7299759,modern,modern-daily-7299759,modern-daily-7299759-2014-07-21
27,1,Grafdigger's Cage,,Sideboard,4,0,Affinity,djbmppwns,331 tix,$ 822,241097,2014-07-21,Modern Daily #7299759,modern,modern-daily-7299759,modern-daily-7299759-2014-07-21
28,1,Illness in the Ranks,,Sideboard,4,0,Affinity,djbmppwns,331 tix,$ 822,241097,2014-07-21,Modern Daily #7299759,modern,modern-daily-7299759,modern-daily-7299759-2014-07-21
29,1,Spell Pierce,,Sideboard,4,0,Affinity,djbmppwns,331 tix,$ 822,241097,2014-07-21,Modern Daily #7299759,modern,modern-daily-7299759,modern-daily-7299759-2014-07-21
30,1,Swan Song,,Sideboard,4,0,Affinity,djbmppwns,331 tix,$ 822,241097,2014-07-21,Modern Daily #7299759,modern,modern-daily-7299759,modern-daily-7299759-2014-07-21
31,2,Thoughtseize,,Sideboard,4,0,Affinity,djbmppwns,331 tix,$ 822,241097,2014-07-21,Modern Daily #7299759,modern,modern-daily-7299759,modern-daily-7299759-2014-07-21
32,2,Ancient Grudge,,Sideboard,4,0,Affinity,djbmppwns,331 tix,$ 822,241097,2014-07-21,Modern Daily #7299759,modern,modern-daily-7299759,modern-daily-7299759-2014-07-21
33,1,Spellskite,,Sideboard,4,0,Affinity,djbmppwns,331 tix,$ 822,241097,2014-07-21,Modern Daily #7299759,modern,modern-daily-7299759,modern-daily-7299759-2014-07-21
34,1,Torpor Orb,,Sideboard,4,0,Affinity,djbmppwns,331 tix,$ 822,241097,2014-07-21,Modern Daily #7299759,modern,modern-daily-7299759,modern-daily-7299759-2014-07-21
35,1,Whipflare,,Sideboard,4,0,Affinity,djbmppwns,331 tix,$ 822,241097,2014-07-21,Modern Daily #7299759,modern,modern-daily-7299759,modern-daily-7299759-2014-07-21
36,1,Blood Moon,,Sideboard,4,0,Affinity,djbmppwns,331 tix,$ 822,241097,2014-07-21,Modern Daily #7299759,modern,modern-daily-7299759,modern-daily-7299759-2014-07-21
37,1,Dismember,,Sideboard,4,0,Affinity,djbmppwns,331 tix,$ 822,241097,2014-07-21,Modern Daily #7299759,modern,modern-daily-7299759,modern-daily-7299759-2014-07-21
38,1,Etched Champion,,Sideboard,4,0,Affinity,djbmppwns,331 tix,$ 822,241097,2014-07-21,Modern Daily #7299759,modern,modern-daily-7299759,modern-daily-7299759-2014-07-21
1,3,"Azusa, Lost but Seeking",,Creatures,4,0,Amulet Bloom,LordCommanderSnow,210 tix,$ 571,241096,2014-07-21,Modern Daily #7299759,modern,modern-daily-7299759,modern-daily-7299759-2014-07-21
2,4,Primeval Titan,,Creatures,4,0,Amulet Bloom,LordCommanderSnow,210 tix,$ 571,241096,2014-07-21,Modern Daily #7299759,modern,modern-daily-7299759,modern-daily-7299759-2014-07-21
4,2,Pact of Negation,,Spells,4,0,Amulet Bloom,LordCommanderSnow,210 tix,$ 571,241096,2014-07-21,Modern Daily #7299759,modern,modern-daily-7299759,modern-daily-7299759-2014-07-21
5,1,Slaughter Pact,,Spells,4,0,Amulet Bloom,LordCommanderSnow,210 tix,$ 571,241096,2014-07-21,Modern Daily #7299759,modern,modern-daily-7299759,modern-daily-7299759-2014-07-21
6,4,Summoner's Pact,,Spells,4,0,Amulet Bloom,LordCommanderSnow,210 tix,$ 571,241096,2014-07-21,Modern Daily #7299759,modern,modern-daily-7299759,modern-daily-7299759-2014-07-21
7,4,Ancient Stirrings,,Spells,4,0,Amulet Bloom,LordCommanderSnow,210 tix,$ 571,241096,2014-07-21,Modern Daily #7299759,modern,modern-daily-7299759,modern-daily-7299759-2014-07-21
8,4,Serum Visions,,Spells,4,0,Amulet Bloom,LordCommanderSnow,210 tix,$ 571,241096,2014-07-21,Modern Daily #7299759,modern,modern-daily-7299759,modern-daily-7299759-2014-07-21
9,4,Summer Bloom,,Spells,4,0,Amulet Bloom,LordCommanderSnow,210 tix,$ 571,241096,2014-07-21,Modern Daily #7299759,modern,modern-daily-7299759,modern-daily-7299759-2014-07-21
11,4,Amulet of Vigor,,Artifacts,4,0,Amulet Bloom,LordCommanderSnow,210 tix,$ 571,241096,2014-07-21,Modern Daily #7299759,modern,modern-daily-7299759,modern-daily-7299759-2014-07-21
13,3,Hive Mind,,Enchantments,4,0,Amulet Bloom,LordCommanderSnow,210 tix,$ 571,241096,2014-07-21,Modern Daily #7299759,modern,modern-daily-7299759,modern-daily-7299759-2014-07-21
15,1,Boros Garrison,,Lands,4,0,Amulet Bloom,LordCommanderSnow,210 tix,$ 571,241096,2014-07-21,Modern Daily #7299759,modern,modern-daily-7299759,modern-daily-7299759-2014-07-21
16,1,Cavern of Souls,,Lands,4,0,Amulet Bloom,LordCommanderSnow,210 tix,$ 571,241096,2014-07-21,Modern Daily #7299759,modern,modern-daily-7299759,modern-daily-7299759-2014-07-21
17,1,Forest,,Lands,4,0,Amulet Bloom,LordCommanderSnow,210 tix,$ 571,241096,2014-07-21,Modern Daily #7299759,modern,modern-daily-7299759,modern-daily-7299759-2014-07-21
18,3,Gemstone Mine,,Lands,4,0,Amulet Bloom,LordCommanderSnow,210 tix,$ 571,241096,2014-07-21,Modern Daily #7299759,modern,modern-daily-7299759,modern-daily-7299759-2014-07-21
19,1,Golgari Rot Farm,,Lands,4,0,Amulet Bloom,LordCommanderSnow,210 tix,$ 571,241096,2014-07-21,Modern Daily #7299759,modern,modern-daily-7299759,modern-daily-7299759-2014-07-21
20,3,Gruul Turf,,Lands,4,0,Amulet Bloom,LordCommanderSnow,210 tix,$ 571,241096,2014-07-21,Modern Daily #7299759,modern,modern-daily-7299759,modern-daily-7299759-2014-07-21
21,1,Kabira Crossroads,,Lands,4,0,Amulet Bloom,LordCommanderSnow,210 tix,$ 571,241096,2014-07-21,Modern Daily #7299759,modern,modern-daily-7299759,modern-daily-7299759-2014-07-21
22,1,Khalni Garden,,Lands,4,0,Amulet Bloom,LordCommanderSnow,210 tix,$ 571,241096,2014-07-21,Modern Daily #7299759,modern,modern-daily-7299759,modern-daily-7299759-2014-07-21
23,1,Selesnya Sanctuary,,Lands,4,0,Amulet Bloom,LordCommanderSnow,210 tix,$ 571,241096,2014-07-21,Modern Daily #7299759,modern,modern-daily-7299759,modern-daily-7299759-2014-07-21
24,4,Simic Growth Chamber,,Lands,4,0,Amulet Bloom,LordCommanderSnow,210 tix,$ 571,241096,2014-07-21,Modern Daily #7299759,modern,modern-daily-7299759,modern-daily-7299759-2014-07-21
25,1,Slayers' Stronghold,,Lands,4,0,Amulet Bloom,LordCommanderSnow,210 tix,$ 571,241096,2014-07-21,Modern Daily #7299759,modern,modern-daily-7299759,modern-daily-7299759-2014-07-21
26,1,"Sunhome, Fortress of the Legion",,Lands,4,0,Amulet Bloom,LordCommanderSnow,210 tix,$ 571,241096,2014-07-21,Modern Daily #7299759,modern,modern-daily-7299759,modern-daily-7299759-2014-07-21
27,1,Temple of Mystery,,Lands,4,0,Amulet Bloom,LordCommanderSnow,210 tix,$ 571,241096,2014-07-21,Modern Daily #7299759,modern,modern-daily-7299759,modern-daily-7299759-2014-07-21
28,3,Tendo Ice Bridge,,Lands,4,0,Amulet Bloom,LordCommanderSnow,210 tix,$ 571,241096,2014-07-21,Modern Daily #7299759,modern,modern-daily-7299759,modern-daily-7299759-2014-07-21
29,3,Tolaria West,,Lands,4,0,Amulet Bloom,LordCommanderSnow,210 tix,$ 571,241096,2014-07-21,Modern Daily #7299759,modern,modern-daily-7299759,modern-daily-7299759-2014-07-21
30,1,Vesuva,,Lands,4,0,Amulet Bloom,LordCommanderSnow,210 tix,$ 571,241096,2014-07-21,Modern Daily #7299759,modern,modern-daily-7299759,modern-daily-7299759-2014-07-21
32,1,Bojuka Bog,,Sideboard,4,0,Amulet Bloom,LordCommanderSnow,210 tix,$ 571,241096,2014-07-21,Modern Daily #7299759,modern,modern-daily-7299759,modern-daily-7299759-2014-07-21
33,1,Chalice of the Void,,Sideboard,4,0,Amulet Bloom,LordCommanderSnow,210 tix,$ 571,241096,2014-07-21,Modern Daily #7299759,modern,modern-daily-7299759,modern-daily-7299759-2014-07-21
34,1,Engineered Explosives,,Sideboard,4,0,Amulet Bloom,LordCommanderSnow,210 tix,$ 571,241096,2014-07-21,Modern Daily #7299759,modern,modern-daily-7299759,modern-daily-7299759-2014-07-21
35,1,Ghost Quarter,,Sideboard,4,0,Amulet Bloom,LordCommanderSnow,210 tix,$ 571,241096,2014-07-21,Modern Daily #7299759,modern,modern-daily-7299759,modern-daily-7299759-2014-07-21
36,1,Slaughter Pact,,Sideboard,4,0,Amulet Bloom,LordCommanderSnow,210 tix,$ 571,241096,2014-07-21,Modern Daily #7299759,modern,modern-daily-7299759,modern-daily-7299759-2014-07-21
37,1,Pithing Needle,,Sideboard,4,0,Amulet Bloom,LordCommanderSnow,210 tix,$ 571,241096,2014-07-21,Modern Daily #7299759,modern,modern-daily-7299759,modern-daily-7299759-2014-07-21
38,1,Pyroclasm,,Sideboard,4,0,Amulet Bloom,LordCommanderSnow,210 tix,$ 571,241096,2014-07-21,Modern Daily #7299759,modern,modern-daily-7299759,modern-daily-7299759-2014-07-21
39,3,Seal of Primordium,,Sideboard,4,0,Amulet Bloom,LordCommanderSnow,210 tix,$ 571,241096,2014-07-21,Modern Daily #7299759,modern,modern-daily-7299759,modern-daily-7299759-2014-07-21
40,2,Firespout,,Sideboard,4,0,Amulet Bloom,LordCommanderSnow,210 tix,$ 571,241096,2014-07-21,Modern Daily #7299759,modern,modern-daily-7299759,modern-daily-7299759-2014-07-21
41,3,Creeping Corrosion,,Sideboard,4,0,Amulet Bloom,LordCommanderSnow,210 tix,$ 571,241096,2014-07-21,Modern Daily #7299759,modern,modern-daily-7299759,modern-daily-7299759-2014-07-21
1,4,Goblin Guide,,Creatures,4,0,Burn,calevans08,82 tix,$ 194,241099,2014-07-21,Modern Daily #7299759,modern,modern-daily-7299759,modern-daily-7299759-2014-07-21
2,4,Eidolon of the Great Revel,,Creatures,4,0,Burn,calevans08,82 tix,$ 194,241099,2014-07-21,Modern Daily #7299759,modern,modern-daily-7299759,modern-daily-7299759-2014-07-21
3,4,Hellspark Elemental,,Creatures,4,0,Burn,calevans08,82 tix,$ 194,241099,2014-07-21,Modern Daily #7299759,modern,modern-daily-7299759,modern-daily-7299759-2014-07-21
5,4,Lava Spike,,Spells,4,0,Burn,calevans08,82 tix,$ 194,241099,2014-07-21,Modern Daily #7299759,modern,modern-daily-7299759,modern-daily-7299759-2014-07-21
6,4,Lightning Bolt,,Spells,4,0,Burn,calevans08,82 tix,$ 194,241099,2014-07-21,Modern Daily #7299759,modern,modern-daily-7299759,modern-daily-7299759-2014-07-21
7,2,Shard Volley,,Spells,4,0,Burn,calevans08,82 tix,$ 194,241099,2014-07-21,Modern Daily #7299759,modern,modern-daily-7299759,modern-daily-7299759-2014-07-21
8,2,Magma Jet,,Spells,4,0,Burn,calevans08,82 tix,$ 194,241099,2014-07-21,Modern Daily #7299759,modern,modern-daily-7299759,modern-daily-7299759-2014-07-21
9,4,Searing Blood,,Spells,4,0,Burn,calevans08,82 tix,$ 194,241099,2014-07-21,Modern Daily #7299759,modern,modern-daily-7299759,modern-daily-7299759-2014-07-21
10,4,Skullcrack,,Spells,4,0,Burn,calevans08,82 tix,$ 194,241099,2014-07-21,Modern Daily #7299759,modern,modern-daily-7299759,modern-daily-7299759-2014-07-21
11,4,Flames of the Blood Hand,,Spells,4,0,Burn,calevans08,82 tix,$ 194,241099,2014-07-21,Modern Daily #7299759,modern,modern-daily-7299759,modern-daily-7299759-2014-07-21
12,4,Rift Bolt,,Spells,4,0,Burn,calevans08,82 tix,$ 194,241099,2014-07-21,Modern Daily #7299759,modern,modern-daily-7299759,modern-daily-7299759-2014-07-21
14,20,Mountain,,Lands,4,0,Burn,calevans08,82 tix,$ 194,241099,2014-07-21,Modern Daily #7299759,modern,modern-daily-7299759,modern-daily-7299759-2014-07-21
16,2,Relic of Progenitus,,Sideboard,4,0,Burn,calevans08,82 tix,$ 194,241099,2014-07-21,Modern Daily #7299759,modern,modern-daily-7299759,modern-daily-7299759-2014-07-21
17,3,Combust,,Sideboard,4,0,Burn,calevans08,82 tix,$ 194,241099,2014-07-21,Modern Daily #7299759,modern,modern-daily-7299759,modern-daily-7299759-2014-07-21
18,2,Dragon's Claw,,Sideboard,4,0,Burn,calevans08,82 tix,$ 194,241099,2014-07-21,Modern Daily #7299759,modern,modern-daily-7299759,modern-daily-7299759-2014-07-21
19,1,Searing Blaze,,Sideboard,4,0,Burn,calevans08,82 tix,$ 194,241099,2014-07-21,Modern Daily #7299759,modern,modern-daily-7299759,modern-daily-7299759-2014-07-21
20,3,Smash to Smithereens,,Sideboard,4,0,Burn,calevans08,82 tix,$ 194,241099,2014-07-21,Modern Daily #7299759,modern,modern-daily-7299759,modern-daily-7299759-2014-07-21
21,4,Molten Rain,,Sideboard,4,0,Burn,calevans08,82 tix,$ 194,241099,2014-07-21,Modern Daily #7299759,modern,modern-daily-7299759,modern-daily-7299759-2014-07-21
1,4,Snapcaster Mage,,Creatures,4,0,Jeskai Midrange,Androod,242 tix,"$ 1,068",241098,2014-07-21,Modern Daily #7299759,modern,modern-daily-7299759,modern-daily-7299759-2014-07-21
2,3,"Brimaz, King of Oreskos",,Creatures,4,0,Jeskai Midrange,Androod,242 tix,"$ 1,068",241098,2014-07-21,Modern Daily #7299759,modern,modern-daily-7299759,modern-daily-7299759-2014-07-21
3,2,Restoration Angel,,Creatures,4,0,Jeskai Midrange,Androod,242 tix,"$ 1,068",241098,2014-07-21,Modern Daily #7299759,modern,modern-daily-7299759,modern-daily-7299759-2014-07-21
4,3,Stormbreath Dragon,,Creatures,4,0,Jeskai Midrange,Androod,242 tix,"$ 1,068",241098,2014-07-21,Modern Daily #7299759,modern,modern-daily-7299759,modern-daily-7299759-2014-07-21
6,2,Burst Lightning,,Spells,4,0,Jeskai Midrange,Androod,242 tix,"$ 1,068",241098,2014-07-21,Modern Daily #7299759,modern,modern-daily-7299759,modern-daily-7299759-2014-07-21
7,4,Lightning Bolt,,Spells,4,0,Jeskai Midrange,Androod,242 tix,"$ 1,068",241098,2014-07-21,Modern Daily #7299759,modern,modern-daily-7299759,modern-daily-7299759-2014-07-21
8,3,Path to Exile,,Spells,4,0,Jeskai Midrange,Androod,242 tix,"$ 1,068",241098,2014-07-21,Modern Daily #7299759,modern,modern-daily-7299759,modern-daily-7299759-2014-07-21
9,4,Lightning Helix,,Spells,4,0,Jeskai Midrange,Androod,242 tix,"$ 1,068",241098,2014-07-21,Modern Daily #7299759,modern,modern-daily-7299759,modern-daily-7299759-2014-07-21
10,1,Negate,,Spells,4,0,Jeskai Midrange,Androod,242 tix,"$ 1,068",241098,2014-07-21,Modern Daily #7299759,modern,modern-daily-7299759,modern-daily-7299759-2014-07-21
11,2,Think Twice,,Spells,4,0,Jeskai Midrange,Androod,242 tix,"$ 1,068",241098,2014-07-21,Modern Daily #7299759,modern,modern-daily-7299759,modern-daily-7299759-2014-07-21
12,2,Anger of the Gods,,Spells,4,0,Jeskai Midrange,Androod,242 tix,"$ 1,068",241098,2014-07-21,Modern Daily #7299759,modern,modern-daily-7299759,modern-daily-7299759-2014-07-21
13,2,Electrolyze,,Spells,4,0,Jeskai Midrange,Androod,242 tix,"$ 1,068",241098,2014-07-21,Modern Daily #7299759,modern,modern-daily-7299759,modern-daily-7299759-2014-07-21
15,2,Relic of Progenitus,,Artifacts,4,0,Jeskai Midrange,Androod,242 tix,"$ 1,068",241098,2014-07-21,Modern Daily #7299759,modern,modern-daily-7299759,modern-daily-7299759-2014-07-21
17,3,Arid Mesa,,Lands,4,0,Jeskai Midrange,Androod,242 tix,"$ 1,068",241098,2014-07-21,Modern Daily #7299759,modern,modern-daily-7299759,modern-daily-7299759-2014-07-21
18,3,Celestial Colonnade,,Lands,4,0,Jeskai Midrange,Androod,242 tix,"$ 1,068",241098,2014-07-21,Modern Daily #7299759,modern,modern-daily-7299759,modern-daily-7299759-2014-07-21
19,1,Clifftop Retreat,,Lands,4,0,Jeskai Midrange,Androod,242 tix,"$ 1,068",241098,2014-07-21,Modern Daily #7299759,modern,modern-daily-7299759,modern-daily-7299759-2014-07-21
20,1,Hallowed Fountain,,Lands,4,0,Jeskai Midrange,Androod,242 tix,"$ 1,068",241098,2014-07-21,Modern Daily #7299759,modern,modern-daily-7299759,modern-daily-7299759-2014-07-21
21,1,Island,,Lands,4,0,Jeskai Midrange,Androod,242 tix,"$ 1,068",241098,2014-07-21,Modern Daily #7299759,modern,modern-daily-7299759,modern-daily-7299759-2014-07-21
22,2,Mountain,,Lands,4,0,Jeskai Midrange,Androod,242 tix,"$ 1,068",241098,2014-07-21,Modern Daily #7299759,modern,modern-daily-7299759,modern-daily-7299759-2014-07-21
23,1,Mutavault,,Lands,4,0,Jeskai Midrange,Androod,242 tix,"$ 1,068",241098,2014-07-21,Modern Daily #7299759,modern,modern-daily-7299759,modern-daily-7299759-2014-07-21
24,3,Plains,,Lands,4,0,Jeskai Midrange,Androod,242 tix,"$ 1,068",241098,2014-07-21,Modern Daily #7299759,modern,modern-daily-7299759,modern-daily-7299759-2014-07-21
25,3,Sacred Foundry,,Lands,4,0,Jeskai Midrange,Androod,242 tix,"$ 1,068",241098,2014-07-21,Modern Daily #7299759,modern,modern-daily-7299759,modern-daily-7299759-2014-07-21
26,3,Scalding Tarn,,Lands,4,0,Jeskai Midrange,Androod,242 tix,"$ 1,068",241098,2014-07-21,Modern Daily #7299759,modern,modern-daily-7299759,modern-daily-7299759-2014-07-21
27,2,Steam Vents,,Lands,4,0,Jeskai Midrange,Androod,242 tix,"$ 1,068",241098,2014-07-21,Modern Daily #7299759,modern,modern-daily-7299759,modern-daily-7299759-2014-07-21
28,3,Temple of Triumph,,Lands,4,0,Jeskai Midrange,Androod,242 tix,"$ 1,068",241098,2014-07-21,Modern Daily #7299759,modern,modern-daily-7299759,modern-daily-7299759-2014-07-21
30,2,Wear & Tear,,Sideboard,4,0,Jeskai Midrange,Androod,242 tix,"$ 1,068",241098,2014-07-21,Modern Daily #7299759,modern,modern-daily-7299759,modern-daily-7299759-2014-07-21
31,3,Magma Spray,,Sideboard,4,0,Jeskai Midrange,Androod,242 tix,"$ 1,068",241098,2014-07-21,Modern Daily #7299759,modern,modern-daily-7299759,modern-daily-7299759-2014-07-21
32,2,Relic of Progenitus,,Sideboard,4,0,Jeskai Midrange,Androod,242 tix,"$ 1,068",241098,2014-07-21,Modern Daily #7299759,modern,modern-daily-7299759,modern-daily-7299759-2014-07-21
33,2,Negate,,Sideboard,4,0,Jeskai Midrange,Androod,242 tix,"$ 1,068",241098,2014-07-21,Modern Daily #7299759,modern,modern-daily-7299759,modern-daily-7299759-2014-07-21
34,1,Anger of the Gods,,Sideboard,4,0,Jeskai Midrange,Androod,242 tix,"$ 1,068",241098,2014-07-21,Modern Daily #7299759,modern,modern-daily-7299759,modern-daily-7299759-2014-07-21
35,4,Molten Rain,,Sideboard,4,0,Jeskai Midrange,Androod,242 tix,"$ 1,068",241098,2014-07-21,Modern Daily #7299759,modern,modern-daily-7299759,modern-daily-7299759-2014-07-21
36,1,"Keranos, God of Storms",,Sideboard,4,0,Jeskai Midrange,Androod,242 tix,"$ 1,068",241098,2014-07-21,Modern Daily #7299759,modern,modern-daily-7299759,modern-daily-7299759-2014-07-21
1,2,Spellskite,,Creatures,4,0,RG Tron,killabeeze,258 tix,$ 901,241100,2014-07-21,Modern Daily #7299759,modern,modern-daily-7299759,modern-daily-7299759-2014-07-21
2,3,Wurmcoil Engine,,Creatures,4,0,RG Tron,killabeeze,258 tix,$ 901,241100,2014-07-21,Modern Daily #7299759,modern,modern-daily-7299759,modern-daily-7299759-2014-07-21
3,1,Sundering Titan,,Creatures,4,0,RG Tron,killabeeze,258 tix,$ 901,241100,2014-07-21,Modern Daily #7299759,modern,modern-daily-7299759,modern-daily-7299759-2014-07-21
4,1,"Emrakul, the Aeons Torn",,Creatures,4,0,RG Tron,killabeeze,258 tix,$ 901,241100,2014-07-21,Modern Daily #7299759,modern,modern-daily-7299759,modern-daily-7299759-2014-07-21
6,4,Karn Liberated,,Planeswalkers,4,0,RG Tron,killabeeze,258 tix,$ 901,241100,2014-07-21,Modern Daily #7299759,modern,modern-daily-7299759,modern-daily-7299759-2014-07-21
8,4,Ancient Stirrings,,Spells,4,0,RG Tron,killabeeze,258 tix,$ 901,241100,2014-07-21,Modern Daily #7299759,modern,modern-daily-7299759,modern-daily-7299759-2014-07-21
9,4,Sylvan Scrying,,Spells,4,0,RG Tron,killabeeze,258 tix,$ 901,241100,2014-07-21,Modern Daily #7299759,modern,modern-daily-7299759,modern-daily-7299759-2014-07-21
10,3,All Is Dust,,Spells,4,0,RG Tron,killabeeze,258 tix,$ 901,241100,2014-07-21,Modern Daily #7299759,modern,modern-daily-7299759,modern-daily-7299759-2014-07-21
12,4,Chromatic Sphere,,Artifacts,4,0,RG Tron,killabeeze,258 tix,$ 901,241100,2014-07-21,Modern Daily #7299759,modern,modern-daily-7299759,modern-daily-7299759-2014-07-21
13,4,Chromatic Star,,Artifacts,4,0,RG Tron,killabeeze,258 tix,$ 901,241100,2014-07-21,Modern Daily #7299759,modern,modern-daily-7299759,modern-daily-7299759-2014-07-21
14,4,Expedition Map,,Artifacts,4,0,RG Tron,killabeeze,258 tix,$ 901,241100,2014-07-21,Modern Daily #7299759,modern,modern-daily-7299759,modern-daily-7299759-2014-07-21
15,3,Relic of Progenitus,,Artifacts,4,0,RG Tron,killabeeze,258 tix,$ 901,241100,2014-07-21,Modern Daily #7299759,modern,modern-daily-7299759,modern-daily-7299759-2014-07-21
16,3,Oblivion Stone,,Artifacts,4,0,RG Tron,killabeeze,258 tix,$ 901,241100,2014-07-21,Modern Daily #7299759,modern,modern-daily-7299759,modern-daily-7299759-2014-07-21
18,1,Cavern of Souls,,Lands,4,0,RG Tron,killabeeze,258 tix,$ 901,241100,2014-07-21,Modern Daily #7299759,modern,modern-daily-7299759,modern-daily-7299759-2014-07-21
19,1,Eye of Ugin,,Lands,4,0,RG Tron,killabeeze,258 tix,$ 901,241100,2014-07-21,Modern Daily #7299759,modern,modern-daily-7299759,modern-daily-7299759-2014-07-21
20,3,Forest,,Lands,4,0,RG Tron,killabeeze,258 tix,$ 901,241100,2014-07-21,Modern Daily #7299759,modern,modern-daily-7299759,modern-daily-7299759-2014-07-21
21,2,Ghost Quarter,,Lands,4,0,RG Tron,killabeeze,258 tix,$ 901,241100,2014-07-21,Modern Daily #7299759,modern,modern-daily-7299759,modern-daily-7299759-2014-07-21
22,1,Grove of the Burnwillows,,Lands,4,0,RG Tron,killabeeze,258 tix,$ 901,241100,2014-07-21,Modern Daily #7299759,modern,modern-daily-7299759,modern-daily-7299759-2014-07-21
23,4,Urza's Mine,,Lands,4,0,RG Tron,killabeeze,258 tix,$ 901,241100,2014-07-21,Modern Daily #7299759,modern,modern-daily-7299759,modern-daily-7299759-2014-07-21
24,4,Urza's Power Plant,,Lands,4,0,RG Tron,killabeeze,258 tix,$ 901,241100,2014-07-21,Modern Daily #7299759,modern,modern-daily-7299759,modern-daily-7299759-2014-07-21
25,4,Urza's Tower,,Lands,4,0,RG Tron,killabeeze,258 tix,$ 901,241100,2014-07-21,Modern Daily #7299759,modern,modern-daily-7299759,modern-daily-7299759-2014-07-21
27,4,Nature's Claim,,Sideboard,4,0,RG Tron,killabeeze,258 tix,$ 901,241100,2014-07-21,Modern Daily #7299759,modern,modern-daily-7299759,modern-daily-7299759-2014-07-21
28,1,Vandalblast,,Sideboard,4,0,RG Tron,killabeeze,258 tix,$ 901,241100,2014-07-21,Modern Daily #7299759,modern,modern-daily-7299759,modern-daily-7299759-2014-07-21
29,3,Defense Grid,,Sideboard,4,0,RG Tron,killabeeze,258 tix,$ 901,241100,2014-07-21,Modern Daily #7299759,modern,modern-daily-7299759,modern-daily-7299759-2014-07-21
30,3,Torpor Orb,,Sideboard,4,0,RG Tron,killabeeze,258 tix,$ 901,241100,2014-07-21,Modern Daily #7299759,modern,modern-daily-7299759,modern-daily-7299759-2014-07-21
31,1,Crucible of Worlds,,Sideboard,4,0,RG Tron,killabeeze,258 tix,$ 901,241100,2014-07-21,Modern Daily #7299759,modern,modern-daily-7299759,modern-daily-7299759-2014-07-21
32,1,Oblivion Stone,,Sideboard,4,0,RG Tron,killabeeze,258 tix,$ 901,241100,2014-07-21,Modern Daily #7299759,modern,modern-daily-7299759,modern-daily-7299759-2014-07-21
33,1,Wurmcoil Engine,,Sideboard,4,0,RG Tron,killabeeze,258 tix,$ 901,241100,2014-07-21,Modern Daily #7299759,modern,modern-daily-7299759,modern-daily-7299759-2014-07-21
34,1,Sundering Titan,,Sideboard,4,0,RG Tron,killabeeze,258 tix,$ 901,241100,2014-07-21,Modern Daily #7299759,modern,modern-daily-7299759,modern-daily-7299759-2014-07-21
1,4,Simian Spirit Guide,,Creatures,3,1,Ad Nauseam,keitattt,141 tix,$ 526,241113,2014-07-21,Modern Daily #7299759,modern,modern-daily-7299759,modern-daily-7299759-2014-07-21
3,3,Pact of Negation,,Spells,3,1,Ad Nauseam,keitattt,141 tix,$ 526,241113,2014-07-21,Modern Daily #7299759,modern,modern-daily-7299759,modern-daily-7299759-2014-07-21
4,1,Slaughter Pact,,Spells,3,1,Ad Nauseam,keitattt,141 tix,$ 526,241113,2014-07-21,Modern Daily #7299759,modern,modern-daily-7299759,modern-daily-7299759-2014-07-21
5,4,Angel's Grace,,Spells,3,1,Ad Nauseam,keitattt,141 tix,$ 526,241113,2014-07-21,Modern Daily #7299759,modern,modern-daily-7299759,modern-daily-7299759-2014-07-21
6,4,Serum Visions,,Spells,3,1,Ad Nauseam,keitattt,141 tix,$ 526,241113,2014-07-21,Modern Daily #7299759,modern,modern-daily-7299759,modern-daily-7299759-2014-07-21
7,4,Sleight of Hand,,Spells,3,1,Ad Nauseam,keitattt,141 tix,$ 526,241113,2014-07-21,Modern Daily #7299759,modern,modern-daily-7299759,modern-daily-7299759-2014-07-21
8,1,Peer Through Depths,,Spells,3,1,Ad Nauseam,keitattt,141 tix,$ 526,241113,2014-07-21,Modern Daily #7299759,modern,modern-daily-7299759,modern-daily-7299759-2014-07-21
9,1,Lightning Storm,,Spells,3,1,Ad Nauseam,keitattt,141 tix,$ 526,241113,2014-07-21,Modern Daily #7299759,modern,modern-daily-7299759,modern-daily-7299759-2014-07-21
10,1,Mystical Teachings,,Spells,3,1,Ad Nauseam,keitattt,141 tix,$ 526,241113,2014-07-21,Modern Daily #7299759,modern,modern-daily-7299759,modern-daily-7299759-2014-07-21
11,4,Ad Nauseam,,Spells,3,1,Ad Nauseam,keitattt,141 tix,$ 526,241113,2014-07-21,Modern Daily #7299759,modern,modern-daily-7299759,modern-daily-7299759-2014-07-21
13,4,Lotus Bloom,,Artifacts,3,1,Ad Nauseam,keitattt,141 tix,$ 526,241113,2014-07-21,Modern Daily #7299759,modern,modern-daily-7299759,modern-daily-7299759-2014-07-21
14,1,Conjurer's Bauble,,Artifacts,3,1,Ad Nauseam,keitattt,141 tix,$ 526,241113,2014-07-21,Modern Daily #7299759,modern,modern-daily-7299759,modern-daily-7299759-2014-07-21
15,4,Pentad Prism,,Artifacts,3,1,Ad Nauseam,keitattt,141 tix,$ 526,241113,2014-07-21,Modern Daily #7299759,modern,modern-daily-7299759,modern-daily-7299759-2014-07-21
17,3,Phyrexian Unlife,,Enchantments,3,1,Ad Nauseam,keitattt,141 tix,$ 526,241113,2014-07-21,Modern Daily #7299759,modern,modern-daily-7299759,modern-daily-7299759-2014-07-21
19,1,"Boseiju, Who Shelters All",,Lands,3,1,Ad Nauseam,keitattt,141 tix,$ 526,241113,2014-07-21,Modern Daily #7299759,modern,modern-daily-7299759,modern-daily-7299759-2014-07-21
20,3,Darkslick Shores,,Lands,3,1,Ad Nauseam,keitattt,141 tix,$ 526,241113,2014-07-21,Modern Daily #7299759,modern,modern-daily-7299759,modern-daily-7299759-2014-07-21
21,1,Dreadship Reef,,Lands,3,1,Ad Nauseam,keitattt,141 tix,$ 526,241113,2014-07-21,Modern Daily #7299759,modern,modern-daily-7299759,modern-daily-7299759-2014-07-21
22,4,Gemstone Mine,,Lands,3,1,Ad Nauseam,keitattt,141 tix,$ 526,241113,2014-07-21,Modern Daily #7299759,modern,modern-daily-7299759,modern-daily-7299759-2014-07-21
23,1,Hallowed Fountain,,Lands,3,1,Ad Nauseam,keitattt,141 tix,$ 526,241113,2014-07-21,Modern Daily #7299759,modern,modern-daily-7299759,modern-daily-7299759-2014-07-21
24,1,Island,,Lands,3,1,Ad Nauseam,keitattt,141 tix,$ 526,241113,2014-07-21,Modern Daily #7299759,modern,modern-daily-7299759,modern-daily-7299759-2014-07-21
25,1,Marsh Flats,,Lands,3,1,Ad Nauseam,keitattt,141 tix,$ 526,241113,2014-07-21,Modern Daily #7299759,modern,modern-daily-7299759,modern-daily-7299759-2014-07-21
26,1,Plains,,Lands,3,1,Ad Nauseam,keitattt,141 tix,$ 526,241113,2014-07-21,Modern Daily #7299759,modern,modern-daily-7299759,modern-daily-7299759-2014-07-21
27,1,Seachrome Coast,,Lands,3,1,Ad Nauseam,keitattt,141 tix,$ 526,241113,2014-07-21,Modern Daily #7299759,modern,modern-daily-7299759,modern-daily-7299759-2014-07-21
28,1,Swamp,,Lands,3,1,Ad Nauseam,keitattt,141 tix,$ 526,241113,2014-07-21,Modern Daily #7299759,modern,modern-daily-7299759,modern-daily-7299759-2014-07-21
29,2,Temple of Deceit,,Lands,3,1,Ad Nauseam,keitattt,141 tix,$ 526,241113,2014-07-21,Modern Daily #7299759,modern,modern-daily-7299759,modern-daily-7299759-2014-07-21
30,2,Temple of Enlightenment,,Lands,3,1,Ad Nauseam,keitattt,141 tix,$ 526,241113,2014-07-21,Modern Daily #7299759,modern,modern-daily-7299759,modern-daily-7299759-2014-07-21
31,1,Tolaria West,,Lands,3,1,Ad Nauseam,keitattt,141 tix,$ 526,241113,2014-07-21,Modern Daily #7299759,modern,modern-daily-7299759,modern-daily-7299759-2014-07-21
32,1,Watery Grave,,Lands,3,1,Ad Nauseam,keitattt,141 tix,$ 526,241113,2014-07-21,Modern Daily #7299759,modern,modern-daily-7299759,modern-daily-7299759-2014-07-21
34,1,Slaughter Pact,,Sideboard,3,1,Ad Nauseam,keitattt,141 tix,$ 526,241113,2014-07-21,Modern Daily #7299759,modern,modern-daily-7299759,modern-daily-7299759-2014-07-21
35,1,Duress,,Sideboard,3,1,Ad Nauseam,keitattt,141 tix,$ 526,241113,2014-07-21,Modern Daily #7299759,modern,modern-daily-7299759,modern-daily-7299759-2014-07-21
36,1,Pithing Needle,,Sideboard,3,1,Ad Nauseam,keitattt,141 tix,$ 526,241113,2014-07-21,Modern Daily #7299759,modern,modern-daily-7299759,modern-daily-7299759-2014-07-21
37,1,Silence,,Sideboard,3,1,Ad Nauseam,keitattt,141 tix,$ 526,241113,2014-07-21,Modern Daily #7299759,modern,modern-daily-7299759,modern-daily-7299759-2014-07-21
38,2,Steel Sabotage,,Sideboard,3,1,Ad Nauseam,keitattt,141 tix,$ 526,241113,2014-07-21,Modern Daily #7299759,modern,modern-daily-7299759,modern-daily-7299759-2014-07-21
39,1,Echoing Truth,,Sideboard,3,1,Ad Nauseam,keitattt,141 tix,$ 526,241113,2014-07-21,Modern Daily #7299759,modern,modern-daily-7299759,modern-daily-7299759-2014-07-21
40,2,Drown in Sorrow,,Sideboard,3,1,Ad Nauseam,keitattt,141 tix,$ 526,241113,2014-07-21,Modern Daily #7299759,modern,modern-daily-7299759,modern-daily-7299759-2014-07-21
41,1,Phyrexian Unlife,,Sideboard,3,1,Ad Nauseam,keitattt,141 tix,$ 526,241113,2014-07-21,Modern Daily #7299759,modern,modern-daily-7299759,modern-daily-7299759-2014-07-21
42,3,Leyline of Sanctity,,Sideboard,3,1,Ad Nauseam,keitattt,141 tix,$ 526,241113,2014-07-21,Modern Daily #7299759,modern,modern-daily-7299759,modern-daily-7299759-2014-07-21
43,1,Patrician's Scorn,,Sideboard,3,1,Ad Nauseam,keitattt,141 tix,$ 526,241113,2014-07-21,Modern Daily #7299759,modern,modern-daily-7299759,modern-daily-7299759-2014-07-21
44,1,"Teferi, Mage of Zhalfir",,Sideboard,3,1,Ad Nauseam,keitattt,141 tix,$ 526,241113,2014-07-21,Modern Daily #7299759,modern,modern-daily-7299759,modern-daily-7299759-2014-07-21
1,3,Memnite,,Creatures,3,1,Affinity,WizarD_pt,381 tix,$ 925,241102,2014-07-21,Modern Daily #7299759,modern,modern-daily-7299759,modern-daily-7299759-2014-07-21
2,4,Ornithopter,,Creatures,3,1,Affinity,WizarD_pt,381 tix,$ 925,241102,2014-07-21,Modern Daily #7299759,modern,modern-daily-7299759,modern-daily-7299759-2014-07-21
3,4,Signal Pest,,Creatures,3,1,Affinity,WizarD_pt,381 tix,$ 925,241102,2014-07-21,Modern Daily #7299759,modern,modern-daily-7299759,modern-daily-7299759-2014-07-21
4,4,Arcbound Ravager,,Creatures,3,1,Affinity,WizarD_pt,381 tix,$ 925,241102,2014-07-21,Modern Daily #7299759,modern,modern-daily-7299759,modern-daily-7299759-2014-07-21
5,3,Steel Overseer,,Creatures,3,1,Affinity,WizarD_pt,381 tix,$ 925,241102,2014-07-21,Modern Daily #7299759,modern,modern-daily-7299759,modern-daily-7299759-2014-07-21
6,4,Vault Skirge,,Creatures,3,1,Affinity,WizarD_pt,381 tix,$ 925,241102,2014-07-21,Modern Daily #7299759,modern,modern-daily-7299759,modern-daily-7299759-2014-07-21
7,3,Etched Champion,,Creatures,3,1,Affinity,WizarD_pt,381 tix,$ 925,241102,2014-07-21,Modern Daily #7299759,modern,modern-daily-7299759,modern-daily-7299759-2014-07-21
8,1,Master of Etherium,,Creatures,3,1,Affinity,WizarD_pt,381 tix,$ 925,241102,2014-07-21,Modern Daily #7299759,modern,modern-daily-7299759,modern-daily-7299759-2014-07-21
10,3,Galvanic Blast,,Spells,3,1,Affinity,WizarD_pt,381 tix,$ 925,241102,2014-07-21,Modern Daily #7299759,modern,modern-daily-7299759,modern-daily-7299759-2014-07-21
11,3,Thoughtcast,,Spells,3,1,Affinity,WizarD_pt,381 tix,$ 925,241102,2014-07-21,Modern Daily #7299759,modern,modern-daily-7299759,modern-daily-7299759-2014-07-21
13,4,Mox Opal,,Artifacts,3,1,Affinity,WizarD_pt,381 tix,$ 925,241102,2014-07-21,Modern Daily #7299759,modern,modern-daily-7299759,modern-daily-7299759-2014-07-21
14,4,Springleaf Drum,,Artifacts,3,1,Affinity,WizarD_pt,381 tix,$ 925,241102,2014-07-21,Modern Daily #7299759,modern,modern-daily-7299759,modern-daily-7299759-2014-07-21
15,4,Cranial Plating,,Artifacts,3,1,Affinity,WizarD_pt,381 tix,$ 925,241102,2014-07-21,Modern Daily #7299759,modern,modern-daily-7299759,modern-daily-7299759-2014-07-21
17,4,Blinkmoth Nexus,,Lands,3,1,Affinity,WizarD_pt,381 tix,$ 925,241102,2014-07-21,Modern Daily #7299759,modern,modern-daily-7299759,modern-daily-7299759-2014-07-21
18,4,Darksteel Citadel,,Lands,3,1,Affinity,WizarD_pt,381 tix,$ 925,241102,2014-07-21,Modern Daily #7299759,modern,modern-daily-7299759,modern-daily-7299759-2014-07-21
19,3,Glimmervoid,,Lands,3,1,Affinity,WizarD_pt,381 tix,$ 925,241102,2014-07-21,Modern Daily #7299759,modern,modern-daily-7299759,modern-daily-7299759-2014-07-21
20,4,Inkmoth Nexus,,Lands,3,1,Affinity,WizarD_pt,381 tix,$ 925,241102,2014-07-21,Modern Daily #7299759,modern,modern-daily-7299759,modern-daily-7299759-2014-07-21
21,1,Island,,Lands,3,1,Affinity,WizarD_pt,381 tix,$ 925,241102,2014-07-21,Modern Daily #7299759,modern,modern-daily-7299759,modern-daily-7299759-2014-07-21
23,2,Wear & Tear,,Sideboard,3,1,Affinity,WizarD_pt,381 tix,$ 925,241102,2014-07-21,Modern Daily #7299759,modern,modern-daily-7299759,modern-daily-7299759-2014-07-21
24,1,Relic of Progenitus,,Sideboard,3,1,Affinity,WizarD_pt,381 tix,$ 925,241102,2014-07-21,Modern Daily #7299759,modern,modern-daily-7299759,modern-daily-7299759-2014-07-21
25,1,Spell Pierce,,Sideboard,3,1,Affinity,WizarD_pt,381 tix,$ 925,241102,2014-07-21,Modern Daily #7299759,modern,modern-daily-7299759,modern-daily-7299759-2014-07-21
26,4,Thoughtseize,,Sideboard,3,1,Affinity,WizarD_pt,381 tix,$ 925,241102,2014-07-21,Modern Daily #7299759,modern,modern-daily-7299759,modern-daily-7299759-2014-07-21
27,1,Ancient Grudge,,Sideboard,3,1,Affinity,WizarD_pt,381 tix,$ 925,241102,2014-07-21,Modern Daily #7299759,modern,modern-daily-7299759,modern-daily-7299759-2014-07-21
28,2,Spellskite,,Sideboard,3,1,Affinity,WizarD_pt,381 tix,$ 925,241102,2014-07-21,Modern Daily #7299759,modern,modern-daily-7299759,modern-daily-7299759-2014-07-21
29,2,Whipflare,,Sideboard,3,1,Affinity,WizarD_pt,381 tix,$ 925,241102,2014-07-21,Modern Daily #7299759,modern,modern-daily-7299759,modern-daily-7299759-2014-07-21
30,2,Dismember,,Sideboard,3,1,Affinity,WizarD_pt,381 tix,$ 925,241102,2014-07-21,Modern Daily #7299759,modern,modern-daily-7299759,modern-daily-7299759-2014-07-21
1,2,Memnite,,Creatures,3,1,Affinity,d4ygum,398 tix,$ 952,241118,2014-07-21,Modern Daily #7299759,modern,modern-daily-7299759,modern-daily-7299759-2014-07-21
2,4,Ornithopter,,Creatures,3,1,Affinity,d4ygum,398 tix,$ 952,241118,2014-07-21,Modern Daily #7299759,modern,modern-daily-7299759,modern-daily-7299759-2014-07-21
3,4,Signal Pest,,Creatures,3,1,Affinity,d4ygum,398 tix,$ 952,241118,2014-07-21,Modern Daily #7299759,modern,modern-daily-7299759,modern-daily-7299759-2014-07-21
4,4,Arcbound Ravager,,Creatures,3,1,Affinity,d4ygum,398 tix,$ 952,241118,2014-07-21,Modern Daily #7299759,modern,modern-daily-7299759,modern-daily-7299759-2014-07-21
5,4,Steel Overseer,,Creatures,3,1,Affinity,d4ygum,398 tix,$ 952,241118,2014-07-21,Modern Daily #7299759,modern,modern-daily-7299759,modern-daily-7299759-2014-07-21
6,4,Vault Skirge,,Creatures,3,1,Affinity,d4ygum,398 tix,$ 952,241118,2014-07-21,Modern Daily #7299759,modern,modern-daily-7299759,modern-daily-7299759-2014-07-21
7,2,Etched Champion,,Creatures,3,1,Affinity,d4ygum,398 tix,$ 952,241118,2014-07-21,Modern Daily #7299759,modern,modern-daily-7299759,modern-daily-7299759-2014-07-21
8,2,Master of Etherium,,Creatures,3,1,Affinity,d4ygum,398 tix,$ 952,241118,2014-07-21,Modern Daily #7299759,modern,modern-daily-7299759,modern-daily-7299759-2014-07-21
10,4,Galvanic Blast,,Spells,3,1,Affinity,d4ygum,398 tix,$ 952,241118,2014-07-21,Modern Daily #7299759,modern,modern-daily-7299759,modern-daily-7299759-2014-07-21
11,1,Thoughtcast,,Spells,3,1,Affinity,d4ygum,398 tix,$ 952,241118,2014-07-21,Modern Daily #7299759,modern,modern-daily-7299759,modern-daily-7299759-2014-07-21
13,4,Mox Opal,,Artifacts,3,1,Affinity,d4ygum,398 tix,$ 952,241118,2014-07-21,Modern Daily #7299759,modern,modern-daily-7299759,modern-daily-7299759-2014-07-21
14,1,Welding Jar,,Artifacts,3,1,Affinity,d4ygum,398 tix,$ 952,241118,2014-07-21,Modern Daily #7299759,modern,modern-daily-7299759,modern-daily-7299759-2014-07-21
15,4,Springleaf Drum,,Artifacts,3,1,Affinity,d4ygum,398 tix,$ 952,241118,2014-07-21,Modern Daily #7299759,modern,modern-daily-7299759,modern-daily-7299759-2014-07-21
16,4,Cranial Plating,,Artifacts,3,1,Affinity,d4ygum,398 tix,$ 952,241118,2014-07-21,Modern Daily #7299759,modern,modern-daily-7299759,modern-daily-7299759-2014-07-21
18,4,Blinkmoth Nexus,,Lands,3,1,Affinity,d4ygum,398 tix,$ 952,241118,2014-07-21,Modern Daily #7299759,modern,modern-daily-7299759,modern-daily-7299759-2014-07-21
19,4,Darksteel Citadel,,Lands,3,1,Affinity,d4ygum,398 tix,$ 952,241118,2014-07-21,Modern Daily #7299759,modern,modern-daily-7299759,modern-daily-7299759-2014-07-21
20,3,Glimmervoid,,Lands,3,1,Affinity,d4ygum,398 tix,$ 952,241118,2014-07-21,Modern Daily #7299759,modern,modern-daily-7299759,modern-daily-7299759-2014-07-21
21,4,Inkmoth Nexus,,Lands,3,1,Affinity,d4ygum,398 tix,$ 952,241118,2014-07-21,Modern Daily #7299759,modern,modern-daily-7299759,modern-daily-7299759-2014-07-21
22,1,Island,,Lands,3,1,Affinity,d4ygum,398 tix,$ 952,241118,2014-07-21,Modern Daily #7299759,modern,modern-daily-7299759,modern-daily-7299759-2014-07-21
24,1,Grafdigger's Cage,,Sideboard,3,1,Affinity,d4ygum,398 tix,$ 952,241118,2014-07-21,Modern Daily #7299759,modern,modern-daily-7299759,modern-daily-7299759-2014-07-21
25,1,Spell Pierce,,Sideboard,3,1,Affinity,d4ygum,398 tix,$ 952,241118,2014-07-21,Modern Daily #7299759,modern,modern-daily-7299759,modern-daily-7299759-2014-07-21
26,3,Thoughtseize,,Sideboard,3,1,Affinity,d4ygum,398 tix,$ 952,241118,2014-07-21,Modern Daily #7299759,modern,modern-daily-7299759,modern-daily-7299759-2014-07-21
27,2,Ancient Grudge,,Sideboard,3,1,Affinity,d4ygum,398 tix,$ 952,241118,2014-07-21,Modern Daily #7299759,modern,modern-daily-7299759,modern-daily-7299759-2014-07-21
28,2,Spellskite,,Sideboard,3,1,Affinity,d4ygum,398 tix,$ 952,241118,2014-07-21,Modern Daily #7299759,modern,modern-daily-7299759,modern-daily-7299759-2014-07-21
29,1,Whipflare,,Sideboard,3,1,Affinity,d4ygum,398 tix,$ 952,241118,2014-07-21,Modern Daily #7299759,modern,modern-daily-7299759,modern-daily-7299759-2014-07-21
30,1,Blood Moon,,Sideboard,3,1,Affinity,d4ygum,398 tix,$ 952,241118,2014-07-21,Modern Daily #7299759,modern,modern-daily-7299759,modern-daily-7299759-2014-07-21
31,1,Dismember,,Sideboard,3,1,Affinity,d4ygum,398 tix,$ 952,241118,2014-07-21,Modern Daily #7299759,modern,modern-daily-7299759,modern-daily-7299759-2014-07-21
32,2,Etched Champion,,Sideboard,3,1,Affinity,d4ygum,398 tix,$ 952,241118,2014-07-21,Modern Daily #7299759,modern,modern-daily-7299759,modern-daily-7299759-2014-07-21
33,1,Rule of Law,,Sideboard,3,1,Affinity,d4ygum,398 tix,$ 952,241118,2014-07-21,Modern Daily #7299759,modern,modern-daily-7299759,modern-daily-7299759-2014-07-21
1,2,Dryad Arbor,,Creatures,3,1,Bogles,senrabselim,346 tix,$ 955,241120,2014-07-21,Modern Daily #7299759,modern,modern-daily-7299759,modern-daily-7299759-2014-07-21
2,4,Gladecover Scout,,Creatures,3,1,Bogles,senrabselim,346 tix,$ 955,241120,2014-07-21,Modern Daily #7299759,modern,modern-daily-7299759,modern-daily-7299759-2014-07-21
3,4,Slippery Bogle,,Creatures,3,1,Bogles,senrabselim,346 tix,$ 955,241120,2014-07-21,Modern Daily #7299759,modern,modern-daily-7299759,modern-daily-7299759-2014-07-21
4,4,Kor Spiritdancer,,Creatures,3,1,Bogles,senrabselim,346 tix,$ 955,241120,2014-07-21,Modern Daily #7299759,modern,modern-daily-7299759,modern-daily-7299759-2014-07-21
6,2,Path to Exile,,Spells,3,1,Bogles,senrabselim,346 tix,$ 955,241120,2014-07-21,Modern Daily #7299759,modern,modern-daily-7299759,modern-daily-7299759-2014-07-21
8,4,Ethereal Armor,,Enchantments,3,1,Bogles,senrabselim,346 tix,$ 955,241120,2014-07-21,Modern Daily #7299759,modern,modern-daily-7299759,modern-daily-7299759-2014-07-21
9,4,Hyena Umbra,,Enchantments,3,1,Bogles,senrabselim,346 tix,$ 955,241120,2014-07-21,Modern Daily #7299759,modern,modern-daily-7299759,modern-daily-7299759-2014-07-21
10,4,Rancor,,Enchantments,3,1,Bogles,senrabselim,346 tix,$ 955,241120,2014-07-21,Modern Daily #7299759,modern,modern-daily-7299759,modern-daily-7299759-2014-07-21
11,4,Spider Umbra,,Enchantments,3,1,Bogles,senrabselim,346 tix,$ 955,241120,2014-07-21,Modern Daily #7299759,modern,modern-daily-7299759,modern-daily-7299759-2014-07-21
12,4,Daybreak Coronet,,Enchantments,3,1,Bogles,senrabselim,346 tix,$ 955,241120,2014-07-21,Modern Daily #7299759,modern,modern-daily-7299759,modern-daily-7299759-2014-07-21
13,3,Spirit Mantle,,Enchantments,3,1,Bogles,senrabselim,346 tix,$ 955,241120,2014-07-21,Modern Daily #7299759,modern,modern-daily-7299759,modern-daily-7299759-2014-07-21
14,1,Suppression Field,,Enchantments,3,1,Bogles,senrabselim,346 tix,$ 955,241120,2014-07-21,Modern Daily #7299759,modern,modern-daily-7299759,modern-daily-7299759-2014-07-21
15,2,Unflinching Courage,,Enchantments,3,1,Bogles,senrabselim,346 tix,$ 955,241120,2014-07-21,Modern Daily #7299759,modern,modern-daily-7299759,modern-daily-7299759-2014-07-21
17,1,Forest,,Lands,3,1,Bogles,senrabselim,346 tix,$ 955,241120,2014-07-21,Modern Daily #7299759,modern,modern-daily-7299759,modern-daily-7299759-2014-07-21
18,4,Horizon Canopy,,Lands,3,1,Bogles,senrabselim,346 tix,$ 955,241120,2014-07-21,Modern Daily #7299759,modern,modern-daily-7299759,modern-daily-7299759-2014-07-21
19,4,Misty Rainforest,,Lands,3,1,Bogles,senrabselim,346 tix,$ 955,241120,2014-07-21,Modern Daily #7299759,modern,modern-daily-7299759,modern-daily-7299759-2014-07-21
20,4,Razorverge Thicket,,Lands,3,1,Bogles,senrabselim,346 tix,$ 955,241120,2014-07-21,Modern Daily #7299759,modern,modern-daily-7299759,modern-daily-7299759-2014-07-21
21,3,Temple Garden,,Lands,3,1,Bogles,senrabselim,346 tix,$ 955,241120,2014-07-21,Modern Daily #7299759,modern,modern-daily-7299759,modern-daily-7299759-2014-07-21
22,2,Verdant Catacombs,,Lands,3,1,Bogles,senrabselim,346 tix,$ 955,241120,2014-07-21,Modern Daily #7299759,modern,modern-daily-7299759,modern-daily-7299759-2014-07-21
24,2,Nature's Claim,,Sideboard,3,1,Bogles,senrabselim,346 tix,$ 955,241120,2014-07-21,Modern Daily #7299759,modern,modern-daily-7299759,modern-daily-7299759-2014-07-21
25,2,Path to Exile,,Sideboard,3,1,Bogles,senrabselim,346 tix,$ 955,241120,2014-07-21,Modern Daily #7299759,modern,modern-daily-7299759,modern-daily-7299759-2014-07-21
26,2,Relic of Progenitus,,Sideboard,3,1,Bogles,senrabselim,346 tix,$ 955,241120,2014-07-21,Modern Daily #7299759,modern,modern-daily-7299759,modern-daily-7299759-2014-07-21
27,2,Stony Silence,,Sideboard,3,1,Bogles,senrabselim,346 tix,$ 955,241120,2014-07-21,Modern Daily #7299759,modern,modern-daily-7299759,modern-daily-7299759-2014-07-21
28,1,Suppression Field,,Sideboard,3,1,Bogles,senrabselim,346 tix,$ 955,241120,2014-07-21,Modern Daily #7299759,modern,modern-daily-7299759,modern-daily-7299759-2014-07-21
29,2,Torpor Orb,,Sideboard,3,1,Bogles,senrabselim,346 tix,$ 955,241120,2014-07-21,Modern Daily #7299759,modern,modern-daily-7299759,modern-daily-7299759-2014-07-21
30,4,Leyline of Sanctity,,Sideboard,3,1,Bogles,senrabselim,346 tix,$ 955,241120,2014-07-21,Modern Daily #7299759,modern,modern-daily-7299759,modern-daily-7299759-2014-07-21
1,4,Goblin Guide,,Creatures,3,1,Burn,videor,86 tix,$ 237,241117,2014-07-21,Modern Daily #7299759,modern,modern-daily-7299759,modern-daily-7299759-2014-07-21
2,4,Vexing Devil,,Creatures,3,1,Burn,videor,86 tix,$ 237,241117,2014-07-21,Modern Daily #7299759,modern,modern-daily-7299759,modern-daily-7299759-2014-07-21
3,4,Eidolon of the Great Revel,,Creatures,3,1,Burn,videor,86 tix,$ 237,241117,2014-07-21,Modern Daily #7299759,modern,modern-daily-7299759,modern-daily-7299759-2014-07-21
5,4,Lava Spike,,Spells,3,1,Burn,videor,86 tix,$ 237,241117,2014-07-21,Modern Daily #7299759,modern,modern-daily-7299759,modern-daily-7299759-2014-07-21
6,4,Lightning Bolt,,Spells,3,1,Burn,videor,86 tix,$ 237,241117,2014-07-21,Modern Daily #7299759,modern,modern-daily-7299759,modern-daily-7299759-2014-07-21
7,4,Shard Volley,,Spells,3,1,Burn,videor,86 tix,$ 237,241117,2014-07-21,Modern Daily #7299759,modern,modern-daily-7299759,modern-daily-7299759-2014-07-21
8,4,Searing Blaze,,Spells,3,1,Burn,videor,86 tix,$ 237,241117,2014-07-21,Modern Daily #7299759,modern,modern-daily-7299759,modern-daily-7299759-2014-07-21
9,4,Skullcrack,,Spells,3,1,Burn,videor,86 tix,$ 237,241117,2014-07-21,Modern Daily #7299759,modern,modern-daily-7299759,modern-daily-7299759-2014-07-21
10,4,Flames of the Blood Hand,,Spells,3,1,Burn,videor,86 tix,$ 237,241117,2014-07-21,Modern Daily #7299759,modern,modern-daily-7299759,modern-daily-7299759-2014-07-21
11,4,Rift Bolt,,Spells,3,1,Burn,videor,86 tix,$ 237,241117,2014-07-21,Modern Daily #7299759,modern,modern-daily-7299759,modern-daily-7299759-2014-07-21
13,20,Mountain,,Lands,3,1,Burn,videor,86 tix,$ 237,241117,2014-07-21,Modern Daily #7299759,modern,modern-daily-7299759,modern-daily-7299759-2014-07-21
15,3,Relic of Progenitus,,Sideboard,3,1,Burn,videor,86 tix,$ 237,241117,2014-07-21,Modern Daily #7299759,modern,modern-daily-7299759,modern-daily-7299759-2014-07-21
16,4,Combust,,Sideboard,3,1,Burn,videor,86 tix,$ 237,241117,2014-07-21,Modern Daily #7299759,modern,modern-daily-7299759,modern-daily-7299759-2014-07-21
17,2,Searing Blood,,Sideboard,3,1,Burn,videor,86 tix,$ 237,241117,2014-07-21,Modern Daily #7299759,modern,modern-daily-7299759,modern-daily-7299759-2014-07-21
18,4,Smash to Smithereens,,Sideboard,3,1,Burn,videor,86 tix,$ 237,241117,2014-07-21,Modern Daily #7299759,modern,modern-daily-7299759,modern-daily-7299759-2014-07-21
19,2,Molten Rain,,Sideboard,3,1,Burn,videor,86 tix,$ 237,241117,2014-07-21,Modern Daily #7299759,modern,modern-daily-7299759,modern-daily-7299759-2014-07-21
1,4,Snapcaster Mage,,Creatures,3,1,Cruel Control,Chemfy,254 tix,"$ 1,183",241115,2014-07-21,Modern Daily #7299759,modern,modern-daily-7299759,modern-daily-7299759-2014-07-21
2,1,"Keranos, God of Storms",,Creatures,3,1,Cruel Control,Chemfy,254 tix,"$ 1,183",241115,2014-07-21,Modern Daily #7299759,modern,modern-daily-7299759,modern-daily-7299759-2014-07-21
4,1,"Nicol Bolas, Planeswalker",,Planeswalkers,3,1,Cruel Control,Chemfy,254 tix,"$ 1,183",241115,2014-07-21,Modern Daily #7299759,modern,modern-daily-7299759,modern-daily-7299759-2014-07-21
6,1,Slaughter Pact,,Spells,3,1,Cruel Control,Chemfy,254 tix,"$ 1,183",241115,2014-07-21,Modern Daily #7299759,modern,modern-daily-7299759,modern-daily-7299759-2014-07-21
7,4,Lightning Bolt,,Spells,3,1,Cruel Control,Chemfy,254 tix,"$ 1,183",241115,2014-07-21,Modern Daily #7299759,modern,modern-daily-7299759,modern-daily-7299759-2014-07-21
8,2,Spell Snare,,Spells,3,1,Cruel Control,Chemfy,254 tix,"$ 1,183",241115,2014-07-21,Modern Daily #7299759,modern,modern-daily-7299759,modern-daily-7299759-2014-07-21
9,2,Thoughtseize,,Spells,3,1,Cruel Control,Chemfy,254 tix,"$ 1,183",241115,2014-07-21,Modern Daily #7299759,modern,modern-daily-7299759,modern-daily-7299759-2014-07-21
10,4,Mana Leak,,Spells,3,1,Cruel Control,Chemfy,254 tix,"$ 1,183",241115,2014-07-21,Modern Daily #7299759,modern,modern-daily-7299759,modern-daily-7299759-2014-07-21
11,2,Terminate,,Spells,3,1,Cruel Control,Chemfy,254 tix,"$ 1,183",241115,2014-07-21,Modern Daily #7299759,modern,modern-daily-7299759,modern-daily-7299759-2014-07-21
12,3,Electrolyze,,Spells,3,1,Cruel Control,Chemfy,254 tix,"$ 1,183",241115,2014-07-21,Modern Daily #7299759,modern,modern-daily-7299759,modern-daily-7299759-2014-07-21
13,1,Hero's Downfall,,Spells,3,1,Cruel Control,Chemfy,254 tix,"$ 1,183",241115,2014-07-21,Modern Daily #7299759,modern,modern-daily-7299759,modern-daily-7299759-2014-07-21
14,4,Cryptic Command,,Spells,3,1,Cruel Control,Chemfy,254 tix,"$ 1,183",241115,2014-07-21,Modern Daily #7299759,modern,modern-daily-7299759,modern-daily-7299759-2014-07-21
15,1,Mystical Teachings,,Spells,3,1,Cruel Control,Chemfy,254 tix,"$ 1,183",241115,2014-07-21,Modern Daily #7299759,modern,modern-daily-7299759,modern-daily-7299759-2014-07-21
16,2,Consume the Meek,,Spells,3,1,Cruel Control,Chemfy,254 tix,"$ 1,183",241115,2014-07-21,Modern Daily #7299759,modern,modern-daily-7299759,modern-daily-7299759-2014-07-21
17,1,Cruel Ultimatum,,Spells,3,1,Cruel Control,Chemfy,254 tix,"$ 1,183",241115,2014-07-21,Modern Daily #7299759,modern,modern-daily-7299759,modern-daily-7299759-2014-07-21
19,1,Batterskull,,Artifacts,3,1,Cruel Control,Chemfy,254 tix,"$ 1,183",241115,2014-07-21,Modern Daily #7299759,modern,modern-daily-7299759,modern-daily-7299759-2014-07-21
21,1,Blood Crypt,,Lands,3,1,Cruel Control,Chemfy,254 tix,"$ 1,183",241115,2014-07-21,Modern Daily #7299759,modern,modern-daily-7299759,modern-daily-7299759-2014-07-21
22,4,Creeping Tar Pit,,Lands,3,1,Cruel Control,Chemfy,254 tix,"$ 1,183",241115,2014-07-21,Modern Daily #7299759,modern,modern-daily-7299759,modern-daily-7299759-2014-07-21
23,1,Dreadship Reef,,Lands,3,1,Cruel Control,Chemfy,254 tix,"$ 1,183",241115,2014-07-21,Modern Daily #7299759,modern,modern-daily-7299759,modern-daily-7299759-2014-07-21
24,1,Drowned Catacomb,,Lands,3,1,Cruel Control,Chemfy,254 tix,"$ 1,183",241115,2014-07-21,Modern Daily #7299759,modern,modern-daily-7299759,modern-daily-7299759-2014-07-21
25,4,Island,,Lands,3,1,Cruel Control,Chemfy,254 tix,"$ 1,183",241115,2014-07-21,Modern Daily #7299759,modern,modern-daily-7299759,modern-daily-7299759-2014-07-21
26,2,Misty Rainforest,,Lands,3,1,Cruel Control,Chemfy,254 tix,"$ 1,183",241115,2014-07-21,Modern Daily #7299759,modern,modern-daily-7299759,modern-daily-7299759-2014-07-21
27,1,Mountain,,Lands,3,1,Cruel Control,Chemfy,254 tix,"$ 1,183",241115,2014-07-21,Modern Daily #7299759,modern,modern-daily-7299759,modern-daily-7299759-2014-07-21
28,4,Scalding Tarn,,Lands,3,1,Cruel Control,Chemfy,254 tix,"$ 1,183",241115,2014-07-21,Modern Daily #7299759,modern,modern-daily-7299759,modern-daily-7299759-2014-07-21
29,2,Steam Vents,,Lands,3,1,Cruel Control,Chemfy,254 tix,"$ 1,183",241115,2014-07-21,Modern Daily #7299759,modern,modern-daily-7299759,modern-daily-7299759-2014-07-21
30,3,Sulfur Falls,,Lands,3,1,Cruel Control,Chemfy,254 tix,"$ 1,183",241115,2014-07-21,Modern Daily #7299759,modern,modern-daily-7299759,modern-daily-7299759-2014-07-21
31,1,"Urborg, Tomb of Yawgmoth",,Lands,3,1,Cruel Control,Chemfy,254 tix,"$ 1,183",241115,2014-07-21,Modern Daily #7299759,modern,modern-daily-7299759,modern-daily-7299759-2014-07-21
32,2,Watery Grave,,Lands,3,1,Cruel Control,Chemfy,254 tix,"$ 1,183",241115,2014-07-21,Modern Daily #7299759,modern,modern-daily-7299759,modern-daily-7299759-2014-07-21
34,1,Thoughtseize,,Sideboard,3,1,Cruel Control,Chemfy,254 tix,"$ 1,183",241115,2014-07-21,Modern Daily #7299759,modern,modern-daily-7299759,modern-daily-7299759-2014-07-21
35,1,Vandalblast,,Sideboard,3,1,Cruel Control,Chemfy,254 tix,"$ 1,183",241115,2014-07-21,Modern Daily #7299759,modern,modern-daily-7299759,modern-daily-7299759-2014-07-21
36,1,Geth's Verdict,,Sideboard,3,1,Cruel Control,Chemfy,254 tix,"$ 1,183",241115,2014-07-21,Modern Daily #7299759,modern,modern-daily-7299759,modern-daily-7299759-2014-07-21
37,2,Rakdos Charm,,Sideboard,3,1,Cruel Control,Chemfy,254 tix,"$ 1,183",241115,2014-07-21,Modern Daily #7299759,modern,modern-daily-7299759,modern-daily-7299759-2014-07-21
38,2,Anger of the Gods,,Sideboard,3,1,Cruel Control,Chemfy,254 tix,"$ 1,183",241115,2014-07-21,Modern Daily #7299759,modern,modern-daily-7299759,modern-daily-7299759-2014-07-21
39,2,Counterflux,,Sideboard,3,1,Cruel Control,Chemfy,254 tix,"$ 1,183",241115,2014-07-21,Modern Daily #7299759,modern,modern-daily-7299759,modern-daily-7299759-2014-07-21
40,1,Damnation,,Sideboard,3,1,Cruel Control,Chemfy,254 tix,"$ 1,183",241115,2014-07-21,Modern Daily #7299759,modern,modern-daily-7299759,modern-daily-7299759-2014-07-21
41,2,Slaughter Games,,Sideboard,3,1,Cruel Control,Chemfy,254 tix,"$ 1,183",241115,2014-07-21,Modern Daily #7299759,modern,modern-daily-7299759,modern-daily-7299759-2014-07-21
42,2,Sowing Salt,,Sideboard,3,1,Cruel Control,Chemfy,254 tix,"$ 1,183",241115,2014-07-21,Modern Daily #7299759,modern,modern-daily-7299759,modern-daily-7299759-2014-07-21
43,1,Grave Titan,,Sideboard,3,1,Cruel Control,Chemfy,254 tix,"$ 1,183",241115,2014-07-21,Modern Daily #7299759,modern,modern-daily-7299759,modern-daily-7299759-2014-07-21
1,4,Dark Confidant,,Creatures,3,1,Dead Guy Ale,kristovine,184 tix,$ 893,241122,2014-07-21,Modern Daily #7299759,modern,modern-daily-7299759,modern-daily-7299759-2014-07-21
2,4,Pack Rat,,Creatures,3,1,Dead Guy Ale,kristovine,184 tix,$ 893,241122,2014-07-21,Modern Daily #7299759,modern,modern-daily-7299759,modern-daily-7299759-2014-07-21
3,4,Tidehollow Sculler,,Creatures,3,1,Dead Guy Ale,kristovine,184 tix,$ 893,241122,2014-07-21,Modern Daily #7299759,modern,modern-daily-7299759,modern-daily-7299759-2014-07-21
4,3,Blade Splicer,,Creatures,3,1,Dead Guy Ale,kristovine,184 tix,$ 893,241122,2014-07-21,Modern Daily #7299759,modern,modern-daily-7299759,modern-daily-7299759-2014-07-21
5,3,Restoration Angel,,Creatures,3,1,Dead Guy Ale,kristovine,184 tix,$ 893,241122,2014-07-21,Modern Daily #7299759,modern,modern-daily-7299759,modern-daily-7299759-2014-07-21
7,1,Darkblast,,Spells,3,1,Dead Guy Ale,kristovine,184 tix,$ 893,241122,2014-07-21,Modern Daily #7299759,modern,modern-daily-7299759,modern-daily-7299759-2014-07-21
8,3,Inquisition of Kozilek,,Spells,3,1,Dead Guy Ale,kristovine,184 tix,$ 893,241122,2014-07-21,Modern Daily #7299759,modern,modern-daily-7299759,modern-daily-7299759-2014-07-21
9,4,Path to Exile,,Spells,3,1,Dead Guy Ale,kristovine,184 tix,$ 893,241122,2014-07-21,Modern Daily #7299759,modern,modern-daily-7299759,modern-daily-7299759-2014-07-21
10,3,Thoughtseize,,Spells,3,1,Dead Guy Ale,kristovine,184 tix,$ 893,241122,2014-07-21,Modern Daily #7299759,modern,modern-daily-7299759,modern-daily-7299759-2014-07-21
11,2,Dismember,,Spells,3,1,Dead Guy Ale,kristovine,184 tix,$ 893,241122,2014-07-21,Modern Daily #7299759,modern,modern-daily-7299759,modern-daily-7299759-2014-07-21
12,4,Lingering Souls,,Spells,3,1,Dead Guy Ale,kristovine,184 tix,$ 893,241122,2014-07-21,Modern Daily #7299759,modern,modern-daily-7299759,modern-daily-7299759-2014-07-21
14,2,Arid Mesa,,Lands,3,1,Dead Guy Ale,kristovine,184 tix,$ 893,241122,2014-07-21,Modern Daily #7299759,modern,modern-daily-7299759,modern-daily-7299759-2014-07-21
15,4,Godless Shrine,,Lands,3,1,Dead Guy Ale,kristovine,184 tix,$ 893,241122,2014-07-21,Modern Daily #7299759,modern,modern-daily-7299759,modern-daily-7299759-2014-07-21
16,3,Isolated Chapel,,Lands,3,1,Dead Guy Ale,kristovine,184 tix,$ 893,241122,2014-07-21,Modern Daily #7299759,modern,modern-daily-7299759,modern-daily-7299759-2014-07-21
17,4,Marsh Flats,,Lands,3,1,Dead Guy Ale,kristovine,184 tix,$ 893,241122,2014-07-21,Modern Daily #7299759,modern,modern-daily-7299759,modern-daily-7299759-2014-07-21
18,4,Mutavault,,Lands,3,1,Dead Guy Ale,kristovine,184 tix,$ 893,241122,2014-07-21,Modern Daily #7299759,modern,modern-daily-7299759,modern-daily-7299759-2014-07-21
19,2,Plains,,Lands,3,1,Dead Guy Ale,kristovine,184 tix,$ 893,241122,2014-07-21,Modern Daily #7299759,modern,modern-daily-7299759,modern-daily-7299759-2014-07-21
20,3,Swamp,,Lands,3,1,Dead Guy Ale,kristovine,184 tix,$ 893,241122,2014-07-21,Modern Daily #7299759,modern,modern-daily-7299759,modern-daily-7299759-2014-07-21
21,3,Tectonic Edge,,Lands,3,1,Dead Guy Ale,kristovine,184 tix,$ 893,241122,2014-07-21,Modern Daily #7299759,modern,modern-daily-7299759,modern-daily-7299759-2014-07-21
23,1,Darkblast,,Sideboard,3,1,Dead Guy Ale,kristovine,184 tix,$ 893,241122,2014-07-21,Modern Daily #7299759,modern,modern-daily-7299759,modern-daily-7299759-2014-07-21
24,2,Disenchant,,Sideboard,3,1,Dead Guy Ale,kristovine,184 tix,$ 893,241122,2014-07-21,Modern Daily #7299759,modern,modern-daily-7299759,modern-daily-7299759-2014-07-21
25,1,Rest in Peace,,Sideboard,3,1,Dead Guy Ale,kristovine,184 tix,$ 893,241122,2014-07-21,Modern Daily #7299759,modern,modern-daily-7299759,modern-daily-7299759-2014-07-21
26,2,Stony Silence,,Sideboard,3,1,Dead Guy Ale,kristovine,184 tix,$ 893,241122,2014-07-21,Modern Daily #7299759,modern,modern-daily-7299759,modern-daily-7299759-2014-07-21
27,2,Aven Mindcensor,,Sideboard,3,1,Dead Guy Ale,kristovine,184 tix,$ 893,241122,2014-07-21,Modern Daily #7299759,modern,modern-daily-7299759,modern-daily-7299759-2014-07-21
28,3,Rain of Tears,,Sideboard,3,1,Dead Guy Ale,kristovine,184 tix,$ 893,241122,2014-07-21,Modern Daily #7299759,modern,modern-daily-7299759,modern-daily-7299759-2014-07-21
29,1,Rule of Law,,Sideboard,3,1,Dead Guy Ale,kristovine,184 tix,$ 893,241122,2014-07-21,Modern Daily #7299759,modern,modern-daily-7299759,modern-daily-7299759-2014-07-21
30,1,Sword of Fire and Ice,,Sideboard,3,1,Dead Guy Ale,kristovine,184 tix,$ 893,241122,2014-07-21,Modern Daily #7299759,modern,modern-daily-7299759,modern-daily-7299759-2014-07-21
31,2,Day of Judgment,,Sideboard,3,1,Dead Guy Ale,kristovine,184 tix,$ 893,241122,2014-07-21,Modern Daily #7299759,modern,modern-daily-7299759,modern-daily-7299759-2014-07-21
1,4,Dark Confidant,,Creatures,3,1,Jund,Macizo,596 tix,"$ 2,083",241111,2014-07-21,Modern Daily #7299759,modern,modern-daily-7299759,modern-daily-7299759-2014-07-21
2,3,Scavenging Ooze,,Creatures,3,1,Jund,Macizo,596 tix,"$ 2,083",241111,2014-07-21,Modern Daily #7299759,modern,modern-daily-7299759,modern-daily-7299759-2014-07-21
3,4,Tarmogoyf,,Creatures,3,1,Jund,Macizo,596 tix,"$ 2,083",241111,2014-07-21,Modern Daily #7299759,modern,modern-daily-7299759,modern-daily-7299759-2014-07-21
4,2,Courser of Kruphix,,Creatures,3,1,Jund,Macizo,596 tix,"$ 2,083",241111,2014-07-21,Modern Daily #7299759,modern,modern-daily-7299759,modern-daily-7299759-2014-07-21
6,3,Liliana of the Veil,,Planeswalkers,3,1,Jund,Macizo,596 tix,"$ 2,083",241111,2014-07-21,Modern Daily #7299759,modern,modern-daily-7299759,modern-daily-7299759-2014-07-21
7,1,"Chandra, Pyromaster",,Planeswalkers,3,1,Jund,Macizo,596 tix,"$ 2,083",241111,2014-07-21,Modern Daily #7299759,modern,modern-daily-7299759,modern-daily-7299759-2014-07-21
9,1,Slaughter Pact,,Spells,3,1,Jund,Macizo,596 tix,"$ 2,083",241111,2014-07-21,Modern Daily #7299759,modern,modern-daily-7299759,modern-daily-7299759-2014-07-21
10,3,Inquisition of Kozilek,,Spells,3,1,Jund,Macizo,596 tix,"$ 2,083",241111,2014-07-21,Modern Daily #7299759,modern,modern-daily-7299759,modern-daily-7299759-2014-07-21
11,4,Lightning Bolt,,Spells,3,1,Jund,Macizo,596 tix,"$ 2,083",241111,2014-07-21,Modern Daily #7299759,modern,modern-daily-7299759,modern-daily-7299759-2014-07-21
12,3,Thoughtseize,,Spells,3,1,Jund,Macizo,596 tix,"$ 2,083",241111,2014-07-21,Modern Daily #7299759,modern,modern-daily-7299759,modern-daily-7299759-2014-07-21
13,3,Abrupt Decay,,Spells,3,1,Jund,Macizo,596 tix,"$ 2,083",241111,2014-07-21,Modern Daily #7299759,modern,modern-daily-7299759,modern-daily-7299759-2014-07-21
14,2,Terminate,,Spells,3,1,Jund,Macizo,596 tix,"$ 2,083",241111,2014-07-21,Modern Daily #7299759,modern,modern-daily-7299759,modern-daily-7299759-2014-07-21
15,2,Anger of the Gods,,Spells,3,1,Jund,Macizo,596 tix,"$ 2,083",241111,2014-07-21,Modern Daily #7299759,modern,modern-daily-7299759,modern-daily-7299759-2014-07-21
16,1,Maelstrom Pulse,,Spells,3,1,Jund,Macizo,596 tix,"$ 2,083",241111,2014-07-21,Modern Daily #7299759,modern,modern-daily-7299759,modern-daily-7299759-2014-07-21
18,4,Blackcleave Cliffs,,Lands,3,1,Jund,Macizo,596 tix,"$ 2,083",241111,2014-07-21,Modern Daily #7299759,modern,modern-daily-7299759,modern-daily-7299759-2014-07-21
19,1,Blood Crypt,,Lands,3,1,Jund,Macizo,596 tix,"$ 2,083",241111,2014-07-21,Modern Daily #7299759,modern,modern-daily-7299759,modern-daily-7299759-2014-07-21
20,2,Forest,,Lands,3,1,Jund,Macizo,596 tix,"$ 2,083",241111,2014-07-21,Modern Daily #7299759,modern,modern-daily-7299759,modern-daily-7299759-2014-07-21
21,1,Grove of the Burnwillows,,Lands,3,1,Jund,Macizo,596 tix,"$ 2,083",241111,2014-07-21,Modern Daily #7299759,modern,modern-daily-7299759,modern-daily-7299759-2014-07-21
22,2,Marsh Flats,,Lands,3,1,Jund,Macizo,596 tix,"$ 2,083",241111,2014-07-21,Modern Daily #7299759,modern,modern-daily-7299759,modern-daily-7299759-2014-07-21
23,1,Misty Rainforest,,Lands,3,1,Jund,Macizo,596 tix,"$ 2,083",241111,2014-07-21,Modern Daily #7299759,modern,modern-daily-7299759,modern-daily-7299759-2014-07-21
24,2,Overgrown Tomb,,Lands,3,1,Jund,Macizo,596 tix,"$ 2,083",241111,2014-07-21,Modern Daily #7299759,modern,modern-daily-7299759,modern-daily-7299759-2014-07-21
25,4,Raging Ravine,,Lands,3,1,Jund,Macizo,596 tix,"$ 2,083",241111,2014-07-21,Modern Daily #7299759,modern,modern-daily-7299759,modern-daily-7299759-2014-07-21
26,1,Stomping Ground,,Lands,3,1,Jund,Macizo,596 tix,"$ 2,083",241111,2014-07-21,Modern Daily #7299759,modern,modern-daily-7299759,modern-daily-7299759-2014-07-21
27,2,Swamp,,Lands,3,1,Jund,Macizo,596 tix,"$ 2,083",241111,2014-07-21,Modern Daily #7299759,modern,modern-daily-7299759,modern-daily-7299759-2014-07-21
28,4,Verdant Catacombs,,Lands,3,1,Jund,Macizo,596 tix,"$ 2,083",241111,2014-07-21,Modern Daily #7299759,modern,modern-daily-7299759,modern-daily-7299759-2014-07-21
30,2,Grafdigger's Cage,,Sideboard,3,1,Jund,Macizo,596 tix,"$ 2,083",241111,2014-07-21,Modern Daily #7299759,modern,modern-daily-7299759,modern-daily-7299759-2014-07-21
31,1,Thoughtseize,,Sideboard,3,1,Jund,Macizo,596 tix,"$ 2,083",241111,2014-07-21,Modern Daily #7299759,modern,modern-daily-7299759,modern-daily-7299759-2014-07-21
32,2,Ancient Grudge,,Sideboard,3,1,Jund,Macizo,596 tix,"$ 2,083",241111,2014-07-21,Modern Daily #7299759,modern,modern-daily-7299759,modern-daily-7299759-2014-07-21
33,1,Anger of the Gods,,Sideboard,3,1,Jund,Macizo,596 tix,"$ 2,083",241111,2014-07-21,Modern Daily #7299759,modern,modern-daily-7299759,modern-daily-7299759-2014-07-21
34,1,Courser of Kruphix,,Sideboard,3,1,Jund,Macizo,596 tix,"$ 2,083",241111,2014-07-21,Modern Daily #7299759,modern,modern-daily-7299759,modern-daily-7299759-2014-07-21
35,4,Fulminator Mage,,Sideboard,3,1,Jund,Macizo,596 tix,"$ 2,083",241111,2014-07-21,Modern Daily #7299759,modern,modern-daily-7299759,modern-daily-7299759-2014-07-21
36,1,Slaughter Games,,Sideboard,3,1,Jund,Macizo,596 tix,"$ 2,083",241111,2014-07-21,Modern Daily #7299759,modern,modern-daily-7299759,modern-daily-7299759-2014-07-21
37,2,"Thrun, the Last Troll",,Sideboard,3,1,Jund,Macizo,596 tix,"$ 2,083",241111,2014-07-21,Modern Daily #7299759,modern,modern-daily-7299759,modern-daily-7299759-2014-07-21
38,1,Batterskull,,Sideboard,3,1,Jund,Macizo,596 tix,"$ 2,083",241111,2014-07-21,Modern Daily #7299759,modern,modern-daily-7299759,modern-daily-7299759-2014-07-21
1,4,Dark Confidant,,Creatures,3,1,Junk,zip_90,622 tix,"$ 2,024",241121,2014-07-21,Modern Daily #7299759,modern,modern-daily-7299759,modern-daily-7299759-2014-07-21
2,3,Scavenging Ooze,,Creatures,3,1,Junk,zip_90,622 tix,"$ 2,024",241121,2014-07-21,Modern Daily #7299759,modern,modern-daily-7299759,modern-daily-7299759-2014-07-21
3,4,Tarmogoyf,,Creatures,3,1,Junk,zip_90,622 tix,"$ 2,024",241121,2014-07-21,Modern Daily #7299759,modern,modern-daily-7299759,modern-daily-7299759-2014-07-21
5,4,Liliana of the Veil,,Planeswalkers,3,1,Junk,zip_90,622 tix,"$ 2,024",241121,2014-07-21,Modern Daily #7299759,modern,modern-daily-7299759,modern-daily-7299759-2014-07-21
6,1,Garruk Wildspeaker,,Planeswalkers,3,1,Junk,zip_90,622 tix,"$ 2,024",241121,2014-07-21,Modern Daily #7299759,modern,modern-daily-7299759,modern-daily-7299759-2014-07-21
8,2,Slaughter Pact,,Spells,3,1,Junk,zip_90,622 tix,"$ 2,024",241121,2014-07-21,Modern Daily #7299759,modern,modern-daily-7299759,modern-daily-7299759-2014-07-21
9,3,Inquisition of Kozilek,,Spells,3,1,Junk,zip_90,622 tix,"$ 2,024",241121,2014-07-21,Modern Daily #7299759,modern,modern-daily-7299759,modern-daily-7299759-2014-07-21
10,4,Thoughtseize,,Spells,3,1,Junk,zip_90,622 tix,"$ 2,024",241121,2014-07-21,Modern Daily #7299759,modern,modern-daily-7299759,modern-daily-7299759-2014-07-21
11,4,Abrupt Decay,,Spells,3,1,Junk,zip_90,622 tix,"$ 2,024",241121,2014-07-21,Modern Daily #7299759,modern,modern-daily-7299759,modern-daily-7299759-2014-07-21
12,2,Dismember,,Spells,3,1,Junk,zip_90,622 tix,"$ 2,024",241121,2014-07-21,Modern Daily #7299759,modern,modern-daily-7299759,modern-daily-7299759-2014-07-21
13,4,Lingering Souls,,Spells,3,1,Junk,zip_90,622 tix,"$ 2,024",241121,2014-07-21,Modern Daily #7299759,modern,modern-daily-7299759,modern-daily-7299759-2014-07-21
14,1,Maelstrom Pulse,,Spells,3,1,Junk,zip_90,622 tix,"$ 2,024",241121,2014-07-21,Modern Daily #7299759,modern,modern-daily-7299759,modern-daily-7299759-2014-07-21
16,1,Forest,,Lands,3,1,Junk,zip_90,622 tix,"$ 2,024",241121,2014-07-21,Modern Daily #7299759,modern,modern-daily-7299759,modern-daily-7299759-2014-07-21
17,1,Godless Shrine,,Lands,3,1,Junk,zip_90,622 tix,"$ 2,024",241121,2014-07-21,Modern Daily #7299759,modern,modern-daily-7299759,modern-daily-7299759-2014-07-21
18,4,Marsh Flats,,Lands,3,1,Junk,zip_90,622 tix,"$ 2,024",241121,2014-07-21,Modern Daily #7299759,modern,modern-daily-7299759,modern-daily-7299759-2014-07-21
19,2,Overgrown Tomb,,Lands,3,1,Junk,zip_90,622 tix,"$ 2,024",241121,2014-07-21,Modern Daily #7299759,modern,modern-daily-7299759,modern-daily-7299759-2014-07-21
20,2,Swamp,,Lands,3,1,Junk,zip_90,622 tix,"$ 2,024",241121,2014-07-21,Modern Daily #7299759,modern,modern-daily-7299759,modern-daily-7299759-2014-07-21
21,4,Tectonic Edge,,Lands,3,1,Junk,zip_90,622 tix,"$ 2,024",241121,2014-07-21,Modern Daily #7299759,modern,modern-daily-7299759,modern-daily-7299759-2014-07-21
22,1,Temple Garden,,Lands,3,1,Junk,zip_90,622 tix,"$ 2,024",241121,2014-07-21,Modern Daily #7299759,modern,modern-daily-7299759,modern-daily-7299759-2014-07-21
23,3,Treetop Village,,Lands,3,1,Junk,zip_90,622 tix,"$ 2,024",241121,2014-07-21,Modern Daily #7299759,modern,modern-daily-7299759,modern-daily-7299759-2014-07-21
24,1,Twilight Mire,,Lands,3,1,Junk,zip_90,622 tix,"$ 2,024",241121,2014-07-21,Modern Daily #7299759,modern,modern-daily-7299759,modern-daily-7299759-2014-07-21
25,1,"Urborg, Tomb of Yawgmoth",,Lands,3,1,Junk,zip_90,622 tix,"$ 2,024",241121,2014-07-21,Modern Daily #7299759,modern,modern-daily-7299759,modern-daily-7299759-2014-07-21
26,4,Verdant Catacombs,,Lands,3,1,Junk,zip_90,622 tix,"$ 2,024",241121,2014-07-21,Modern Daily #7299759,modern,modern-daily-7299759,modern-daily-7299759-2014-07-21
28,1,Engineered Explosives,,Sideboard,3,1,Junk,zip_90,622 tix,"$ 2,024",241121,2014-07-21,Modern Daily #7299759,modern,modern-daily-7299759,modern-daily-7299759-2014-07-21
29,2,Stony Silence,,Sideboard,3,1,Junk,zip_90,622 tix,"$ 2,024",241121,2014-07-21,Modern Daily #7299759,modern,modern-daily-7299759,modern-daily-7299759-2014-07-21
30,2,Zealous Persecution,,Sideboard,3,1,Junk,zip_90,622 tix,"$ 2,024",241121,2014-07-21,Modern Daily #7299759,modern,modern-daily-7299759,modern-daily-7299759-2014-07-21
31,1,Drown in Sorrow,,Sideboard,3,1,Junk,zip_90,622 tix,"$ 2,024",241121,2014-07-21,Modern Daily #7299759,modern,modern-daily-7299759,modern-daily-7299759-2014-07-21
32,4,Fulminator Mage,,Sideboard,3,1,Junk,zip_90,622 tix,"$ 2,024",241121,2014-07-21,Modern Daily #7299759,modern,modern-daily-7299759,modern-daily-7299759-2014-07-21
33,2,Creeping Corrosion,,Sideboard,3,1,Junk,zip_90,622 tix,"$ 2,024",241121,2014-07-21,Modern Daily #7299759,modern,modern-daily-7299759,modern-daily-7299759-2014-07-21
34,1,Obstinate Baloth,,Sideboard,3,1,Junk,zip_90,622 tix,"$ 2,024",241121,2014-07-21,Modern Daily #7299759,modern,modern-daily-7299759,modern-daily-7299759-2014-07-21
35,2,"Thrun, the Last Troll",,Sideboard,3,1,Junk,zip_90,622 tix,"$ 2,024",241121,2014-07-21,Modern Daily #7299759,modern,modern-daily-7299759,modern-daily-7299759-2014-07-21
1,4,Dark Confidant,,Creatures,3,1,Junk,Mariklus86,618 tix,"$ 1,984",241123,2014-07-21,Modern Daily #7299759,modern,modern-daily-7299759,modern-daily-7299759-2014-07-21
2,3,Scavenging Ooze,,Creatures,3,1,Junk,Mariklus86,618 tix,"$ 1,984",241123,2014-07-21,Modern Daily #7299759,modern,modern-daily-7299759,modern-daily-7299759-2014-07-21
3,4,Tarmogoyf,,Creatures,3,1,Junk,Mariklus86,618 tix,"$ 1,984",241123,2014-07-21,Modern Daily #7299759,modern,modern-daily-7299759,modern-daily-7299759-2014-07-21
5,4,Liliana of the Veil,,Planeswalkers,3,1,Junk,Mariklus86,618 tix,"$ 1,984",241123,2014-07-21,Modern Daily #7299759,modern,modern-daily-7299759,modern-daily-7299759-2014-07-21
7,1,Slaughter Pact,,Spells,3,1,Junk,Mariklus86,618 tix,"$ 1,984",241123,2014-07-21,Modern Daily #7299759,modern,modern-daily-7299759,modern-daily-7299759-2014-07-21
8,3,Inquisition of Kozilek,,Spells,3,1,Junk,Mariklus86,618 tix,"$ 1,984",241123,2014-07-21,Modern Daily #7299759,modern,modern-daily-7299759,modern-daily-7299759-2014-07-21
9,4,Thoughtseize,,Spells,3,1,Junk,Mariklus86,618 tix,"$ 1,984",241123,2014-07-21,Modern Daily #7299759,modern,modern-daily-7299759,modern-daily-7299759-2014-07-21
10,4,Abrupt Decay,,Spells,3,1,Junk,Mariklus86,618 tix,"$ 1,984",241123,2014-07-21,Modern Daily #7299759,modern,modern-daily-7299759,modern-daily-7299759-2014-07-21
11,2,Dismember,,Spells,3,1,Junk,Mariklus86,618 tix,"$ 1,984",241123,2014-07-21,Modern Daily #7299759,modern,modern-daily-7299759,modern-daily-7299759-2014-07-21
12,4,Lingering Souls,,Spells,3,1,Junk,Mariklus86,618 tix,"$ 1,984",241123,2014-07-21,Modern Daily #7299759,modern,modern-daily-7299759,modern-daily-7299759-2014-07-21
13,2,Maelstrom Pulse,,Spells,3,1,Junk,Mariklus86,618 tix,"$ 1,984",241123,2014-07-21,Modern Daily #7299759,modern,modern-daily-7299759,modern-daily-7299759-2014-07-21
15,1,Forest,,Lands,3,1,Junk,Mariklus86,618 tix,"$ 1,984",241123,2014-07-21,Modern Daily #7299759,modern,modern-daily-7299759,modern-daily-7299759-2014-07-21
16,1,Godless Shrine,,Lands,3,1,Junk,Mariklus86,618 tix,"$ 1,984",241123,2014-07-21,Modern Daily #7299759,modern,modern-daily-7299759,modern-daily-7299759-2014-07-21
17,4,Marsh Flats,,Lands,3,1,Junk,Mariklus86,618 tix,"$ 1,984",241123,2014-07-21,Modern Daily #7299759,modern,modern-daily-7299759,modern-daily-7299759-2014-07-21
18,2,Overgrown Tomb,,Lands,3,1,Junk,Mariklus86,618 tix,"$ 1,984",241123,2014-07-21,Modern Daily #7299759,modern,modern-daily-7299759,modern-daily-7299759-2014-07-21
19,1,Stirring Wildwood,,Lands,3,1,Junk,Mariklus86,618 tix,"$ 1,984",241123,2014-07-21,Modern Daily #7299759,modern,modern-daily-7299759,modern-daily-7299759-2014-07-21
20,2,Swamp,,Lands,3,1,Junk,Mariklus86,618 tix,"$ 1,984",241123,2014-07-21,Modern Daily #7299759,modern,modern-daily-7299759,modern-daily-7299759-2014-07-21
21,4,Tectonic Edge,,Lands,3,1,Junk,Mariklus86,618 tix,"$ 1,984",241123,2014-07-21,Modern Daily #7299759,modern,modern-daily-7299759,modern-daily-7299759-2014-07-21
22,1,Temple Garden,,Lands,3,1,Junk,Mariklus86,618 tix,"$ 1,984",241123,2014-07-21,Modern Daily #7299759,modern,modern-daily-7299759,modern-daily-7299759-2014-07-21
23,3,Treetop Village,,Lands,3,1,Junk,Mariklus86,618 tix,"$ 1,984",241123,2014-07-21,Modern Daily #7299759,modern,modern-daily-7299759,modern-daily-7299759-2014-07-21
24,1,Twilight Mire,,Lands,3,1,Junk,Mariklus86,618 tix,"$ 1,984",241123,2014-07-21,Modern Daily #7299759,modern,modern-daily-7299759,modern-daily-7299759-2014-07-21
25,1,"Urborg, Tomb of Yawgmoth",,Lands,3,1,Junk,Mariklus86,618 tix,"$ 1,984",241123,2014-07-21,Modern Daily #7299759,modern,modern-daily-7299759,modern-daily-7299759-2014-07-21
26,4,Verdant Catacombs,,Lands,3,1,Junk,Mariklus86,618 tix,"$ 1,984",241123,2014-07-21,Modern Daily #7299759,modern,modern-daily-7299759,modern-daily-7299759-2014-07-21
28,1,Engineered Explosives,,Sideboard,3,1,Junk,Mariklus86,618 tix,"$ 1,984",241123,2014-07-21,Modern Daily #7299759,modern,modern-daily-7299759,modern-daily-7299759-2014-07-21
29,1,Slaughter Pact,,Sideboard,3,1,Junk,Mariklus86,618 tix,"$ 1,984",241123,2014-07-21,Modern Daily #7299759,modern,modern-daily-7299759,modern-daily-7299759-2014-07-21
30,2,Grafdigger's Cage,,Sideboard,3,1,Junk,Mariklus86,618 tix,"$ 1,984",241123,2014-07-21,Modern Daily #7299759,modern,modern-daily-7299759,modern-daily-7299759-2014-07-21
31,1,Bow of Nylea,,Sideboard,3,1,Junk,Mariklus86,618 tix,"$ 1,984",241123,2014-07-21,Modern Daily #7299759,modern,modern-daily-7299759,modern-daily-7299759-2014-07-21
32,2,Drown in Sorrow,,Sideboard,3,1,Junk,Mariklus86,618 tix,"$ 1,984",241123,2014-07-21,Modern Daily #7299759,modern,modern-daily-7299759,modern-daily-7299759-2014-07-21
33,3,Fulminator Mage,,Sideboard,3,1,Junk,Mariklus86,618 tix,"$ 1,984",241123,2014-07-21,Modern Daily #7299759,modern,modern-daily-7299759,modern-daily-7299759-2014-07-21
34,1,Kitchen Finks,,Sideboard,3,1,Junk,Mariklus86,618 tix,"$ 1,984",241123,2014-07-21,Modern Daily #7299759,modern,modern-daily-7299759,modern-daily-7299759-2014-07-21
35,1,Lifebane Zombie,,Sideboard,3,1,Junk,Mariklus86,618 tix,"$ 1,984",241123,2014-07-21,Modern Daily #7299759,modern,modern-daily-7299759,modern-daily-7299759-2014-07-21
36,2,Creeping Corrosion,,Sideboard,3,1,Junk,Mariklus86,618 tix,"$ 1,984",241123,2014-07-21,Modern Daily #7299759,modern,modern-daily-7299759,modern-daily-7299759-2014-07-21
37,1,Obstinate Baloth,,Sideboard,3,1,Junk,Mariklus86,618 tix,"$ 1,984",241123,2014-07-21,Modern Daily #7299759,modern,modern-daily-7299759,modern-daily-7299759-2014-07-21
1,4,Birds of Paradise,,Creatures,3,1,Kiki Pod,FabeRox,318 tix,$ 787,241119,2014-07-21,Modern Daily #7299759,modern,modern-daily-7299759,modern-daily-7299759-2014-07-21
2,4,Noble Hierarch,,Creatures,3,1,Kiki Pod,FabeRox,318 tix,$ 787,241119,2014-07-21,Modern Daily #7299759,modern,modern-daily-7299759,modern-daily-7299759-2014-07-21
3,1,Qasali Pridemage,,Creatures,3,1,Kiki Pod,FabeRox,318 tix,$ 787,241119,2014-07-21,Modern Daily #7299759,modern,modern-daily-7299759,modern-daily-7299759-2014-07-21
4,2,Scavenging Ooze,,Creatures,3,1,Kiki Pod,FabeRox,318 tix,$ 787,241119,2014-07-21,Modern Daily #7299759,modern,modern-daily-7299759,modern-daily-7299759-2014-07-21
5,1,Spellskite,,Creatures,3,1,Kiki Pod,FabeRox,318 tix,$ 787,241119,2014-07-21,Modern Daily #7299759,modern,modern-daily-7299759,modern-daily-7299759-2014-07-21
6,2,Voice of Resurgence,,Creatures,3,1,Kiki Pod,FabeRox,318 tix,$ 787,241119,2014-07-21,Modern Daily #7299759,modern,modern-daily-7299759,modern-daily-7299759-2014-07-21
7,2,Wall of Omens,,Creatures,3,1,Kiki Pod,FabeRox,318 tix,$ 787,241119,2014-07-21,Modern Daily #7299759,modern,modern-daily-7299759,modern-daily-7299759-2014-07-21
8,1,Wall of Roots,,Creatures,3,1,Kiki Pod,FabeRox,318 tix,$ 787,241119,2014-07-21,Modern Daily #7299759,modern,modern-daily-7299759,modern-daily-7299759-2014-07-21
9,2,Courser of Kruphix,,Creatures,3,1,Kiki Pod,FabeRox,318 tix,$ 787,241119,2014-07-21,Modern Daily #7299759,modern,modern-daily-7299759,modern-daily-7299759-2014-07-21
10,1,Deceiver Exarch,,Creatures,3,1,Kiki Pod,FabeRox,318 tix,$ 787,241119,2014-07-21,Modern Daily #7299759,modern,modern-daily-7299759,modern-daily-7299759-2014-07-21
11,1,Eternal Witness,,Creatures,3,1,Kiki Pod,FabeRox,318 tix,$ 787,241119,2014-07-21,Modern Daily #7299759,modern,modern-daily-7299759,modern-daily-7299759-2014-07-21
12,1,Kitchen Finks,,Creatures,3,1,Kiki Pod,FabeRox,318 tix,$ 787,241119,2014-07-21,Modern Daily #7299759,modern,modern-daily-7299759,modern-daily-7299759-2014-07-21
13,1,Glen Elendra Archmage,,Creatures,3,1,Kiki Pod,FabeRox,318 tix,$ 787,241119,2014-07-21,Modern Daily #7299759,modern,modern-daily-7299759,modern-daily-7299759-2014-07-21
14,1,"Linvala, Keeper of Silence",,Creatures,3,1,Kiki Pod,FabeRox,318 tix,$ 787,241119,2014-07-21,Modern Daily #7299759,modern,modern-daily-7299759,modern-daily-7299759-2014-07-21
15,1,Murderous Redcap,,Creatures,3,1,Kiki Pod,FabeRox,318 tix,$ 787,241119,2014-07-21,Modern Daily #7299759,modern,modern-daily-7299759,modern-daily-7299759-2014-07-21
16,3,Restoration Angel,,Creatures,3,1,Kiki Pod,FabeRox,318 tix,$ 787,241119,2014-07-21,Modern Daily #7299759,modern,modern-daily-7299759,modern-daily-7299759-2014-07-21
17,2,"Kiki-Jiki, Mirror Breaker",,Creatures,3,1,Kiki Pod,FabeRox,318 tix,$ 787,241119,2014-07-21,Modern Daily #7299759,modern,modern-daily-7299759,modern-daily-7299759-2014-07-21
18,1,Zealous Conscripts,,Creatures,3,1,Kiki Pod,FabeRox,318 tix,$ 787,241119,2014-07-21,Modern Daily #7299759,modern,modern-daily-7299759,modern-daily-7299759-2014-07-21
20,2,Domri Rade,,Planeswalkers,3,1,Kiki Pod,FabeRox,318 tix,$ 787,241119,2014-07-21,Modern Daily #7299759,modern,modern-daily-7299759,modern-daily-7299759-2014-07-21
22,4,Birthing Pod,,Artifacts,3,1,Kiki Pod,FabeRox,318 tix,$ 787,241119,2014-07-21,Modern Daily #7299759,modern,modern-daily-7299759,modern-daily-7299759-2014-07-21
24,4,Arid Mesa,,Lands,3,1,Kiki Pod,FabeRox,318 tix,$ 787,241119,2014-07-21,Modern Daily #7299759,modern,modern-daily-7299759,modern-daily-7299759-2014-07-21
25,1,Breeding Pool,,Lands,3,1,Kiki Pod,FabeRox,318 tix,$ 787,241119,2014-07-21,Modern Daily #7299759,modern,modern-daily-7299759,modern-daily-7299759-2014-07-21
26,1,Fire-Lit Thicket,,Lands,3,1,Kiki Pod,FabeRox,318 tix,$ 787,241119,2014-07-21,Modern Daily #7299759,modern,modern-daily-7299759,modern-daily-7299759-2014-07-21
27,1,Forest,,Lands,3,1,Kiki Pod,FabeRox,318 tix,$ 787,241119,2014-07-21,Modern Daily #7299759,modern,modern-daily-7299759,modern-daily-7299759-2014-07-21
28,2,Gavony Township,,Lands,3,1,Kiki Pod,FabeRox,318 tix,$ 787,241119,2014-07-21,Modern Daily #7299759,modern,modern-daily-7299759,modern-daily-7299759-2014-07-21
29,4,Grove of the Burnwillows,,Lands,3,1,Kiki Pod,FabeRox,318 tix,$ 787,241119,2014-07-21,Modern Daily #7299759,modern,modern-daily-7299759,modern-daily-7299759-2014-07-21
30,1,Hallowed Fountain,,Lands,3,1,Kiki Pod,FabeRox,318 tix,$ 787,241119,2014-07-21,Modern Daily #7299759,modern,modern-daily-7299759,modern-daily-7299759-2014-07-21
31,4,Misty Rainforest,,Lands,3,1,Kiki Pod,FabeRox,318 tix,$ 787,241119,2014-07-21,Modern Daily #7299759,modern,modern-daily-7299759,modern-daily-7299759-2014-07-21
32,1,Plains,,Lands,3,1,Kiki Pod,FabeRox,318 tix,$ 787,241119,2014-07-21,Modern Daily #7299759,modern,modern-daily-7299759,modern-daily-7299759-2014-07-21
33,1,Sacred Foundry,,Lands,3,1,Kiki Pod,FabeRox,318 tix,$ 787,241119,2014-07-21,Modern Daily #7299759,modern,modern-daily-7299759,modern-daily-7299759-2014-07-21
34,1,Steam Vents,,Lands,3,1,Kiki Pod,FabeRox,318 tix,$ 787,241119,2014-07-21,Modern Daily #7299759,modern,modern-daily-7299759,modern-daily-7299759-2014-07-21
35,1,Stomping Ground,,Lands,3,1,Kiki Pod,FabeRox,318 tix,$ 787,241119,2014-07-21,Modern Daily #7299759,modern,modern-daily-7299759,modern-daily-7299759-2014-07-21
36,1,Temple Garden,,Lands,3,1,Kiki Pod,FabeRox,318 tix,$ 787,241119,2014-07-21,Modern Daily #7299759,modern,modern-daily-7299759,modern-daily-7299759-2014-07-21
38,4,Path to Exile,,Sideboard,3,1,Kiki Pod,FabeRox,318 tix,$ 787,241119,2014-07-21,Modern Daily #7299759,modern,modern-daily-7299759,modern-daily-7299759-2014-07-21
39,1,Ancient Grudge,,Sideboard,3,1,Kiki Pod,FabeRox,318 tix,$ 787,241119,2014-07-21,Modern Daily #7299759,modern,modern-daily-7299759,modern-daily-7299759-2014-07-21
40,2,Negate,,Sideboard,3,1,Kiki Pod,FabeRox,318 tix,$ 787,241119,2014-07-21,Modern Daily #7299759,modern,modern-daily-7299759,modern-daily-7299759-2014-07-21
41,1,Aven Mindcensor,,Sideboard,3,1,Kiki Pod,FabeRox,318 tix,$ 787,241119,2014-07-21,Modern Daily #7299759,modern,modern-daily-7299759,modern-daily-7299759-2014-07-21
42,1,Fiery Justice,,Sideboard,3,1,Kiki Pod,FabeRox,318 tix,$ 787,241119,2014-07-21,Modern Daily #7299759,modern,modern-daily-7299759,modern-daily-7299759-2014-07-21
43,1,Harmonic Sliver,,Sideboard,3,1,Kiki Pod,FabeRox,318 tix,$ 787,241119,2014-07-21,Modern Daily #7299759,modern,modern-daily-7299759,modern-daily-7299759-2014-07-21
44,1,Izzet Staticaster,,Sideboard,3,1,Kiki Pod,FabeRox,318 tix,$ 787,241119,2014-07-21,Modern Daily #7299759,modern,modern-daily-7299759,modern-daily-7299759-2014-07-21
45,1,Avalanche Riders,,Sideboard,3,1,Kiki Pod,FabeRox,318 tix,$ 787,241119,2014-07-21,Modern Daily #7299759,modern,modern-daily-7299759,modern-daily-7299759-2014-07-21
46,1,Obstinate Baloth,,Sideboard,3,1,Kiki Pod,FabeRox,318 tix,$ 787,241119,2014-07-21,Modern Daily #7299759,modern,modern-daily-7299759,modern-daily-7299759-2014-07-21
47,1,Sowing Salt,,Sideboard,3,1,Kiki Pod,FabeRox,318 tix,$ 787,241119,2014-07-21,Modern Daily #7299759,modern,modern-daily-7299759,modern-daily-7299759-2014-07-21
48,1,"Sigarda, Host of Herons",,Sideboard,3,1,Kiki Pod,FabeRox,318 tix,$ 787,241119,2014-07-21,Modern Daily #7299759,modern,modern-daily-7299759,modern-daily-7299759-2014-07-21
1,4,Birds of Paradise,,Creatures,3,1,Melira Pod,Trumpetman,283 tix,$ 872,241104,2014-07-21,Modern Daily #7299759,modern,modern-daily-7299759,modern-daily-7299759-2014-07-21
2,3,Noble Hierarch,,Creatures,3,1,Melira Pod,Trumpetman,283 tix,$ 872,241104,2014-07-21,Modern Daily #7299759,modern,modern-daily-7299759,modern-daily-7299759-2014-07-21
3,1,Viscera Seer,,Creatures,3,1,Melira Pod,Trumpetman,283 tix,$ 872,241104,2014-07-21,Modern Daily #7299759,modern,modern-daily-7299759,modern-daily-7299759-2014-07-21
4,1,"Melira, Sylvok Outcast",,Creatures,3,1,Melira Pod,Trumpetman,283 tix,$ 872,241104,2014-07-21,Modern Daily #7299759,modern,modern-daily-7299759,modern-daily-7299759-2014-07-21
5,1,Qasali Pridemage,,Creatures,3,1,Melira Pod,Trumpetman,283 tix,$ 872,241104,2014-07-21,Modern Daily #7299759,modern,modern-daily-7299759,modern-daily-7299759-2014-07-21
6,1,Scavenging Ooze,,Creatures,3,1,Melira Pod,Trumpetman,283 tix,$ 872,241104,2014-07-21,Modern Daily #7299759,modern,modern-daily-7299759,modern-daily-7299759-2014-07-21
7,1,Spellskite,,Creatures,3,1,Melira Pod,Trumpetman,283 tix,$ 872,241104,2014-07-21,Modern Daily #7299759,modern,modern-daily-7299759,modern-daily-7299759-2014-07-21
8,3,Voice of Resurgence,,Creatures,3,1,Melira Pod,Trumpetman,283 tix,$ 872,241104,2014-07-21,Modern Daily #7299759,modern,modern-daily-7299759,modern-daily-7299759-2014-07-21
9,1,Wall of Roots,,Creatures,3,1,Melira Pod,Trumpetman,283 tix,$ 872,241104,2014-07-21,Modern Daily #7299759,modern,modern-daily-7299759,modern-daily-7299759-2014-07-21
10,1,Eternal Witness,,Creatures,3,1,Melira Pod,Trumpetman,283 tix,$ 872,241104,2014-07-21,Modern Daily #7299759,modern,modern-daily-7299759,modern-daily-7299759-2014-07-21
11,3,Kitchen Finks,,Creatures,3,1,Melira Pod,Trumpetman,283 tix,$ 872,241104,2014-07-21,Modern Daily #7299759,modern,modern-daily-7299759,modern-daily-7299759-2014-07-21
12,1,Orzhov Pontiff,,Creatures,3,1,Melira Pod,Trumpetman,283 tix,$ 872,241104,2014-07-21,Modern Daily #7299759,modern,modern-daily-7299759,modern-daily-7299759-2014-07-21
13,1,Sin Collector,,Creatures,3,1,Melira Pod,Trumpetman,283 tix,$ 872,241104,2014-07-21,Modern Daily #7299759,modern,modern-daily-7299759,modern-daily-7299759-2014-07-21
14,1,"Linvala, Keeper of Silence",,Creatures,3,1,Melira Pod,Trumpetman,283 tix,$ 872,241104,2014-07-21,Modern Daily #7299759,modern,modern-daily-7299759,modern-daily-7299759-2014-07-21
15,1,Murderous Redcap,,Creatures,3,1,Melira Pod,Trumpetman,283 tix,$ 872,241104,2014-07-21,Modern Daily #7299759,modern,modern-daily-7299759,modern-daily-7299759-2014-07-21
16,1,Phyrexian Metamorph,,Creatures,3,1,Melira Pod,Trumpetman,283 tix,$ 872,241104,2014-07-21,Modern Daily #7299759,modern,modern-daily-7299759,modern-daily-7299759-2014-07-21
17,1,Ranger of Eos,,Creatures,3,1,Melira Pod,Trumpetman,283 tix,$ 872,241104,2014-07-21,Modern Daily #7299759,modern,modern-daily-7299759,modern-daily-7299759-2014-07-21
18,1,Reveillark,,Creatures,3,1,Melira Pod,Trumpetman,283 tix,$ 872,241104,2014-07-21,Modern Daily #7299759,modern,modern-daily-7299759,modern-daily-7299759-2014-07-21
19,1,Shriekmaw,,Creatures,3,1,Melira Pod,Trumpetman,283 tix,$ 872,241104,2014-07-21,Modern Daily #7299759,modern,modern-daily-7299759,modern-daily-7299759-2014-07-21
21,2,Abrupt Decay,,Spells,3,1,Melira Pod,Trumpetman,283 tix,$ 872,241104,2014-07-21,Modern Daily #7299759,modern,modern-daily-7299759,modern-daily-7299759-2014-07-21
22,2,Chord of Calling,,Spells,3,1,Melira Pod,Trumpetman,283 tix,$ 872,241104,2014-07-21,Modern Daily #7299759,modern,modern-daily-7299759,modern-daily-7299759-2014-07-21
23,1,Dismember,,Spells,3,1,Melira Pod,Trumpetman,283 tix,$ 872,241104,2014-07-21,Modern Daily #7299759,modern,modern-daily-7299759,modern-daily-7299759-2014-07-21
25,4,Birthing Pod,,Artifacts,3,1,Melira Pod,Trumpetman,283 tix,$ 872,241104,2014-07-21,Modern Daily #7299759,modern,modern-daily-7299759,modern-daily-7299759-2014-07-21
27,3,Forest,,Lands,3,1,Melira Pod,Trumpetman,283 tix,$ 872,241104,2014-07-21,Modern Daily #7299759,modern,modern-daily-7299759,modern-daily-7299759-2014-07-21
28,3,Gavony Township,,Lands,3,1,Melira Pod,Trumpetman,283 tix,$ 872,241104,2014-07-21,Modern Daily #7299759,modern,modern-daily-7299759,modern-daily-7299759-2014-07-21
29,1,Godless Shrine,,Lands,3,1,Melira Pod,Trumpetman,283 tix,$ 872,241104,2014-07-21,Modern Daily #7299759,modern,modern-daily-7299759,modern-daily-7299759-2014-07-21
30,4,Misty Rainforest,,Lands,3,1,Melira Pod,Trumpetman,283 tix,$ 872,241104,2014-07-21,Modern Daily #7299759,modern,modern-daily-7299759,modern-daily-7299759-2014-07-21
31,2,Overgrown Tomb,,Lands,3,1,Melira Pod,Trumpetman,283 tix,$ 872,241104,2014-07-21,Modern Daily #7299759,modern,modern-daily-7299759,modern-daily-7299759-2014-07-21
32,3,Razorverge Thicket,,Lands,3,1,Melira Pod,Trumpetman,283 tix,$ 872,241104,2014-07-21,Modern Daily #7299759,modern,modern-daily-7299759,modern-daily-7299759-2014-07-21
33,1,Swamp,,Lands,3,1,Melira Pod,Trumpetman,283 tix,$ 872,241104,2014-07-21,Modern Daily #7299759,modern,modern-daily-7299759,modern-daily-7299759-2014-07-21
34,1,Temple Garden,,Lands,3,1,Melira Pod,Trumpetman,283 tix,$ 872,241104,2014-07-21,Modern Daily #7299759,modern,modern-daily-7299759,modern-daily-7299759-2014-07-21
35,4,Verdant Catacombs,,Lands,3,1,Melira Pod,Trumpetman,283 tix,$ 872,241104,2014-07-21,Modern Daily #7299759,modern,modern-daily-7299759,modern-daily-7299759-2014-07-21
36,1,Woodland Cemetery,,Lands,3,1,Melira Pod,Trumpetman,283 tix,$ 872,241104,2014-07-21,Modern Daily #7299759,modern,modern-daily-7299759,modern-daily-7299759-2014-07-21
38,4,Thoughtseize,,Sideboard,3,1,Melira Pod,Trumpetman,283 tix,$ 872,241104,2014-07-21,Modern Daily #7299759,modern,modern-daily-7299759,modern-daily-7299759-2014-07-21
39,1,"Kataki, War's Wage",,Sideboard,3,1,Melira Pod,Trumpetman,283 tix,$ 872,241104,2014-07-21,Modern Daily #7299759,modern,modern-daily-7299759,modern-daily-7299759-2014-07-21
40,1,Scavenging Ooze,,Sideboard,3,1,Melira Pod,Trumpetman,283 tix,$ 872,241104,2014-07-21,Modern Daily #7299759,modern,modern-daily-7299759,modern-daily-7299759-2014-07-21
41,2,Dismember,,Sideboard,3,1,Melira Pod,Trumpetman,283 tix,$ 872,241104,2014-07-21,Modern Daily #7299759,modern,modern-daily-7299759,modern-daily-7299759-2014-07-21
42,1,Eidolon of Rhetoric,,Sideboard,3,1,Melira Pod,Trumpetman,283 tix,$ 872,241104,2014-07-21,Modern Daily #7299759,modern,modern-daily-7299759,modern-daily-7299759-2014-07-21
43,1,Harmonic Sliver,,Sideboard,3,1,Melira Pod,Trumpetman,283 tix,$ 872,241104,2014-07-21,Modern Daily #7299759,modern,modern-daily-7299759,modern-daily-7299759-2014-07-21
44,1,Orzhov Pontiff,,Sideboard,3,1,Melira Pod,Trumpetman,283 tix,$ 872,241104,2014-07-21,Modern Daily #7299759,modern,modern-daily-7299759,modern-daily-7299759-2014-07-21
45,1,Sin Collector,,Sideboard,3,1,Melira Pod,Trumpetman,283 tix,$ 872,241104,2014-07-21,Modern Daily #7299759,modern,modern-daily-7299759,modern-daily-7299759-2014-07-21
46,1,Entomber Exarch,,Sideboard,3,1,Melira Pod,Trumpetman,283 tix,$ 872,241104,2014-07-21,Modern Daily #7299759,modern,modern-daily-7299759,modern-daily-7299759-2014-07-21
47,1,"Linvala, Keeper of Silence",,Sideboard,3,1,Melira Pod,Trumpetman,283 tix,$ 872,241104,2014-07-21,Modern Daily #7299759,modern,modern-daily-7299759,modern-daily-7299759-2014-07-21
48,1,"Thrun, the Last Troll",,Sideboard,3,1,Melira Pod,Trumpetman,283 tix,$ 872,241104,2014-07-21,Modern Daily #7299759,modern,modern-daily-7299759,modern-daily-7299759-2014-07-21
1,4,Birds of Paradise,,Creatures,3,1,Melira Pod,Raven423,265 tix,$ 852,241110,2014-07-21,Modern Daily #7299759,modern,modern-daily-7299759,modern-daily-7299759-2014-07-21
2,3,Noble Hierarch,,Creatures,3,1,Melira Pod,Raven423,265 tix,$ 852,241110,2014-07-21,Modern Daily #7299759,modern,modern-daily-7299759,modern-daily-7299759-2014-07-21
3,1,Viscera Seer,,Creatures,3,1,Melira Pod,Raven423,265 tix,$ 852,241110,2014-07-21,Modern Daily #7299759,modern,modern-daily-7299759,modern-daily-7299759-2014-07-21
4,1,"Melira, Sylvok Outcast",,Creatures,3,1,Melira Pod,Raven423,265 tix,$ 852,241110,2014-07-21,Modern Daily #7299759,modern,modern-daily-7299759,modern-daily-7299759-2014-07-21
5,1,Qasali Pridemage,,Creatures,3,1,Melira Pod,Raven423,265 tix,$ 852,241110,2014-07-21,Modern Daily #7299759,modern,modern-daily-7299759,modern-daily-7299759-2014-07-21
6,1,Scavenging Ooze,,Creatures,3,1,Melira Pod,Raven423,265 tix,$ 852,241110,2014-07-21,Modern Daily #7299759,modern,modern-daily-7299759,modern-daily-7299759-2014-07-21
7,1,Spellskite,,Creatures,3,1,Melira Pod,Raven423,265 tix,$ 852,241110,2014-07-21,Modern Daily #7299759,modern,modern-daily-7299759,modern-daily-7299759-2014-07-21
8,3,Voice of Resurgence,,Creatures,3,1,Melira Pod,Raven423,265 tix,$ 852,241110,2014-07-21,Modern Daily #7299759,modern,modern-daily-7299759,modern-daily-7299759-2014-07-21
9,2,Wall of Roots,,Creatures,3,1,Melira Pod,Raven423,265 tix,$ 852,241110,2014-07-21,Modern Daily #7299759,modern,modern-daily-7299759,modern-daily-7299759-2014-07-21
10,1,Eternal Witness,,Creatures,3,1,Melira Pod,Raven423,265 tix,$ 852,241110,2014-07-21,Modern Daily #7299759,modern,modern-daily-7299759,modern-daily-7299759-2014-07-21
11,3,Kitchen Finks,,Creatures,3,1,Melira Pod,Raven423,265 tix,$ 852,241110,2014-07-21,Modern Daily #7299759,modern,modern-daily-7299759,modern-daily-7299759-2014-07-21
12,1,Orzhov Pontiff,,Creatures,3,1,Melira Pod,Raven423,265 tix,$ 852,241110,2014-07-21,Modern Daily #7299759,modern,modern-daily-7299759,modern-daily-7299759-2014-07-21
13,1,"Linvala, Keeper of Silence",,Creatures,3,1,Melira Pod,Raven423,265 tix,$ 852,241110,2014-07-21,Modern Daily #7299759,modern,modern-daily-7299759,modern-daily-7299759-2014-07-21
14,1,Murderous Redcap,,Creatures,3,1,Melira Pod,Raven423,265 tix,$ 852,241110,2014-07-21,Modern Daily #7299759,modern,modern-daily-7299759,modern-daily-7299759-2014-07-21
15,1,Ranger of Eos,,Creatures,3,1,Melira Pod,Raven423,265 tix,$ 852,241110,2014-07-21,Modern Daily #7299759,modern,modern-daily-7299759,modern-daily-7299759-2014-07-21
16,1,Restoration Angel,,Creatures,3,1,Melira Pod,Raven423,265 tix,$ 852,241110,2014-07-21,Modern Daily #7299759,modern,modern-daily-7299759,modern-daily-7299759-2014-07-21
17,1,Reveillark,,Creatures,3,1,Melira Pod,Raven423,265 tix,$ 852,241110,2014-07-21,Modern Daily #7299759,modern,modern-daily-7299759,modern-daily-7299759-2014-07-21
18,1,Shriekmaw,,Creatures,3,1,Melira Pod,Raven423,265 tix,$ 852,241110,2014-07-21,Modern Daily #7299759,modern,modern-daily-7299759,modern-daily-7299759-2014-07-21
20,2,Abrupt Decay,,Spells,3,1,Melira Pod,Raven423,265 tix,$ 852,241110,2014-07-21,Modern Daily #7299759,modern,modern-daily-7299759,modern-daily-7299759-2014-07-21
21,3,Chord of Calling,,Spells,3,1,Melira Pod,Raven423,265 tix,$ 852,241110,2014-07-21,Modern Daily #7299759,modern,modern-daily-7299759,modern-daily-7299759-2014-07-21
23,4,Birthing Pod,,Artifacts,3,1,Melira Pod,Raven423,265 tix,$ 852,241110,2014-07-21,Modern Daily #7299759,modern,modern-daily-7299759,modern-daily-7299759-2014-07-21
25,3,Forest,,Lands,3,1,Melira Pod,Raven423,265 tix,$ 852,241110,2014-07-21,Modern Daily #7299759,modern,modern-daily-7299759,modern-daily-7299759-2014-07-21
26,3,Gavony Township,,Lands,3,1,Melira Pod,Raven423,265 tix,$ 852,241110,2014-07-21,Modern Daily #7299759,modern,modern-daily-7299759,modern-daily-7299759-2014-07-21
27,1,Godless Shrine,,Lands,3,1,Melira Pod,Raven423,265 tix,$ 852,241110,2014-07-21,Modern Daily #7299759,modern,modern-daily-7299759,modern-daily-7299759-2014-07-21
28,4,Misty Rainforest,,Lands,3,1,Melira Pod,Raven423,265 tix,$ 852,241110,2014-07-21,Modern Daily #7299759,modern,modern-daily-7299759,modern-daily-7299759-2014-07-21
29,2,Overgrown Tomb,,Lands,3,1,Melira Pod,Raven423,265 tix,$ 852,241110,2014-07-21,Modern Daily #7299759,modern,modern-daily-7299759,modern-daily-7299759-2014-07-21
30,4,Razorverge Thicket,,Lands,3,1,Melira Pod,Raven423,265 tix,$ 852,241110,2014-07-21,Modern Daily #7299759,modern,modern-daily-7299759,modern-daily-7299759-2014-07-21
31,1,Swamp,,Lands,3,1,Melira Pod,Raven423,265 tix,$ 852,241110,2014-07-21,Modern Daily #7299759,modern,modern-daily-7299759,modern-daily-7299759-2014-07-21
32,1,Temple Garden,,Lands,3,1,Melira Pod,Raven423,265 tix,$ 852,241110,2014-07-21,Modern Daily #7299759,modern,modern-daily-7299759,modern-daily-7299759-2014-07-21
33,4,Verdant Catacombs,,Lands,3,1,Melira Pod,Raven423,265 tix,$ 852,241110,2014-07-21,Modern Daily #7299759,modern,modern-daily-7299759,modern-daily-7299759-2014-07-21
35,2,Slaughter Pact,,Sideboard,3,1,Melira Pod,Raven423,265 tix,$ 852,241110,2014-07-21,Modern Daily #7299759,modern,modern-daily-7299759,modern-daily-7299759-2014-07-21
36,4,Thoughtseize,,Sideboard,3,1,Melira Pod,Raven423,265 tix,$ 852,241110,2014-07-21,Modern Daily #7299759,modern,modern-daily-7299759,modern-daily-7299759-2014-07-21
37,1,Abrupt Decay,,Sideboard,3,1,Melira Pod,Raven423,265 tix,$ 852,241110,2014-07-21,Modern Daily #7299759,modern,modern-daily-7299759,modern-daily-7299759-2014-07-21
38,1,"Kataki, War's Wage",,Sideboard,3,1,Melira Pod,Raven423,265 tix,$ 852,241110,2014-07-21,Modern Daily #7299759,modern,modern-daily-7299759,modern-daily-7299759-2014-07-21
39,1,Harmonic Sliver,,Sideboard,3,1,Melira Pod,Raven423,265 tix,$ 852,241110,2014-07-21,Modern Daily #7299759,modern,modern-daily-7299759,modern-daily-7299759-2014-07-21
40,2,Lingering Souls,,Sideboard,3,1,Melira Pod,Raven423,265 tix,$ 852,241110,2014-07-21,Modern Daily #7299759,modern,modern-daily-7299759,modern-daily-7299759-2014-07-21
41,1,Orzhov Pontiff,,Sideboard,3,1,Melira Pod,Raven423,265 tix,$ 852,241110,2014-07-21,Modern Daily #7299759,modern,modern-daily-7299759,modern-daily-7299759-2014-07-21
42,2,Sin Collector,,Sideboard,3,1,Melira Pod,Raven423,265 tix,$ 852,241110,2014-07-21,Modern Daily #7299759,modern,modern-daily-7299759,modern-daily-7299759-2014-07-21
43,1,Entomber Exarch,,Sideboard,3,1,Melira Pod,Raven423,265 tix,$ 852,241110,2014-07-21,Modern Daily #7299759,modern,modern-daily-7299759,modern-daily-7299759-2014-07-21
1,1,Snapcaster Mage,,Creatures,3,1,Mono U Tron,goyo315,69 tix,$ 278,241114,2014-07-21,Modern Daily #7299759,modern,modern-daily-7299759,modern-daily-7299759-2014-07-21
2,1,Treasure Mage,,Creatures,3,1,Mono U Tron,goyo315,69 tix,$ 278,241114,2014-07-21,Modern Daily #7299759,modern,modern-daily-7299759,modern-daily-7299759-2014-07-21
3,3,Solemn Simulacrum,,Creatures,3,1,Mono U Tron,goyo315,69 tix,$ 278,241114,2014-07-21,Modern Daily #7299759,modern,modern-daily-7299759,modern-daily-7299759-2014-07-21
4,1,Wurmcoil Engine,,Creatures,3,1,Mono U Tron,goyo315,69 tix,$ 278,241114,2014-07-21,Modern Daily #7299759,modern,modern-daily-7299759,modern-daily-7299759-2014-07-21
5,1,Platinum Angel,,Creatures,3,1,Mono U Tron,goyo315,69 tix,$ 278,241114,2014-07-21,Modern Daily #7299759,modern,modern-daily-7299759,modern-daily-7299759-2014-07-21
6,1,Sundering Titan,,Creatures,3,1,Mono U Tron,goyo315,69 tix,$ 278,241114,2014-07-21,Modern Daily #7299759,modern,modern-daily-7299759,modern-daily-7299759-2014-07-21
8,4,Condescend,,Spells,3,1,Mono U Tron,goyo315,69 tix,$ 278,241114,2014-07-21,Modern Daily #7299759,modern,modern-daily-7299759,modern-daily-7299759-2014-07-21
9,3,Repeal,,Spells,3,1,Mono U Tron,goyo315,69 tix,$ 278,241114,2014-07-21,Modern Daily #7299759,modern,modern-daily-7299759,modern-daily-7299759-2014-07-21
10,1,Spell Burst,,Spells,3,1,Mono U Tron,goyo315,69 tix,$ 278,241114,2014-07-21,Modern Daily #7299759,modern,modern-daily-7299759,modern-daily-7299759-2014-07-21
11,1,Cyclonic Rift,,Spells,3,1,Mono U Tron,goyo315,69 tix,$ 278,241114,2014-07-21,Modern Daily #7299759,modern,modern-daily-7299759,modern-daily-7299759-2014-07-21
12,4,Remand,,Spells,3,1,Mono U Tron,goyo315,69 tix,$ 278,241114,2014-07-21,Modern Daily #7299759,modern,modern-daily-7299759,modern-daily-7299759-2014-07-21
13,1,Fabricate,,Spells,3,1,Mono U Tron,goyo315,69 tix,$ 278,241114,2014-07-21,Modern Daily #7299759,modern,modern-daily-7299759,modern-daily-7299759-2014-07-21
14,4,Thirst for Knowledge,,Spells,3,1,Mono U Tron,goyo315,69 tix,$ 278,241114,2014-07-21,Modern Daily #7299759,modern,modern-daily-7299759,modern-daily-7299759-2014-07-21
15,1,Gifts Ungiven,,Spells,3,1,Mono U Tron,goyo315,69 tix,$ 278,241114,2014-07-21,Modern Daily #7299759,modern,modern-daily-7299759,modern-daily-7299759-2014-07-21
17,4,Expedition Map,,Artifacts,3,1,Mono U Tron,goyo315,69 tix,$ 278,241114,2014-07-21,Modern Daily #7299759,modern,modern-daily-7299759,modern-daily-7299759-2014-07-21
18,3,Talisman of Dominance,,Artifacts,3,1,Mono U Tron,goyo315,69 tix,$ 278,241114,2014-07-21,Modern Daily #7299759,modern,modern-daily-7299759,modern-daily-7299759-2014-07-21
19,1,Oblivion Stone,,Artifacts,3,1,Mono U Tron,goyo315,69 tix,$ 278,241114,2014-07-21,Modern Daily #7299759,modern,modern-daily-7299759,modern-daily-7299759-2014-07-21
20,2,Mindslaver,,Artifacts,3,1,Mono U Tron,goyo315,69 tix,$ 278,241114,2014-07-21,Modern Daily #7299759,modern,modern-daily-7299759,modern-daily-7299759-2014-07-21
22,1,Academy Ruins,,Lands,3,1,Mono U Tron,goyo315,69 tix,$ 278,241114,2014-07-21,Modern Daily #7299759,modern,modern-daily-7299759,modern-daily-7299759-2014-07-21
23,9,Island,,Lands,3,1,Mono U Tron,goyo315,69 tix,$ 278,241114,2014-07-21,Modern Daily #7299759,modern,modern-daily-7299759,modern-daily-7299759-2014-07-21
24,1,Snow-Covered Island,,Lands,3,1,Mono U Tron,goyo315,69 tix,$ 278,241114,2014-07-21,Modern Daily #7299759,modern,modern-daily-7299759,modern-daily-7299759-2014-07-21
25,4,Urza's Mine,,Lands,3,1,Mono U Tron,goyo315,69 tix,$ 278,241114,2014-07-21,Modern Daily #7299759,modern,modern-daily-7299759,modern-daily-7299759-2014-07-21
26,4,Urza's Power Plant,,Lands,3,1,Mono U Tron,goyo315,69 tix,$ 278,241114,2014-07-21,Modern Daily #7299759,modern,modern-daily-7299759,modern-daily-7299759-2014-07-21
27,4,Urza's Tower,,Lands,3,1,Mono U Tron,goyo315,69 tix,$ 278,241114,2014-07-21,Modern Daily #7299759,modern,modern-daily-7299759,modern-daily-7299759-2014-07-21
29,2,Relic of Progenitus,,Sideboard,3,1,Mono U Tron,goyo315,69 tix,$ 278,241114,2014-07-21,Modern Daily #7299759,modern,modern-daily-7299759,modern-daily-7299759-2014-07-21
30,1,Repeal,,Sideboard,3,1,Mono U Tron,goyo315,69 tix,$ 278,241114,2014-07-21,Modern Daily #7299759,modern,modern-daily-7299759,modern-daily-7299759-2014-07-21
31,2,Spell Pierce,,Sideboard,3,1,Mono U Tron,goyo315,69 tix,$ 278,241114,2014-07-21,Modern Daily #7299759,modern,modern-daily-7299759,modern-daily-7299759-2014-07-21
32,2,Spell Snare,,Sideboard,3,1,Mono U Tron,goyo315,69 tix,$ 278,241114,2014-07-21,Modern Daily #7299759,modern,modern-daily-7299759,modern-daily-7299759-2014-07-21
33,3,Squelch,,Sideboard,3,1,Mono U Tron,goyo315,69 tix,$ 278,241114,2014-07-21,Modern Daily #7299759,modern,modern-daily-7299759,modern-daily-7299759-2014-07-21
34,3,Dismember,,Sideboard,3,1,Mono U Tron,goyo315,69 tix,$ 278,241114,2014-07-21,Modern Daily #7299759,modern,modern-daily-7299759,modern-daily-7299759-2014-07-21
35,2,Aetherize,,Sideboard,3,1,Mono U Tron,goyo315,69 tix,$ 278,241114,2014-07-21,Modern Daily #7299759,modern,modern-daily-7299759,modern-daily-7299759-2014-07-21
1,4,Goblin Guide,,Creatures,3,1,RDW,chris 0815,101 tix,$ 208,241109,2014-07-21,Modern Daily #7299759,modern,modern-daily-7299759,modern-daily-7299759-2014-07-21
2,1,Grim Lavamancer,,Creatures,3,1,RDW,chris 0815,101 tix,$ 208,241109,2014-07-21,Modern Daily #7299759,modern,modern-daily-7299759,modern-daily-7299759-2014-07-21
3,4,Mogg Fanatic,,Creatures,3,1,RDW,chris 0815,101 tix,$ 208,241109,2014-07-21,Modern Daily #7299759,modern,modern-daily-7299759,modern-daily-7299759-2014-07-21
4,4,Eidolon of the Great Revel,,Creatures,3,1,RDW,chris 0815,101 tix,$ 208,241109,2014-07-21,Modern Daily #7299759,modern,modern-daily-7299759,modern-daily-7299759-2014-07-21
6,4,Lava Spike,,Spells,3,1,RDW,chris 0815,101 tix,$ 208,241109,2014-07-21,Modern Daily #7299759,modern,modern-daily-7299759,modern-daily-7299759-2014-07-21
7,4,Lightning Bolt,,Spells,3,1,RDW,chris 0815,101 tix,$ 208,241109,2014-07-21,Modern Daily #7299759,modern,modern-daily-7299759,modern-daily-7299759-2014-07-21
8,2,Shard Volley,,Spells,3,1,RDW,chris 0815,101 tix,$ 208,241109,2014-07-21,Modern Daily #7299759,modern,modern-daily-7299759,modern-daily-7299759-2014-07-21
9,2,Searing Blaze,,Spells,3,1,RDW,chris 0815,101 tix,$ 208,241109,2014-07-21,Modern Daily #7299759,modern,modern-daily-7299759,modern-daily-7299759-2014-07-21
10,2,Searing Blood,,Spells,3,1,RDW,chris 0815,101 tix,$ 208,241109,2014-07-21,Modern Daily #7299759,modern,modern-daily-7299759,modern-daily-7299759-2014-07-21
11,4,Skullcrack,,Spells,3,1,RDW,chris 0815,101 tix,$ 208,241109,2014-07-21,Modern Daily #7299759,modern,modern-daily-7299759,modern-daily-7299759-2014-07-21
12,3,Flame Javelin,,Spells,3,1,RDW,chris 0815,101 tix,$ 208,241109,2014-07-21,Modern Daily #7299759,modern,modern-daily-7299759,modern-daily-7299759-2014-07-21
13,4,Rift Bolt,,Spells,3,1,RDW,chris 0815,101 tix,$ 208,241109,2014-07-21,Modern Daily #7299759,modern,modern-daily-7299759,modern-daily-7299759-2014-07-21
15,2,Shrine of Burning Rage,,Artifacts,3,1,RDW,chris 0815,101 tix,$ 208,241109,2014-07-21,Modern Daily #7299759,modern,modern-daily-7299759,modern-daily-7299759-2014-07-21
17,1,Keldon Megaliths,,Lands,3,1,RDW,chris 0815,101 tix,$ 208,241109,2014-07-21,Modern Daily #7299759,modern,modern-daily-7299759,modern-daily-7299759-2014-07-21
18,19,Mountain,,Lands,3,1,RDW,chris 0815,101 tix,$ 208,241109,2014-07-21,Modern Daily #7299759,modern,modern-daily-7299759,modern-daily-7299759-2014-07-21
20,3,Relic of Progenitus,,Sideboard,3,1,RDW,chris 0815,101 tix,$ 208,241109,2014-07-21,Modern Daily #7299759,modern,modern-daily-7299759,modern-daily-7299759-2014-07-21
21,1,Searing Blood,,Sideboard,3,1,RDW,chris 0815,101 tix,$ 208,241109,2014-07-21,Modern Daily #7299759,modern,modern-daily-7299759,modern-daily-7299759-2014-07-21
22,2,Smash to Smithereens,,Sideboard,3,1,RDW,chris 0815,101 tix,$ 208,241109,2014-07-21,Modern Daily #7299759,modern,modern-daily-7299759,modern-daily-7299759-2014-07-21
23,2,Anger of the Gods,,Sideboard,3,1,RDW,chris 0815,101 tix,$ 208,241109,2014-07-21,Modern Daily #7299759,modern,modern-daily-7299759,modern-daily-7299759-2014-07-21
24,3,Dismember,,Sideboard,3,1,RDW,chris 0815,101 tix,$ 208,241109,2014-07-21,Modern Daily #7299759,modern,modern-daily-7299759,modern-daily-7299759-2014-07-21
25,4,Molten Rain,,Sideboard,3,1,RDW,chris 0815,101 tix,$ 208,241109,2014-07-21,Modern Daily #7299759,modern,modern-daily-7299759,modern-daily-7299759-2014-07-21
1,2,Wurmcoil Engine,,Creatures,3,1,RG Tron,kjon999,276 tix,$ 837,241103,2014-07-21,Modern Daily #7299759,modern,modern-daily-7299759,modern-daily-7299759-2014-07-21
2,1,Sundering Titan,,Creatures,3,1,RG Tron,kjon999,276 tix,$ 837,241103,2014-07-21,Modern Daily #7299759,modern,modern-daily-7299759,modern-daily-7299759-2014-07-21
3,1,"Ulamog, the Infinite Gyre",,Creatures,3,1,RG Tron,kjon999,276 tix,$ 837,241103,2014-07-21,Modern Daily #7299759,modern,modern-daily-7299759,modern-daily-7299759-2014-07-21
4,1,"Emrakul, the Aeons Torn",,Creatures,3,1,RG Tron,kjon999,276 tix,$ 837,241103,2014-07-21,Modern Daily #7299759,modern,modern-daily-7299759,modern-daily-7299759-2014-07-21
6,4,Karn Liberated,,Planeswalkers,3,1,RG Tron,kjon999,276 tix,$ 837,241103,2014-07-21,Modern Daily #7299759,modern,modern-daily-7299759,modern-daily-7299759-2014-07-21
8,4,Ancient Stirrings,,Spells,3,1,RG Tron,kjon999,276 tix,$ 837,241103,2014-07-21,Modern Daily #7299759,modern,modern-daily-7299759,modern-daily-7299759-2014-07-21
9,3,Nature's Claim,,Spells,3,1,RG Tron,kjon999,276 tix,$ 837,241103,2014-07-21,Modern Daily #7299759,modern,modern-daily-7299759,modern-daily-7299759-2014-07-21
10,3,Pyroclasm,,Spells,3,1,RG Tron,kjon999,276 tix,$ 837,241103,2014-07-21,Modern Daily #7299759,modern,modern-daily-7299759,modern-daily-7299759-2014-07-21
11,4,Sylvan Scrying,,Spells,3,1,RG Tron,kjon999,276 tix,$ 837,241103,2014-07-21,Modern Daily #7299759,modern,modern-daily-7299759,modern-daily-7299759-2014-07-21
12,2,Beast Within,,Spells,3,1,RG Tron,kjon999,276 tix,$ 837,241103,2014-07-21,Modern Daily #7299759,modern,modern-daily-7299759,modern-daily-7299759-2014-07-21
13,2,All Is Dust,,Spells,3,1,RG Tron,kjon999,276 tix,$ 837,241103,2014-07-21,Modern Daily #7299759,modern,modern-daily-7299759,modern-daily-7299759-2014-07-21
15,2,Chromatic Sphere,,Artifacts,3,1,RG Tron,kjon999,276 tix,$ 837,241103,2014-07-21,Modern Daily #7299759,modern,modern-daily-7299759,modern-daily-7299759-2014-07-21
16,4,Chromatic Star,,Artifacts,3,1,RG Tron,kjon999,276 tix,$ 837,241103,2014-07-21,Modern Daily #7299759,modern,modern-daily-7299759,modern-daily-7299759-2014-07-21
17,4,Expedition Map,,Artifacts,3,1,RG Tron,kjon999,276 tix,$ 837,241103,2014-07-21,Modern Daily #7299759,modern,modern-daily-7299759,modern-daily-7299759-2014-07-21
18,3,Oblivion Stone,,Artifacts,3,1,RG Tron,kjon999,276 tix,$ 837,241103,2014-07-21,Modern Daily #7299759,modern,modern-daily-7299759,modern-daily-7299759-2014-07-21
20,1,Cavern of Souls,,Lands,3,1,RG Tron,kjon999,276 tix,$ 837,241103,2014-07-21,Modern Daily #7299759,modern,modern-daily-7299759,modern-daily-7299759-2014-07-21
21,1,Eye of Ugin,,Lands,3,1,RG Tron,kjon999,276 tix,$ 837,241103,2014-07-21,Modern Daily #7299759,modern,modern-daily-7299759,modern-daily-7299759-2014-07-21
22,1,Forest,,Lands,3,1,RG Tron,kjon999,276 tix,$ 837,241103,2014-07-21,Modern Daily #7299759,modern,modern-daily-7299759,modern-daily-7299759-2014-07-21
23,1,Ghost Quarter,,Lands,3,1,RG Tron,kjon999,276 tix,$ 837,241103,2014-07-21,Modern Daily #7299759,modern,modern-daily-7299759,modern-daily-7299759-2014-07-21
24,4,Grove of the Burnwillows,,Lands,3,1,RG Tron,kjon999,276 tix,$ 837,241103,2014-07-21,Modern Daily #7299759,modern,modern-daily-7299759,modern-daily-7299759-2014-07-21
25,4,Urza's Mine,,Lands,3,1,RG Tron,kjon999,276 tix,$ 837,241103,2014-07-21,Modern Daily #7299759,modern,modern-daily-7299759,modern-daily-7299759-2014-07-21
26,4,Urza's Power Plant,,Lands,3,1,RG Tron,kjon999,276 tix,$ 837,241103,2014-07-21,Modern Daily #7299759,modern,modern-daily-7299759,modern-daily-7299759-2014-07-21
27,4,Urza's Tower,,Lands,3,1,RG Tron,kjon999,276 tix,$ 837,241103,2014-07-21,Modern Daily #7299759,modern,modern-daily-7299759,modern-daily-7299759-2014-07-21
29,1,Ghost Quarter,,Sideboard,3,1,RG Tron,kjon999,276 tix,$ 837,241103,2014-07-21,Modern Daily #7299759,modern,modern-daily-7299759,modern-daily-7299759-2014-07-21
30,3,Relic of Progenitus,,Sideboard,3,1,RG Tron,kjon999,276 tix,$ 837,241103,2014-07-21,Modern Daily #7299759,modern,modern-daily-7299759,modern-daily-7299759-2014-07-21
31,2,Ancient Grudge,,Sideboard,3,1,RG Tron,kjon999,276 tix,$ 837,241103,2014-07-21,Modern Daily #7299759,modern,modern-daily-7299759,modern-daily-7299759-2014-07-21
32,2,Combust,,Sideboard,3,1,RG Tron,kjon999,276 tix,$ 837,241103,2014-07-21,Modern Daily #7299759,modern,modern-daily-7299759,modern-daily-7299759-2014-07-21
33,2,Torpor Orb,,Sideboard,3,1,RG Tron,kjon999,276 tix,$ 837,241103,2014-07-21,Modern Daily #7299759,modern,modern-daily-7299759,modern-daily-7299759-2014-07-21
34,1,Oblivion Stone,,Sideboard,3,1,RG Tron,kjon999,276 tix,$ 837,241103,2014-07-21,Modern Daily #7299759,modern,modern-daily-7299759,modern-daily-7299759-2014-07-21
35,2,Boil,,Sideboard,3,1,RG Tron,kjon999,276 tix,$ 837,241103,2014-07-21,Modern Daily #7299759,modern,modern-daily-7299759,modern-daily-7299759-2014-07-21
36,1,Mindslaver,,Sideboard,3,1,RG Tron,kjon999,276 tix,$ 837,241103,2014-07-21,Modern Daily #7299759,modern,modern-daily-7299759,modern-daily-7299759-2014-07-21
37,1,Wurmcoil Engine,,Sideboard,3,1,RG Tron,kjon999,276 tix,$ 837,241103,2014-07-21,Modern Daily #7299759,modern,modern-daily-7299759,modern-daily-7299759-2014-07-21
1,1,Spellskite,,Creatures,3,1,RG Tron,Anssi A,280 tix,$ 768,241108,2014-07-21,Modern Daily #7299759,modern,modern-daily-7299759,modern-daily-7299759-2014-07-21
2,3,Wurmcoil Engine,,Creatures,3,1,RG Tron,Anssi A,280 tix,$ 768,241108,2014-07-21,Modern Daily #7299759,modern,modern-daily-7299759,modern-daily-7299759-2014-07-21
3,1,"Emrakul, the Aeons Torn",,Creatures,3,1,RG Tron,Anssi A,280 tix,$ 768,241108,2014-07-21,Modern Daily #7299759,modern,modern-daily-7299759,modern-daily-7299759-2014-07-21
5,4,Karn Liberated,,Planeswalkers,3,1,RG Tron,Anssi A,280 tix,$ 768,241108,2014-07-21,Modern Daily #7299759,modern,modern-daily-7299759,modern-daily-7299759-2014-07-21
7,4,Ancient Stirrings,,Spells,3,1,RG Tron,Anssi A,280 tix,$ 768,241108,2014-07-21,Modern Daily #7299759,modern,modern-daily-7299759,modern-daily-7299759-2014-07-21
8,2,Pyroclasm,,Spells,3,1,RG Tron,Anssi A,280 tix,$ 768,241108,2014-07-21,Modern Daily #7299759,modern,modern-daily-7299759,modern-daily-7299759-2014-07-21
9,4,Sylvan Scrying,,Spells,3,1,RG Tron,Anssi A,280 tix,$ 768,241108,2014-07-21,Modern Daily #7299759,modern,modern-daily-7299759,modern-daily-7299759-2014-07-21
10,1,Dismember,,Spells,3,1,RG Tron,Anssi A,280 tix,$ 768,241108,2014-07-21,Modern Daily #7299759,modern,modern-daily-7299759,modern-daily-7299759-2014-07-21
12,4,Chromatic Sphere,,Artifacts,3,1,RG Tron,Anssi A,280 tix,$ 768,241108,2014-07-21,Modern Daily #7299759,modern,modern-daily-7299759,modern-daily-7299759-2014-07-21
13,4,Chromatic Star,,Artifacts,3,1,RG Tron,Anssi A,280 tix,$ 768,241108,2014-07-21,Modern Daily #7299759,modern,modern-daily-7299759,modern-daily-7299759-2014-07-21
14,4,Expedition Map,,Artifacts,3,1,RG Tron,Anssi A,280 tix,$ 768,241108,2014-07-21,Modern Daily #7299759,modern,modern-daily-7299759,modern-daily-7299759-2014-07-21
15,4,Relic of Progenitus,,Artifacts,3,1,RG Tron,Anssi A,280 tix,$ 768,241108,2014-07-21,Modern Daily #7299759,modern,modern-daily-7299759,modern-daily-7299759-2014-07-21
16,4,Oblivion Stone,,Artifacts,3,1,RG Tron,Anssi A,280 tix,$ 768,241108,2014-07-21,Modern Daily #7299759,modern,modern-daily-7299759,modern-daily-7299759-2014-07-21
18,1,Eye of Ugin,,Lands,3,1,RG Tron,Anssi A,280 tix,$ 768,241108,2014-07-21,Modern Daily #7299759,modern,modern-daily-7299759,modern-daily-7299759-2014-07-21
19,2,Forest,,Lands,3,1,RG Tron,Anssi A,280 tix,$ 768,241108,2014-07-21,Modern Daily #7299759,modern,modern-daily-7299759,modern-daily-7299759-2014-07-21
20,1,Ghost Quarter,,Lands,3,1,RG Tron,Anssi A,280 tix,$ 768,241108,2014-07-21,Modern Daily #7299759,modern,modern-daily-7299759,modern-daily-7299759-2014-07-21
21,4,Grove of the Burnwillows,,Lands,3,1,RG Tron,Anssi A,280 tix,$ 768,241108,2014-07-21,Modern Daily #7299759,modern,modern-daily-7299759,modern-daily-7299759-2014-07-21
22,4,Urza's Mine,,Lands,3,1,RG Tron,Anssi A,280 tix,$ 768,241108,2014-07-21,Modern Daily #7299759,modern,modern-daily-7299759,modern-daily-7299759-2014-07-21
23,4,Urza's Power Plant,,Lands,3,1,RG Tron,Anssi A,280 tix,$ 768,241108,2014-07-21,Modern Daily #7299759,modern,modern-daily-7299759,modern-daily-7299759-2014-07-21
24,4,Urza's Tower,,Lands,3,1,RG Tron,Anssi A,280 tix,$ 768,241108,2014-07-21,Modern Daily #7299759,modern,modern-daily-7299759,modern-daily-7299759-2014-07-21
26,2,Nature's Claim,,Sideboard,3,1,RG Tron,Anssi A,280 tix,$ 768,241108,2014-07-21,Modern Daily #7299759,modern,modern-daily-7299759,modern-daily-7299759-2014-07-21
27,2,Vandalblast,,Sideboard,3,1,RG Tron,Anssi A,280 tix,$ 768,241108,2014-07-21,Modern Daily #7299759,modern,modern-daily-7299759,modern-daily-7299759-2014-07-21
28,2,Pyroclasm,,Sideboard,3,1,RG Tron,Anssi A,280 tix,$ 768,241108,2014-07-21,Modern Daily #7299759,modern,modern-daily-7299759,modern-daily-7299759-2014-07-21
29,3,Spellskite,,Sideboard,3,1,RG Tron,Anssi A,280 tix,$ 768,241108,2014-07-21,Modern Daily #7299759,modern,modern-daily-7299759,modern-daily-7299759-2014-07-21
30,2,Sun Droplet,,Sideboard,3,1,RG Tron,Anssi A,280 tix,$ 768,241108,2014-07-21,Modern Daily #7299759,modern,modern-daily-7299759,modern-daily-7299759-2014-07-21
31,2,Dismember,,Sideboard,3,1,RG Tron,Anssi A,280 tix,$ 768,241108,2014-07-21,Modern Daily #7299759,modern,modern-daily-7299759,modern-daily-7299759-2014-07-21
32,1,Batterskull,,Sideboard,3,1,RG Tron,Anssi A,280 tix,$ 768,241108,2014-07-21,Modern Daily #7299759,modern,modern-daily-7299759,modern-daily-7299759-2014-07-21
33,1,Wurmcoil Engine,,Sideboard,3,1,RG Tron,Anssi A,280 tix,$ 768,241108,2014-07-21,Modern Daily #7299759,modern,modern-daily-7299759,modern-daily-7299759-2014-07-21
1,2,Grim Lavamancer,,Creatures,3,1,Splinter Twin,LoveConnection,284 tix,"$ 1,113",241106,2014-07-21,Modern Daily #7299759,modern,modern-daily-7299759,modern-daily-7299759-2014-07-21
2,4,Snapcaster Mage,,Creatures,3,1,Splinter Twin,LoveConnection,284 tix,"$ 1,113",241106,2014-07-21,Modern Daily #7299759,modern,modern-daily-7299759,modern-daily-7299759-2014-07-21
3,3,Deceiver Exarch,,Creatures,3,1,Splinter Twin,LoveConnection,284 tix,"$ 1,113",241106,2014-07-21,Modern Daily #7299759,modern,modern-daily-7299759,modern-daily-7299759-2014-07-21
4,3,Pestermite,,Creatures,3,1,Splinter Twin,LoveConnection,284 tix,"$ 1,113",241106,2014-07-21,Modern Daily #7299759,modern,modern-daily-7299759,modern-daily-7299759-2014-07-21
5,1,"Kiki-Jiki, Mirror Breaker",,Creatures,3,1,Splinter Twin,LoveConnection,284 tix,"$ 1,113",241106,2014-07-21,Modern Daily #7299759,modern,modern-daily-7299759,modern-daily-7299759-2014-07-21
7,1,Flame Slash,,Spells,3,1,Splinter Twin,LoveConnection,284 tix,"$ 1,113",241106,2014-07-21,Modern Daily #7299759,modern,modern-daily-7299759,modern-daily-7299759-2014-07-21
8,4,Lightning Bolt,,Spells,3,1,Splinter Twin,LoveConnection,284 tix,"$ 1,113",241106,2014-07-21,Modern Daily #7299759,modern,modern-daily-7299759,modern-daily-7299759-2014-07-21
9,2,Peek,,Spells,3,1,Splinter Twin,LoveConnection,284 tix,"$ 1,113",241106,2014-07-21,Modern Daily #7299759,modern,modern-daily-7299759,modern-daily-7299759-2014-07-21
10,4,Serum Visions,,Spells,3,1,Splinter Twin,LoveConnection,284 tix,"$ 1,113",241106,2014-07-21,Modern Daily #7299759,modern,modern-daily-7299759,modern-daily-7299759-2014-07-21
11,4,Remand,,Spells,3,1,Splinter Twin,LoveConnection,284 tix,"$ 1,113",241106,2014-07-21,Modern Daily #7299759,modern,modern-daily-7299759,modern-daily-7299759-2014-07-21
12,1,Dismember,,Spells,3,1,Splinter Twin,LoveConnection,284 tix,"$ 1,113",241106,2014-07-21,Modern Daily #7299759,modern,modern-daily-7299759,modern-daily-7299759-2014-07-21
13,1,Electrolyze,,Spells,3,1,Splinter Twin,LoveConnection,284 tix,"$ 1,113",241106,2014-07-21,Modern Daily #7299759,modern,modern-daily-7299759,modern-daily-7299759-2014-07-21
14,2,Cryptic Command,,Spells,3,1,Splinter Twin,LoveConnection,284 tix,"$ 1,113",241106,2014-07-21,Modern Daily #7299759,modern,modern-daily-7299759,modern-daily-7299759-2014-07-21
16,2,Spreading Seas,,Enchantments,3,1,Splinter Twin,LoveConnection,284 tix,"$ 1,113",241106,2014-07-21,Modern Daily #7299759,modern,modern-daily-7299759,modern-daily-7299759-2014-07-21
17,4,Splinter Twin,,Enchantments,3,1,Splinter Twin,LoveConnection,284 tix,"$ 1,113",241106,2014-07-21,Modern Daily #7299759,modern,modern-daily-7299759,modern-daily-7299759-2014-07-21
19,1,Desolate Lighthouse,,Lands,3,1,Splinter Twin,LoveConnection,284 tix,"$ 1,113",241106,2014-07-21,Modern Daily #7299759,modern,modern-daily-7299759,modern-daily-7299759-2014-07-21
20,4,Island,,Lands,3,1,Splinter Twin,LoveConnection,284 tix,"$ 1,113",241106,2014-07-21,Modern Daily #7299759,modern,modern-daily-7299759,modern-daily-7299759-2014-07-21
21,4,Misty Rainforest,,Lands,3,1,Splinter Twin,LoveConnection,284 tix,"$ 1,113",241106,2014-07-21,Modern Daily #7299759,modern,modern-daily-7299759,modern-daily-7299759-2014-07-21
22,1,Mountain,,Lands,3,1,Splinter Twin,LoveConnection,284 tix,"$ 1,113",241106,2014-07-21,Modern Daily #7299759,modern,modern-daily-7299759,modern-daily-7299759-2014-07-21
23,4,Scalding Tarn,,Lands,3,1,Splinter Twin,LoveConnection,284 tix,"$ 1,113",241106,2014-07-21,Modern Daily #7299759,modern,modern-daily-7299759,modern-daily-7299759-2014-07-21
24,3,Steam Vents,,Lands,3,1,Splinter Twin,LoveConnection,284 tix,"$ 1,113",241106,2014-07-21,Modern Daily #7299759,modern,modern-daily-7299759,modern-daily-7299759-2014-07-21
25,1,Stomping Ground,,Lands,3,1,Splinter Twin,LoveConnection,284 tix,"$ 1,113",241106,2014-07-21,Modern Daily #7299759,modern,modern-daily-7299759,modern-daily-7299759-2014-07-21
26,2,Sulfur Falls,,Lands,3,1,Splinter Twin,LoveConnection,284 tix,"$ 1,113",241106,2014-07-21,Modern Daily #7299759,modern,modern-daily-7299759,modern-daily-7299759-2014-07-21
27,2,Tectonic Edge,,Lands,3,1,Splinter Twin,LoveConnection,284 tix,"$ 1,113",241106,2014-07-21,Modern Daily #7299759,modern,modern-daily-7299759,modern-daily-7299759-2014-07-21
29,2,Dispel,,Sideboard,3,1,Splinter Twin,LoveConnection,284 tix,"$ 1,113",241106,2014-07-21,Modern Daily #7299759,modern,modern-daily-7299759,modern-daily-7299759-2014-07-21
30,1,Relic of Progenitus,,Sideboard,3,1,Splinter Twin,LoveConnection,284 tix,"$ 1,113",241106,2014-07-21,Modern Daily #7299759,modern,modern-daily-7299759,modern-daily-7299759-2014-07-21
31,2,Ancient Grudge,,Sideboard,3,1,Splinter Twin,LoveConnection,284 tix,"$ 1,113",241106,2014-07-21,Modern Daily #7299759,modern,modern-daily-7299759,modern-daily-7299759-2014-07-21
32,1,Negate,,Sideboard,3,1,Splinter Twin,LoveConnection,284 tix,"$ 1,113",241106,2014-07-21,Modern Daily #7299759,modern,modern-daily-7299759,modern-daily-7299759-2014-07-21
33,1,Spellskite,,Sideboard,3,1,Splinter Twin,LoveConnection,284 tix,"$ 1,113",241106,2014-07-21,Modern Daily #7299759,modern,modern-daily-7299759,modern-daily-7299759-2014-07-21
34,1,Spreading Seas,,Sideboard,3,1,Splinter Twin,LoveConnection,284 tix,"$ 1,113",241106,2014-07-21,Modern Daily #7299759,modern,modern-daily-7299759,modern-daily-7299759-2014-07-21
35,2,Blood Moon,,Sideboard,3,1,Splinter Twin,LoveConnection,284 tix,"$ 1,113",241106,2014-07-21,Modern Daily #7299759,modern,modern-daily-7299759,modern-daily-7299759-2014-07-21
36,2,Talrand's Invocation,,Sideboard,3,1,Splinter Twin,LoveConnection,284 tix,"$ 1,113",241106,2014-07-21,Modern Daily #7299759,modern,modern-daily-7299759,modern-daily-7299759-2014-07-21
37,1,Batterskull,,Sideboard,3,1,Splinter Twin,LoveConnection,284 tix,"$ 1,113",241106,2014-07-21,Modern Daily #7299759,modern,modern-daily-7299759,modern-daily-7299759-2014-07-21
38,1,"Keranos, God of Storms",,Sideboard,3,1,Splinter Twin,LoveConnection,284 tix,"$ 1,113",241106,2014-07-21,Modern Daily #7299759,modern,modern-daily-7299759,modern-daily-7299759-2014-07-21
39,1,"Teferi, Mage of Zhalfir",,Sideboard,3,1,Splinter Twin,LoveConnection,284 tix,"$ 1,113",241106,2014-07-21,Modern Daily #7299759,modern,modern-daily-7299759,modern-daily-7299759-2014-07-21
1,2,Grim Lavamancer,,Creatures,3,1,Splinter Twin,_GMac_,407 tix,"$ 1,334",241107,2014-07-21,Modern Daily #7299759,modern,modern-daily-7299759,modern-daily-7299759-2014-07-21
2,4,Snapcaster Mage,,Creatures,3,1,Splinter Twin,_GMac_,407 tix,"$ 1,334",241107,2014-07-21,Modern Daily #7299759,modern,modern-daily-7299759,modern-daily-7299759-2014-07-21
3,4,Pestermite,,Creatures,3,1,Splinter Twin,_GMac_,407 tix,"$ 1,334",241107,2014-07-21,Modern Daily #7299759,modern,modern-daily-7299759,modern-daily-7299759-2014-07-21
4,2,Vendilion Clique,,Creatures,3,1,Splinter Twin,_GMac_,407 tix,"$ 1,334",241107,2014-07-21,Modern Daily #7299759,modern,modern-daily-7299759,modern-daily-7299759-2014-07-21
5,2,Thundermaw Hellkite,,Creatures,3,1,Splinter Twin,_GMac_,407 tix,"$ 1,334",241107,2014-07-21,Modern Daily #7299759,modern,modern-daily-7299759,modern-daily-7299759-2014-07-21
7,1,Flame Slash,,Spells,3,1,Splinter Twin,_GMac_,407 tix,"$ 1,334",241107,2014-07-21,Modern Daily #7299759,modern,modern-daily-7299759,modern-daily-7299759-2014-07-21
8,4,Lightning Bolt,,Spells,3,1,Splinter Twin,_GMac_,407 tix,"$ 1,334",241107,2014-07-21,Modern Daily #7299759,modern,modern-daily-7299759,modern-daily-7299759-2014-07-21
9,1,Pillar of Flame,,Spells,3,1,Splinter Twin,_GMac_,407 tix,"$ 1,334",241107,2014-07-21,Modern Daily #7299759,modern,modern-daily-7299759,modern-daily-7299759-2014-07-21
10,4,Serum Visions,,Spells,3,1,Splinter Twin,_GMac_,407 tix,"$ 1,334",241107,2014-07-21,Modern Daily #7299759,modern,modern-daily-7299759,modern-daily-7299759-2014-07-21
11,1,Izzet Charm,,Spells,3,1,Splinter Twin,_GMac_,407 tix,"$ 1,334",241107,2014-07-21,Modern Daily #7299759,modern,modern-daily-7299759,modern-daily-7299759-2014-07-21
12,4,Remand,,Spells,3,1,Splinter Twin,_GMac_,407 tix,"$ 1,334",241107,2014-07-21,Modern Daily #7299759,modern,modern-daily-7299759,modern-daily-7299759-2014-07-21
13,4,Electrolyze,,Spells,3,1,Splinter Twin,_GMac_,407 tix,"$ 1,334",241107,2014-07-21,Modern Daily #7299759,modern,modern-daily-7299759,modern-daily-7299759-2014-07-21
14,4,Cryptic Command,,Spells,3,1,Splinter Twin,_GMac_,407 tix,"$ 1,334",241107,2014-07-21,Modern Daily #7299759,modern,modern-daily-7299759,modern-daily-7299759-2014-07-21
16,1,Arid Mesa,,Lands,3,1,Splinter Twin,_GMac_,407 tix,"$ 1,334",241107,2014-07-21,Modern Daily #7299759,modern,modern-daily-7299759,modern-daily-7299759-2014-07-21
17,1,Desolate Lighthouse,,Lands,3,1,Splinter Twin,_GMac_,407 tix,"$ 1,334",241107,2014-07-21,Modern Daily #7299759,modern,modern-daily-7299759,modern-daily-7299759-2014-07-21
18,6,Island,,Lands,3,1,Splinter Twin,_GMac_,407 tix,"$ 1,334",241107,2014-07-21,Modern Daily #7299759,modern,modern-daily-7299759,modern-daily-7299759-2014-07-21
19,3,Misty Rainforest,,Lands,3,1,Splinter Twin,_GMac_,407 tix,"$ 1,334",241107,2014-07-21,Modern Daily #7299759,modern,modern-daily-7299759,modern-daily-7299759-2014-07-21
20,1,Mountain,,Lands,3,1,Splinter Twin,_GMac_,407 tix,"$ 1,334",241107,2014-07-21,Modern Daily #7299759,modern,modern-daily-7299759,modern-daily-7299759-2014-07-21
21,4,Scalding Tarn,,Lands,3,1,Splinter Twin,_GMac_,407 tix,"$ 1,334",241107,2014-07-21,Modern Daily #7299759,modern,modern-daily-7299759,modern-daily-7299759-2014-07-21
22,3,Steam Vents,,Lands,3,1,Splinter Twin,_GMac_,407 tix,"$ 1,334",241107,2014-07-21,Modern Daily #7299759,modern,modern-daily-7299759,modern-daily-7299759-2014-07-21
23,1,Stomping Ground,,Lands,3,1,Splinter Twin,_GMac_,407 tix,"$ 1,334",241107,2014-07-21,Modern Daily #7299759,modern,modern-daily-7299759,modern-daily-7299759-2014-07-21
24,3,Sulfur Falls,,Lands,3,1,Splinter Twin,_GMac_,407 tix,"$ 1,334",241107,2014-07-21,Modern Daily #7299759,modern,modern-daily-7299759,modern-daily-7299759-2014-07-21
26,2,Engineered Explosives,,Sideboard,3,1,Splinter Twin,_GMac_,407 tix,"$ 1,334",241107,2014-07-21,Modern Daily #7299759,modern,modern-daily-7299759,modern-daily-7299759-2014-07-21
27,2,Dispel,,Sideboard,3,1,Splinter Twin,_GMac_,407 tix,"$ 1,334",241107,2014-07-21,Modern Daily #7299759,modern,modern-daily-7299759,modern-daily-7299759-2014-07-21
28,2,Relic of Progenitus,,Sideboard,3,1,Splinter Twin,_GMac_,407 tix,"$ 1,334",241107,2014-07-21,Modern Daily #7299759,modern,modern-daily-7299759,modern-daily-7299759-2014-07-21
29,2,Ancient Grudge,,Sideboard,3,1,Splinter Twin,_GMac_,407 tix,"$ 1,334",241107,2014-07-21,Modern Daily #7299759,modern,modern-daily-7299759,modern-daily-7299759-2014-07-21
30,3,Blood Moon,,Sideboard,3,1,Splinter Twin,_GMac_,407 tix,"$ 1,334",241107,2014-07-21,Modern Daily #7299759,modern,modern-daily-7299759,modern-daily-7299759-2014-07-21
31,1,Counterflux,,Sideboard,3,1,Splinter Twin,_GMac_,407 tix,"$ 1,334",241107,2014-07-21,Modern Daily #7299759,modern,modern-daily-7299759,modern-daily-7299759-2014-07-21
32,1,Shatterstorm,,Sideboard,3,1,Splinter Twin,_GMac_,407 tix,"$ 1,334",241107,2014-07-21,Modern Daily #7299759,modern,modern-daily-7299759,modern-daily-7299759-2014-07-21
33,2,"Keranos, God of Storms",,Sideboard,3,1,Splinter Twin,_GMac_,407 tix,"$ 1,334",241107,2014-07-21,Modern Daily #7299759,modern,modern-daily-7299759,modern-daily-7299759-2014-07-21
1,2,Grim Lavamancer,,Creatures,3,1,Splinter Twin,darklilou,325 tix,"$ 1,155",241116,2014-07-21,Modern Daily #7299759,modern,modern-daily-7299759,modern-daily-7299759-2014-07-21
2,4,Snapcaster Mage,,Creatures,3,1,Splinter Twin,darklilou,325 tix,"$ 1,155",241116,2014-07-21,Modern Daily #7299759,modern,modern-daily-7299759,modern-daily-7299759-2014-07-21
3,4,Deceiver Exarch,,Creatures,3,1,Splinter Twin,darklilou,325 tix,"$ 1,155",241116,2014-07-21,Modern Daily #7299759,modern,modern-daily-7299759,modern-daily-7299759-2014-07-21
4,2,Pestermite,,Creatures,3,1,Splinter Twin,darklilou,325 tix,"$ 1,155",241116,2014-07-21,Modern Daily #7299759,modern,modern-daily-7299759,modern-daily-7299759-2014-07-21
5,2,Vendilion Clique,,Creatures,3,1,Splinter Twin,darklilou,325 tix,"$ 1,155",241116,2014-07-21,Modern Daily #7299759,modern,modern-daily-7299759,modern-daily-7299759-2014-07-21
6,1,"Kiki-Jiki, Mirror Breaker",,Creatures,3,1,Splinter Twin,darklilou,325 tix,"$ 1,155",241116,2014-07-21,Modern Daily #7299759,modern,modern-daily-7299759,modern-daily-7299759-2014-07-21
8,1,Flame Slash,,Spells,3,1,Splinter Twin,darklilou,325 tix,"$ 1,155",241116,2014-07-21,Modern Daily #7299759,modern,modern-daily-7299759,modern-daily-7299759-2014-07-21
9,4,Lightning Bolt,,Spells,3,1,Splinter Twin,darklilou,325 tix,"$ 1,155",241116,2014-07-21,Modern Daily #7299759,modern,modern-daily-7299759,modern-daily-7299759-2014-07-21
10,4,Serum Visions,,Spells,3,1,Splinter Twin,darklilou,325 tix,"$ 1,155",241116,2014-07-21,Modern Daily #7299759,modern,modern-daily-7299759,modern-daily-7299759-2014-07-21
11,2,Twisted Image,,Spells,3,1,Splinter Twin,darklilou,325 tix,"$ 1,155",241116,2014-07-21,Modern Daily #7299759,modern,modern-daily-7299759,modern-daily-7299759-2014-07-21
12,4,Remand,,Spells,3,1,Splinter Twin,darklilou,325 tix,"$ 1,155",241116,2014-07-21,Modern Daily #7299759,modern,modern-daily-7299759,modern-daily-7299759-2014-07-21
13,1,Electrolyze,,Spells,3,1,Splinter Twin,darklilou,325 tix,"$ 1,155",241116,2014-07-21,Modern Daily #7299759,modern,modern-daily-7299759,modern-daily-7299759-2014-07-21
14,2,Cryptic Command,,Spells,3,1,Splinter Twin,darklilou,325 tix,"$ 1,155",241116,2014-07-21,Modern Daily #7299759,modern,modern-daily-7299759,modern-daily-7299759-2014-07-21
16,4,Splinter Twin,,Enchantments,3,1,Splinter Twin,darklilou,325 tix,"$ 1,155",241116,2014-07-21,Modern Daily #7299759,modern,modern-daily-7299759,modern-daily-7299759-2014-07-21
18,1,Desolate Lighthouse,,Lands,3,1,Splinter Twin,darklilou,325 tix,"$ 1,155",241116,2014-07-21,Modern Daily #7299759,modern,modern-daily-7299759,modern-daily-7299759-2014-07-21
19,5,Island,,Lands,3,1,Splinter Twin,darklilou,325 tix,"$ 1,155",241116,2014-07-21,Modern Daily #7299759,modern,modern-daily-7299759,modern-daily-7299759-2014-07-21
20,4,Misty Rainforest,,Lands,3,1,Splinter Twin,darklilou,325 tix,"$ 1,155",241116,2014-07-21,Modern Daily #7299759,modern,modern-daily-7299759,modern-daily-7299759-2014-07-21
21,1,Mountain,,Lands,3,1,Splinter Twin,darklilou,325 tix,"$ 1,155",241116,2014-07-21,Modern Daily #7299759,modern,modern-daily-7299759,modern-daily-7299759-2014-07-21
22,4,Scalding Tarn,,Lands,3,1,Splinter Twin,darklilou,325 tix,"$ 1,155",241116,2014-07-21,Modern Daily #7299759,modern,modern-daily-7299759,modern-daily-7299759-2014-07-21
23,3,Steam Vents,,Lands,3,1,Splinter Twin,darklilou,325 tix,"$ 1,155",241116,2014-07-21,Modern Daily #7299759,modern,modern-daily-7299759,modern-daily-7299759-2014-07-21
24,1,Stomping Ground,,Lands,3,1,Splinter Twin,darklilou,325 tix,"$ 1,155",241116,2014-07-21,Modern Daily #7299759,modern,modern-daily-7299759,modern-daily-7299759-2014-07-21
25,3,Sulfur Falls,,Lands,3,1,Splinter Twin,darklilou,325 tix,"$ 1,155",241116,2014-07-21,Modern Daily #7299759,modern,modern-daily-7299759,modern-daily-7299759-2014-07-21
26,1,Tectonic Edge,,Lands,3,1,Splinter Twin,darklilou,325 tix,"$ 1,155",241116,2014-07-21,Modern Daily #7299759,modern,modern-daily-7299759,modern-daily-7299759-2014-07-21
28,2,Dispel,,Sideboard,3,1,Splinter Twin,darklilou,325 tix,"$ 1,155",241116,2014-07-21,Modern Daily #7299759,modern,modern-daily-7299759,modern-daily-7299759-2014-07-21
29,1,Flame Slash,,Sideboard,3,1,Splinter Twin,darklilou,325 tix,"$ 1,155",241116,2014-07-21,Modern Daily #7299759,modern,modern-daily-7299759,modern-daily-7299759-2014-07-21
30,3,Ancient Grudge,,Sideboard,3,1,Splinter Twin,darklilou,325 tix,"$ 1,155",241116,2014-07-21,Modern Daily #7299759,modern,modern-daily-7299759,modern-daily-7299759-2014-07-21
31,1,Negate,,Sideboard,3,1,Splinter Twin,darklilou,325 tix,"$ 1,155",241116,2014-07-21,Modern Daily #7299759,modern,modern-daily-7299759,modern-daily-7299759-2014-07-21
32,2,Anger of the Gods,,Sideboard,3,1,Splinter Twin,darklilou,325 tix,"$ 1,155",241116,2014-07-21,Modern Daily #7299759,modern,modern-daily-7299759,modern-daily-7299759-2014-07-21
33,3,Blood Moon,,Sideboard,3,1,Splinter Twin,darklilou,325 tix,"$ 1,155",241116,2014-07-21,Modern Daily #7299759,modern,modern-daily-7299759,modern-daily-7299759-2014-07-21
34,1,Batterskull,,Sideboard,3,1,Splinter Twin,darklilou,325 tix,"$ 1,155",241116,2014-07-21,Modern Daily #7299759,modern,modern-daily-7299759,modern-daily-7299759-2014-07-21
35,2,"Keranos, God of Storms",,Sideboard,3,1,Splinter Twin,darklilou,325 tix,"$ 1,155",241116,2014-07-21,Modern Daily #7299759,modern,modern-daily-7299759,modern-daily-7299759-2014-07-21
1,4,Goblin Electromancer,,Creatures,3,1,UR Storm,umbrageous,153 tix,$ 601,241101,2014-07-21,Modern Daily #7299759,modern,modern-daily-7299759,modern-daily-7299759-2014-07-21
3,3,Faithless Looting,,Spells,3,1,UR Storm,umbrageous,153 tix,$ 601,241101,2014-07-21,Modern Daily #7299759,modern,modern-daily-7299759,modern-daily-7299759-2014-07-21
4,4,Gitaxian Probe,,Spells,3,1,UR Storm,umbrageous,153 tix,$ 601,241101,2014-07-21,Modern Daily #7299759,modern,modern-daily-7299759,modern-daily-7299759-2014-07-21
5,4,Serum Visions,,Spells,3,1,UR Storm,umbrageous,153 tix,$ 601,241101,2014-07-21,Modern Daily #7299759,modern,modern-daily-7299759,modern-daily-7299759-2014-07-21
6,4,Sleight of Hand,,Spells,3,1,UR Storm,umbrageous,153 tix,$ 601,241101,2014-07-21,Modern Daily #7299759,modern,modern-daily-7299759,modern-daily-7299759-2014-07-21
7,3,Desperate Ravings,,Spells,3,1,UR Storm,umbrageous,153 tix,$ 601,241101,2014-07-21,Modern Daily #7299759,modern,modern-daily-7299759,modern-daily-7299759-2014-07-21
8,4,Desperate Ritual,,Spells,3,1,UR Storm,umbrageous,153 tix,$ 601,241101,2014-07-21,Modern Daily #7299759,modern,modern-daily-7299759,modern-daily-7299759-2014-07-21
9,3,Grapeshot,,Spells,3,1,UR Storm,umbrageous,153 tix,$ 601,241101,2014-07-21,Modern Daily #7299759,modern,modern-daily-7299759,modern-daily-7299759-2014-07-21
10,4,Manamorphose,,Spells,3,1,UR Storm,umbrageous,153 tix,$ 601,241101,2014-07-21,Modern Daily #7299759,modern,modern-daily-7299759,modern-daily-7299759-2014-07-21
11,4,Pyretic Ritual,,Spells,3,1,UR Storm,umbrageous,153 tix,$ 601,241101,2014-07-21,Modern Daily #7299759,modern,modern-daily-7299759,modern-daily-7299759-2014-07-21
12,3,Past in Flames,,Spells,3,1,UR Storm,umbrageous,153 tix,$ 601,241101,2014-07-21,Modern Daily #7299759,modern,modern-daily-7299759,modern-daily-7299759-2014-07-21
14,4,Pyromancer Ascension,,Enchantments,3,1,UR Storm,umbrageous,153 tix,$ 601,241101,2014-07-21,Modern Daily #7299759,modern,modern-daily-7299759,modern-daily-7299759-2014-07-21
16,3,Island,,Lands,3,1,UR Storm,umbrageous,153 tix,$ 601,241101,2014-07-21,Modern Daily #7299759,modern,modern-daily-7299759,modern-daily-7299759-2014-07-21
17,2,Misty Rainforest,,Lands,3,1,UR Storm,umbrageous,153 tix,$ 601,241101,2014-07-21,Modern Daily #7299759,modern,modern-daily-7299759,modern-daily-7299759-2014-07-21
18,1,Mountain,,Lands,3,1,UR Storm,umbrageous,153 tix,$ 601,241101,2014-07-21,Modern Daily #7299759,modern,modern-daily-7299759,modern-daily-7299759-2014-07-21
19,4,Scalding Tarn,,Lands,3,1,UR Storm,umbrageous,153 tix,$ 601,241101,2014-07-21,Modern Daily #7299759,modern,modern-daily-7299759,modern-daily-7299759-2014-07-21
20,3,Steam Vents,,Lands,3,1,UR Storm,umbrageous,153 tix,$ 601,241101,2014-07-21,Modern Daily #7299759,modern,modern-daily-7299759,modern-daily-7299759-2014-07-21
21,3,Sulfur Falls,,Lands,3,1,UR Storm,umbrageous,153 tix,$ 601,241101,2014-07-21,Modern Daily #7299759,modern,modern-daily-7299759,modern-daily-7299759-2014-07-21
23,4,Flame Slash,,Sideboard,3,1,UR Storm,umbrageous,153 tix,$ 601,241101,2014-07-21,Modern Daily #7299759,modern,modern-daily-7299759,modern-daily-7299759-2014-07-21
24,2,Lightning Bolt,,Sideboard,3,1,UR Storm,umbrageous,153 tix,$ 601,241101,2014-07-21,Modern Daily #7299759,modern,modern-daily-7299759,modern-daily-7299759-2014-07-21
25,2,Spell Pierce,,Sideboard,3,1,UR Storm,umbrageous,153 tix,$ 601,241101,2014-07-21,Modern Daily #7299759,modern,modern-daily-7299759,modern-daily-7299759-2014-07-21
26,2,Vandalblast,,Sideboard,3,1,UR Storm,umbrageous,153 tix,$ 601,241101,2014-07-21,Modern Daily #7299759,modern,modern-daily-7299759,modern-daily-7299759-2014-07-21
27,2,Dragon's Claw,,Sideboard,3,1,UR Storm,umbrageous,153 tix,$ 601,241101,2014-07-21,Modern Daily #7299759,modern,modern-daily-7299759,modern-daily-7299759-2014-07-21
28,1,Echoing Truth,,Sideboard,3,1,UR Storm,umbrageous,153 tix,$ 601,241101,2014-07-21,Modern Daily #7299759,modern,modern-daily-7299759,modern-daily-7299759-2014-07-21
29,2,Empty the Warrens,,Sideboard,3,1,UR Storm,umbrageous,153 tix,$ 601,241101,2014-07-21,Modern Daily #7299759,modern,modern-daily-7299759,modern-daily-7299759-2014-07-21
1,4,Snapcaster Mage,,Creatures,3,1,UWR Control,AntzzzOnALog,308 tix,"$ 1,346",241105,2014-07-21,Modern Daily #7299759,modern,modern-daily-7299759,modern-daily-7299759-2014-07-21
2,1,Vendilion Clique,,Creatures,3,1,UWR Control,AntzzzOnALog,308 tix,"$ 1,346",241105,2014-07-21,Modern Daily #7299759,modern,modern-daily-7299759,modern-daily-7299759-2014-07-21
4,1,Ajani Vengeant,,Planeswalkers,3,1,UWR Control,AntzzzOnALog,308 tix,"$ 1,346",241105,2014-07-21,Modern Daily #7299759,modern,modern-daily-7299759,modern-daily-7299759-2014-07-21
6,4,Lightning Bolt,,Spells,3,1,UWR Control,AntzzzOnALog,308 tix,"$ 1,346",241105,2014-07-21,Modern Daily #7299759,modern,modern-daily-7299759,modern-daily-7299759-2014-07-21
7,3,Path to Exile,,Spells,3,1,UWR Control,AntzzzOnALog,308 tix,"$ 1,346",241105,2014-07-21,Modern Daily #7299759,modern,modern-daily-7299759,modern-daily-7299759-2014-07-21
8,2,Spell Snare,,Spells,3,1,UWR Control,AntzzzOnALog,308 tix,"$ 1,346",241105,2014-07-21,Modern Daily #7299759,modern,modern-daily-7299759,modern-daily-7299759-2014-07-21
9,2,Lightning Helix,,Spells,3,1,UWR Control,AntzzzOnALog,308 tix,"$ 1,346",241105,2014-07-21,Modern Daily #7299759,modern,modern-daily-7299759,modern-daily-7299759-2014-07-21
10,2,Mana Leak,,Spells,3,1,UWR Control,AntzzzOnALog,308 tix,"$ 1,346",241105,2014-07-21,Modern Daily #7299759,modern,modern-daily-7299759,modern-daily-7299759-2014-07-21
11,2,Remand,,Spells,3,1,UWR Control,AntzzzOnALog,308 tix,"$ 1,346",241105,2014-07-21,Modern Daily #7299759,modern,modern-daily-7299759,modern-daily-7299759-2014-07-21
12,2,Shadow of Doubt,,Spells,3,1,UWR Control,AntzzzOnALog,308 tix,"$ 1,346",241105,2014-07-21,Modern Daily #7299759,modern,modern-daily-7299759,modern-daily-7299759-2014-07-21
13,1,Anger of the Gods,,Spells,3,1,UWR Control,AntzzzOnALog,308 tix,"$ 1,346",241105,2014-07-21,Modern Daily #7299759,modern,modern-daily-7299759,modern-daily-7299759-2014-07-21
14,4,Electrolyze,,Spells,3,1,UWR Control,AntzzzOnALog,308 tix,"$ 1,346",241105,2014-07-21,Modern Daily #7299759,modern,modern-daily-7299759,modern-daily-7299759-2014-07-21
15,2,Sphinx's Revelation,,Spells,3,1,UWR Control,AntzzzOnALog,308 tix,"$ 1,346",241105,2014-07-21,Modern Daily #7299759,modern,modern-daily-7299759,modern-daily-7299759-2014-07-21
16,4,Cryptic Command,,Spells,3,1,UWR Control,AntzzzOnALog,308 tix,"$ 1,346",241105,2014-07-21,Modern Daily #7299759,modern,modern-daily-7299759,modern-daily-7299759-2014-07-21
18,3,Arid Mesa,,Lands,3,1,UWR Control,AntzzzOnALog,308 tix,"$ 1,346",241105,2014-07-21,Modern Daily #7299759,modern,modern-daily-7299759,modern-daily-7299759-2014-07-21
19,4,Celestial Colonnade,,Lands,3,1,UWR Control,AntzzzOnALog,308 tix,"$ 1,346",241105,2014-07-21,Modern Daily #7299759,modern,modern-daily-7299759,modern-daily-7299759-2014-07-21
20,2,Hallowed Fountain,,Lands,3,1,UWR Control,AntzzzOnALog,308 tix,"$ 1,346",241105,2014-07-21,Modern Daily #7299759,modern,modern-daily-7299759,modern-daily-7299759-2014-07-21
21,3,Island,,Lands,3,1,UWR Control,AntzzzOnALog,308 tix,"$ 1,346",241105,2014-07-21,Modern Daily #7299759,modern,modern-daily-7299759,modern-daily-7299759-2014-07-21
22,1,Mountain,,Lands,3,1,UWR Control,AntzzzOnALog,308 tix,"$ 1,346",241105,2014-07-21,Modern Daily #7299759,modern,modern-daily-7299759,modern-daily-7299759-2014-07-21
23,1,Plains,,Lands,3,1,UWR Control,AntzzzOnALog,308 tix,"$ 1,346",241105,2014-07-21,Modern Daily #7299759,modern,modern-daily-7299759,modern-daily-7299759-2014-07-21
24,1,Sacred Foundry,,Lands,3,1,UWR Control,AntzzzOnALog,308 tix,"$ 1,346",241105,2014-07-21,Modern Daily #7299759,modern,modern-daily-7299759,modern-daily-7299759-2014-07-21
25,4,Scalding Tarn,,Lands,3,1,UWR Control,AntzzzOnALog,308 tix,"$ 1,346",241105,2014-07-21,Modern Daily #7299759,modern,modern-daily-7299759,modern-daily-7299759-2014-07-21
26,2,Steam Vents,,Lands,3,1,UWR Control,AntzzzOnALog,308 tix,"$ 1,346",241105,2014-07-21,Modern Daily #7299759,modern,modern-daily-7299759,modern-daily-7299759-2014-07-21
27,2,Sulfur Falls,,Lands,3,1,UWR Control,AntzzzOnALog,308 tix,"$ 1,346",241105,2014-07-21,Modern Daily #7299759,modern,modern-daily-7299759,modern-daily-7299759-2014-07-21
28,3,Tectonic Edge,,Lands,3,1,UWR Control,AntzzzOnALog,308 tix,"$ 1,346",241105,2014-07-21,Modern Daily #7299759,modern,modern-daily-7299759,modern-daily-7299759-2014-07-21
30,1,Wear & Tear,,Sideboard,3,1,UWR Control,AntzzzOnALog,308 tix,"$ 1,346",241105,2014-07-21,Modern Daily #7299759,modern,modern-daily-7299759,modern-daily-7299759-2014-07-21
31,3,Dispel,,Sideboard,3,1,UWR Control,AntzzzOnALog,308 tix,"$ 1,346",241105,2014-07-21,Modern Daily #7299759,modern,modern-daily-7299759,modern-daily-7299759-2014-07-21
32,2,Relic of Progenitus,,Sideboard,3,1,UWR Control,AntzzzOnALog,308 tix,"$ 1,346",241105,2014-07-21,Modern Daily #7299759,modern,modern-daily-7299759,modern-daily-7299759-2014-07-21
33,2,Celestial Purge,,Sideboard,3,1,UWR Control,AntzzzOnALog,308 tix,"$ 1,346",241105,2014-07-21,Modern Daily #7299759,modern,modern-daily-7299759,modern-daily-7299759-2014-07-21
34,2,Stony Silence,,Sideboard,3,1,UWR Control,AntzzzOnALog,308 tix,"$ 1,346",241105,2014-07-21,Modern Daily #7299759,modern,modern-daily-7299759,modern-daily-7299759-2014-07-21
35,1,Aven Mindcensor,,Sideboard,3,1,UWR Control,AntzzzOnALog,308 tix,"$ 1,346",241105,2014-07-21,Modern Daily #7299759,modern,modern-daily-7299759,modern-daily-7299759-2014-07-21
36,1,Counterflux,,Sideboard,3,1,UWR Control,AntzzzOnALog,308 tix,"$ 1,346",241105,2014-07-21,Modern Daily #7299759,modern,modern-daily-7299759,modern-daily-7299759-2014-07-21
37,1,Crucible of Worlds,,Sideboard,3,1,UWR Control,AntzzzOnALog,308 tix,"$ 1,346",241105,2014-07-21,Modern Daily #7299759,modern,modern-daily-7299759,modern-daily-7299759-2014-07-21
38,1,Izzet Staticaster,,Sideboard,3,1,UWR Control,AntzzzOnALog,308 tix,"$ 1,346",241105,2014-07-21,Modern Daily #7299759,modern,modern-daily-7299759,modern-daily-7299759-2014-07-21
39,1,Timely Reinforcements,,Sideboard,3,1,UWR Control,AntzzzOnALog,308 tix,"$ 1,346",241105,2014-07-21,Modern Daily #7299759,modern,modern-daily-7299759,modern-daily-7299759-2014-07-21
1,3,Snapcaster Mage,,Creatures,3,1,UWR Control,Shniper,230 tix,$ 913,241112,2014-07-21,Modern Daily #7299759,modern,modern-daily-7299759,modern-daily-7299759-2014-07-21
2,3,Geist of Saint Traft,,Creatures,3,1,UWR Control,Shniper,230 tix,$ 913,241112,2014-07-21,Modern Daily #7299759,modern,modern-daily-7299759,modern-daily-7299759-2014-07-21
3,2,Mirran Crusader,,Creatures,3,1,UWR Control,Shniper,230 tix,$ 913,241112,2014-07-21,Modern Daily #7299759,modern,modern-daily-7299759,modern-daily-7299759-2014-07-21
4,4,Restoration Angel,,Creatures,3,1,UWR Control,Shniper,230 tix,$ 913,241112,2014-07-21,Modern Daily #7299759,modern,modern-daily-7299759,modern-daily-7299759-2014-07-21
6,4,Lightning Bolt,,Spells,3,1,UWR Control,Shniper,230 tix,$ 913,241112,2014-07-21,Modern Daily #7299759,modern,modern-daily-7299759,modern-daily-7299759-2014-07-21
7,4,Path to Exile,,Spells,3,1,UWR Control,Shniper,230 tix,$ 913,241112,2014-07-21,Modern Daily #7299759,modern,modern-daily-7299759,modern-daily-7299759-2014-07-21
8,1,Repeal,,Spells,3,1,UWR Control,Shniper,230 tix,$ 913,241112,2014-07-21,Modern Daily #7299759,modern,modern-daily-7299759,modern-daily-7299759-2014-07-21
9,2,Spell Snare,,Spells,3,1,UWR Control,Shniper,230 tix,$ 913,241112,2014-07-21,Modern Daily #7299759,modern,modern-daily-7299759,modern-daily-7299759-2014-07-21
10,3,Lightning Helix,,Spells,3,1,UWR Control,Shniper,230 tix,$ 913,241112,2014-07-21,Modern Daily #7299759,modern,modern-daily-7299759,modern-daily-7299759-2014-07-21
11,4,Mana Leak,,Spells,3,1,UWR Control,Shniper,230 tix,$ 913,241112,2014-07-21,Modern Daily #7299759,modern,modern-daily-7299759,modern-daily-7299759-2014-07-21
12,2,Shadow of Doubt,,Spells,3,1,UWR Control,Shniper,230 tix,$ 913,241112,2014-07-21,Modern Daily #7299759,modern,modern-daily-7299759,modern-daily-7299759-2014-07-21
13,1,Think Twice,,Spells,3,1,UWR Control,Shniper,230 tix,$ 913,241112,2014-07-21,Modern Daily #7299759,modern,modern-daily-7299759,modern-daily-7299759-2014-07-21
14,2,Electrolyze,,Spells,3,1,UWR Control,Shniper,230 tix,$ 913,241112,2014-07-21,Modern Daily #7299759,modern,modern-daily-7299759,modern-daily-7299759-2014-07-21
15,1,Cryptic Command,,Spells,3,1,UWR Control,Shniper,230 tix,$ 913,241112,2014-07-21,Modern Daily #7299759,modern,modern-daily-7299759,modern-daily-7299759-2014-07-21
17,2,Arid Mesa,,Lands,3,1,UWR Control,Shniper,230 tix,$ 913,241112,2014-07-21,Modern Daily #7299759,modern,modern-daily-7299759,modern-daily-7299759-2014-07-21
18,1,Cascade Bluffs,,Lands,3,1,UWR Control,Shniper,230 tix,$ 913,241112,2014-07-21,Modern Daily #7299759,modern,modern-daily-7299759,modern-daily-7299759-2014-07-21
19,3,Celestial Colonnade,,Lands,3,1,UWR Control,Shniper,230 tix,$ 913,241112,2014-07-21,Modern Daily #7299759,modern,modern-daily-7299759,modern-daily-7299759-2014-07-21
20,1,Glacial Fortress,,Lands,3,1,UWR Control,Shniper,230 tix,$ 913,241112,2014-07-21,Modern Daily #7299759,modern,modern-daily-7299759,modern-daily-7299759-2014-07-21
21,2,Hallowed Fountain,,Lands,3,1,UWR Control,Shniper,230 tix,$ 913,241112,2014-07-21,Modern Daily #7299759,modern,modern-daily-7299759,modern-daily-7299759-2014-07-21
22,3,Island,,Lands,3,1,UWR Control,Shniper,230 tix,$ 913,241112,2014-07-21,Modern Daily #7299759,modern,modern-daily-7299759,modern-daily-7299759-2014-07-21
23,2,Mountain,,Lands,3,1,UWR Control,Shniper,230 tix,$ 913,241112,2014-07-21,Modern Daily #7299759,modern,modern-daily-7299759,modern-daily-7299759-2014-07-21
24,1,Plains,,Lands,3,1,UWR Control,Shniper,230 tix,$ 913,241112,2014-07-21,Modern Daily #7299759,modern,modern-daily-7299759,modern-daily-7299759-2014-07-21
25,1,Sacred Foundry,,Lands,3,1,UWR Control,Shniper,230 tix,$ 913,241112,2014-07-21,Modern Daily #7299759,modern,modern-daily-7299759,modern-daily-7299759-2014-07-21
26,2,Scalding Tarn,,Lands,3,1,UWR Control,Shniper,230 tix,$ 913,241112,2014-07-21,Modern Daily #7299759,modern,modern-daily-7299759,modern-daily-7299759-2014-07-21
27,2,Steam Vents,,Lands,3,1,UWR Control,Shniper,230 tix,$ 913,241112,2014-07-21,Modern Daily #7299759,modern,modern-daily-7299759,modern-daily-7299759-2014-07-21
28,2,Sulfur Falls,,Lands,3,1,UWR Control,Shniper,230 tix,$ 913,241112,2014-07-21,Modern Daily #7299759,modern,modern-daily-7299759,modern-daily-7299759-2014-07-21
29,2,Tectonic Edge,,Lands,3,1,UWR Control,Shniper,230 tix,$ 913,241112,2014-07-21,Modern Daily #7299759,modern,modern-daily-7299759,modern-daily-7299759-2014-07-21
31,1,Wear & Tear,,Sideboard,3,1,UWR Control,Shniper,230 tix,$ 913,241112,2014-07-21,Modern Daily #7299759,modern,modern-daily-7299759,modern-daily-7299759-2014-07-21
32,1,Relic of Progenitus,,Sideboard,3,1,UWR Control,Shniper,230 tix,$ 913,241112,2014-07-21,Modern Daily #7299759,modern,modern-daily-7299759,modern-daily-7299759-2014-07-21
33,1,Rest in Peace,,Sideboard,3,1,UWR Control,Shniper,230 tix,$ 913,241112,2014-07-21,Modern Daily #7299759,modern,modern-daily-7299759,modern-daily-7299759-2014-07-21
34,2,Stony Silence,,Sideboard,3,1,UWR Control,Shniper,230 tix,$ 913,241112,2014-07-21,Modern Daily #7299759,modern,modern-daily-7299759,modern-daily-7299759-2014-07-21
35,2,Anger of the Gods,,Sideboard,3,1,UWR Control,Shniper,230 tix,$ 913,241112,2014-07-21,Modern Daily #7299759,modern,modern-daily-7299759,modern-daily-7299759-2014-07-21
36,1,Flames of the Firebrand,,Sideboard,3,1,UWR Control,Shniper,230 tix,$ 913,241112,2014-07-21,Modern Daily #7299759,modern,modern-daily-7299759,modern-daily-7299759-2014-07-21
37,2,Sowing Salt,,Sideboard,3,1,UWR Control,Shniper,230 tix,$ 913,241112,2014-07-21,Modern Daily #7299759,modern,modern-daily-7299759,modern-daily-7299759-2014-07-21
38,1,Supreme Verdict,,Sideboard,3,1,UWR Control,Shniper,230 tix,$ 913,241112,2014-07-21,Modern Daily #7299759,modern,modern-daily-7299759,modern-daily-7299759-2014-07-21
39,1,"Jace, Memory Adept",,Sideboard,3,1,UWR Control,Shniper,230 tix,$ 913,241112,2014-07-21,Modern Daily #7299759,modern,modern-daily-7299759,modern-daily-7299759-2014-07-21
40,2,"Kiki-Jiki, Mirror Breaker",,Sideboard,3,1,UWR Control,Shniper,230 tix,$ 913,241112,2014-07-21,Modern Daily #7299759,modern,modern-daily-7299759,modern-daily-7299759-2014-07-21
1,4,Sakura-Tribe Elder,,Creatures,5,0,BRG Scapeshift,foozea,195 tix,$ 879,240939,2014-07-20,Modern Premier #7299709,modern,modern-premier-7299709,modern-premier-7299709-2014-07-20
2,2,Courser of Kruphix,,Creatures,5,0,BRG Scapeshift,foozea,195 tix,$ 879,240939,2014-07-20,Modern Premier #7299709,modern,modern-premier-7299709,modern-premier-7299709-2014-07-20
3,2,Primeval Titan,,Creatures,5,0,BRG Scapeshift,foozea,195 tix,$ 879,240939,2014-07-20,Modern Premier #7299709,modern,modern-premier-7299709,modern-premier-7299709-2014-07-20
5,3,Inquisition of Kozilek,,Spells,5,0,BRG Scapeshift,foozea,195 tix,$ 879,240939,2014-07-20,Modern Premier #7299709,modern,modern-premier-7299709,modern-premier-7299709-2014-07-20
6,3,Thoughtseize,,Spells,5,0,BRG Scapeshift,foozea,195 tix,$ 879,240939,2014-07-20,Modern Premier #7299709,modern,modern-premier-7299709,modern-premier-7299709-2014-07-20
7,4,Abrupt Decay,,Spells,5,0,BRG Scapeshift,foozea,195 tix,$ 879,240939,2014-07-20,Modern Premier #7299709,modern,modern-premier-7299709,modern-premier-7299709-2014-07-20
8,4,Night's Whisper,,Spells,5,0,BRG Scapeshift,foozea,195 tix,$ 879,240939,2014-07-20,Modern Premier #7299709,modern,modern-premier-7299709,modern-premier-7299709-2014-07-20
9,2,Maelstrom Pulse,,Spells,5,0,BRG Scapeshift,foozea,195 tix,$ 879,240939,2014-07-20,Modern Premier #7299709,modern,modern-premier-7299709,modern-premier-7299709-2014-07-20
10,4,Search for Tomorrow,,Spells,5,0,BRG Scapeshift,foozea,195 tix,$ 879,240939,2014-07-20,Modern Premier #7299709,modern,modern-premier-7299709,modern-premier-7299709-2014-07-20
11,4,Scapeshift,,Spells,5,0,BRG Scapeshift,foozea,195 tix,$ 879,240939,2014-07-20,Modern Premier #7299709,modern,modern-premier-7299709,modern-premier-7299709-2014-07-20
13,3,Prismatic Omen,,Enchantments,5,0,BRG Scapeshift,foozea,195 tix,$ 879,240939,2014-07-20,Modern Premier #7299709,modern,modern-premier-7299709,modern-premier-7299709-2014-07-20
15,4,Blood Crypt,,Lands,5,0,BRG Scapeshift,foozea,195 tix,$ 879,240939,2014-07-20,Modern Premier #7299709,modern,modern-premier-7299709,modern-premier-7299709-2014-07-20
16,3,Forest,,Lands,5,0,BRG Scapeshift,foozea,195 tix,$ 879,240939,2014-07-20,Modern Premier #7299709,modern,modern-premier-7299709,modern-premier-7299709-2014-07-20
17,2,Mountain,,Lands,5,0,BRG Scapeshift,foozea,195 tix,$ 879,240939,2014-07-20,Modern Premier #7299709,modern,modern-premier-7299709,modern-premier-7299709-2014-07-20
18,2,Overgrown Tomb,,Lands,5,0,BRG Scapeshift,foozea,195 tix,$ 879,240939,2014-07-20,Modern Premier #7299709,modern,modern-premier-7299709,modern-premier-7299709-2014-07-20
19,4,Stomping Ground,,Lands,5,0,BRG Scapeshift,foozea,195 tix,$ 879,240939,2014-07-20,Modern Premier #7299709,modern,modern-premier-7299709,modern-premier-7299709-2014-07-20
20,2,Swamp,,Lands,5,0,BRG Scapeshift,foozea,195 tix,$ 879,240939,2014-07-20,Modern Premier #7299709,modern,modern-premier-7299709,modern-premier-7299709-2014-07-20
21,1,Twilight Mire,,Lands,5,0,BRG Scapeshift,foozea,195 tix,$ 879,240939,2014-07-20,Modern Premier #7299709,modern,modern-premier-7299709,modern-premier-7299709-2014-07-20
22,1,"Urborg, Tomb of Yawgmoth",,Lands,5,0,BRG Scapeshift,foozea,195 tix,$ 879,240939,2014-07-20,Modern Premier #7299709,modern,modern-premier-7299709,modern-premier-7299709-2014-07-20
23,2,"Valakut, the Molten Pinnacle",,Lands,5,0,BRG Scapeshift,foozea,195 tix,$ 879,240939,2014-07-20,Modern Premier #7299709,modern,modern-premier-7299709,modern-premier-7299709-2014-07-20
24,3,Verdant Catacombs,,Lands,5,0,BRG Scapeshift,foozea,195 tix,$ 879,240939,2014-07-20,Modern Premier #7299709,modern,modern-premier-7299709,modern-premier-7299709-2014-07-20
25,1,Woodland Cemetery,,Lands,5,0,BRG Scapeshift,foozea,195 tix,$ 879,240939,2014-07-20,Modern Premier #7299709,modern,modern-premier-7299709,modern-premier-7299709-2014-07-20
27,2,Ancient Grudge,,Sideboard,5,0,BRG Scapeshift,foozea,195 tix,$ 879,240939,2014-07-20,Modern Premier #7299709,modern,modern-premier-7299709,modern-premier-7299709-2014-07-20
28,2,Rakdos Charm,,Sideboard,5,0,BRG Scapeshift,foozea,195 tix,$ 879,240939,2014-07-20,Modern Premier #7299709,modern,modern-premier-7299709,modern-premier-7299709-2014-07-20
29,3,Firespout,,Sideboard,5,0,BRG Scapeshift,foozea,195 tix,$ 879,240939,2014-07-20,Modern Premier #7299709,modern,modern-premier-7299709,modern-premier-7299709-2014-07-20
30,3,Obstinate Baloth,,Sideboard,5,0,BRG Scapeshift,foozea,195 tix,$ 879,240939,2014-07-20,Modern Premier #7299709,modern,modern-premier-7299709,modern-premier-7299709-2014-07-20
31,2,Shatterstorm,,Sideboard,5,0,BRG Scapeshift,foozea,195 tix,$ 879,240939,2014-07-20,Modern Premier #7299709,modern,modern-premier-7299709,modern-premier-7299709-2014-07-20
32,3,Slaughter Games,,Sideboard,5,0,BRG Scapeshift,foozea,195 tix,$ 879,240939,2014-07-20,Modern Premier #7299709,modern,modern-premier-7299709,modern-premier-7299709-2014-07-20
1,2,Grim Lavamancer,,Creatures,5,0,Splinter Twin,darklilou,325 tix,"$ 1,155",240937,2014-07-20,Modern Premier #7299709,modern,modern-premier-7299709,modern-premier-7299709-2014-07-20
2,4,Snapcaster Mage,,Creatures,5,0,Splinter Twin,darklilou,325 tix,"$ 1,155",240937,2014-07-20,Modern Premier #7299709,modern,modern-premier-7299709,modern-premier-7299709-2014-07-20
3,4,Deceiver Exarch,,Creatures,5,0,Splinter Twin,darklilou,325 tix,"$ 1,155",240937,2014-07-20,Modern Premier #7299709,modern,modern-premier-7299709,modern-premier-7299709-2014-07-20
4,2,Pestermite,,Creatures,5,0,Splinter Twin,darklilou,325 tix,"$ 1,155",240937,2014-07-20,Modern Premier #7299709,modern,modern-premier-7299709,modern-premier-7299709-2014-07-20
5,2,Vendilion Clique,,Creatures,5,0,Splinter Twin,darklilou,325 tix,"$ 1,155",240937,2014-07-20,Modern Premier #7299709,modern,modern-premier-7299709,modern-premier-7299709-2014-07-20
6,1,"Kiki-Jiki, Mirror Breaker",,Creatures,5,0,Splinter Twin,darklilou,325 tix,"$ 1,155",240937,2014-07-20,Modern Premier #7299709,modern,modern-premier-7299709,modern-premier-7299709-2014-07-20
8,1,Flame Slash,,Spells,5,0,Splinter Twin,darklilou,325 tix,"$ 1,155",240937,2014-07-20,Modern Premier #7299709,modern,modern-premier-7299709,modern-premier-7299709-2014-07-20
9,4,Lightning Bolt,,Spells,5,0,Splinter Twin,darklilou,325 tix,"$ 1,155",240937,2014-07-20,Modern Premier #7299709,modern,modern-premier-7299709,modern-premier-7299709-2014-07-20
10,4,Serum Visions,,Spells,5,0,Splinter Twin,darklilou,325 tix,"$ 1,155",240937,2014-07-20,Modern Premier #7299709,modern,modern-premier-7299709,modern-premier-7299709-2014-07-20
11,2,Twisted Image,,Spells,5,0,Splinter Twin,darklilou,325 tix,"$ 1,155",240937,2014-07-20,Modern Premier #7299709,modern,modern-premier-7299709,modern-premier-7299709-2014-07-20
12,4,Remand,,Spells,5,0,Splinter Twin,darklilou,325 tix,"$ 1,155",240937,2014-07-20,Modern Premier #7299709,modern,modern-premier-7299709,modern-premier-7299709-2014-07-20
13,1,Electrolyze,,Spells,5,0,Splinter Twin,darklilou,325 tix,"$ 1,155",240937,2014-07-20,Modern Premier #7299709,modern,modern-premier-7299709,modern-premier-7299709-2014-07-20
14,2,Cryptic Command,,Spells,5,0,Splinter Twin,darklilou,325 tix,"$ 1,155",240937,2014-07-20,Modern Premier #7299709,modern,modern-premier-7299709,modern-premier-7299709-2014-07-20
16,4,Splinter Twin,,Enchantments,5,0,Splinter Twin,darklilou,325 tix,"$ 1,155",240937,2014-07-20,Modern Premier #7299709,modern,modern-premier-7299709,modern-premier-7299709-2014-07-20
18,1,Desolate Lighthouse,,Lands,5,0,Splinter Twin,darklilou,325 tix,"$ 1,155",240937,2014-07-20,Modern Premier #7299709,modern,modern-premier-7299709,modern-premier-7299709-2014-07-20
19,5,Island,,Lands,5,0,Splinter Twin,darklilou,325 tix,"$ 1,155",240937,2014-07-20,Modern Premier #7299709,modern,modern-premier-7299709,modern-premier-7299709-2014-07-20
20,4,Misty Rainforest,,Lands,5,0,Splinter Twin,darklilou,325 tix,"$ 1,155",240937,2014-07-20,Modern Premier #7299709,modern,modern-premier-7299709,modern-premier-7299709-2014-07-20
21,1,Mountain,,Lands,5,0,Splinter Twin,darklilou,325 tix,"$ 1,155",240937,2014-07-20,Modern Premier #7299709,modern,modern-premier-7299709,modern-premier-7299709-2014-07-20
22,4,Scalding Tarn,,Lands,5,0,Splinter Twin,darklilou,325 tix,"$ 1,155",240937,2014-07-20,Modern Premier #7299709,modern,modern-premier-7299709,modern-premier-7299709-2014-07-20
23,3,Steam Vents,,Lands,5,0,Splinter Twin,darklilou,325 tix,"$ 1,155",240937,2014-07-20,Modern Premier #7299709,modern,modern-premier-7299709,modern-premier-7299709-2014-07-20
24,1,Stomping Ground,,Lands,5,0,Splinter Twin,darklilou,325 tix,"$ 1,155",240937,2014-07-20,Modern Premier #7299709,modern,modern-premier-7299709,modern-premier-7299709-2014-07-20
25,3,Sulfur Falls,,Lands,5,0,Splinter Twin,darklilou,325 tix,"$ 1,155",240937,2014-07-20,Modern Premier #7299709,modern,modern-premier-7299709,modern-premier-7299709-2014-07-20
26,1,Tectonic Edge,,Lands,5,0,Splinter Twin,darklilou,325 tix,"$ 1,155",240937,2014-07-20,Modern Premier #7299709,modern,modern-premier-7299709,modern-premier-7299709-2014-07-20
28,2,Dispel,,Sideboard,5,0,Splinter Twin,darklilou,325 tix,"$ 1,155",240937,2014-07-20,Modern Premier #7299709,modern,modern-premier-7299709,modern-premier-7299709-2014-07-20
29,1,Flame Slash,,Sideboard,5,0,Splinter Twin,darklilou,325 tix,"$ 1,155",240937,2014-07-20,Modern Premier #7299709,modern,modern-premier-7299709,modern-premier-7299709-2014-07-20
30,3,Ancient Grudge,,Sideboard,5,0,Splinter Twin,darklilou,325 tix,"$ 1,155",240937,2014-07-20,Modern Premier #7299709,modern,modern-premier-7299709,modern-premier-7299709-2014-07-20
31,1,Negate,,Sideboard,5,0,Splinter Twin,darklilou,325 tix,"$ 1,155",240937,2014-07-20,Modern Premier #7299709,modern,modern-premier-7299709,modern-premier-7299709-2014-07-20
32,2,Anger of the Gods,,Sideboard,5,0,Splinter Twin,darklilou,325 tix,"$ 1,155",240937,2014-07-20,Modern Premier #7299709,modern,modern-premier-7299709,modern-premier-7299709-2014-07-20
33,3,Blood Moon,,Sideboard,5,0,Splinter Twin,darklilou,325 tix,"$ 1,155",240937,2014-07-20,Modern Premier #7299709,modern,modern-premier-7299709,modern-premier-7299709-2014-07-20
34,1,Batterskull,,Sideboard,5,0,Splinter Twin,darklilou,325 tix,"$ 1,155",240937,2014-07-20,Modern Premier #7299709,modern,modern-premier-7299709,modern-premier-7299709-2014-07-20
35,2,"Keranos, God of Storms",,Sideboard,5,0,Splinter Twin,darklilou,325 tix,"$ 1,155",240937,2014-07-20,Modern Premier #7299709,modern,modern-premier-7299709,modern-premier-7299709-2014-07-20
1,1,Wurmcoil Engine,,Creatures,5,0,UW Tron,Diamondeye,165 tix,$ 603,240935,2014-07-20,Modern Premier #7299709,modern,modern-premier-7299709,modern-premier-7299709-2014-07-20
2,1,"Elesh Norn, Grand Cenobite",,Creatures,5,0,UW Tron,Diamondeye,165 tix,$ 603,240935,2014-07-20,Modern Premier #7299709,modern,modern-premier-7299709,modern-premier-7299709-2014-07-20
3,1,"Iona, Shield of Emeria",,Creatures,5,0,UW Tron,Diamondeye,165 tix,$ 603,240935,2014-07-20,Modern Premier #7299709,modern,modern-premier-7299709,modern-premier-7299709-2014-07-20
4,1,"Ulamog, the Infinite Gyre",,Creatures,5,0,UW Tron,Diamondeye,165 tix,$ 603,240935,2014-07-20,Modern Premier #7299709,modern,modern-premier-7299709,modern-premier-7299709-2014-07-20
5,1,"Emrakul, the Aeons Torn",,Creatures,5,0,UW Tron,Diamondeye,165 tix,$ 603,240935,2014-07-20,Modern Premier #7299709,modern,modern-premier-7299709,modern-premier-7299709-2014-07-20
7,2,Condescend,,Spells,5,0,UW Tron,Diamondeye,165 tix,$ 603,240935,2014-07-20,Modern Premier #7299709,modern,modern-premier-7299709,modern-premier-7299709-2014-07-20
8,4,Path to Exile,,Spells,5,0,UW Tron,Diamondeye,165 tix,$ 603,240935,2014-07-20,Modern Premier #7299709,modern,modern-premier-7299709,modern-premier-7299709-2014-07-20
9,1,Repeal,,Spells,5,0,UW Tron,Diamondeye,165 tix,$ 603,240935,2014-07-20,Modern Premier #7299709,modern,modern-premier-7299709,modern-premier-7299709-2014-07-20
10,4,Remand,,Spells,5,0,UW Tron,Diamondeye,165 tix,$ 603,240935,2014-07-20,Modern Premier #7299709,modern,modern-premier-7299709,modern-premier-7299709-2014-07-20
11,2,Thirst for Knowledge,,Spells,5,0,UW Tron,Diamondeye,165 tix,$ 603,240935,2014-07-20,Modern Premier #7299709,modern,modern-premier-7299709,modern-premier-7299709-2014-07-20
12,1,Day of Judgment,,Spells,5,0,UW Tron,Diamondeye,165 tix,$ 603,240935,2014-07-20,Modern Premier #7299709,modern,modern-premier-7299709,modern-premier-7299709-2014-07-20
13,4,Gifts Ungiven,,Spells,5,0,UW Tron,Diamondeye,165 tix,$ 603,240935,2014-07-20,Modern Premier #7299709,modern,modern-premier-7299709,modern-premier-7299709-2014-07-20
14,1,Supreme Verdict,,Spells,5,0,UW Tron,Diamondeye,165 tix,$ 603,240935,2014-07-20,Modern Premier #7299709,modern,modern-premier-7299709,modern-premier-7299709-2014-07-20
15,1,Wrath of God,,Spells,5,0,UW Tron,Diamondeye,165 tix,$ 603,240935,2014-07-20,Modern Premier #7299709,modern,modern-premier-7299709,modern-premier-7299709-2014-07-20
16,1,Unburial Rites,,Spells,5,0,UW Tron,Diamondeye,165 tix,$ 603,240935,2014-07-20,Modern Premier #7299709,modern,modern-premier-7299709,modern-premier-7299709-2014-07-20
18,4,Expedition Map,,Artifacts,5,0,UW Tron,Diamondeye,165 tix,$ 603,240935,2014-07-20,Modern Premier #7299709,modern,modern-premier-7299709,modern-premier-7299709-2014-07-20
19,4,Azorius Signet,,Artifacts,5,0,UW Tron,Diamondeye,165 tix,$ 603,240935,2014-07-20,Modern Premier #7299709,modern,modern-premier-7299709,modern-premier-7299709-2014-07-20
20,1,Oblivion Stone,,Artifacts,5,0,UW Tron,Diamondeye,165 tix,$ 603,240935,2014-07-20,Modern Premier #7299709,modern,modern-premier-7299709,modern-premier-7299709-2014-07-20
21,1,Mindslaver,,Artifacts,5,0,UW Tron,Diamondeye,165 tix,$ 603,240935,2014-07-20,Modern Premier #7299709,modern,modern-premier-7299709,modern-premier-7299709-2014-07-20
23,1,Academy Ruins,,Lands,5,0,UW Tron,Diamondeye,165 tix,$ 603,240935,2014-07-20,Modern Premier #7299709,modern,modern-premier-7299709,modern-premier-7299709-2014-07-20
24,4,Celestial Colonnade,,Lands,5,0,UW Tron,Diamondeye,165 tix,$ 603,240935,2014-07-20,Modern Premier #7299709,modern,modern-premier-7299709,modern-premier-7299709-2014-07-20
25,1,Eye of Ugin,,Lands,5,0,UW Tron,Diamondeye,165 tix,$ 603,240935,2014-07-20,Modern Premier #7299709,modern,modern-premier-7299709,modern-premier-7299709-2014-07-20
26,1,Ghost Quarter,,Lands,5,0,UW Tron,Diamondeye,165 tix,$ 603,240935,2014-07-20,Modern Premier #7299709,modern,modern-premier-7299709,modern-premier-7299709-2014-07-20
27,3,Hallowed Fountain,,Lands,5,0,UW Tron,Diamondeye,165 tix,$ 603,240935,2014-07-20,Modern Premier #7299709,modern,modern-premier-7299709,modern-premier-7299709-2014-07-20
28,1,Island,,Lands,5,0,UW Tron,Diamondeye,165 tix,$ 603,240935,2014-07-20,Modern Premier #7299709,modern,modern-premier-7299709,modern-premier-7299709-2014-07-20
29,1,Plains,,Lands,5,0,UW Tron,Diamondeye,165 tix,$ 603,240935,2014-07-20,Modern Premier #7299709,modern,modern-premier-7299709,modern-premier-7299709-2014-07-20
30,4,Urza's Mine,,Lands,5,0,UW Tron,Diamondeye,165 tix,$ 603,240935,2014-07-20,Modern Premier #7299709,modern,modern-premier-7299709,modern-premier-7299709-2014-07-20
31,4,Urza's Power Plant,,Lands,5,0,UW Tron,Diamondeye,165 tix,$ 603,240935,2014-07-20,Modern Premier #7299709,modern,modern-premier-7299709,modern-premier-7299709-2014-07-20
32,4,Urza's Tower,,Lands,5,0,UW Tron,Diamondeye,165 tix,$ 603,240935,2014-07-20,Modern Premier #7299709,modern,modern-premier-7299709,modern-premier-7299709-2014-07-20
34,1,Dispel,,Sideboard,5,0,UW Tron,Diamondeye,165 tix,$ 603,240935,2014-07-20,Modern Premier #7299709,modern,modern-premier-7299709,modern-premier-7299709-2014-07-20
35,1,Pithing Needle,,Sideboard,5,0,UW Tron,Diamondeye,165 tix,$ 603,240935,2014-07-20,Modern Premier #7299709,modern,modern-premier-7299709,modern-premier-7299709-2014-07-20
36,1,Relic of Progenitus,,Sideboard,5,0,UW Tron,Diamondeye,165 tix,$ 603,240935,2014-07-20,Modern Premier #7299709,modern,modern-premier-7299709,modern-premier-7299709-2014-07-20
37,2,Celestial Purge,,Sideboard,5,0,UW Tron,Diamondeye,165 tix,$ 603,240935,2014-07-20,Modern Premier #7299709,modern,modern-premier-7299709,modern-premier-7299709-2014-07-20
38,1,Disenchant,,Sideboard,5,0,UW Tron,Diamondeye,165 tix,$ 603,240935,2014-07-20,Modern Premier #7299709,modern,modern-premier-7299709,modern-premier-7299709-2014-07-20
39,1,Negate,,Sideboard,5,0,UW Tron,Diamondeye,165 tix,$ 603,240935,2014-07-20,Modern Premier #7299709,modern,modern-premier-7299709,modern-premier-7299709-2014-07-20
40,2,Ghostly Prison,,Sideboard,5,0,UW Tron,Diamondeye,165 tix,$ 603,240935,2014-07-20,Modern Premier #7299709,modern,modern-premier-7299709,modern-premier-7299709-2014-07-20
41,2,Rule of Law,,Sideboard,5,0,UW Tron,Diamondeye,165 tix,$ 603,240935,2014-07-20,Modern Premier #7299709,modern,modern-premier-7299709,modern-premier-7299709-2014-07-20
42,3,Timely Reinforcements,,Sideboard,5,0,UW Tron,Diamondeye,165 tix,$ 603,240935,2014-07-20,Modern Premier #7299709,modern,modern-premier-7299709,modern-premier-7299709-2014-07-20
43,1,Batterskull,,Sideboard,5,0,UW Tron,Diamondeye,165 tix,$ 603,240935,2014-07-20,Modern Premier #7299709,modern,modern-premier-7299709,modern-premier-7299709-2014-07-20
1,1,Wurmcoil Engine,,Creatures,5,0,UW Tron,McWinSauce,179 tix,$ 588,240940,2014-07-20,Modern Premier #7299709,modern,modern-premier-7299709,modern-premier-7299709-2014-07-20
2,1,"Elesh Norn, Grand Cenobite",,Creatures,5,0,UW Tron,McWinSauce,179 tix,$ 588,240940,2014-07-20,Modern Premier #7299709,modern,modern-premier-7299709,modern-premier-7299709-2014-07-20
3,1,"Iona, Shield of Emeria",,Creatures,5,0,UW Tron,McWinSauce,179 tix,$ 588,240940,2014-07-20,Modern Premier #7299709,modern,modern-premier-7299709,modern-premier-7299709-2014-07-20
4,1,"Emrakul, the Aeons Torn",,Creatures,5,0,UW Tron,McWinSauce,179 tix,$ 588,240940,2014-07-20,Modern Premier #7299709,modern,modern-premier-7299709,modern-premier-7299709-2014-07-20
6,1,Condescend,,Spells,5,0,UW Tron,McWinSauce,179 tix,$ 588,240940,2014-07-20,Modern Premier #7299709,modern,modern-premier-7299709,modern-premier-7299709-2014-07-20
7,4,Path to Exile,,Spells,5,0,UW Tron,McWinSauce,179 tix,$ 588,240940,2014-07-20,Modern Premier #7299709,modern,modern-premier-7299709,modern-premier-7299709-2014-07-20
8,3,Remand,,Spells,5,0,UW Tron,McWinSauce,179 tix,$ 588,240940,2014-07-20,Modern Premier #7299709,modern,modern-premier-7299709,modern-premier-7299709-2014-07-20
9,1,Sphinx's Revelation,,Spells,5,0,UW Tron,McWinSauce,179 tix,$ 588,240940,2014-07-20,Modern Premier #7299709,modern,modern-premier-7299709,modern-premier-7299709-2014-07-20
10,4,Thirst for Knowledge,,Spells,5,0,UW Tron,McWinSauce,179 tix,$ 588,240940,2014-07-20,Modern Premier #7299709,modern,modern-premier-7299709,modern-premier-7299709-2014-07-20
11,1,Timely Reinforcements,,Spells,5,0,UW Tron,McWinSauce,179 tix,$ 588,240940,2014-07-20,Modern Premier #7299709,modern,modern-premier-7299709,modern-premier-7299709-2014-07-20
12,1,Day of Judgment,,Spells,5,0,UW Tron,McWinSauce,179 tix,$ 588,240940,2014-07-20,Modern Premier #7299709,modern,modern-premier-7299709,modern-premier-7299709-2014-07-20
13,4,Gifts Ungiven,,Spells,5,0,UW Tron,McWinSauce,179 tix,$ 588,240940,2014-07-20,Modern Premier #7299709,modern,modern-premier-7299709,modern-premier-7299709-2014-07-20
14,1,Supreme Verdict,,Spells,5,0,UW Tron,McWinSauce,179 tix,$ 588,240940,2014-07-20,Modern Premier #7299709,modern,modern-premier-7299709,modern-premier-7299709-2014-07-20
15,1,Wrath of God,,Spells,5,0,UW Tron,McWinSauce,179 tix,$ 588,240940,2014-07-20,Modern Premier #7299709,modern,modern-premier-7299709,modern-premier-7299709-2014-07-20
16,1,Unburial Rites,,Spells,5,0,UW Tron,McWinSauce,179 tix,$ 588,240940,2014-07-20,Modern Premier #7299709,modern,modern-premier-7299709,modern-premier-7299709-2014-07-20
18,2,Expedition Map,,Artifacts,5,0,UW Tron,McWinSauce,179 tix,$ 588,240940,2014-07-20,Modern Premier #7299709,modern,modern-premier-7299709,modern-premier-7299709-2014-07-20
19,4,Azorius Signet,,Artifacts,5,0,UW Tron,McWinSauce,179 tix,$ 588,240940,2014-07-20,Modern Premier #7299709,modern,modern-premier-7299709,modern-premier-7299709-2014-07-20
20,1,Batterskull,,Artifacts,5,0,UW Tron,McWinSauce,179 tix,$ 588,240940,2014-07-20,Modern Premier #7299709,modern,modern-premier-7299709,modern-premier-7299709-2014-07-20
22,1,Detention Sphere,,Enchantments,5,0,UW Tron,McWinSauce,179 tix,$ 588,240940,2014-07-20,Modern Premier #7299709,modern,modern-premier-7299709,modern-premier-7299709-2014-07-20
24,4,Celestial Colonnade,,Lands,5,0,UW Tron,McWinSauce,179 tix,$ 588,240940,2014-07-20,Modern Premier #7299709,modern,modern-premier-7299709,modern-premier-7299709-2014-07-20
25,1,Ghost Quarter,,Lands,5,0,UW Tron,McWinSauce,179 tix,$ 588,240940,2014-07-20,Modern Premier #7299709,modern,modern-premier-7299709,modern-premier-7299709-2014-07-20
26,3,Hallowed Fountain,,Lands,5,0,UW Tron,McWinSauce,179 tix,$ 588,240940,2014-07-20,Modern Premier #7299709,modern,modern-premier-7299709,modern-premier-7299709-2014-07-20
27,1,Island,,Lands,5,0,UW Tron,McWinSauce,179 tix,$ 588,240940,2014-07-20,Modern Premier #7299709,modern,modern-premier-7299709,modern-premier-7299709-2014-07-20
28,1,Plains,,Lands,5,0,UW Tron,McWinSauce,179 tix,$ 588,240940,2014-07-20,Modern Premier #7299709,modern,modern-premier-7299709,modern-premier-7299709-2014-07-20
29,3,Seachrome Coast,,Lands,5,0,UW Tron,McWinSauce,179 tix,$ 588,240940,2014-07-20,Modern Premier #7299709,modern,modern-premier-7299709,modern-premier-7299709-2014-07-20
30,1,Snow-Covered Island,,Lands,5,0,UW Tron,McWinSauce,179 tix,$ 588,240940,2014-07-20,Modern Premier #7299709,modern,modern-premier-7299709,modern-premier-7299709-2014-07-20
31,4,Urza's Mine,,Lands,5,0,UW Tron,McWinSauce,179 tix,$ 588,240940,2014-07-20,Modern Premier #7299709,modern,modern-premier-7299709,modern-premier-7299709-2014-07-20
32,4,Urza's Power Plant,,Lands,5,0,UW Tron,McWinSauce,179 tix,$ 588,240940,2014-07-20,Modern Premier #7299709,modern,modern-premier-7299709,modern-premier-7299709-2014-07-20
33,4,Urza's Tower,,Lands,5,0,UW Tron,McWinSauce,179 tix,$ 588,240940,2014-07-20,Modern Premier #7299709,modern,modern-premier-7299709,modern-premier-7299709-2014-07-20
35,2,Dispel,,Sideboard,5,0,UW Tron,McWinSauce,179 tix,$ 588,240940,2014-07-20,Modern Premier #7299709,modern,modern-premier-7299709,modern-premier-7299709-2014-07-20
36,1,Grafdigger's Cage,,Sideboard,5,0,UW Tron,McWinSauce,179 tix,$ 588,240940,2014-07-20,Modern Premier #7299709,modern,modern-premier-7299709,modern-premier-7299709-2014-07-20
37,2,Porphyry Nodes,,Sideboard,5,0,UW Tron,McWinSauce,179 tix,$ 588,240940,2014-07-20,Modern Premier #7299709,modern,modern-premier-7299709,modern-premier-7299709-2014-07-20
38,2,Celestial Purge,,Sideboard,5,0,UW Tron,McWinSauce,179 tix,$ 588,240940,2014-07-20,Modern Premier #7299709,modern,modern-premier-7299709,modern-premier-7299709-2014-07-20
39,1,Disenchant,,Sideboard,5,0,UW Tron,McWinSauce,179 tix,$ 588,240940,2014-07-20,Modern Premier #7299709,modern,modern-premier-7299709,modern-premier-7299709-2014-07-20
40,1,Negate,,Sideboard,5,0,UW Tron,McWinSauce,179 tix,$ 588,240940,2014-07-20,Modern Premier #7299709,modern,modern-premier-7299709,modern-premier-7299709-2014-07-20
41,1,Torpor Orb,,Sideboard,5,0,UW Tron,McWinSauce,179 tix,$ 588,240940,2014-07-20,Modern Premier #7299709,modern,modern-premier-7299709,modern-premier-7299709-2014-07-20
42,3,Ghostly Prison,,Sideboard,5,0,UW Tron,McWinSauce,179 tix,$ 588,240940,2014-07-20,Modern Premier #7299709,modern,modern-premier-7299709,modern-premier-7299709-2014-07-20
43,1,Timely Reinforcements,,Sideboard,5,0,UW Tron,McWinSauce,179 tix,$ 588,240940,2014-07-20,Modern Premier #7299709,modern,modern-premier-7299709,modern-premier-7299709-2014-07-20
44,1,Mindbreak Trap,,Sideboard,5,0,UW Tron,McWinSauce,179 tix,$ 588,240940,2014-07-20,Modern Premier #7299709,modern,modern-premier-7299709,modern-premier-7299709-2014-07-20
1,1,Snapcaster Mage,,Creatures,4,1,4 Color Gifts,TuSaisPas,444 tix,"$ 1,519",240944,2014-07-20,Modern Premier #7299709,modern,modern-premier-7299709,modern-premier-7299709-2014-07-20
2,2,Sylvan Caryatid,,Creatures,4,1,4 Color Gifts,TuSaisPas,444 tix,"$ 1,519",240944,2014-07-20,Modern Premier #7299709,modern,modern-premier-7299709,modern-premier-7299709-2014-07-20
3,3,Tarmogoyf,,Creatures,4,1,4 Color Gifts,TuSaisPas,444 tix,"$ 1,519",240944,2014-07-20,Modern Premier #7299709,modern,modern-premier-7299709,modern-premier-7299709-2014-07-20
4,1,"Elesh Norn, Grand Cenobite",,Creatures,4,1,4 Color Gifts,TuSaisPas,444 tix,"$ 1,519",240944,2014-07-20,Modern Premier #7299709,modern,modern-premier-7299709,modern-premier-7299709-2014-07-20
5,1,"Iona, Shield of Emeria",,Creatures,4,1,4 Color Gifts,TuSaisPas,444 tix,"$ 1,519",240944,2014-07-20,Modern Premier #7299709,modern,modern-premier-7299709,modern-premier-7299709-2014-07-20
7,3,Liliana of the Veil,,Planeswalkers,4,1,4 Color Gifts,TuSaisPas,444 tix,"$ 1,519",240944,2014-07-20,Modern Premier #7299709,modern,modern-premier-7299709,modern-premier-7299709-2014-07-20
9,1,Slaughter Pact,,Spells,4,1,4 Color Gifts,TuSaisPas,444 tix,"$ 1,519",240944,2014-07-20,Modern Premier #7299709,modern,modern-premier-7299709,modern-premier-7299709-2014-07-20
10,3,Inquisition of Kozilek,,Spells,4,1,4 Color Gifts,TuSaisPas,444 tix,"$ 1,519",240944,2014-07-20,Modern Premier #7299709,modern,modern-premier-7299709,modern-premier-7299709-2014-07-20
11,1,Path to Exile,,Spells,4,1,4 Color Gifts,TuSaisPas,444 tix,"$ 1,519",240944,2014-07-20,Modern Premier #7299709,modern,modern-premier-7299709,modern-premier-7299709-2014-07-20
12,1,Raven's Crime,,Spells,4,1,4 Color Gifts,TuSaisPas,444 tix,"$ 1,519",240944,2014-07-20,Modern Premier #7299709,modern,modern-premier-7299709,modern-premier-7299709-2014-07-20
13,2,Thoughtseize,,Spells,4,1,4 Color Gifts,TuSaisPas,444 tix,"$ 1,519",240944,2014-07-20,Modern Premier #7299709,modern,modern-premier-7299709,modern-premier-7299709-2014-07-20
14,4,Abrupt Decay,,Spells,4,1,4 Color Gifts,TuSaisPas,444 tix,"$ 1,519",240944,2014-07-20,Modern Premier #7299709,modern,modern-premier-7299709,modern-premier-7299709-2014-07-20
15,1,Go for the Throat,,Spells,4,1,4 Color Gifts,TuSaisPas,444 tix,"$ 1,519",240944,2014-07-20,Modern Premier #7299709,modern,modern-premier-7299709,modern-premier-7299709-2014-07-20
16,1,Life from the Loam,,Spells,4,1,4 Color Gifts,TuSaisPas,444 tix,"$ 1,519",240944,2014-07-20,Modern Premier #7299709,modern,modern-premier-7299709,modern-premier-7299709-2014-07-20
17,2,Lingering Souls,,Spells,4,1,4 Color Gifts,TuSaisPas,444 tix,"$ 1,519",240944,2014-07-20,Modern Premier #7299709,modern,modern-premier-7299709,modern-premier-7299709-2014-07-20
18,1,Maelstrom Pulse,,Spells,4,1,4 Color Gifts,TuSaisPas,444 tix,"$ 1,519",240944,2014-07-20,Modern Premier #7299709,modern,modern-premier-7299709,modern-premier-7299709-2014-07-20
19,4,Gifts Ungiven,,Spells,4,1,4 Color Gifts,TuSaisPas,444 tix,"$ 1,519",240944,2014-07-20,Modern Premier #7299709,modern,modern-premier-7299709,modern-premier-7299709-2014-07-20
20,1,Unburial Rites,,Spells,4,1,4 Color Gifts,TuSaisPas,444 tix,"$ 1,519",240944,2014-07-20,Modern Premier #7299709,modern,modern-premier-7299709,modern-premier-7299709-2014-07-20
22,1,Batterskull,,Artifacts,4,1,4 Color Gifts,TuSaisPas,444 tix,"$ 1,519",240944,2014-07-20,Modern Premier #7299709,modern,modern-premier-7299709,modern-premier-7299709-2014-07-20
24,1,Breeding Pool,,Lands,4,1,4 Color Gifts,TuSaisPas,444 tix,"$ 1,519",240944,2014-07-20,Modern Premier #7299709,modern,modern-premier-7299709,modern-premier-7299709-2014-07-20
25,3,Creeping Tar Pit,,Lands,4,1,4 Color Gifts,TuSaisPas,444 tix,"$ 1,519",240944,2014-07-20,Modern Premier #7299709,modern,modern-premier-7299709,modern-premier-7299709-2014-07-20
26,1,Forest,,Lands,4,1,4 Color Gifts,TuSaisPas,444 tix,"$ 1,519",240944,2014-07-20,Modern Premier #7299709,modern,modern-premier-7299709,modern-premier-7299709-2014-07-20
27,1,Godless Shrine,,Lands,4,1,4 Color Gifts,TuSaisPas,444 tix,"$ 1,519",240944,2014-07-20,Modern Premier #7299709,modern,modern-premier-7299709,modern-premier-7299709-2014-07-20
28,1,Hallowed Fountain,,Lands,4,1,4 Color Gifts,TuSaisPas,444 tix,"$ 1,519",240944,2014-07-20,Modern Premier #7299709,modern,modern-premier-7299709,modern-premier-7299709-2014-07-20
29,1,Island,,Lands,4,1,4 Color Gifts,TuSaisPas,444 tix,"$ 1,519",240944,2014-07-20,Modern Premier #7299709,modern,modern-premier-7299709,modern-premier-7299709-2014-07-20
30,2,Marsh Flats,,Lands,4,1,4 Color Gifts,TuSaisPas,444 tix,"$ 1,519",240944,2014-07-20,Modern Premier #7299709,modern,modern-premier-7299709,modern-premier-7299709-2014-07-20
31,2,Misty Rainforest,,Lands,4,1,4 Color Gifts,TuSaisPas,444 tix,"$ 1,519",240944,2014-07-20,Modern Premier #7299709,modern,modern-premier-7299709,modern-premier-7299709-2014-07-20
32,1,Overgrown Tomb,,Lands,4,1,4 Color Gifts,TuSaisPas,444 tix,"$ 1,519",240944,2014-07-20,Modern Premier #7299709,modern,modern-premier-7299709,modern-premier-7299709-2014-07-20
33,1,Plains,,Lands,4,1,4 Color Gifts,TuSaisPas,444 tix,"$ 1,519",240944,2014-07-20,Modern Premier #7299709,modern,modern-premier-7299709,modern-premier-7299709-2014-07-20
34,2,Swamp,,Lands,4,1,4 Color Gifts,TuSaisPas,444 tix,"$ 1,519",240944,2014-07-20,Modern Premier #7299709,modern,modern-premier-7299709,modern-premier-7299709-2014-07-20
35,2,Tectonic Edge,,Lands,4,1,4 Color Gifts,TuSaisPas,444 tix,"$ 1,519",240944,2014-07-20,Modern Premier #7299709,modern,modern-premier-7299709,modern-premier-7299709-2014-07-20
36,1,Temple Garden,,Lands,4,1,4 Color Gifts,TuSaisPas,444 tix,"$ 1,519",240944,2014-07-20,Modern Premier #7299709,modern,modern-premier-7299709,modern-premier-7299709-2014-07-20
37,2,Twilight Mire,,Lands,4,1,4 Color Gifts,TuSaisPas,444 tix,"$ 1,519",240944,2014-07-20,Modern Premier #7299709,modern,modern-premier-7299709,modern-premier-7299709-2014-07-20
38,4,Verdant Catacombs,,Lands,4,1,4 Color Gifts,TuSaisPas,444 tix,"$ 1,519",240944,2014-07-20,Modern Premier #7299709,modern,modern-premier-7299709,modern-premier-7299709-2014-07-20
39,1,Watery Grave,,Lands,4,1,4 Color Gifts,TuSaisPas,444 tix,"$ 1,519",240944,2014-07-20,Modern Premier #7299709,modern,modern-premier-7299709,modern-premier-7299709-2014-07-20
41,1,Darkblast,,Sideboard,4,1,4 Color Gifts,TuSaisPas,444 tix,"$ 1,519",240944,2014-07-20,Modern Premier #7299709,modern,modern-premier-7299709,modern-premier-7299709-2014-07-20
42,2,Duress,,Sideboard,4,1,4 Color Gifts,TuSaisPas,444 tix,"$ 1,519",240944,2014-07-20,Modern Premier #7299709,modern,modern-premier-7299709,modern-premier-7299709-2014-07-20
43,1,Extirpate,,Sideboard,4,1,4 Color Gifts,TuSaisPas,444 tix,"$ 1,519",240944,2014-07-20,Modern Premier #7299709,modern,modern-premier-7299709,modern-premier-7299709-2014-07-20
44,1,Golgari Charm,,Sideboard,4,1,4 Color Gifts,TuSaisPas,444 tix,"$ 1,519",240944,2014-07-20,Modern Premier #7299709,modern,modern-premier-7299709,modern-premier-7299709-2014-07-20
45,1,Negate,,Sideboard,4,1,4 Color Gifts,TuSaisPas,444 tix,"$ 1,519",240944,2014-07-20,Modern Premier #7299709,modern,modern-premier-7299709,modern-premier-7299709-2014-07-20
46,3,Stony Silence,,Sideboard,4,1,4 Color Gifts,TuSaisPas,444 tix,"$ 1,519",240944,2014-07-20,Modern Premier #7299709,modern,modern-premier-7299709,modern-premier-7299709-2014-07-20
47,1,Torpor Orb,,Sideboard,4,1,4 Color Gifts,TuSaisPas,444 tix,"$ 1,519",240944,2014-07-20,Modern Premier #7299709,modern,modern-premier-7299709,modern-premier-7299709-2014-07-20
48,1,Unravel the Aether,,Sideboard,4,1,4 Color Gifts,TuSaisPas,444 tix,"$ 1,519",240944,2014-07-20,Modern Premier #7299709,modern,modern-premier-7299709,modern-premier-7299709-2014-07-20
49,1,Damnation,,Sideboard,4,1,4 Color Gifts,TuSaisPas,444 tix,"$ 1,519",240944,2014-07-20,Modern Premier #7299709,modern,modern-premier-7299709,modern-premier-7299709-2014-07-20
50,1,Wrath of God,,Sideboard,4,1,4 Color Gifts,TuSaisPas,444 tix,"$ 1,519",240944,2014-07-20,Modern Premier #7299709,modern,modern-premier-7299709,modern-premier-7299709-2014-07-20
51,1,Baneslayer Angel,,Sideboard,4,1,4 Color Gifts,TuSaisPas,444 tix,"$ 1,519",240944,2014-07-20,Modern Premier #7299709,modern,modern-premier-7299709,modern-premier-7299709-2014-07-20
52,1,Consecrated Sphinx,,Sideboard,4,1,4 Color Gifts,TuSaisPas,444 tix,"$ 1,519",240944,2014-07-20,Modern Premier #7299709,modern,modern-premier-7299709,modern-premier-7299709-2014-07-20
1,4,Goblin Guide,,Creatures,4,1,Burn,AnzuTheParrot,94 tix,$ 196,240946,2014-07-20,Modern Premier #7299709,modern,modern-premier-7299709,modern-premier-7299709-2014-07-20
2,4,Eidolon of the Great Revel,,Creatures,4,1,Burn,AnzuTheParrot,94 tix,$ 196,240946,2014-07-20,Modern Premier #7299709,modern,modern-premier-7299709,modern-premier-7299709-2014-07-20
3,4,Hellspark Elemental,,Creatures,4,1,Burn,AnzuTheParrot,94 tix,$ 196,240946,2014-07-20,Modern Premier #7299709,modern,modern-premier-7299709,modern-premier-7299709-2014-07-20
5,4,Lava Spike,,Spells,4,1,Burn,AnzuTheParrot,94 tix,$ 196,240946,2014-07-20,Modern Premier #7299709,modern,modern-premier-7299709,modern-premier-7299709-2014-07-20
6,4,Lightning Bolt,,Spells,4,1,Burn,AnzuTheParrot,94 tix,$ 196,240946,2014-07-20,Modern Premier #7299709,modern,modern-premier-7299709,modern-premier-7299709-2014-07-20
7,3,Shard Volley,,Spells,4,1,Burn,AnzuTheParrot,94 tix,$ 196,240946,2014-07-20,Modern Premier #7299709,modern,modern-premier-7299709,modern-premier-7299709-2014-07-20
8,2,Magma Jet,,Spells,4,1,Burn,AnzuTheParrot,94 tix,$ 196,240946,2014-07-20,Modern Premier #7299709,modern,modern-premier-7299709,modern-premier-7299709-2014-07-20
9,3,Searing Blaze,,Spells,4,1,Burn,AnzuTheParrot,94 tix,$ 196,240946,2014-07-20,Modern Premier #7299709,modern,modern-premier-7299709,modern-premier-7299709-2014-07-20
10,4,Skullcrack,,Spells,4,1,Burn,AnzuTheParrot,94 tix,$ 196,240946,2014-07-20,Modern Premier #7299709,modern,modern-premier-7299709,modern-premier-7299709-2014-07-20
11,4,Flames of the Blood Hand,,Spells,4,1,Burn,AnzuTheParrot,94 tix,$ 196,240946,2014-07-20,Modern Premier #7299709,modern,modern-premier-7299709,modern-premier-7299709-2014-07-20
12,4,Rift Bolt,,Spells,4,1,Burn,AnzuTheParrot,94 tix,$ 196,240946,2014-07-20,Modern Premier #7299709,modern,modern-premier-7299709,modern-premier-7299709-2014-07-20
14,20,Mountain,,Lands,4,1,Burn,AnzuTheParrot,94 tix,$ 196,240946,2014-07-20,Modern Premier #7299709,modern,modern-premier-7299709,modern-premier-7299709-2014-07-20
16,2,Grafdigger's Cage,,Sideboard,4,1,Burn,AnzuTheParrot,94 tix,$ 196,240946,2014-07-20,Modern Premier #7299709,modern,modern-premier-7299709,modern-premier-7299709-2014-07-20
17,3,Combust,,Sideboard,4,1,Burn,AnzuTheParrot,94 tix,$ 196,240946,2014-07-20,Modern Premier #7299709,modern,modern-premier-7299709,modern-premier-7299709-2014-07-20
18,2,Dragon's Claw,,Sideboard,4,1,Burn,AnzuTheParrot,94 tix,$ 196,240946,2014-07-20,Modern Premier #7299709,modern,modern-premier-7299709,modern-premier-7299709-2014-07-20
19,2,Searing Blood,,Sideboard,4,1,Burn,AnzuTheParrot,94 tix,$ 196,240946,2014-07-20,Modern Premier #7299709,modern,modern-premier-7299709,modern-premier-7299709-2014-07-20
20,3,Smash to Smithereens,,Sideboard,4,1,Burn,AnzuTheParrot,94 tix,$ 196,240946,2014-07-20,Modern Premier #7299709,modern,modern-premier-7299709,modern-premier-7299709-2014-07-20
21,3,Molten Rain,,Sideboard,4,1,Burn,AnzuTheParrot,94 tix,$ 196,240946,2014-07-20,Modern Premier #7299709,modern,modern-premier-7299709,modern-premier-7299709-2014-07-20
1,4,Wall of Omens,,Creatures,4,1,Dead Guy Ale,pelli,293 tix,$ 864,240943,2014-07-20,Modern Premier #7299709,modern,modern-premier-7299709,modern-premier-7299709-2014-07-20
2,1,Vampire Nighthawk,,Creatures,4,1,Dead Guy Ale,pelli,293 tix,$ 864,240943,2014-07-20,Modern Premier #7299709,modern,modern-premier-7299709,modern-premier-7299709-2014-07-20
3,2,Phyrexian Obliterator,,Creatures,4,1,Dead Guy Ale,pelli,293 tix,$ 864,240943,2014-07-20,Modern Premier #7299709,modern,modern-premier-7299709,modern-premier-7299709-2014-07-20
5,3,Liliana of the Veil,,Planeswalkers,4,1,Dead Guy Ale,pelli,293 tix,$ 864,240943,2014-07-20,Modern Premier #7299709,modern,modern-premier-7299709,modern-premier-7299709-2014-07-20
6,1,"Elspeth, Knight-Errant",,Planeswalkers,4,1,Dead Guy Ale,pelli,293 tix,$ 864,240943,2014-07-20,Modern Premier #7299709,modern,modern-premier-7299709,modern-premier-7299709-2014-07-20
7,2,"Sorin, Lord of Innistrad",,Planeswalkers,4,1,Dead Guy Ale,pelli,293 tix,$ 864,240943,2014-07-20,Modern Premier #7299709,modern,modern-premier-7299709,modern-premier-7299709-2014-07-20
9,1,Slaughter Pact,,Spells,4,1,Dead Guy Ale,pelli,293 tix,$ 864,240943,2014-07-20,Modern Premier #7299709,modern,modern-premier-7299709,modern-premier-7299709-2014-07-20
10,4,Inquisition of Kozilek,,Spells,4,1,Dead Guy Ale,pelli,293 tix,$ 864,240943,2014-07-20,Modern Premier #7299709,modern,modern-premier-7299709,modern-premier-7299709-2014-07-20
11,3,Thoughtseize,,Spells,4,1,Dead Guy Ale,pelli,293 tix,$ 864,240943,2014-07-20,Modern Premier #7299709,modern,modern-premier-7299709,modern-premier-7299709-2014-07-20
12,2,Doom Blade,,Spells,4,1,Dead Guy Ale,pelli,293 tix,$ 864,240943,2014-07-20,Modern Premier #7299709,modern,modern-premier-7299709,modern-premier-7299709-2014-07-20
13,4,Smallpox,,Spells,4,1,Dead Guy Ale,pelli,293 tix,$ 864,240943,2014-07-20,Modern Premier #7299709,modern,modern-premier-7299709,modern-premier-7299709-2014-07-20
14,2,Smother,,Spells,4,1,Dead Guy Ale,pelli,293 tix,$ 864,240943,2014-07-20,Modern Premier #7299709,modern,modern-premier-7299709,modern-premier-7299709-2014-07-20
15,4,Lingering Souls,,Spells,4,1,Dead Guy Ale,pelli,293 tix,$ 864,240943,2014-07-20,Modern Premier #7299709,modern,modern-premier-7299709,modern-premier-7299709-2014-07-20
16,2,Damnation,,Spells,4,1,Dead Guy Ale,pelli,293 tix,$ 864,240943,2014-07-20,Modern Premier #7299709,modern,modern-premier-7299709,modern-premier-7299709-2014-07-20
18,4,Godless Shrine,,Lands,4,1,Dead Guy Ale,pelli,293 tix,$ 864,240943,2014-07-20,Modern Premier #7299709,modern,modern-premier-7299709,modern-premier-7299709-2014-07-20
19,4,Isolated Chapel,,Lands,4,1,Dead Guy Ale,pelli,293 tix,$ 864,240943,2014-07-20,Modern Premier #7299709,modern,modern-premier-7299709,modern-premier-7299709-2014-07-20
20,4,Marsh Flats,,Lands,4,1,Dead Guy Ale,pelli,293 tix,$ 864,240943,2014-07-20,Modern Premier #7299709,modern,modern-premier-7299709,modern-premier-7299709-2014-07-20
21,2,Plains,,Lands,4,1,Dead Guy Ale,pelli,293 tix,$ 864,240943,2014-07-20,Modern Premier #7299709,modern,modern-premier-7299709,modern-premier-7299709-2014-07-20
22,4,Swamp,,Lands,4,1,Dead Guy Ale,pelli,293 tix,$ 864,240943,2014-07-20,Modern Premier #7299709,modern,modern-premier-7299709,modern-premier-7299709-2014-07-20
23,4,Tectonic Edge,,Lands,4,1,Dead Guy Ale,pelli,293 tix,$ 864,240943,2014-07-20,Modern Premier #7299709,modern,modern-premier-7299709,modern-premier-7299709-2014-07-20
24,2,Temple of Silence,,Lands,4,1,Dead Guy Ale,pelli,293 tix,$ 864,240943,2014-07-20,Modern Premier #7299709,modern,modern-premier-7299709,modern-premier-7299709-2014-07-20
25,1,Verdant Catacombs,,Lands,4,1,Dead Guy Ale,pelli,293 tix,$ 864,240943,2014-07-20,Modern Premier #7299709,modern,modern-premier-7299709,modern-premier-7299709-2014-07-20
27,2,Duress,,Sideboard,4,1,Dead Guy Ale,pelli,293 tix,$ 864,240943,2014-07-20,Modern Premier #7299709,modern,modern-premier-7299709,modern-premier-7299709-2014-07-20
28,2,"Kataki, War's Wage",,Sideboard,4,1,Dead Guy Ale,pelli,293 tix,$ 864,240943,2014-07-20,Modern Premier #7299709,modern,modern-premier-7299709,modern-premier-7299709-2014-07-20
29,2,Rest in Peace,,Sideboard,4,1,Dead Guy Ale,pelli,293 tix,$ 864,240943,2014-07-20,Modern Premier #7299709,modern,modern-premier-7299709,modern-premier-7299709-2014-07-20
30,2,Damping Matrix,,Sideboard,4,1,Dead Guy Ale,pelli,293 tix,$ 864,240943,2014-07-20,Modern Premier #7299709,modern,modern-premier-7299709,modern-premier-7299709-2014-07-20
31,2,Lifebane Zombie,,Sideboard,4,1,Dead Guy Ale,pelli,293 tix,$ 864,240943,2014-07-20,Modern Premier #7299709,modern,modern-premier-7299709,modern-premier-7299709-2014-07-20
32,2,Rain of Tears,,Sideboard,4,1,Dead Guy Ale,pelli,293 tix,$ 864,240943,2014-07-20,Modern Premier #7299709,modern,modern-premier-7299709,modern-premier-7299709-2014-07-20
33,1,Timely Reinforcements,,Sideboard,4,1,Dead Guy Ale,pelli,293 tix,$ 864,240943,2014-07-20,Modern Premier #7299709,modern,modern-premier-7299709,modern-premier-7299709-2014-07-20
34,1,Vampire Nighthawk,,Sideboard,4,1,Dead Guy Ale,pelli,293 tix,$ 864,240943,2014-07-20,Modern Premier #7299709,modern,modern-premier-7299709,modern-premier-7299709-2014-07-20
35,1,"Linvala, Keeper of Silence",,Sideboard,4,1,Dead Guy Ale,pelli,293 tix,$ 864,240943,2014-07-20,Modern Premier #7299709,modern,modern-premier-7299709,modern-premier-7299709-2014-07-20
1,3,Pack Rat,,Creatures,4,1,Faeries,osmanozguney,180 tix,$ 818,240938,2014-07-20,Modern Premier #7299709,modern,modern-premier-7299709,modern-premier-7299709-2014-07-20
2,3,Spellstutter Sprite,,Creatures,4,1,Faeries,osmanozguney,180 tix,$ 818,240938,2014-07-20,Modern Premier #7299709,modern,modern-premier-7299709,modern-premier-7299709-2014-07-20
3,3,Vendilion Clique,,Creatures,4,1,Faeries,osmanozguney,180 tix,$ 818,240938,2014-07-20,Modern Premier #7299709,modern,modern-premier-7299709,modern-premier-7299709-2014-07-20
4,3,Mistbind Clique,,Creatures,4,1,Faeries,osmanozguney,180 tix,$ 818,240938,2014-07-20,Modern Premier #7299709,modern,modern-premier-7299709,modern-premier-7299709-2014-07-20
6,3,Inquisition of Kozilek,,Spells,4,1,Faeries,osmanozguney,180 tix,$ 818,240938,2014-07-20,Modern Premier #7299709,modern,modern-premier-7299709,modern-premier-7299709-2014-07-20
7,3,Thoughtseize,,Spells,4,1,Faeries,osmanozguney,180 tix,$ 818,240938,2014-07-20,Modern Premier #7299709,modern,modern-premier-7299709,modern-premier-7299709-2014-07-20
8,1,Doom Blade,,Spells,4,1,Faeries,osmanozguney,180 tix,$ 818,240938,2014-07-20,Modern Premier #7299709,modern,modern-premier-7299709,modern-premier-7299709-2014-07-20
9,3,Mana Leak,,Spells,4,1,Faeries,osmanozguney,180 tix,$ 818,240938,2014-07-20,Modern Premier #7299709,modern,modern-premier-7299709,modern-premier-7299709-2014-07-20
10,2,Smother,,Spells,4,1,Faeries,osmanozguney,180 tix,$ 818,240938,2014-07-20,Modern Premier #7299709,modern,modern-premier-7299709,modern-premier-7299709-2014-07-20
11,1,Dismember,,Spells,4,1,Faeries,osmanozguney,180 tix,$ 818,240938,2014-07-20,Modern Premier #7299709,modern,modern-premier-7299709,modern-premier-7299709-2014-07-20
12,4,Cryptic Command,,Spells,4,1,Faeries,osmanozguney,180 tix,$ 818,240938,2014-07-20,Modern Premier #7299709,modern,modern-premier-7299709,modern-premier-7299709-2014-07-20
14,2,Sword of Feast and Famine,,Artifacts,4,1,Faeries,osmanozguney,180 tix,$ 818,240938,2014-07-20,Modern Premier #7299709,modern,modern-premier-7299709,modern-premier-7299709-2014-07-20
16,4,Bitterblossom,,Enchantments,4,1,Faeries,osmanozguney,180 tix,$ 818,240938,2014-07-20,Modern Premier #7299709,modern,modern-premier-7299709,modern-premier-7299709-2014-07-20
18,3,Creeping Tar Pit,,Lands,4,1,Faeries,osmanozguney,180 tix,$ 818,240938,2014-07-20,Modern Premier #7299709,modern,modern-premier-7299709,modern-premier-7299709-2014-07-20
19,4,Darkslick Shores,,Lands,4,1,Faeries,osmanozguney,180 tix,$ 818,240938,2014-07-20,Modern Premier #7299709,modern,modern-premier-7299709,modern-premier-7299709-2014-07-20
20,3,Island,,Lands,4,1,Faeries,osmanozguney,180 tix,$ 818,240938,2014-07-20,Modern Premier #7299709,modern,modern-premier-7299709,modern-premier-7299709-2014-07-20
21,4,Mutavault,,Lands,4,1,Faeries,osmanozguney,180 tix,$ 818,240938,2014-07-20,Modern Premier #7299709,modern,modern-premier-7299709,modern-premier-7299709-2014-07-20
22,4,River of Tears,,Lands,4,1,Faeries,osmanozguney,180 tix,$ 818,240938,2014-07-20,Modern Premier #7299709,modern,modern-premier-7299709,modern-premier-7299709-2014-07-20
23,4,Secluded Glen,,Lands,4,1,Faeries,osmanozguney,180 tix,$ 818,240938,2014-07-20,Modern Premier #7299709,modern,modern-premier-7299709,modern-premier-7299709-2014-07-20
24,2,Tectonic Edge,,Lands,4,1,Faeries,osmanozguney,180 tix,$ 818,240938,2014-07-20,Modern Premier #7299709,modern,modern-premier-7299709,modern-premier-7299709-2014-07-20
25,1,Watery Grave,,Lands,4,1,Faeries,osmanozguney,180 tix,$ 818,240938,2014-07-20,Modern Premier #7299709,modern,modern-premier-7299709,modern-premier-7299709-2014-07-20
27,1,Tectonic Edge,,Sideboard,4,1,Faeries,osmanozguney,180 tix,$ 818,240938,2014-07-20,Modern Premier #7299709,modern,modern-premier-7299709,modern-premier-7299709-2014-07-20
28,2,Disfigure,,Sideboard,4,1,Faeries,osmanozguney,180 tix,$ 818,240938,2014-07-20,Modern Premier #7299709,modern,modern-premier-7299709,modern-premier-7299709-2014-07-20
29,2,Spell Snare,,Sideboard,4,1,Faeries,osmanozguney,180 tix,$ 818,240938,2014-07-20,Modern Premier #7299709,modern,modern-premier-7299709,modern-premier-7299709-2014-07-20
30,2,Negate,,Sideboard,4,1,Faeries,osmanozguney,180 tix,$ 818,240938,2014-07-20,Modern Premier #7299709,modern,modern-premier-7299709,modern-premier-7299709-2014-07-20
31,3,Ratchet Bomb,,Sideboard,4,1,Faeries,osmanozguney,180 tix,$ 818,240938,2014-07-20,Modern Premier #7299709,modern,modern-premier-7299709,modern-premier-7299709-2014-07-20
32,2,Jace Beleren,,Sideboard,4,1,Faeries,osmanozguney,180 tix,$ 818,240938,2014-07-20,Modern Premier #7299709,modern,modern-premier-7299709,modern-premier-7299709-2014-07-20
33,3,Sower of Temptation,,Sideboard,4,1,Faeries,osmanozguney,180 tix,$ 818,240938,2014-07-20,Modern Premier #7299709,modern,modern-premier-7299709,modern-premier-7299709-2014-07-20
1,1,Figure of Destiny,,Creatures,4,1,Martyr Proc,katsuJP,120 tix,$ 553,240942,2014-07-20,Modern Premier #7299709,modern,modern-premier-7299709,modern-premier-7299709-2014-07-20
2,4,Martyr of Sands,,Creatures,4,1,Martyr Proc,katsuJP,120 tix,$ 553,240942,2014-07-20,Modern Premier #7299709,modern,modern-premier-7299709,modern-premier-7299709-2014-07-20
3,4,Serra Ascendant,,Creatures,4,1,Martyr Proc,katsuJP,120 tix,$ 553,240942,2014-07-20,Modern Premier #7299709,modern,modern-premier-7299709,modern-premier-7299709-2014-07-20
4,1,Weathered Wayfarer,,Creatures,4,1,Martyr Proc,katsuJP,120 tix,$ 553,240942,2014-07-20,Modern Premier #7299709,modern,modern-premier-7299709,modern-premier-7299709-2014-07-20
5,4,Squadron Hawk,,Creatures,4,1,Martyr Proc,katsuJP,120 tix,$ 553,240942,2014-07-20,Modern Premier #7299709,modern,modern-premier-7299709,modern-premier-7299709-2014-07-20
6,4,Ranger of Eos,,Creatures,4,1,Martyr Proc,katsuJP,120 tix,$ 553,240942,2014-07-20,Modern Premier #7299709,modern,modern-premier-7299709,modern-premier-7299709-2014-07-20
7,1,Sun Titan,,Creatures,4,1,Martyr Proc,katsuJP,120 tix,$ 553,240942,2014-07-20,Modern Premier #7299709,modern,modern-premier-7299709,modern-premier-7299709-2014-07-20
9,4,Path to Exile,,Spells,4,1,Martyr Proc,katsuJP,120 tix,$ 553,240942,2014-07-20,Modern Premier #7299709,modern,modern-premier-7299709,modern-premier-7299709-2014-07-20
10,2,Proclamation of Rebirth,,Spells,4,1,Martyr Proc,katsuJP,120 tix,$ 553,240942,2014-07-20,Modern Premier #7299709,modern,modern-premier-7299709,modern-premier-7299709-2014-07-20
11,4,Wrath of God,,Spells,4,1,Martyr Proc,katsuJP,120 tix,$ 553,240942,2014-07-20,Modern Premier #7299709,modern,modern-premier-7299709,modern-premier-7299709-2014-07-20
13,3,Banishing Light,,Enchantments,4,1,Martyr Proc,katsuJP,120 tix,$ 553,240942,2014-07-20,Modern Premier #7299709,modern,modern-premier-7299709,modern-premier-7299709-2014-07-20
14,4,Ghostly Prison,,Enchantments,4,1,Martyr Proc,katsuJP,120 tix,$ 553,240942,2014-07-20,Modern Premier #7299709,modern,modern-premier-7299709,modern-premier-7299709-2014-07-20
16,1,Cavern of Souls,,Lands,4,1,Martyr Proc,katsuJP,120 tix,$ 553,240942,2014-07-20,Modern Premier #7299709,modern,modern-premier-7299709,modern-premier-7299709-2014-07-20
17,2,"Emeria, the Sky Ruin",,Lands,4,1,Martyr Proc,katsuJP,120 tix,$ 553,240942,2014-07-20,Modern Premier #7299709,modern,modern-premier-7299709,modern-premier-7299709-2014-07-20
18,4,Flagstones of Trokair,,Lands,4,1,Martyr Proc,katsuJP,120 tix,$ 553,240942,2014-07-20,Modern Premier #7299709,modern,modern-premier-7299709,modern-premier-7299709-2014-07-20
19,4,Ghost Quarter,,Lands,4,1,Martyr Proc,katsuJP,120 tix,$ 553,240942,2014-07-20,Modern Premier #7299709,modern,modern-premier-7299709,modern-premier-7299709-2014-07-20
20,2,Mistveil Plains,,Lands,4,1,Martyr Proc,katsuJP,120 tix,$ 553,240942,2014-07-20,Modern Premier #7299709,modern,modern-premier-7299709,modern-premier-7299709-2014-07-20
21,11,Plains,,Lands,4,1,Martyr Proc,katsuJP,120 tix,$ 553,240942,2014-07-20,Modern Premier #7299709,modern,modern-premier-7299709,modern-premier-7299709-2014-07-20
23,1,Celestial Purge,,Sideboard,4,1,Martyr Proc,katsuJP,120 tix,$ 553,240942,2014-07-20,Modern Premier #7299709,modern,modern-premier-7299709,modern-premier-7299709-2014-07-20
24,2,Stony Silence,,Sideboard,4,1,Martyr Proc,katsuJP,120 tix,$ 553,240942,2014-07-20,Modern Premier #7299709,modern,modern-premier-7299709,modern-premier-7299709-2014-07-20
25,2,Suppression Field,,Sideboard,4,1,Martyr Proc,katsuJP,120 tix,$ 553,240942,2014-07-20,Modern Premier #7299709,modern,modern-premier-7299709,modern-premier-7299709-2014-07-20
26,2,Kitchen Finks,,Sideboard,4,1,Martyr Proc,katsuJP,120 tix,$ 553,240942,2014-07-20,Modern Premier #7299709,modern,modern-premier-7299709,modern-premier-7299709-2014-07-20
27,1,Day of Judgment,,Sideboard,4,1,Martyr Proc,katsuJP,120 tix,$ 553,240942,2014-07-20,Modern Premier #7299709,modern,modern-premier-7299709,modern-premier-7299709-2014-07-20
28,2,"Elspeth, Knight-Errant",,Sideboard,4,1,Martyr Proc,katsuJP,120 tix,$ 553,240942,2014-07-20,Modern Premier #7299709,modern,modern-premier-7299709,modern-premier-7299709-2014-07-20
29,3,Leyline of Sanctity,,Sideboard,4,1,Martyr Proc,katsuJP,120 tix,$ 553,240942,2014-07-20,Modern Premier #7299709,modern,modern-premier-7299709,modern-premier-7299709-2014-07-20
30,2,"Linvala, Keeper of Silence",,Sideboard,4,1,Martyr Proc,katsuJP,120 tix,$ 553,240942,2014-07-20,Modern Premier #7299709,modern,modern-premier-7299709,modern-premier-7299709-2014-07-20
1,4,Birds of Paradise,,Creatures,4,1,Melira Pod,Sneaky homunkulus,262 tix,$ 839,240936,2014-07-20,Modern Premier #7299709,modern,modern-premier-7299709,modern-premier-7299709-2014-07-20
2,3,Noble Hierarch,,Creatures,4,1,Melira Pod,Sneaky homunkulus,262 tix,$ 839,240936,2014-07-20,Modern Premier #7299709,modern,modern-premier-7299709,modern-premier-7299709-2014-07-20
3,1,Viscera Seer,,Creatures,4,1,Melira Pod,Sneaky homunkulus,262 tix,$ 839,240936,2014-07-20,Modern Premier #7299709,modern,modern-premier-7299709,modern-premier-7299709-2014-07-20
4,1,"Melira, Sylvok Outcast",,Creatures,4,1,Melira Pod,Sneaky homunkulus,262 tix,$ 839,240936,2014-07-20,Modern Premier #7299709,modern,modern-premier-7299709,modern-premier-7299709-2014-07-20
5,1,Qasali Pridemage,,Creatures,4,1,Melira Pod,Sneaky homunkulus,262 tix,$ 839,240936,2014-07-20,Modern Premier #7299709,modern,modern-premier-7299709,modern-premier-7299709-2014-07-20
6,1,Scavenging Ooze,,Creatures,4,1,Melira Pod,Sneaky homunkulus,262 tix,$ 839,240936,2014-07-20,Modern Premier #7299709,modern,modern-premier-7299709,modern-premier-7299709-2014-07-20
7,1,Spellskite,,Creatures,4,1,Melira Pod,Sneaky homunkulus,262 tix,$ 839,240936,2014-07-20,Modern Premier #7299709,modern,modern-premier-7299709,modern-premier-7299709-2014-07-20
8,3,Voice of Resurgence,,Creatures,4,1,Melira Pod,Sneaky homunkulus,262 tix,$ 839,240936,2014-07-20,Modern Premier #7299709,modern,modern-premier-7299709,modern-premier-7299709-2014-07-20
9,1,Wall of Roots,,Creatures,4,1,Melira Pod,Sneaky homunkulus,262 tix,$ 839,240936,2014-07-20,Modern Premier #7299709,modern,modern-premier-7299709,modern-premier-7299709-2014-07-20
10,1,Eternal Witness,,Creatures,4,1,Melira Pod,Sneaky homunkulus,262 tix,$ 839,240936,2014-07-20,Modern Premier #7299709,modern,modern-premier-7299709,modern-premier-7299709-2014-07-20
11,4,Kitchen Finks,,Creatures,4,1,Melira Pod,Sneaky homunkulus,262 tix,$ 839,240936,2014-07-20,Modern Premier #7299709,modern,modern-premier-7299709,modern-premier-7299709-2014-07-20
12,1,Orzhov Pontiff,,Creatures,4,1,Melira Pod,Sneaky homunkulus,262 tix,$ 839,240936,2014-07-20,Modern Premier #7299709,modern,modern-premier-7299709,modern-premier-7299709-2014-07-20
13,1,Sin Collector,,Creatures,4,1,Melira Pod,Sneaky homunkulus,262 tix,$ 839,240936,2014-07-20,Modern Premier #7299709,modern,modern-premier-7299709,modern-premier-7299709-2014-07-20
14,1,"Linvala, Keeper of Silence",,Creatures,4,1,Melira Pod,Sneaky homunkulus,262 tix,$ 839,240936,2014-07-20,Modern Premier #7299709,modern,modern-premier-7299709,modern-premier-7299709-2014-07-20
15,1,Murderous Redcap,,Creatures,4,1,Melira Pod,Sneaky homunkulus,262 tix,$ 839,240936,2014-07-20,Modern Premier #7299709,modern,modern-premier-7299709,modern-premier-7299709-2014-07-20
16,1,Ranger of Eos,,Creatures,4,1,Melira Pod,Sneaky homunkulus,262 tix,$ 839,240936,2014-07-20,Modern Premier #7299709,modern,modern-premier-7299709,modern-premier-7299709-2014-07-20
17,1,Restoration Angel,,Creatures,4,1,Melira Pod,Sneaky homunkulus,262 tix,$ 839,240936,2014-07-20,Modern Premier #7299709,modern,modern-premier-7299709,modern-premier-7299709-2014-07-20
18,1,Reveillark,,Creatures,4,1,Melira Pod,Sneaky homunkulus,262 tix,$ 839,240936,2014-07-20,Modern Premier #7299709,modern,modern-premier-7299709,modern-premier-7299709-2014-07-20
19,1,Shriekmaw,,Creatures,4,1,Melira Pod,Sneaky homunkulus,262 tix,$ 839,240936,2014-07-20,Modern Premier #7299709,modern,modern-premier-7299709,modern-premier-7299709-2014-07-20
21,2,Abrupt Decay,,Spells,4,1,Melira Pod,Sneaky homunkulus,262 tix,$ 839,240936,2014-07-20,Modern Premier #7299709,modern,modern-premier-7299709,modern-premier-7299709-2014-07-20
22,2,Chord of Calling,,Spells,4,1,Melira Pod,Sneaky homunkulus,262 tix,$ 839,240936,2014-07-20,Modern Premier #7299709,modern,modern-premier-7299709,modern-premier-7299709-2014-07-20
24,4,Birthing Pod,,Artifacts,4,1,Melira Pod,Sneaky homunkulus,262 tix,$ 839,240936,2014-07-20,Modern Premier #7299709,modern,modern-premier-7299709,modern-premier-7299709-2014-07-20
26,2,Forest,,Lands,4,1,Melira Pod,Sneaky homunkulus,262 tix,$ 839,240936,2014-07-20,Modern Premier #7299709,modern,modern-premier-7299709,modern-premier-7299709-2014-07-20
27,3,Gavony Township,,Lands,4,1,Melira Pod,Sneaky homunkulus,262 tix,$ 839,240936,2014-07-20,Modern Premier #7299709,modern,modern-premier-7299709,modern-premier-7299709-2014-07-20
28,1,Godless Shrine,,Lands,4,1,Melira Pod,Sneaky homunkulus,262 tix,$ 839,240936,2014-07-20,Modern Premier #7299709,modern,modern-premier-7299709,modern-premier-7299709-2014-07-20
29,4,Marsh Flats,,Lands,4,1,Melira Pod,Sneaky homunkulus,262 tix,$ 839,240936,2014-07-20,Modern Premier #7299709,modern,modern-premier-7299709,modern-premier-7299709-2014-07-20
30,2,Overgrown Tomb,,Lands,4,1,Melira Pod,Sneaky homunkulus,262 tix,$ 839,240936,2014-07-20,Modern Premier #7299709,modern,modern-premier-7299709,modern-premier-7299709-2014-07-20
31,1,Plains,,Lands,4,1,Melira Pod,Sneaky homunkulus,262 tix,$ 839,240936,2014-07-20,Modern Premier #7299709,modern,modern-premier-7299709,modern-premier-7299709-2014-07-20
32,3,Razorverge Thicket,,Lands,4,1,Melira Pod,Sneaky homunkulus,262 tix,$ 839,240936,2014-07-20,Modern Premier #7299709,modern,modern-premier-7299709,modern-premier-7299709-2014-07-20
33,1,Swamp,,Lands,4,1,Melira Pod,Sneaky homunkulus,262 tix,$ 839,240936,2014-07-20,Modern Premier #7299709,modern,modern-premier-7299709,modern-premier-7299709-2014-07-20
34,2,Temple Garden,,Lands,4,1,Melira Pod,Sneaky homunkulus,262 tix,$ 839,240936,2014-07-20,Modern Premier #7299709,modern,modern-premier-7299709,modern-premier-7299709-2014-07-20
35,4,Verdant Catacombs,,Lands,4,1,Melira Pod,Sneaky homunkulus,262 tix,$ 839,240936,2014-07-20,Modern Premier #7299709,modern,modern-premier-7299709,modern-premier-7299709-2014-07-20
37,1,Slaughter Pact,,Sideboard,4,1,Melira Pod,Sneaky homunkulus,262 tix,$ 839,240936,2014-07-20,Modern Premier #7299709,modern,modern-premier-7299709,modern-premier-7299709-2014-07-20
38,1,Path to Exile,,Sideboard,4,1,Melira Pod,Sneaky homunkulus,262 tix,$ 839,240936,2014-07-20,Modern Premier #7299709,modern,modern-premier-7299709,modern-premier-7299709-2014-07-20
39,4,Thoughtseize,,Sideboard,4,1,Melira Pod,Sneaky homunkulus,262 tix,$ 839,240936,2014-07-20,Modern Premier #7299709,modern,modern-premier-7299709,modern-premier-7299709-2014-07-20
40,1,Abrupt Decay,,Sideboard,4,1,Melira Pod,Sneaky homunkulus,262 tix,$ 839,240936,2014-07-20,Modern Premier #7299709,modern,modern-premier-7299709,modern-premier-7299709-2014-07-20
41,1,"Kataki, War's Wage",,Sideboard,4,1,Melira Pod,Sneaky homunkulus,262 tix,$ 839,240936,2014-07-20,Modern Premier #7299709,modern,modern-premier-7299709,modern-premier-7299709-2014-07-20
42,1,Scavenging Ooze,,Sideboard,4,1,Melira Pod,Sneaky homunkulus,262 tix,$ 839,240936,2014-07-20,Modern Premier #7299709,modern,modern-premier-7299709,modern-premier-7299709-2014-07-20
43,1,Aven Mindcensor,,Sideboard,4,1,Melira Pod,Sneaky homunkulus,262 tix,$ 839,240936,2014-07-20,Modern Premier #7299709,modern,modern-premier-7299709,modern-premier-7299709-2014-07-20
44,1,Eidolon of Rhetoric,,Sideboard,4,1,Melira Pod,Sneaky homunkulus,262 tix,$ 839,240936,2014-07-20,Modern Premier #7299709,modern,modern-premier-7299709,modern-premier-7299709-2014-07-20
45,1,Harmonic Sliver,,Sideboard,4,1,Melira Pod,Sneaky homunkulus,262 tix,$ 839,240936,2014-07-20,Modern Premier #7299709,modern,modern-premier-7299709,modern-premier-7299709-2014-07-20
46,1,Entomber Exarch,,Sideboard,4,1,Melira Pod,Sneaky homunkulus,262 tix,$ 839,240936,2014-07-20,Modern Premier #7299709,modern,modern-premier-7299709,modern-premier-7299709-2014-07-20
47,1,Obstinate Baloth,,Sideboard,4,1,Melira Pod,Sneaky homunkulus,262 tix,$ 839,240936,2014-07-20,Modern Premier #7299709,modern,modern-premier-7299709,modern-premier-7299709-2014-07-20
48,1,"Thrun, the Last Troll",,Sideboard,4,1,Melira Pod,Sneaky homunkulus,262 tix,$ 839,240936,2014-07-20,Modern Premier #7299709,modern,modern-premier-7299709,modern-premier-7299709-2014-07-20
1,2,Snapcaster Mage,,Creatures,4,1,UB Tron,madarameBK,248 tix,$ 896,240945,2014-07-20,Modern Premier #7299709,modern,modern-premier-7299709,modern-premier-7299709-2014-07-20
2,1,Solemn Simulacrum,,Creatures,4,1,UB Tron,madarameBK,248 tix,$ 896,240945,2014-07-20,Modern Premier #7299709,modern,modern-premier-7299709,modern-premier-7299709-2014-07-20
3,2,Wurmcoil Engine,,Creatures,4,1,UB Tron,madarameBK,248 tix,$ 896,240945,2014-07-20,Modern Premier #7299709,modern,modern-premier-7299709,modern-premier-7299709-2014-07-20
4,1,Platinum Angel,,Creatures,4,1,UB Tron,madarameBK,248 tix,$ 896,240945,2014-07-20,Modern Premier #7299709,modern,modern-premier-7299709,modern-premier-7299709-2014-07-20
6,1,Karn Liberated,,Planeswalkers,4,1,UB Tron,madarameBK,248 tix,$ 896,240945,2014-07-20,Modern Premier #7299709,modern,modern-premier-7299709,modern-premier-7299709-2014-07-20
8,3,Condescend,,Spells,4,1,UB Tron,madarameBK,248 tix,$ 896,240945,2014-07-20,Modern Premier #7299709,modern,modern-premier-7299709,modern-premier-7299709-2014-07-20
9,2,Inquisition of Kozilek,,Spells,4,1,UB Tron,madarameBK,248 tix,$ 896,240945,2014-07-20,Modern Premier #7299709,modern,modern-premier-7299709,modern-premier-7299709-2014-07-20
10,1,Go for the Throat,,Spells,4,1,UB Tron,madarameBK,248 tix,$ 896,240945,2014-07-20,Modern Premier #7299709,modern,modern-premier-7299709,modern-premier-7299709-2014-07-20
11,3,Remand,,Spells,4,1,UB Tron,madarameBK,248 tix,$ 896,240945,2014-07-20,Modern Premier #7299709,modern,modern-premier-7299709,modern-premier-7299709-2014-07-20
12,1,Smother,,Spells,4,1,UB Tron,madarameBK,248 tix,$ 896,240945,2014-07-20,Modern Premier #7299709,modern,modern-premier-7299709,modern-premier-7299709-2014-07-20
13,1,Dismember,,Spells,4,1,UB Tron,madarameBK,248 tix,$ 896,240945,2014-07-20,Modern Premier #7299709,modern,modern-premier-7299709,modern-premier-7299709-2014-07-20
14,4,Thirst for Knowledge,,Spells,4,1,UB Tron,madarameBK,248 tix,$ 896,240945,2014-07-20,Modern Premier #7299709,modern,modern-premier-7299709,modern-premier-7299709-2014-07-20
15,1,Damnation,,Spells,4,1,UB Tron,madarameBK,248 tix,$ 896,240945,2014-07-20,Modern Premier #7299709,modern,modern-premier-7299709,modern-premier-7299709-2014-07-20
16,1,Increasing Ambition,,Spells,4,1,UB Tron,madarameBK,248 tix,$ 896,240945,2014-07-20,Modern Premier #7299709,modern,modern-premier-7299709,modern-premier-7299709-2014-07-20
18,2,Engineered Explosives,,Artifacts,4,1,UB Tron,madarameBK,248 tix,$ 896,240945,2014-07-20,Modern Premier #7299709,modern,modern-premier-7299709,modern-premier-7299709-2014-07-20
19,2,Expedition Map,,Artifacts,4,1,UB Tron,madarameBK,248 tix,$ 896,240945,2014-07-20,Modern Premier #7299709,modern,modern-premier-7299709,modern-premier-7299709-2014-07-20
20,3,Dimir Signet,,Artifacts,4,1,UB Tron,madarameBK,248 tix,$ 896,240945,2014-07-20,Modern Premier #7299709,modern,modern-premier-7299709,modern-premier-7299709-2014-07-20
21,1,Oblivion Stone,,Artifacts,4,1,UB Tron,madarameBK,248 tix,$ 896,240945,2014-07-20,Modern Premier #7299709,modern,modern-premier-7299709,modern-premier-7299709-2014-07-20
22,2,Mindslaver,,Artifacts,4,1,UB Tron,madarameBK,248 tix,$ 896,240945,2014-07-20,Modern Premier #7299709,modern,modern-premier-7299709,modern-premier-7299709-2014-07-20
24,1,Night of Souls' Betrayal,,Enchantments,4,1,UB Tron,madarameBK,248 tix,$ 896,240945,2014-07-20,Modern Premier #7299709,modern,modern-premier-7299709,modern-premier-7299709-2014-07-20
26,1,Academy Ruins,,Lands,4,1,UB Tron,madarameBK,248 tix,$ 896,240945,2014-07-20,Modern Premier #7299709,modern,modern-premier-7299709,modern-premier-7299709-2014-07-20
27,4,Creeping Tar Pit,,Lands,4,1,UB Tron,madarameBK,248 tix,$ 896,240945,2014-07-20,Modern Premier #7299709,modern,modern-premier-7299709,modern-premier-7299709-2014-07-20
28,3,Darkslick Shores,,Lands,4,1,UB Tron,madarameBK,248 tix,$ 896,240945,2014-07-20,Modern Premier #7299709,modern,modern-premier-7299709,modern-premier-7299709-2014-07-20
29,1,Island,,Lands,4,1,UB Tron,madarameBK,248 tix,$ 896,240945,2014-07-20,Modern Premier #7299709,modern,modern-premier-7299709,modern-premier-7299709-2014-07-20
30,3,River of Tears,,Lands,4,1,UB Tron,madarameBK,248 tix,$ 896,240945,2014-07-20,Modern Premier #7299709,modern,modern-premier-7299709,modern-premier-7299709-2014-07-20
31,1,Swamp,,Lands,4,1,UB Tron,madarameBK,248 tix,$ 896,240945,2014-07-20,Modern Premier #7299709,modern,modern-premier-7299709,modern-premier-7299709-2014-07-20
32,4,Urza's Mine,,Lands,4,1,UB Tron,madarameBK,248 tix,$ 896,240945,2014-07-20,Modern Premier #7299709,modern,modern-premier-7299709,modern-premier-7299709-2014-07-20
33,4,Urza's Power Plant,,Lands,4,1,UB Tron,madarameBK,248 tix,$ 896,240945,2014-07-20,Modern Premier #7299709,modern,modern-premier-7299709,modern-premier-7299709-2014-07-20
34,4,Urza's Tower,,Lands,4,1,UB Tron,madarameBK,248 tix,$ 896,240945,2014-07-20,Modern Premier #7299709,modern,modern-premier-7299709,modern-premier-7299709-2014-07-20
36,2,Chalice of the Void,,Sideboard,4,1,UB Tron,madarameBK,248 tix,$ 896,240945,2014-07-20,Modern Premier #7299709,modern,modern-premier-7299709,modern-premier-7299709-2014-07-20
37,3,Disfigure,,Sideboard,4,1,UB Tron,madarameBK,248 tix,$ 896,240945,2014-07-20,Modern Premier #7299709,modern,modern-premier-7299709,modern-premier-7299709-2014-07-20
38,1,Pithing Needle,,Sideboard,4,1,UB Tron,madarameBK,248 tix,$ 896,240945,2014-07-20,Modern Premier #7299709,modern,modern-premier-7299709,modern-premier-7299709-2014-07-20
39,1,Spell Pierce,,Sideboard,4,1,UB Tron,madarameBK,248 tix,$ 896,240945,2014-07-20,Modern Premier #7299709,modern,modern-premier-7299709,modern-premier-7299709-2014-07-20
40,1,Spell Snare,,Sideboard,4,1,UB Tron,madarameBK,248 tix,$ 896,240945,2014-07-20,Modern Premier #7299709,modern,modern-premier-7299709,modern-premier-7299709-2014-07-20
41,1,Negate,,Sideboard,4,1,UB Tron,madarameBK,248 tix,$ 896,240945,2014-07-20,Modern Premier #7299709,modern,modern-premier-7299709,modern-premier-7299709-2014-07-20
42,1,Torpor Orb,,Sideboard,4,1,UB Tron,madarameBK,248 tix,$ 896,240945,2014-07-20,Modern Premier #7299709,modern,modern-premier-7299709,modern-premier-7299709-2014-07-20
43,1,Bottle Gnomes,,Sideboard,4,1,UB Tron,madarameBK,248 tix,$ 896,240945,2014-07-20,Modern Premier #7299709,modern,modern-premier-7299709,modern-premier-7299709-2014-07-20
44,1,Glen Elendra Archmage,,Sideboard,4,1,UB Tron,madarameBK,248 tix,$ 896,240945,2014-07-20,Modern Premier #7299709,modern,modern-premier-7299709,modern-premier-7299709-2014-07-20
45,2,Memoricide,,Sideboard,4,1,UB Tron,madarameBK,248 tix,$ 896,240945,2014-07-20,Modern Premier #7299709,modern,modern-premier-7299709,modern-premier-7299709-2014-07-20
46,1,Massacre Wurm,,Sideboard,4,1,UB Tron,madarameBK,248 tix,$ 896,240945,2014-07-20,Modern Premier #7299709,modern,modern-premier-7299709,modern-premier-7299709-2014-07-20
1,4,Snapcaster Mage,,Creatures,4,1,UWR Control,BobCat,379 tix,"$ 1,377",240941,2014-07-20,Modern Premier #7299709,modern,modern-premier-7299709,modern-premier-7299709-2014-07-20
2,4,Geist of Saint Traft,,Creatures,4,1,UWR Control,BobCat,379 tix,"$ 1,377",240941,2014-07-20,Modern Premier #7299709,modern,modern-premier-7299709,modern-premier-7299709-2014-07-20
3,2,Vendilion Clique,,Creatures,4,1,UWR Control,BobCat,379 tix,"$ 1,377",240941,2014-07-20,Modern Premier #7299709,modern,modern-premier-7299709,modern-premier-7299709-2014-07-20
4,2,Restoration Angel,,Creatures,4,1,UWR Control,BobCat,379 tix,"$ 1,377",240941,2014-07-20,Modern Premier #7299709,modern,modern-premier-7299709,modern-premier-7299709-2014-07-20
5,1,"Keranos, God of Storms",,Creatures,4,1,UWR Control,BobCat,379 tix,"$ 1,377",240941,2014-07-20,Modern Premier #7299709,modern,modern-premier-7299709,modern-premier-7299709-2014-07-20
7,4,Lightning Bolt,,Spells,4,1,UWR Control,BobCat,379 tix,"$ 1,377",240941,2014-07-20,Modern Premier #7299709,modern,modern-premier-7299709,modern-premier-7299709-2014-07-20
8,4,Path to Exile,,Spells,4,1,UWR Control,BobCat,379 tix,"$ 1,377",240941,2014-07-20,Modern Premier #7299709,modern,modern-premier-7299709,modern-premier-7299709-2014-07-20
9,4,Lightning Helix,,Spells,4,1,UWR Control,BobCat,379 tix,"$ 1,377",240941,2014-07-20,Modern Premier #7299709,modern,modern-premier-7299709,modern-premier-7299709-2014-07-20
10,2,Mana Leak,,Spells,4,1,UWR Control,BobCat,379 tix,"$ 1,377",240941,2014-07-20,Modern Premier #7299709,modern,modern-premier-7299709,modern-premier-7299709-2014-07-20
11,4,Remand,,Spells,4,1,UWR Control,BobCat,379 tix,"$ 1,377",240941,2014-07-20,Modern Premier #7299709,modern,modern-premier-7299709,modern-premier-7299709-2014-07-20
12,2,Electrolyze,,Spells,4,1,UWR Control,BobCat,379 tix,"$ 1,377",240941,2014-07-20,Modern Premier #7299709,modern,modern-premier-7299709,modern-premier-7299709-2014-07-20
13,2,Cryptic Command,,Spells,4,1,UWR Control,BobCat,379 tix,"$ 1,377",240941,2014-07-20,Modern Premier #7299709,modern,modern-premier-7299709,modern-premier-7299709-2014-07-20
15,3,Arid Mesa,,Lands,4,1,UWR Control,BobCat,379 tix,"$ 1,377",240941,2014-07-20,Modern Premier #7299709,modern,modern-premier-7299709,modern-premier-7299709-2014-07-20
16,4,Celestial Colonnade,,Lands,4,1,UWR Control,BobCat,379 tix,"$ 1,377",240941,2014-07-20,Modern Premier #7299709,modern,modern-premier-7299709,modern-premier-7299709-2014-07-20
17,1,Eiganjo Castle,,Lands,4,1,UWR Control,BobCat,379 tix,"$ 1,377",240941,2014-07-20,Modern Premier #7299709,modern,modern-premier-7299709,modern-premier-7299709-2014-07-20
18,2,Hallowed Fountain,,Lands,4,1,UWR Control,BobCat,379 tix,"$ 1,377",240941,2014-07-20,Modern Premier #7299709,modern,modern-premier-7299709,modern-premier-7299709-2014-07-20
19,2,Island,,Lands,4,1,UWR Control,BobCat,379 tix,"$ 1,377",240941,2014-07-20,Modern Premier #7299709,modern,modern-premier-7299709,modern-premier-7299709-2014-07-20
20,1,Mountain,,Lands,4,1,UWR Control,BobCat,379 tix,"$ 1,377",240941,2014-07-20,Modern Premier #7299709,modern,modern-premier-7299709,modern-premier-7299709-2014-07-20
21,1,Plains,,Lands,4,1,UWR Control,BobCat,379 tix,"$ 1,377",240941,2014-07-20,Modern Premier #7299709,modern,modern-premier-7299709,modern-premier-7299709-2014-07-20
22,1,Sacred Foundry,,Lands,4,1,UWR Control,BobCat,379 tix,"$ 1,377",240941,2014-07-20,Modern Premier #7299709,modern,modern-premier-7299709,modern-premier-7299709-2014-07-20
23,4,Scalding Tarn,,Lands,4,1,UWR Control,BobCat,379 tix,"$ 1,377",240941,2014-07-20,Modern Premier #7299709,modern,modern-premier-7299709,modern-premier-7299709-2014-07-20
24,2,Steam Vents,,Lands,4,1,UWR Control,BobCat,379 tix,"$ 1,377",240941,2014-07-20,Modern Premier #7299709,modern,modern-premier-7299709,modern-premier-7299709-2014-07-20
25,1,Sulfur Falls,,Lands,4,1,UWR Control,BobCat,379 tix,"$ 1,377",240941,2014-07-20,Modern Premier #7299709,modern,modern-premier-7299709,modern-premier-7299709-2014-07-20
26,3,Tectonic Edge,,Lands,4,1,UWR Control,BobCat,379 tix,"$ 1,377",240941,2014-07-20,Modern Premier #7299709,modern,modern-premier-7299709,modern-premier-7299709-2014-07-20
28,1,Engineered Explosives,,Sideboard,4,1,UWR Control,BobCat,379 tix,"$ 1,377",240941,2014-07-20,Modern Premier #7299709,modern,modern-premier-7299709,modern-premier-7299709-2014-07-20
29,1,Wear & Tear,,Sideboard,4,1,UWR Control,BobCat,379 tix,"$ 1,377",240941,2014-07-20,Modern Premier #7299709,modern,modern-premier-7299709,modern-premier-7299709-2014-07-20
30,2,Pillar of Flame,,Sideboard,4,1,UWR Control,BobCat,379 tix,"$ 1,377",240941,2014-07-20,Modern Premier #7299709,modern,modern-premier-7299709,modern-premier-7299709-2014-07-20
31,1,Pithing Needle,,Sideboard,4,1,UWR Control,BobCat,379 tix,"$ 1,377",240941,2014-07-20,Modern Premier #7299709,modern,modern-premier-7299709,modern-premier-7299709-2014-07-20
32,1,Stony Silence,,Sideboard,4,1,UWR Control,BobCat,379 tix,"$ 1,377",240941,2014-07-20,Modern Premier #7299709,modern,modern-premier-7299709,modern-premier-7299709-2014-07-20
33,1,Anger of the Gods,,Sideboard,4,1,UWR Control,BobCat,379 tix,"$ 1,377",240941,2014-07-20,Modern Premier #7299709,modern,modern-premier-7299709,modern-premier-7299709-2014-07-20
34,2,Aven Mindcensor,,Sideboard,4,1,UWR Control,BobCat,379 tix,"$ 1,377",240941,2014-07-20,Modern Premier #7299709,modern,modern-premier-7299709,modern-premier-7299709-2014-07-20
35,2,Counterflux,,Sideboard,4,1,UWR Control,BobCat,379 tix,"$ 1,377",240941,2014-07-20,Modern Premier #7299709,modern,modern-premier-7299709,modern-premier-7299709-2014-07-20
36,2,Timely Reinforcements,,Sideboard,4,1,UWR Control,BobCat,379 tix,"$ 1,377",240941,2014-07-20,Modern Premier #7299709,modern,modern-premier-7299709,modern-premier-7299709-2014-07-20
37,1,Sowing Salt,,Sideboard,4,1,UWR Control,BobCat,379 tix,"$ 1,377",240941,2014-07-20,Modern Premier #7299709,modern,modern-premier-7299709,modern-premier-7299709-2014-07-20
38,1,Batterskull,,Sideboard,4,1,UWR Control,BobCat,379 tix,"$ 1,377",240941,2014-07-20,Modern Premier #7299709,modern,modern-premier-7299709,modern-premier-7299709-2014-07-20
1,4,Gladecover Scout,,Creatures,3,2,Bogles,Karstinen,41 tix,$ 166,240950,2014-07-20,Modern Premier #7299709,modern,modern-premier-7299709,modern-premier-7299709-2014-07-20
2,4,Slippery Bogle,,Creatures,3,2,Bogles,Karstinen,41 tix,$ 166,240950,2014-07-20,Modern Premier #7299709,modern,modern-premier-7299709,modern-premier-7299709-2014-07-20
3,4,Kor Spiritdancer,,Creatures,3,2,Bogles,Karstinen,41 tix,$ 166,240950,2014-07-20,Modern Premier #7299709,modern,modern-premier-7299709,modern-premier-7299709-2014-07-20
5,2,Path to Exile,,Spells,3,2,Bogles,Karstinen,41 tix,$ 166,240950,2014-07-20,Modern Premier #7299709,modern,modern-premier-7299709,modern-premier-7299709-2014-07-20
7,4,Ethereal Armor,,Enchantments,3,2,Bogles,Karstinen,41 tix,$ 166,240950,2014-07-20,Modern Premier #7299709,modern,modern-premier-7299709,modern-premier-7299709-2014-07-20
8,4,Hyena Umbra,,Enchantments,3,2,Bogles,Karstinen,41 tix,$ 166,240950,2014-07-20,Modern Premier #7299709,modern,modern-premier-7299709,modern-premier-7299709-2014-07-20
9,2,Keen Sense,,Enchantments,3,2,Bogles,Karstinen,41 tix,$ 166,240950,2014-07-20,Modern Premier #7299709,modern,modern-premier-7299709,modern-premier-7299709-2014-07-20
10,4,Rancor,,Enchantments,3,2,Bogles,Karstinen,41 tix,$ 166,240950,2014-07-20,Modern Premier #7299709,modern,modern-premier-7299709,modern-premier-7299709-2014-07-20
11,4,Spider Umbra,,Enchantments,3,2,Bogles,Karstinen,41 tix,$ 166,240950,2014-07-20,Modern Premier #7299709,modern,modern-premier-7299709,modern-premier-7299709-2014-07-20
12,2,Spirit Link,,Enchantments,3,2,Bogles,Karstinen,41 tix,$ 166,240950,2014-07-20,Modern Premier #7299709,modern,modern-premier-7299709,modern-premier-7299709-2014-07-20
13,4,Spirit Mantle,,Enchantments,3,2,Bogles,Karstinen,41 tix,$ 166,240950,2014-07-20,Modern Premier #7299709,modern,modern-premier-7299709,modern-premier-7299709-2014-07-20
14,2,Unflinching Courage,,Enchantments,3,2,Bogles,Karstinen,41 tix,$ 166,240950,2014-07-20,Modern Premier #7299709,modern,modern-premier-7299709,modern-premier-7299709-2014-07-20
16,4,Brushland,,Lands,3,2,Bogles,Karstinen,41 tix,$ 166,240950,2014-07-20,Modern Premier #7299709,modern,modern-premier-7299709,modern-premier-7299709-2014-07-20
17,7,Forest,,Lands,3,2,Bogles,Karstinen,41 tix,$ 166,240950,2014-07-20,Modern Premier #7299709,modern,modern-premier-7299709,modern-premier-7299709-2014-07-20
18,7,Plains,,Lands,3,2,Bogles,Karstinen,41 tix,$ 166,240950,2014-07-20,Modern Premier #7299709,modern,modern-premier-7299709,modern-premier-7299709-2014-07-20
19,2,Temple Garden,,Lands,3,2,Bogles,Karstinen,41 tix,$ 166,240950,2014-07-20,Modern Premier #7299709,modern,modern-premier-7299709,modern-premier-7299709-2014-07-20
21,1,Keen Sense,,Sideboard,3,2,Bogles,Karstinen,41 tix,$ 166,240950,2014-07-20,Modern Premier #7299709,modern,modern-premier-7299709,modern-premier-7299709-2014-07-20
22,4,Nature's Claim,,Sideboard,3,2,Bogles,Karstinen,41 tix,$ 166,240950,2014-07-20,Modern Premier #7299709,modern,modern-premier-7299709,modern-premier-7299709-2014-07-20
23,2,Spirit Link,,Sideboard,3,2,Bogles,Karstinen,41 tix,$ 166,240950,2014-07-20,Modern Premier #7299709,modern,modern-premier-7299709,modern-premier-7299709-2014-07-20
24,2,Rest in Peace,,Sideboard,3,2,Bogles,Karstinen,41 tix,$ 166,240950,2014-07-20,Modern Premier #7299709,modern,modern-premier-7299709,modern-premier-7299709-2014-07-20
25,2,Stony Silence,,Sideboard,3,2,Bogles,Karstinen,41 tix,$ 166,240950,2014-07-20,Modern Premier #7299709,modern,modern-premier-7299709,modern-premier-7299709-2014-07-20
26,4,Suppression Field,,Sideboard,3,2,Bogles,Karstinen,41 tix,$ 166,240950,2014-07-20,Modern Premier #7299709,modern,modern-premier-7299709,modern-premier-7299709-2014-07-20
1,4,Goblin Guide,,Creatures,3,2,Mono R Burn,AlejandroAArenas,121 tix,$ 355,240947,2014-07-20,Modern Premier #7299709,modern,modern-premier-7299709,modern-premier-7299709-2014-07-20
2,4,Spark Elemental,,Creatures,3,2,Mono R Burn,AlejandroAArenas,121 tix,$ 355,240947,2014-07-20,Modern Premier #7299709,modern,modern-premier-7299709,modern-premier-7299709-2014-07-20
3,4,Eidolon of the Great Revel,,Creatures,3,2,Mono R Burn,AlejandroAArenas,121 tix,$ 355,240947,2014-07-20,Modern Premier #7299709,modern,modern-premier-7299709,modern-premier-7299709-2014-07-20
5,4,Lava Spike,,Spells,3,2,Mono R Burn,AlejandroAArenas,121 tix,$ 355,240947,2014-07-20,Modern Premier #7299709,modern,modern-premier-7299709,modern-premier-7299709-2014-07-20
6,4,Lightning Bolt,,Spells,3,2,Mono R Burn,AlejandroAArenas,121 tix,$ 355,240947,2014-07-20,Modern Premier #7299709,modern,modern-premier-7299709,modern-premier-7299709-2014-07-20
7,4,Shard Volley,,Spells,3,2,Mono R Burn,AlejandroAArenas,121 tix,$ 355,240947,2014-07-20,Modern Premier #7299709,modern,modern-premier-7299709,modern-premier-7299709-2014-07-20
8,3,Searing Blaze,,Spells,3,2,Mono R Burn,AlejandroAArenas,121 tix,$ 355,240947,2014-07-20,Modern Premier #7299709,modern,modern-premier-7299709,modern-premier-7299709-2014-07-20
9,1,Searing Blood,,Spells,3,2,Mono R Burn,AlejandroAArenas,121 tix,$ 355,240947,2014-07-20,Modern Premier #7299709,modern,modern-premier-7299709,modern-premier-7299709-2014-07-20
10,4,Skullcrack,,Spells,3,2,Mono R Burn,AlejandroAArenas,121 tix,$ 355,240947,2014-07-20,Modern Premier #7299709,modern,modern-premier-7299709,modern-premier-7299709-2014-07-20
11,4,Flames of the Blood Hand,,Spells,3,2,Mono R Burn,AlejandroAArenas,121 tix,$ 355,240947,2014-07-20,Modern Premier #7299709,modern,modern-premier-7299709,modern-premier-7299709-2014-07-20
12,4,Rift Bolt,,Spells,3,2,Mono R Burn,AlejandroAArenas,121 tix,$ 355,240947,2014-07-20,Modern Premier #7299709,modern,modern-premier-7299709,modern-premier-7299709-2014-07-20
14,4,Arid Mesa,,Lands,3,2,Mono R Burn,AlejandroAArenas,121 tix,$ 355,240947,2014-07-20,Modern Premier #7299709,modern,modern-premier-7299709,modern-premier-7299709-2014-07-20
15,16,Mountain,,Lands,3,2,Mono R Burn,AlejandroAArenas,121 tix,$ 355,240947,2014-07-20,Modern Premier #7299709,modern,modern-premier-7299709,modern-premier-7299709-2014-07-20
17,2,Relic of Progenitus,,Sideboard,3,2,Mono R Burn,AlejandroAArenas,121 tix,$ 355,240947,2014-07-20,Modern Premier #7299709,modern,modern-premier-7299709,modern-premier-7299709-2014-07-20
18,2,Combust,,Sideboard,3,2,Mono R Burn,AlejandroAArenas,121 tix,$ 355,240947,2014-07-20,Modern Premier #7299709,modern,modern-premier-7299709,modern-premier-7299709-2014-07-20
19,2,Searing Blood,,Sideboard,3,2,Mono R Burn,AlejandroAArenas,121 tix,$ 355,240947,2014-07-20,Modern Premier #7299709,modern,modern-premier-7299709,modern-premier-7299709-2014-07-20
20,4,Smash to Smithereens,,Sideboard,3,2,Mono R Burn,AlejandroAArenas,121 tix,$ 355,240947,2014-07-20,Modern Premier #7299709,modern,modern-premier-7299709,modern-premier-7299709-2014-07-20
21,1,Spellskite,,Sideboard,3,2,Mono R Burn,AlejandroAArenas,121 tix,$ 355,240947,2014-07-20,Modern Premier #7299709,modern,modern-premier-7299709,modern-premier-7299709-2014-07-20
22,1,Anger of the Gods,,Sideboard,3,2,Mono R Burn,AlejandroAArenas,121 tix,$ 355,240947,2014-07-20,Modern Premier #7299709,modern,modern-premier-7299709,modern-premier-7299709-2014-07-20
23,3,Molten Rain,,Sideboard,3,2,Mono R Burn,AlejandroAArenas,121 tix,$ 355,240947,2014-07-20,Modern Premier #7299709,modern,modern-premier-7299709,modern-premier-7299709-2014-07-20
1,2,Grim Lavamancer,,Creatures,3,2,Splinter Twin,Shogaku,227 tix,$ 834,240948,2014-07-20,Modern Premier #7299709,modern,modern-premier-7299709,modern-premier-7299709-2014-07-20
2,3,Spellskite,,Creatures,3,2,Splinter Twin,Shogaku,227 tix,$ 834,240948,2014-07-20,Modern Premier #7299709,modern,modern-premier-7299709,modern-premier-7299709-2014-07-20
3,4,Deceiver Exarch,,Creatures,3,2,Splinter Twin,Shogaku,227 tix,$ 834,240948,2014-07-20,Modern Premier #7299709,modern,modern-premier-7299709,modern-premier-7299709-2014-07-20
4,3,Pestermite,,Creatures,3,2,Splinter Twin,Shogaku,227 tix,$ 834,240948,2014-07-20,Modern Premier #7299709,modern,modern-premier-7299709,modern-premier-7299709-2014-07-20
5,2,"Kiki-Jiki, Mirror Breaker",,Creatures,3,2,Splinter Twin,Shogaku,227 tix,$ 834,240948,2014-07-20,Modern Premier #7299709,modern,modern-premier-7299709,modern-premier-7299709-2014-07-20
7,2,Dispel,,Spells,3,2,Splinter Twin,Shogaku,227 tix,$ 834,240948,2014-07-20,Modern Premier #7299709,modern,modern-premier-7299709,modern-premier-7299709-2014-07-20
8,2,Flame Slash,,Spells,3,2,Splinter Twin,Shogaku,227 tix,$ 834,240948,2014-07-20,Modern Premier #7299709,modern,modern-premier-7299709,modern-premier-7299709-2014-07-20
9,4,Serum Visions,,Spells,3,2,Splinter Twin,Shogaku,227 tix,$ 834,240948,2014-07-20,Modern Premier #7299709,modern,modern-premier-7299709,modern-premier-7299709-2014-07-20
10,2,Sleight of Hand,,Spells,3,2,Splinter Twin,Shogaku,227 tix,$ 834,240948,2014-07-20,Modern Premier #7299709,modern,modern-premier-7299709,modern-premier-7299709-2014-07-20
11,2,Spell Pierce,,Spells,3,2,Splinter Twin,Shogaku,227 tix,$ 834,240948,2014-07-20,Modern Premier #7299709,modern,modern-premier-7299709,modern-premier-7299709-2014-07-20
12,1,Negate,,Spells,3,2,Splinter Twin,Shogaku,227 tix,$ 834,240948,2014-07-20,Modern Premier #7299709,modern,modern-premier-7299709,modern-premier-7299709-2014-07-20
13,2,Remand,,Spells,3,2,Splinter Twin,Shogaku,227 tix,$ 834,240948,2014-07-20,Modern Premier #7299709,modern,modern-premier-7299709,modern-premier-7299709-2014-07-20
14,1,Thirst for Knowledge,,Spells,3,2,Splinter Twin,Shogaku,227 tix,$ 834,240948,2014-07-20,Modern Premier #7299709,modern,modern-premier-7299709,modern-premier-7299709-2014-07-20
15,1,Jace's Ingenuity,,Spells,3,2,Splinter Twin,Shogaku,227 tix,$ 834,240948,2014-07-20,Modern Premier #7299709,modern,modern-premier-7299709,modern-premier-7299709-2014-07-20
17,2,Blood Moon,,Enchantments,3,2,Splinter Twin,Shogaku,227 tix,$ 834,240948,2014-07-20,Modern Premier #7299709,modern,modern-premier-7299709,modern-premier-7299709-2014-07-20
18,4,Splinter Twin,,Enchantments,3,2,Splinter Twin,Shogaku,227 tix,$ 834,240948,2014-07-20,Modern Premier #7299709,modern,modern-premier-7299709,modern-premier-7299709-2014-07-20
20,1,Breeding Pool,,Lands,3,2,Splinter Twin,Shogaku,227 tix,$ 834,240948,2014-07-20,Modern Premier #7299709,modern,modern-premier-7299709,modern-premier-7299709-2014-07-20
21,1,Cascade Bluffs,,Lands,3,2,Splinter Twin,Shogaku,227 tix,$ 834,240948,2014-07-20,Modern Premier #7299709,modern,modern-premier-7299709,modern-premier-7299709-2014-07-20
22,1,Desolate Lighthouse,,Lands,3,2,Splinter Twin,Shogaku,227 tix,$ 834,240948,2014-07-20,Modern Premier #7299709,modern,modern-premier-7299709,modern-premier-7299709-2014-07-20
23,5,Island,,Lands,3,2,Splinter Twin,Shogaku,227 tix,$ 834,240948,2014-07-20,Modern Premier #7299709,modern,modern-premier-7299709,modern-premier-7299709-2014-07-20
24,3,Misty Rainforest,,Lands,3,2,Splinter Twin,Shogaku,227 tix,$ 834,240948,2014-07-20,Modern Premier #7299709,modern,modern-premier-7299709,modern-premier-7299709-2014-07-20
25,2,Mountain,,Lands,3,2,Splinter Twin,Shogaku,227 tix,$ 834,240948,2014-07-20,Modern Premier #7299709,modern,modern-premier-7299709,modern-premier-7299709-2014-07-20
26,4,Scalding Tarn,,Lands,3,2,Splinter Twin,Shogaku,227 tix,$ 834,240948,2014-07-20,Modern Premier #7299709,modern,modern-premier-7299709,modern-premier-7299709-2014-07-20
27,3,Steam Vents,,Lands,3,2,Splinter Twin,Shogaku,227 tix,$ 834,240948,2014-07-20,Modern Premier #7299709,modern,modern-premier-7299709,modern-premier-7299709-2014-07-20
28,1,Stomping Ground,,Lands,3,2,Splinter Twin,Shogaku,227 tix,$ 834,240948,2014-07-20,Modern Premier #7299709,modern,modern-premier-7299709,modern-premier-7299709-2014-07-20
29,2,Sulfur Falls,,Lands,3,2,Splinter Twin,Shogaku,227 tix,$ 834,240948,2014-07-20,Modern Premier #7299709,modern,modern-premier-7299709,modern-premier-7299709-2014-07-20
31,2,Relic of Progenitus,,Sideboard,3,2,Splinter Twin,Shogaku,227 tix,$ 834,240948,2014-07-20,Modern Premier #7299709,modern,modern-premier-7299709,modern-premier-7299709-2014-07-20
32,2,Ancient Grudge,,Sideboard,3,2,Splinter Twin,Shogaku,227 tix,$ 834,240948,2014-07-20,Modern Premier #7299709,modern,modern-premier-7299709,modern-premier-7299709-2014-07-20
33,2,Echoing Truth,,Sideboard,3,2,Splinter Twin,Shogaku,227 tix,$ 834,240948,2014-07-20,Modern Premier #7299709,modern,modern-premier-7299709,modern-premier-7299709-2014-07-20
34,1,Flashfreeze,,Sideboard,3,2,Splinter Twin,Shogaku,227 tix,$ 834,240948,2014-07-20,Modern Premier #7299709,modern,modern-premier-7299709,modern-premier-7299709-2014-07-20
35,1,Hurkyl's Recall,,Sideboard,3,2,Splinter Twin,Shogaku,227 tix,$ 834,240948,2014-07-20,Modern Premier #7299709,modern,modern-premier-7299709,modern-premier-7299709-2014-07-20
36,2,Anger of the Gods,,Sideboard,3,2,Splinter Twin,Shogaku,227 tix,$ 834,240948,2014-07-20,Modern Premier #7299709,modern,modern-premier-7299709,modern-premier-7299709-2014-07-20
37,1,Counterflux,,Sideboard,3,2,Splinter Twin,Shogaku,227 tix,$ 834,240948,2014-07-20,Modern Premier #7299709,modern,modern-premier-7299709,modern-premier-7299709-2014-07-20
38,1,Sword of Feast and Famine,,Sideboard,3,2,Splinter Twin,Shogaku,227 tix,$ 834,240948,2014-07-20,Modern Premier #7299709,modern,modern-premier-7299709,modern-premier-7299709-2014-07-20
39,1,Sword of Fire and Ice,,Sideboard,3,2,Splinter Twin,Shogaku,227 tix,$ 834,240948,2014-07-20,Modern Premier #7299709,modern,modern-premier-7299709,modern-premier-7299709-2014-07-20
40,1,Vendilion Clique,,Sideboard,3,2,Splinter Twin,Shogaku,227 tix,$ 834,240948,2014-07-20,Modern Premier #7299709,modern,modern-premier-7299709,modern-premier-7299709-2014-07-20
41,1,"Teferi, Mage of Zhalfir",,Sideboard,3,2,Splinter Twin,Shogaku,227 tix,$ 834,240948,2014-07-20,Modern Premier #7299709,modern,modern-premier-7299709,modern-premier-7299709-2014-07-20
1,4,Delver of Secrets,,Creatures,3,2,UR Delver,vojtino,141 tix,$ 704,240949,2014-07-20,Modern Premier #7299709,modern,modern-premier-7299709,modern-premier-7299709-2014-07-20
2,2,Grim Lavamancer,,Creatures,3,2,UR Delver,vojtino,141 tix,$ 704,240949,2014-07-20,Modern Premier #7299709,modern,modern-premier-7299709,modern-premier-7299709-2014-07-20
3,4,Snapcaster Mage,,Creatures,3,2,UR Delver,vojtino,141 tix,$ 704,240949,2014-07-20,Modern Premier #7299709,modern,modern-premier-7299709,modern-premier-7299709-2014-07-20
4,4,Young Pyromancer,,Creatures,3,2,UR Delver,vojtino,141 tix,$ 704,240949,2014-07-20,Modern Premier #7299709,modern,modern-premier-7299709,modern-premier-7299709-2014-07-20
6,4,Gitaxian Probe,,Spells,3,2,UR Delver,vojtino,141 tix,$ 704,240949,2014-07-20,Modern Premier #7299709,modern,modern-premier-7299709,modern-premier-7299709-2014-07-20
7,4,Lightning Bolt,,Spells,3,2,UR Delver,vojtino,141 tix,$ 704,240949,2014-07-20,Modern Premier #7299709,modern,modern-premier-7299709,modern-premier-7299709-2014-07-20
8,2,Pillar of Flame,,Spells,3,2,UR Delver,vojtino,141 tix,$ 704,240949,2014-07-20,Modern Premier #7299709,modern,modern-premier-7299709,modern-premier-7299709-2014-07-20
9,4,Serum Visions,,Spells,3,2,UR Delver,vojtino,141 tix,$ 704,240949,2014-07-20,Modern Premier #7299709,modern,modern-premier-7299709,modern-premier-7299709-2014-07-20
10,1,Spell Pierce,,Spells,3,2,UR Delver,vojtino,141 tix,$ 704,240949,2014-07-20,Modern Premier #7299709,modern,modern-premier-7299709,modern-premier-7299709-2014-07-20
11,2,Spell Snare,,Spells,3,2,UR Delver,vojtino,141 tix,$ 704,240949,2014-07-20,Modern Premier #7299709,modern,modern-premier-7299709,modern-premier-7299709-2014-07-20
12,2,Vapor Snag,,Spells,3,2,UR Delver,vojtino,141 tix,$ 704,240949,2014-07-20,Modern Premier #7299709,modern,modern-premier-7299709,modern-premier-7299709-2014-07-20
13,3,Mana Leak,,Spells,3,2,UR Delver,vojtino,141 tix,$ 704,240949,2014-07-20,Modern Premier #7299709,modern,modern-premier-7299709,modern-premier-7299709-2014-07-20
14,3,Remand,,Spells,3,2,UR Delver,vojtino,141 tix,$ 704,240949,2014-07-20,Modern Premier #7299709,modern,modern-premier-7299709,modern-premier-7299709-2014-07-20
15,1,Electrolyze,,Spells,3,2,UR Delver,vojtino,141 tix,$ 704,240949,2014-07-20,Modern Premier #7299709,modern,modern-premier-7299709,modern-premier-7299709-2014-07-20
17,1,Sword of War and Peace,,Artifacts,3,2,UR Delver,vojtino,141 tix,$ 704,240949,2014-07-20,Modern Premier #7299709,modern,modern-premier-7299709,modern-premier-7299709-2014-07-20
19,6,Island,,Lands,3,2,UR Delver,vojtino,141 tix,$ 704,240949,2014-07-20,Modern Premier #7299709,modern,modern-premier-7299709,modern-premier-7299709-2014-07-20
20,1,Misty Rainforest,,Lands,3,2,UR Delver,vojtino,141 tix,$ 704,240949,2014-07-20,Modern Premier #7299709,modern,modern-premier-7299709,modern-premier-7299709-2014-07-20
21,2,Mountain,,Lands,3,2,UR Delver,vojtino,141 tix,$ 704,240949,2014-07-20,Modern Premier #7299709,modern,modern-premier-7299709,modern-premier-7299709-2014-07-20
22,2,Scalding Tarn,,Lands,3,2,UR Delver,vojtino,141 tix,$ 704,240949,2014-07-20,Modern Premier #7299709,modern,modern-premier-7299709,modern-premier-7299709-2014-07-20
23,4,Steam Vents,,Lands,3,2,UR Delver,vojtino,141 tix,$ 704,240949,2014-07-20,Modern Premier #7299709,modern,modern-premier-7299709,modern-premier-7299709-2014-07-20
24,4,Sulfur Falls,,Lands,3,2,UR Delver,vojtino,141 tix,$ 704,240949,2014-07-20,Modern Premier #7299709,modern,modern-premier-7299709,modern-premier-7299709-2014-07-20
26,1,Dispel,,Sideboard,3,2,UR Delver,vojtino,141 tix,$ 704,240949,2014-07-20,Modern Premier #7299709,modern,modern-premier-7299709,modern-premier-7299709-2014-07-20
27,2,Relic of Progenitus,,Sideboard,3,2,UR Delver,vojtino,141 tix,$ 704,240949,2014-07-20,Modern Premier #7299709,modern,modern-premier-7299709,modern-premier-7299709-2014-07-20
28,1,Spell Pierce,,Sideboard,3,2,UR Delver,vojtino,141 tix,$ 704,240949,2014-07-20,Modern Premier #7299709,modern,modern-premier-7299709,modern-premier-7299709-2014-07-20
29,2,Vandalblast,,Sideboard,3,2,UR Delver,vojtino,141 tix,$ 704,240949,2014-07-20,Modern Premier #7299709,modern,modern-premier-7299709,modern-premier-7299709-2014-07-20
30,1,Combust,,Sideboard,3,2,UR Delver,vojtino,141 tix,$ 704,240949,2014-07-20,Modern Premier #7299709,modern,modern-premier-7299709,modern-premier-7299709-2014-07-20
31,1,Negate,,Sideboard,3,2,UR Delver,vojtino,141 tix,$ 704,240949,2014-07-20,Modern Premier #7299709,modern,modern-premier-7299709,modern-premier-7299709-2014-07-20
32,2,Counterflux,,Sideboard,3,2,UR Delver,vojtino,141 tix,$ 704,240949,2014-07-20,Modern Premier #7299709,modern,modern-premier-7299709,modern-premier-7299709-2014-07-20
33,2,Izzet Staticaster,,Sideboard,3,2,UR Delver,vojtino,141 tix,$ 704,240949,2014-07-20,Modern Premier #7299709,modern,modern-premier-7299709,modern-premier-7299709-2014-07-20
34,3,Molten Rain,,Sideboard,3,2,UR Delver,vojtino,141 tix,$ 704,240949,2014-07-20,Modern Premier #7299709,modern,modern-premier-7299709,modern-premier-7299709-2014-07-20
1,4,Memnite,,Creatures,4,0,Affinity,Beaubafett,383 tix,$ 940,240954,2014-07-20,Modern Daily #7299719,modern,modern-daily-7299719,modern-daily-7299719-2014-07-20
2,4,Ornithopter,,Creatures,4,0,Affinity,Beaubafett,383 tix,$ 940,240954,2014-07-20,Modern Daily #7299719,modern,modern-daily-7299719,modern-daily-7299719-2014-07-20
3,4,Signal Pest,,Creatures,4,0,Affinity,Beaubafett,383 tix,$ 940,240954,2014-07-20,Modern Daily #7299719,modern,modern-daily-7299719,modern-daily-7299719-2014-07-20
4,4,Arcbound Ravager,,Creatures,4,0,Affinity,Beaubafett,383 tix,$ 940,240954,2014-07-20,Modern Daily #7299719,modern,modern-daily-7299719,modern-daily-7299719-2014-07-20
5,1,Spellskite,,Creatures,4,0,Affinity,Beaubafett,383 tix,$ 940,240954,2014-07-20,Modern Daily #7299719,modern,modern-daily-7299719,modern-daily-7299719-2014-07-20
6,3,Steel Overseer,,Creatures,4,0,Affinity,Beaubafett,383 tix,$ 940,240954,2014-07-20,Modern Daily #7299719,modern,modern-daily-7299719,modern-daily-7299719-2014-07-20
7,4,Vault Skirge,,Creatures,4,0,Affinity,Beaubafett,383 tix,$ 940,240954,2014-07-20,Modern Daily #7299719,modern,modern-daily-7299719,modern-daily-7299719-2014-07-20
8,3,Etched Champion,,Creatures,4,0,Affinity,Beaubafett,383 tix,$ 940,240954,2014-07-20,Modern Daily #7299719,modern,modern-daily-7299719,modern-daily-7299719-2014-07-20
9,1,Master of Etherium,,Creatures,4,0,Affinity,Beaubafett,383 tix,$ 940,240954,2014-07-20,Modern Daily #7299719,modern,modern-daily-7299719,modern-daily-7299719-2014-07-20
11,4,Galvanic Blast,,Spells,4,0,Affinity,Beaubafett,383 tix,$ 940,240954,2014-07-20,Modern Daily #7299719,modern,modern-daily-7299719,modern-daily-7299719-2014-07-20
13,4,Mox Opal,,Artifacts,4,0,Affinity,Beaubafett,383 tix,$ 940,240954,2014-07-20,Modern Daily #7299719,modern,modern-daily-7299719,modern-daily-7299719-2014-07-20
14,1,Welding Jar,,Artifacts,4,0,Affinity,Beaubafett,383 tix,$ 940,240954,2014-07-20,Modern Daily #7299719,modern,modern-daily-7299719,modern-daily-7299719-2014-07-20
15,3,Springleaf Drum,,Artifacts,4,0,Affinity,Beaubafett,383 tix,$ 940,240954,2014-07-20,Modern Daily #7299719,modern,modern-daily-7299719,modern-daily-7299719-2014-07-20
16,4,Cranial Plating,,Artifacts,4,0,Affinity,Beaubafett,383 tix,$ 940,240954,2014-07-20,Modern Daily #7299719,modern,modern-daily-7299719,modern-daily-7299719-2014-07-20
18,4,Blinkmoth Nexus,,Lands,4,0,Affinity,Beaubafett,383 tix,$ 940,240954,2014-07-20,Modern Daily #7299719,modern,modern-daily-7299719,modern-daily-7299719-2014-07-20
19,4,Darksteel Citadel,,Lands,4,0,Affinity,Beaubafett,383 tix,$ 940,240954,2014-07-20,Modern Daily #7299719,modern,modern-daily-7299719,modern-daily-7299719-2014-07-20
20,4,Glimmervoid,,Lands,4,0,Affinity,Beaubafett,383 tix,$ 940,240954,2014-07-20,Modern Daily #7299719,modern,modern-daily-7299719,modern-daily-7299719-2014-07-20
21,4,Inkmoth Nexus,,Lands,4,0,Affinity,Beaubafett,383 tix,$ 940,240954,2014-07-20,Modern Daily #7299719,modern,modern-daily-7299719,modern-daily-7299719-2014-07-20
22,1,Mountain,,Lands,4,0,Affinity,Beaubafett,383 tix,$ 940,240954,2014-07-20,Modern Daily #7299719,modern,modern-daily-7299719,modern-daily-7299719-2014-07-20
24,1,Grafdigger's Cage,,Sideboard,4,0,Affinity,Beaubafett,383 tix,$ 940,240954,2014-07-20,Modern Daily #7299719,modern,modern-daily-7299719,modern-daily-7299719-2014-07-20
25,2,Inquisition of Kozilek,,Sideboard,4,0,Affinity,Beaubafett,383 tix,$ 940,240954,2014-07-20,Modern Daily #7299719,modern,modern-daily-7299719,modern-daily-7299719-2014-07-20
26,2,Thoughtseize,,Sideboard,4,0,Affinity,Beaubafett,383 tix,$ 940,240954,2014-07-20,Modern Daily #7299719,modern,modern-daily-7299719,modern-daily-7299719-2014-07-20
27,2,Ancient Grudge,,Sideboard,4,0,Affinity,Beaubafett,383 tix,$ 940,240954,2014-07-20,Modern Daily #7299719,modern,modern-daily-7299719,modern-daily-7299719-2014-07-20
28,3,Spellskite,,Sideboard,4,0,Affinity,Beaubafett,383 tix,$ 940,240954,2014-07-20,Modern Daily #7299719,modern,modern-daily-7299719,modern-daily-7299719-2014-07-20
29,2,Torpor Orb,,Sideboard,4,0,Affinity,Beaubafett,383 tix,$ 940,240954,2014-07-20,Modern Daily #7299719,modern,modern-daily-7299719,modern-daily-7299719-2014-07-20
30,2,Whipflare,,Sideboard,4,0,Affinity,Beaubafett,383 tix,$ 940,240954,2014-07-20,Modern Daily #7299719,modern,modern-daily-7299719,modern-daily-7299719-2014-07-20
31,1,Etched Champion,,Sideboard,4,0,Affinity,Beaubafett,383 tix,$ 940,240954,2014-07-20,Modern Daily #7299719,modern,modern-daily-7299719,modern-daily-7299719-2014-07-20
1,3,"Azusa, Lost but Seeking",,Creatures,4,0,Amulet Bloom,LordCommanderSnow,210 tix,$ 571,240952,2014-07-20,Modern Daily #7299719,modern,modern-daily-7299719,modern-daily-7299719-2014-07-20
2,4,Primeval Titan,,Creatures,4,0,Amulet Bloom,LordCommanderSnow,210 tix,$ 571,240952,2014-07-20,Modern Daily #7299719,modern,modern-daily-7299719,modern-daily-7299719-2014-07-20
4,2,Pact of Negation,,Spells,4,0,Amulet Bloom,LordCommanderSnow,210 tix,$ 571,240952,2014-07-20,Modern Daily #7299719,modern,modern-daily-7299719,modern-daily-7299719-2014-07-20
5,1,Slaughter Pact,,Spells,4,0,Amulet Bloom,LordCommanderSnow,210 tix,$ 571,240952,2014-07-20,Modern Daily #7299719,modern,modern-daily-7299719,modern-daily-7299719-2014-07-20
6,4,Summoner's Pact,,Spells,4,0,Amulet Bloom,LordCommanderSnow,210 tix,$ 571,240952,2014-07-20,Modern Daily #7299719,modern,modern-daily-7299719,modern-daily-7299719-2014-07-20
7,4,Ancient Stirrings,,Spells,4,0,Amulet Bloom,LordCommanderSnow,210 tix,$ 571,240952,2014-07-20,Modern Daily #7299719,modern,modern-daily-7299719,modern-daily-7299719-2014-07-20
8,4,Serum Visions,,Spells,4,0,Amulet Bloom,LordCommanderSnow,210 tix,$ 571,240952,2014-07-20,Modern Daily #7299719,modern,modern-daily-7299719,modern-daily-7299719-2014-07-20
9,4,Summer Bloom,,Spells,4,0,Amulet Bloom,LordCommanderSnow,210 tix,$ 571,240952,2014-07-20,Modern Daily #7299719,modern,modern-daily-7299719,modern-daily-7299719-2014-07-20
11,4,Amulet of Vigor,,Artifacts,4,0,Amulet Bloom,LordCommanderSnow,210 tix,$ 571,240952,2014-07-20,Modern Daily #7299719,modern,modern-daily-7299719,modern-daily-7299719-2014-07-20
13,3,Hive Mind,,Enchantments,4,0,Amulet Bloom,LordCommanderSnow,210 tix,$ 571,240952,2014-07-20,Modern Daily #7299719,modern,modern-daily-7299719,modern-daily-7299719-2014-07-20
15,1,Boros Garrison,,Lands,4,0,Amulet Bloom,LordCommanderSnow,210 tix,$ 571,240952,2014-07-20,Modern Daily #7299719,modern,modern-daily-7299719,modern-daily-7299719-2014-07-20
16,1,Cavern of Souls,,Lands,4,0,Amulet Bloom,LordCommanderSnow,210 tix,$ 571,240952,2014-07-20,Modern Daily #7299719,modern,modern-daily-7299719,modern-daily-7299719-2014-07-20
17,1,Forest,,Lands,4,0,Amulet Bloom,LordCommanderSnow,210 tix,$ 571,240952,2014-07-20,Modern Daily #7299719,modern,modern-daily-7299719,modern-daily-7299719-2014-07-20
18,3,Gemstone Mine,,Lands,4,0,Amulet Bloom,LordCommanderSnow,210 tix,$ 571,240952,2014-07-20,Modern Daily #7299719,modern,modern-daily-7299719,modern-daily-7299719-2014-07-20
19,1,Golgari Rot Farm,,Lands,4,0,Amulet Bloom,LordCommanderSnow,210 tix,$ 571,240952,2014-07-20,Modern Daily #7299719,modern,modern-daily-7299719,modern-daily-7299719-2014-07-20
20,3,Gruul Turf,,Lands,4,0,Amulet Bloom,LordCommanderSnow,210 tix,$ 571,240952,2014-07-20,Modern Daily #7299719,modern,modern-daily-7299719,modern-daily-7299719-2014-07-20
21,1,Kabira Crossroads,,Lands,4,0,Amulet Bloom,LordCommanderSnow,210 tix,$ 571,240952,2014-07-20,Modern Daily #7299719,modern,modern-daily-7299719,modern-daily-7299719-2014-07-20
22,1,Khalni Garden,,Lands,4,0,Amulet Bloom,LordCommanderSnow,210 tix,$ 571,240952,2014-07-20,Modern Daily #7299719,modern,modern-daily-7299719,modern-daily-7299719-2014-07-20
23,1,Selesnya Sanctuary,,Lands,4,0,Amulet Bloom,LordCommanderSnow,210 tix,$ 571,240952,2014-07-20,Modern Daily #7299719,modern,modern-daily-7299719,modern-daily-7299719-2014-07-20
24,4,Simic Growth Chamber,,Lands,4,0,Amulet Bloom,LordCommanderSnow,210 tix,$ 571,240952,2014-07-20,Modern Daily #7299719,modern,modern-daily-7299719,modern-daily-7299719-2014-07-20
25,1,Slayers' Stronghold,,Lands,4,0,Amulet Bloom,LordCommanderSnow,210 tix,$ 571,240952,2014-07-20,Modern Daily #7299719,modern,modern-daily-7299719,modern-daily-7299719-2014-07-20
26,1,"Sunhome, Fortress of the Legion",,Lands,4,0,Amulet Bloom,LordCommanderSnow,210 tix,$ 571,240952,2014-07-20,Modern Daily #7299719,modern,modern-daily-7299719,modern-daily-7299719-2014-07-20
27,1,Temple of Mystery,,Lands,4,0,Amulet Bloom,LordCommanderSnow,210 tix,$ 571,240952,2014-07-20,Modern Daily #7299719,modern,modern-daily-7299719,modern-daily-7299719-2014-07-20
28,3,Tendo Ice Bridge,,Lands,4,0,Amulet Bloom,LordCommanderSnow,210 tix,$ 571,240952,2014-07-20,Modern Daily #7299719,modern,modern-daily-7299719,modern-daily-7299719-2014-07-20
29,3,Tolaria West,,Lands,4,0,Amulet Bloom,LordCommanderSnow,210 tix,$ 571,240952,2014-07-20,Modern Daily #7299719,modern,modern-daily-7299719,modern-daily-7299719-2014-07-20
30,1,Vesuva,,Lands,4,0,Amulet Bloom,LordCommanderSnow,210 tix,$ 571,240952,2014-07-20,Modern Daily #7299719,modern,modern-daily-7299719,modern-daily-7299719-2014-07-20
32,1,Bojuka Bog,,Sideboard,4,0,Amulet Bloom,LordCommanderSnow,210 tix,$ 571,240952,2014-07-20,Modern Daily #7299719,modern,modern-daily-7299719,modern-daily-7299719-2014-07-20
33,1,Chalice of the Void,,Sideboard,4,0,Amulet Bloom,LordCommanderSnow,210 tix,$ 571,240952,2014-07-20,Modern Daily #7299719,modern,modern-daily-7299719,modern-daily-7299719-2014-07-20
34,1,Engineered Explosives,,Sideboard,4,0,Amulet Bloom,LordCommanderSnow,210 tix,$ 571,240952,2014-07-20,Modern Daily #7299719,modern,modern-daily-7299719,modern-daily-7299719-2014-07-20
35,1,Ghost Quarter,,Sideboard,4,0,Amulet Bloom,LordCommanderSnow,210 tix,$ 571,240952,2014-07-20,Modern Daily #7299719,modern,modern-daily-7299719,modern-daily-7299719-2014-07-20
36,1,Slaughter Pact,,Sideboard,4,0,Amulet Bloom,LordCommanderSnow,210 tix,$ 571,240952,2014-07-20,Modern Daily #7299719,modern,modern-daily-7299719,modern-daily-7299719-2014-07-20
37,1,Pithing Needle,,Sideboard,4,0,Amulet Bloom,LordCommanderSnow,210 tix,$ 571,240952,2014-07-20,Modern Daily #7299719,modern,modern-daily-7299719,modern-daily-7299719-2014-07-20
38,1,Pyroclasm,,Sideboard,4,0,Amulet Bloom,LordCommanderSnow,210 tix,$ 571,240952,2014-07-20,Modern Daily #7299719,modern,modern-daily-7299719,modern-daily-7299719-2014-07-20
39,3,Seal of Primordium,,Sideboard,4,0,Amulet Bloom,LordCommanderSnow,210 tix,$ 571,240952,2014-07-20,Modern Daily #7299719,modern,modern-daily-7299719,modern-daily-7299719-2014-07-20
40,2,Firespout,,Sideboard,4,0,Amulet Bloom,LordCommanderSnow,210 tix,$ 571,240952,2014-07-20,Modern Daily #7299719,modern,modern-daily-7299719,modern-daily-7299719-2014-07-20
41,3,Creeping Corrosion,,Sideboard,4,0,Amulet Bloom,LordCommanderSnow,210 tix,$ 571,240952,2014-07-20,Modern Daily #7299719,modern,modern-daily-7299719,modern-daily-7299719-2014-07-20
1,4,Birds of Paradise,,Creatures,4,0,Melira Pod,EronRelentless,283 tix,$ 871,240951,2014-07-20,Modern Daily #7299719,modern,modern-daily-7299719,modern-daily-7299719-2014-07-20
2,3,Noble Hierarch,,Creatures,4,0,Melira Pod,EronRelentless,283 tix,$ 871,240951,2014-07-20,Modern Daily #7299719,modern,modern-daily-7299719,modern-daily-7299719-2014-07-20
3,1,Viscera Seer,,Creatures,4,0,Melira Pod,EronRelentless,283 tix,$ 871,240951,2014-07-20,Modern Daily #7299719,modern,modern-daily-7299719,modern-daily-7299719-2014-07-20
4,1,"Melira, Sylvok Outcast",,Creatures,4,0,Melira Pod,EronRelentless,283 tix,$ 871,240951,2014-07-20,Modern Daily #7299719,modern,modern-daily-7299719,modern-daily-7299719-2014-07-20
5,1,Qasali Pridemage,,Creatures,4,0,Melira Pod,EronRelentless,283 tix,$ 871,240951,2014-07-20,Modern Daily #7299719,modern,modern-daily-7299719,modern-daily-7299719-2014-07-20
6,1,Scavenging Ooze,,Creatures,4,0,Melira Pod,EronRelentless,283 tix,$ 871,240951,2014-07-20,Modern Daily #7299719,modern,modern-daily-7299719,modern-daily-7299719-2014-07-20
7,1,Spellskite,,Creatures,4,0,Melira Pod,EronRelentless,283 tix,$ 871,240951,2014-07-20,Modern Daily #7299719,modern,modern-daily-7299719,modern-daily-7299719-2014-07-20
8,3,Voice of Resurgence,,Creatures,4,0,Melira Pod,EronRelentless,283 tix,$ 871,240951,2014-07-20,Modern Daily #7299719,modern,modern-daily-7299719,modern-daily-7299719-2014-07-20
9,1,Wall of Roots,,Creatures,4,0,Melira Pod,EronRelentless,283 tix,$ 871,240951,2014-07-20,Modern Daily #7299719,modern,modern-daily-7299719,modern-daily-7299719-2014-07-20
10,1,Eternal Witness,,Creatures,4,0,Melira Pod,EronRelentless,283 tix,$ 871,240951,2014-07-20,Modern Daily #7299719,modern,modern-daily-7299719,modern-daily-7299719-2014-07-20
11,4,Kitchen Finks,,Creatures,4,0,Melira Pod,EronRelentless,283 tix,$ 871,240951,2014-07-20,Modern Daily #7299719,modern,modern-daily-7299719,modern-daily-7299719-2014-07-20
12,1,Orzhov Pontiff,,Creatures,4,0,Melira Pod,EronRelentless,283 tix,$ 871,240951,2014-07-20,Modern Daily #7299719,modern,modern-daily-7299719,modern-daily-7299719-2014-07-20
13,1,Spike Feeder,,Creatures,4,0,Melira Pod,EronRelentless,283 tix,$ 871,240951,2014-07-20,Modern Daily #7299719,modern,modern-daily-7299719,modern-daily-7299719-2014-07-20
14,1,"Linvala, Keeper of Silence",,Creatures,4,0,Melira Pod,EronRelentless,283 tix,$ 871,240951,2014-07-20,Modern Daily #7299719,modern,modern-daily-7299719,modern-daily-7299719-2014-07-20
15,1,Murderous Redcap,,Creatures,4,0,Melira Pod,EronRelentless,283 tix,$ 871,240951,2014-07-20,Modern Daily #7299719,modern,modern-daily-7299719,modern-daily-7299719-2014-07-20
16,1,Ranger of Eos,,Creatures,4,0,Melira Pod,EronRelentless,283 tix,$ 871,240951,2014-07-20,Modern Daily #7299719,modern,modern-daily-7299719,modern-daily-7299719-2014-07-20
17,1,Archangel of Thune,,Creatures,4,0,Melira Pod,EronRelentless,283 tix,$ 871,240951,2014-07-20,Modern Daily #7299719,modern,modern-daily-7299719,modern-daily-7299719-2014-07-20
18,1,Reveillark,,Creatures,4,0,Melira Pod,EronRelentless,283 tix,$ 871,240951,2014-07-20,Modern Daily #7299719,modern,modern-daily-7299719,modern-daily-7299719-2014-07-20
19,1,Shriekmaw,,Creatures,4,0,Melira Pod,EronRelentless,283 tix,$ 871,240951,2014-07-20,Modern Daily #7299719,modern,modern-daily-7299719,modern-daily-7299719-2014-07-20
21,2,Abrupt Decay,,Spells,4,0,Melira Pod,EronRelentless,283 tix,$ 871,240951,2014-07-20,Modern Daily #7299719,modern,modern-daily-7299719,modern-daily-7299719-2014-07-20
22,2,Chord of Calling,,Spells,4,0,Melira Pod,EronRelentless,283 tix,$ 871,240951,2014-07-20,Modern Daily #7299719,modern,modern-daily-7299719,modern-daily-7299719-2014-07-20
24,4,Birthing Pod,,Artifacts,4,0,Melira Pod,EronRelentless,283 tix,$ 871,240951,2014-07-20,Modern Daily #7299719,modern,modern-daily-7299719,modern-daily-7299719-2014-07-20
26,3,Forest,,Lands,4,0,Melira Pod,EronRelentless,283 tix,$ 871,240951,2014-07-20,Modern Daily #7299719,modern,modern-daily-7299719,modern-daily-7299719-2014-07-20
27,3,Gavony Township,,Lands,4,0,Melira Pod,EronRelentless,283 tix,$ 871,240951,2014-07-20,Modern Daily #7299719,modern,modern-daily-7299719,modern-daily-7299719-2014-07-20
28,1,Godless Shrine,,Lands,4,0,Melira Pod,EronRelentless,283 tix,$ 871,240951,2014-07-20,Modern Daily #7299719,modern,modern-daily-7299719,modern-daily-7299719-2014-07-20
29,4,Misty Rainforest,,Lands,4,0,Melira Pod,EronRelentless,283 tix,$ 871,240951,2014-07-20,Modern Daily #7299719,modern,modern-daily-7299719,modern-daily-7299719-2014-07-20
30,2,Overgrown Tomb,,Lands,4,0,Melira Pod,EronRelentless,283 tix,$ 871,240951,2014-07-20,Modern Daily #7299719,modern,modern-daily-7299719,modern-daily-7299719-2014-07-20
31,3,Razorverge Thicket,,Lands,4,0,Melira Pod,EronRelentless,283 tix,$ 871,240951,2014-07-20,Modern Daily #7299719,modern,modern-daily-7299719,modern-daily-7299719-2014-07-20
32,1,Swamp,,Lands,4,0,Melira Pod,EronRelentless,283 tix,$ 871,240951,2014-07-20,Modern Daily #7299719,modern,modern-daily-7299719,modern-daily-7299719-2014-07-20
33,1,Temple Garden,,Lands,4,0,Melira Pod,EronRelentless,283 tix,$ 871,240951,2014-07-20,Modern Daily #7299719,modern,modern-daily-7299719,modern-daily-7299719-2014-07-20
34,4,Verdant Catacombs,,Lands,4,0,Melira Pod,EronRelentless,283 tix,$ 871,240951,2014-07-20,Modern Daily #7299719,modern,modern-daily-7299719,modern-daily-7299719-2014-07-20
35,1,Woodland Cemetery,,Lands,4,0,Melira Pod,EronRelentless,283 tix,$ 871,240951,2014-07-20,Modern Daily #7299719,modern,modern-daily-7299719,modern-daily-7299719-2014-07-20
37,1,Slaughter Pact,,Sideboard,4,0,Melira Pod,EronRelentless,283 tix,$ 871,240951,2014-07-20,Modern Daily #7299719,modern,modern-daily-7299719,modern-daily-7299719-2014-07-20
38,4,Thoughtseize,,Sideboard,4,0,Melira Pod,EronRelentless,283 tix,$ 871,240951,2014-07-20,Modern Daily #7299719,modern,modern-daily-7299719,modern-daily-7299719-2014-07-20
39,1,"Kataki, War's Wage",,Sideboard,4,0,Melira Pod,EronRelentless,283 tix,$ 871,240951,2014-07-20,Modern Daily #7299719,modern,modern-daily-7299719,modern-daily-7299719-2014-07-20
40,1,Scavenging Ooze,,Sideboard,4,0,Melira Pod,EronRelentless,283 tix,$ 871,240951,2014-07-20,Modern Daily #7299719,modern,modern-daily-7299719,modern-daily-7299719-2014-07-20
41,1,Aven Mindcensor,,Sideboard,4,0,Melira Pod,EronRelentless,283 tix,$ 871,240951,2014-07-20,Modern Daily #7299719,modern,modern-daily-7299719,modern-daily-7299719-2014-07-20
42,2,Dismember,,Sideboard,4,0,Melira Pod,EronRelentless,283 tix,$ 871,240951,2014-07-20,Modern Daily #7299719,modern,modern-daily-7299719,modern-daily-7299719-2014-07-20
43,1,Harmonic Sliver,,Sideboard,4,0,Melira Pod,EronRelentless,283 tix,$ 871,240951,2014-07-20,Modern Daily #7299719,modern,modern-daily-7299719,modern-daily-7299719-2014-07-20
44,1,Sin Collector,,Sideboard,4,0,Melira Pod,EronRelentless,283 tix,$ 871,240951,2014-07-20,Modern Daily #7299719,modern,modern-daily-7299719,modern-daily-7299719-2014-07-20
45,1,Entomber Exarch,,Sideboard,4,0,Melira Pod,EronRelentless,283 tix,$ 871,240951,2014-07-20,Modern Daily #7299719,modern,modern-daily-7299719,modern-daily-7299719-2014-07-20
46,1,Obstinate Baloth,,Sideboard,4,0,Melira Pod,EronRelentless,283 tix,$ 871,240951,2014-07-20,Modern Daily #7299719,modern,modern-daily-7299719,modern-daily-7299719-2014-07-20
47,1,"Thrun, the Last Troll",,Sideboard,4,0,Melira Pod,EronRelentless,283 tix,$ 871,240951,2014-07-20,Modern Daily #7299719,modern,modern-daily-7299719,modern-daily-7299719-2014-07-20
1,4,Delver of Secrets,,Creatures,4,0,UR Delver,Safeguard,235 tix,$ 964,240953,2014-07-20,Modern Daily #7299719,modern,modern-daily-7299719,modern-daily-7299719-2014-07-20
2,2,Grim Lavamancer,,Creatures,4,0,UR Delver,Safeguard,235 tix,$ 964,240953,2014-07-20,Modern Daily #7299719,modern,modern-daily-7299719,modern-daily-7299719-2014-07-20
3,4,Snapcaster Mage,,Creatures,4,0,UR Delver,Safeguard,235 tix,$ 964,240953,2014-07-20,Modern Daily #7299719,modern,modern-daily-7299719,modern-daily-7299719-2014-07-20
4,4,Young Pyromancer,,Creatures,4,0,UR Delver,Safeguard,235 tix,$ 964,240953,2014-07-20,Modern Daily #7299719,modern,modern-daily-7299719,modern-daily-7299719-2014-07-20
6,1,Forked Bolt,,Spells,4,0,UR Delver,Safeguard,235 tix,$ 964,240953,2014-07-20,Modern Daily #7299719,modern,modern-daily-7299719,modern-daily-7299719-2014-07-20
7,4,Gitaxian Probe,,Spells,4,0,UR Delver,Safeguard,235 tix,$ 964,240953,2014-07-20,Modern Daily #7299719,modern,modern-daily-7299719,modern-daily-7299719-2014-07-20
8,4,Lightning Bolt,,Spells,4,0,UR Delver,Safeguard,235 tix,$ 964,240953,2014-07-20,Modern Daily #7299719,modern,modern-daily-7299719,modern-daily-7299719-2014-07-20
9,2,Pillar of Flame,,Spells,4,0,UR Delver,Safeguard,235 tix,$ 964,240953,2014-07-20,Modern Daily #7299719,modern,modern-daily-7299719,modern-daily-7299719-2014-07-20
10,4,Serum Visions,,Spells,4,0,UR Delver,Safeguard,235 tix,$ 964,240953,2014-07-20,Modern Daily #7299719,modern,modern-daily-7299719,modern-daily-7299719-2014-07-20
11,1,Spell Pierce,,Spells,4,0,UR Delver,Safeguard,235 tix,$ 964,240953,2014-07-20,Modern Daily #7299719,modern,modern-daily-7299719,modern-daily-7299719-2014-07-20
12,2,Spell Snare,,Spells,4,0,UR Delver,Safeguard,235 tix,$ 964,240953,2014-07-20,Modern Daily #7299719,modern,modern-daily-7299719,modern-daily-7299719-2014-07-20
13,3,Vapor Snag,,Spells,4,0,UR Delver,Safeguard,235 tix,$ 964,240953,2014-07-20,Modern Daily #7299719,modern,modern-daily-7299719,modern-daily-7299719-2014-07-20
14,3,Deprive,,Spells,4,0,UR Delver,Safeguard,235 tix,$ 964,240953,2014-07-20,Modern Daily #7299719,modern,modern-daily-7299719,modern-daily-7299719-2014-07-20
15,3,Remand,,Spells,4,0,UR Delver,Safeguard,235 tix,$ 964,240953,2014-07-20,Modern Daily #7299719,modern,modern-daily-7299719,modern-daily-7299719-2014-07-20
16,1,Electrolyze,,Spells,4,0,UR Delver,Safeguard,235 tix,$ 964,240953,2014-07-20,Modern Daily #7299719,modern,modern-daily-7299719,modern-daily-7299719-2014-07-20
18,1,Breeding Pool,,Lands,4,0,UR Delver,Safeguard,235 tix,$ 964,240953,2014-07-20,Modern Daily #7299719,modern,modern-daily-7299719,modern-daily-7299719-2014-07-20
19,4,Island,,Lands,4,0,UR Delver,Safeguard,235 tix,$ 964,240953,2014-07-20,Modern Daily #7299719,modern,modern-daily-7299719,modern-daily-7299719-2014-07-20
20,3,Misty Rainforest,,Lands,4,0,UR Delver,Safeguard,235 tix,$ 964,240953,2014-07-20,Modern Daily #7299719,modern,modern-daily-7299719,modern-daily-7299719-2014-07-20
21,1,Mountain,,Lands,4,0,UR Delver,Safeguard,235 tix,$ 964,240953,2014-07-20,Modern Daily #7299719,modern,modern-daily-7299719,modern-daily-7299719-2014-07-20
22,4,Scalding Tarn,,Lands,4,0,UR Delver,Safeguard,235 tix,$ 964,240953,2014-07-20,Modern Daily #7299719,modern,modern-daily-7299719,modern-daily-7299719-2014-07-20
23,3,Steam Vents,,Lands,4,0,UR Delver,Safeguard,235 tix,$ 964,240953,2014-07-20,Modern Daily #7299719,modern,modern-daily-7299719,modern-daily-7299719-2014-07-20
24,2,Sulfur Falls,,Lands,4,0,UR Delver,Safeguard,235 tix,$ 964,240953,2014-07-20,Modern Daily #7299719,modern,modern-daily-7299719,modern-daily-7299719-2014-07-20
26,1,Dispel,,Sideboard,4,0,UR Delver,Safeguard,235 tix,$ 964,240953,2014-07-20,Modern Daily #7299719,modern,modern-daily-7299719,modern-daily-7299719-2014-07-20
27,1,Magma Spray,,Sideboard,4,0,UR Delver,Safeguard,235 tix,$ 964,240953,2014-07-20,Modern Daily #7299719,modern,modern-daily-7299719,modern-daily-7299719-2014-07-20
28,1,Mizzium Skin,,Sideboard,4,0,UR Delver,Safeguard,235 tix,$ 964,240953,2014-07-20,Modern Daily #7299719,modern,modern-daily-7299719,modern-daily-7299719-2014-07-20
29,2,Steel Sabotage,,Sideboard,4,0,UR Delver,Safeguard,235 tix,$ 964,240953,2014-07-20,Modern Daily #7299719,modern,modern-daily-7299719,modern-daily-7299719-2014-07-20
30,2,Ancient Grudge,,Sideboard,4,0,UR Delver,Safeguard,235 tix,$ 964,240953,2014-07-20,Modern Daily #7299719,modern,modern-daily-7299719,modern-daily-7299719-2014-07-20
31,1,Combust,,Sideboard,4,0,UR Delver,Safeguard,235 tix,$ 964,240953,2014-07-20,Modern Daily #7299719,modern,modern-daily-7299719,modern-daily-7299719-2014-07-20
32,2,Spellskite,,Sideboard,4,0,UR Delver,Safeguard,235 tix,$ 964,240953,2014-07-20,Modern Daily #7299719,modern,modern-daily-7299719,modern-daily-7299719-2014-07-20
33,2,Blood Moon,,Sideboard,4,0,UR Delver,Safeguard,235 tix,$ 964,240953,2014-07-20,Modern Daily #7299719,modern,modern-daily-7299719,modern-daily-7299719-2014-07-20
34,1,Counterflux,,Sideboard,4,0,UR Delver,Safeguard,235 tix,$ 964,240953,2014-07-20,Modern Daily #7299719,modern,modern-daily-7299719,modern-daily-7299719-2014-07-20
35,2,Izzet Staticaster,,Sideboard,4,0,UR Delver,Safeguard,235 tix,$ 964,240953,2014-07-20,Modern Daily #7299719,modern,modern-daily-7299719,modern-daily-7299719-2014-07-20
1,3,Bloodghast,,Creatures,3,1,"8 Rack, featuring goyfs.",Wirecat,545 tix,"$ 1,580",240957,2014-07-20,Modern Daily #7299719,modern,modern-daily-7299719,modern-daily-7299719-2014-07-20
2,2,Dark Confidant,,Creatures,3,1,"8 Rack, featuring goyfs.",Wirecat,545 tix,"$ 1,580",240957,2014-07-20,Modern Daily #7299719,modern,modern-daily-7299719,modern-daily-7299719-2014-07-20
3,4,Tarmogoyf,,Creatures,3,1,"8 Rack, featuring goyfs.",Wirecat,545 tix,"$ 1,580",240957,2014-07-20,Modern Daily #7299719,modern,modern-daily-7299719,modern-daily-7299719-2014-07-20
5,3,Liliana of the Veil,,Planeswalkers,3,1,"8 Rack, featuring goyfs.",Wirecat,545 tix,"$ 1,580",240957,2014-07-20,Modern Daily #7299719,modern,modern-daily-7299719,modern-daily-7299719-2014-07-20
7,3,Raven's Crime,,Spells,3,1,"8 Rack, featuring goyfs.",Wirecat,545 tix,"$ 1,580",240957,2014-07-20,Modern Daily #7299719,modern,modern-daily-7299719,modern-daily-7299719-2014-07-20
8,4,Thoughtseize,,Spells,3,1,"8 Rack, featuring goyfs.",Wirecat,545 tix,"$ 1,580",240957,2014-07-20,Modern Daily #7299719,modern,modern-daily-7299719,modern-daily-7299719-2014-07-20
9,2,Life from the Loam,,Spells,3,1,"8 Rack, featuring goyfs.",Wirecat,545 tix,"$ 1,580",240957,2014-07-20,Modern Daily #7299719,modern,modern-daily-7299719,modern-daily-7299719-2014-07-20
10,4,Smallpox,,Spells,3,1,"8 Rack, featuring goyfs.",Wirecat,545 tix,"$ 1,580",240957,2014-07-20,Modern Daily #7299719,modern,modern-daily-7299719,modern-daily-7299719-2014-07-20
11,4,Wrench Mind,,Spells,3,1,"8 Rack, featuring goyfs.",Wirecat,545 tix,"$ 1,580",240957,2014-07-20,Modern Daily #7299719,modern,modern-daily-7299719,modern-daily-7299719-2014-07-20
13,4,The Rack,,Artifacts,3,1,"8 Rack, featuring goyfs.",Wirecat,545 tix,"$ 1,580",240957,2014-07-20,Modern Daily #7299719,modern,modern-daily-7299719,modern-daily-7299719-2014-07-20
15,4,Shrieking Affliction,,Enchantments,3,1,"8 Rack, featuring goyfs.",Wirecat,545 tix,"$ 1,580",240957,2014-07-20,Modern Daily #7299719,modern,modern-daily-7299719,modern-daily-7299719-2014-07-20
17,1,Forest,,Lands,3,1,"8 Rack, featuring goyfs.",Wirecat,545 tix,"$ 1,580",240957,2014-07-20,Modern Daily #7299719,modern,modern-daily-7299719,modern-daily-7299719-2014-07-20
18,1,Marsh Flats,,Lands,3,1,"8 Rack, featuring goyfs.",Wirecat,545 tix,"$ 1,580",240957,2014-07-20,Modern Daily #7299719,modern,modern-daily-7299719,modern-daily-7299719-2014-07-20
19,2,Mutavault,,Lands,3,1,"8 Rack, featuring goyfs.",Wirecat,545 tix,"$ 1,580",240957,2014-07-20,Modern Daily #7299719,modern,modern-daily-7299719,modern-daily-7299719-2014-07-20
20,2,Overgrown Tomb,,Lands,3,1,"8 Rack, featuring goyfs.",Wirecat,545 tix,"$ 1,580",240957,2014-07-20,Modern Daily #7299719,modern,modern-daily-7299719,modern-daily-7299719-2014-07-20
21,6,Swamp,,Lands,3,1,"8 Rack, featuring goyfs.",Wirecat,545 tix,"$ 1,580",240957,2014-07-20,Modern Daily #7299719,modern,modern-daily-7299719,modern-daily-7299719-2014-07-20
22,1,Tectonic Edge,,Lands,3,1,"8 Rack, featuring goyfs.",Wirecat,545 tix,"$ 1,580",240957,2014-07-20,Modern Daily #7299719,modern,modern-daily-7299719,modern-daily-7299719-2014-07-20
23,4,Twilight Mire,,Lands,3,1,"8 Rack, featuring goyfs.",Wirecat,545 tix,"$ 1,580",240957,2014-07-20,Modern Daily #7299719,modern,modern-daily-7299719,modern-daily-7299719-2014-07-20
24,2,"Urborg, Tomb of Yawgmoth",,Lands,3,1,"8 Rack, featuring goyfs.",Wirecat,545 tix,"$ 1,580",240957,2014-07-20,Modern Daily #7299719,modern,modern-daily-7299719,modern-daily-7299719-2014-07-20
25,4,Verdant Catacombs,,Lands,3,1,"8 Rack, featuring goyfs.",Wirecat,545 tix,"$ 1,580",240957,2014-07-20,Modern Daily #7299719,modern,modern-daily-7299719,modern-daily-7299719-2014-07-20
27,2,Inquisition of Kozilek,,Sideboard,3,1,"8 Rack, featuring goyfs.",Wirecat,545 tix,"$ 1,580",240957,2014-07-20,Modern Daily #7299719,modern,modern-daily-7299719,modern-daily-7299719-2014-07-20
28,2,Nihil Spellbomb,,Sideboard,3,1,"8 Rack, featuring goyfs.",Wirecat,545 tix,"$ 1,580",240957,2014-07-20,Modern Daily #7299719,modern,modern-daily-7299719,modern-daily-7299719-2014-07-20
29,1,Pithing Needle,,Sideboard,3,1,"8 Rack, featuring goyfs.",Wirecat,545 tix,"$ 1,580",240957,2014-07-20,Modern Daily #7299719,modern,modern-daily-7299719,modern-daily-7299719-2014-07-20
30,1,Surgical Extraction,,Sideboard,3,1,"8 Rack, featuring goyfs.",Wirecat,545 tix,"$ 1,580",240957,2014-07-20,Modern Daily #7299719,modern,modern-daily-7299719,modern-daily-7299719-2014-07-20
31,3,Abrupt Decay,,Sideboard,3,1,"8 Rack, featuring goyfs.",Wirecat,545 tix,"$ 1,580",240957,2014-07-20,Modern Daily #7299719,modern,modern-daily-7299719,modern-daily-7299719-2014-07-20
32,3,Torpor Orb,,Sideboard,3,1,"8 Rack, featuring goyfs.",Wirecat,545 tix,"$ 1,580",240957,2014-07-20,Modern Daily #7299719,modern,modern-daily-7299719,modern-daily-7299719-2014-07-20
33,3,Ensnaring Bridge,,Sideboard,3,1,"8 Rack, featuring goyfs.",Wirecat,545 tix,"$ 1,580",240957,2014-07-20,Modern Daily #7299719,modern,modern-daily-7299719,modern-daily-7299719-2014-07-20
1,2,Memnite,,Creatures,3,1,Affinity,wgnra0530,395 tix,$ 950,240955,2014-07-20,Modern Daily #7299719,modern,modern-daily-7299719,modern-daily-7299719-2014-07-20
2,4,Ornithopter,,Creatures,3,1,Affinity,wgnra0530,395 tix,$ 950,240955,2014-07-20,Modern Daily #7299719,modern,modern-daily-7299719,modern-daily-7299719-2014-07-20
3,4,Signal Pest,,Creatures,3,1,Affinity,wgnra0530,395 tix,$ 950,240955,2014-07-20,Modern Daily #7299719,modern,modern-daily-7299719,modern-daily-7299719-2014-07-20
4,4,Arcbound Ravager,,Creatures,3,1,Affinity,wgnra0530,395 tix,$ 950,240955,2014-07-20,Modern Daily #7299719,modern,modern-daily-7299719,modern-daily-7299719-2014-07-20
5,1,Spellstutter Sprite,,Creatures,3,1,Affinity,wgnra0530,395 tix,$ 950,240955,2014-07-20,Modern Daily #7299719,modern,modern-daily-7299719,modern-daily-7299719-2014-07-20
6,4,Steel Overseer,,Creatures,3,1,Affinity,wgnra0530,395 tix,$ 950,240955,2014-07-20,Modern Daily #7299719,modern,modern-daily-7299719,modern-daily-7299719-2014-07-20
7,4,Vault Skirge,,Creatures,3,1,Affinity,wgnra0530,395 tix,$ 950,240955,2014-07-20,Modern Daily #7299719,modern,modern-daily-7299719,modern-daily-7299719-2014-07-20
8,3,Etched Champion,,Creatures,3,1,Affinity,wgnra0530,395 tix,$ 950,240955,2014-07-20,Modern Daily #7299719,modern,modern-daily-7299719,modern-daily-7299719-2014-07-20
10,4,Galvanic Blast,,Spells,3,1,Affinity,wgnra0530,395 tix,$ 950,240955,2014-07-20,Modern Daily #7299719,modern,modern-daily-7299719,modern-daily-7299719-2014-07-20
11,2,Thoughtcast,,Spells,3,1,Affinity,wgnra0530,395 tix,$ 950,240955,2014-07-20,Modern Daily #7299719,modern,modern-daily-7299719,modern-daily-7299719-2014-07-20
13,4,Mox Opal,,Artifacts,3,1,Affinity,wgnra0530,395 tix,$ 950,240955,2014-07-20,Modern Daily #7299719,modern,modern-daily-7299719,modern-daily-7299719-2014-07-20
14,1,Welding Jar,,Artifacts,3,1,Affinity,wgnra0530,395 tix,$ 950,240955,2014-07-20,Modern Daily #7299719,modern,modern-daily-7299719,modern-daily-7299719-2014-07-20
15,4,Springleaf Drum,,Artifacts,3,1,Affinity,wgnra0530,395 tix,$ 950,240955,2014-07-20,Modern Daily #7299719,modern,modern-daily-7299719,modern-daily-7299719-2014-07-20
16,4,Cranial Plating,,Artifacts,3,1,Affinity,wgnra0530,395 tix,$ 950,240955,2014-07-20,Modern Daily #7299719,modern,modern-daily-7299719,modern-daily-7299719-2014-07-20
18,4,Blinkmoth Nexus,,Lands,3,1,Affinity,wgnra0530,395 tix,$ 950,240955,2014-07-20,Modern Daily #7299719,modern,modern-daily-7299719,modern-daily-7299719-2014-07-20
19,4,Darksteel Citadel,,Lands,3,1,Affinity,wgnra0530,395 tix,$ 950,240955,2014-07-20,Modern Daily #7299719,modern,modern-daily-7299719,modern-daily-7299719-2014-07-20
20,3,Glimmervoid,,Lands,3,1,Affinity,wgnra0530,395 tix,$ 950,240955,2014-07-20,Modern Daily #7299719,modern,modern-daily-7299719,modern-daily-7299719-2014-07-20
21,4,Inkmoth Nexus,,Lands,3,1,Affinity,wgnra0530,395 tix,$ 950,240955,2014-07-20,Modern Daily #7299719,modern,modern-daily-7299719,modern-daily-7299719-2014-07-20
22,1,Mountain,,Lands,3,1,Affinity,wgnra0530,395 tix,$ 950,240955,2014-07-20,Modern Daily #7299719,modern,modern-daily-7299719,modern-daily-7299719-2014-07-20
24,1,Grafdigger's Cage,,Sideboard,3,1,Affinity,wgnra0530,395 tix,$ 950,240955,2014-07-20,Modern Daily #7299719,modern,modern-daily-7299719,modern-daily-7299719-2014-07-20
25,1,Illness in the Ranks,,Sideboard,3,1,Affinity,wgnra0530,395 tix,$ 950,240955,2014-07-20,Modern Daily #7299719,modern,modern-daily-7299719,modern-daily-7299719-2014-07-20
26,1,Relic of Progenitus,,Sideboard,3,1,Affinity,wgnra0530,395 tix,$ 950,240955,2014-07-20,Modern Daily #7299719,modern,modern-daily-7299719,modern-daily-7299719-2014-07-20
27,1,Spell Pierce,,Sideboard,3,1,Affinity,wgnra0530,395 tix,$ 950,240955,2014-07-20,Modern Daily #7299719,modern,modern-daily-7299719,modern-daily-7299719-2014-07-20
28,3,Thoughtseize,,Sideboard,3,1,Affinity,wgnra0530,395 tix,$ 950,240955,2014-07-20,Modern Daily #7299719,modern,modern-daily-7299719,modern-daily-7299719-2014-07-20
29,2,Ancient Grudge,,Sideboard,3,1,Affinity,wgnra0530,395 tix,$ 950,240955,2014-07-20,Modern Daily #7299719,modern,modern-daily-7299719,modern-daily-7299719-2014-07-20
30,2,Spellskite,,Sideboard,3,1,Affinity,wgnra0530,395 tix,$ 950,240955,2014-07-20,Modern Daily #7299719,modern,modern-daily-7299719,modern-daily-7299719-2014-07-20
31,1,Torpor Orb,,Sideboard,3,1,Affinity,wgnra0530,395 tix,$ 950,240955,2014-07-20,Modern Daily #7299719,modern,modern-daily-7299719,modern-daily-7299719-2014-07-20
32,1,Blood Moon,,Sideboard,3,1,Affinity,wgnra0530,395 tix,$ 950,240955,2014-07-20,Modern Daily #7299719,modern,modern-daily-7299719,modern-daily-7299719-2014-07-20
33,1,Choke,,Sideboard,3,1,Affinity,wgnra0530,395 tix,$ 950,240955,2014-07-20,Modern Daily #7299719,modern,modern-daily-7299719,modern-daily-7299719-2014-07-20
34,1,Etched Champion,,Sideboard,3,1,Affinity,wgnra0530,395 tix,$ 950,240955,2014-07-20,Modern Daily #7299719,modern,modern-daily-7299719,modern-daily-7299719-2014-07-20
1,2,Memnite,,Creatures,3,1,Affinity,d4ygum,398 tix,$ 952,240956,2014-07-20,Modern Daily #7299719,modern,modern-daily-7299719,modern-daily-7299719-2014-07-20
2,4,Ornithopter,,Creatures,3,1,Affinity,d4ygum,398 tix,$ 952,240956,2014-07-20,Modern Daily #7299719,modern,modern-daily-7299719,modern-daily-7299719-2014-07-20
3,4,Signal Pest,,Creatures,3,1,Affinity,d4ygum,398 tix,$ 952,240956,2014-07-20,Modern Daily #7299719,modern,modern-daily-7299719,modern-daily-7299719-2014-07-20
4,4,Arcbound Ravager,,Creatures,3,1,Affinity,d4ygum,398 tix,$ 952,240956,2014-07-20,Modern Daily #7299719,modern,modern-daily-7299719,modern-daily-7299719-2014-07-20
5,4,Steel Overseer,,Creatures,3,1,Affinity,d4ygum,398 tix,$ 952,240956,2014-07-20,Modern Daily #7299719,modern,modern-daily-7299719,modern-daily-7299719-2014-07-20
6,4,Vault Skirge,,Creatures,3,1,Affinity,d4ygum,398 tix,$ 952,240956,2014-07-20,Modern Daily #7299719,modern,modern-daily-7299719,modern-daily-7299719-2014-07-20
7,2,Etched Champion,,Creatures,3,1,Affinity,d4ygum,398 tix,$ 952,240956,2014-07-20,Modern Daily #7299719,modern,modern-daily-7299719,modern-daily-7299719-2014-07-20
8,2,Master of Etherium,,Creatures,3,1,Affinity,d4ygum,398 tix,$ 952,240956,2014-07-20,Modern Daily #7299719,modern,modern-daily-7299719,modern-daily-7299719-2014-07-20
10,3,Galvanic Blast,,Spells,3,1,Affinity,d4ygum,398 tix,$ 952,240956,2014-07-20,Modern Daily #7299719,modern,modern-daily-7299719,modern-daily-7299719-2014-07-20
11,2,Thoughtcast,,Spells,3,1,Affinity,d4ygum,398 tix,$ 952,240956,2014-07-20,Modern Daily #7299719,modern,modern-daily-7299719,modern-daily-7299719-2014-07-20
13,4,Mox Opal,,Artifacts,3,1,Affinity,d4ygum,398 tix,$ 952,240956,2014-07-20,Modern Daily #7299719,modern,modern-daily-7299719,modern-daily-7299719-2014-07-20
14,1,Welding Jar,,Artifacts,3,1,Affinity,d4ygum,398 tix,$ 952,240956,2014-07-20,Modern Daily #7299719,modern,modern-daily-7299719,modern-daily-7299719-2014-07-20
15,4,Springleaf Drum,,Artifacts,3,1,Affinity,d4ygum,398 tix,$ 952,240956,2014-07-20,Modern Daily #7299719,modern,modern-daily-7299719,modern-daily-7299719-2014-07-20
16,4,Cranial Plating,,Artifacts,3,1,Affinity,d4ygum,398 tix,$ 952,240956,2014-07-20,Modern Daily #7299719,modern,modern-daily-7299719,modern-daily-7299719-2014-07-20
18,4,Blinkmoth Nexus,,Lands,3,1,Affinity,d4ygum,398 tix,$ 952,240956,2014-07-20,Modern Daily #7299719,modern,modern-daily-7299719,modern-daily-7299719-2014-07-20
19,4,Darksteel Citadel,,Lands,3,1,Affinity,d4ygum,398 tix,$ 952,240956,2014-07-20,Modern Daily #7299719,modern,modern-daily-7299719,modern-daily-7299719-2014-07-20
20,3,Glimmervoid,,Lands,3,1,Affinity,d4ygum,398 tix,$ 952,240956,2014-07-20,Modern Daily #7299719,modern,modern-daily-7299719,modern-daily-7299719-2014-07-20
21,4,Inkmoth Nexus,,Lands,3,1,Affinity,d4ygum,398 tix,$ 952,240956,2014-07-20,Modern Daily #7299719,modern,modern-daily-7299719,modern-daily-7299719-2014-07-20
22,1,Island,,Lands,3,1,Affinity,d4ygum,398 tix,$ 952,240956,2014-07-20,Modern Daily #7299719,modern,modern-daily-7299719,modern-daily-7299719-2014-07-20
24,1,Galvanic Blast,,Sideboard,3,1,Affinity,d4ygum,398 tix,$ 952,240956,2014-07-20,Modern Daily #7299719,modern,modern-daily-7299719,modern-daily-7299719-2014-07-20
25,1,Grafdigger's Cage,,Sideboard,3,1,Affinity,d4ygum,398 tix,$ 952,240956,2014-07-20,Modern Daily #7299719,modern,modern-daily-7299719,modern-daily-7299719-2014-07-20
26,3,Thoughtseize,,Sideboard,3,1,Affinity,d4ygum,398 tix,$ 952,240956,2014-07-20,Modern Daily #7299719,modern,modern-daily-7299719,modern-daily-7299719-2014-07-20
27,2,Ancient Grudge,,Sideboard,3,1,Affinity,d4ygum,398 tix,$ 952,240956,2014-07-20,Modern Daily #7299719,modern,modern-daily-7299719,modern-daily-7299719-2014-07-20
28,2,Spellskite,,Sideboard,3,1,Affinity,d4ygum,398 tix,$ 952,240956,2014-07-20,Modern Daily #7299719,modern,modern-daily-7299719,modern-daily-7299719-2014-07-20
29,1,Whipflare,,Sideboard,3,1,Affinity,d4ygum,398 tix,$ 952,240956,2014-07-20,Modern Daily #7299719,modern,modern-daily-7299719,modern-daily-7299719-2014-07-20
30,1,Blood Moon,,Sideboard,3,1,Affinity,d4ygum,398 tix,$ 952,240956,2014-07-20,Modern Daily #7299719,modern,modern-daily-7299719,modern-daily-7299719-2014-07-20
31,1,Dismember,,Sideboard,3,1,Affinity,d4ygum,398 tix,$ 952,240956,2014-07-20,Modern Daily #7299719,modern,modern-daily-7299719,modern-daily-7299719-2014-07-20
32,2,Etched Champion,,Sideboard,3,1,Affinity,d4ygum,398 tix,$ 952,240956,2014-07-20,Modern Daily #7299719,modern,modern-daily-7299719,modern-daily-7299719-2014-07-20
33,1,Rule of Law,,Sideboard,3,1,Affinity,d4ygum,398 tix,$ 952,240956,2014-07-20,Modern Daily #7299719,modern,modern-daily-7299719,modern-daily-7299719-2014-07-20
1,2,Memnite,,Creatures,3,1,Affinity,pig222,392 tix,$ 920,240960,2014-07-20,Modern Daily #7299719,modern,modern-daily-7299719,modern-daily-7299719-2014-07-20
2,4,Ornithopter,,Creatures,3,1,Affinity,pig222,392 tix,$ 920,240960,2014-07-20,Modern Daily #7299719,modern,modern-daily-7299719,modern-daily-7299719-2014-07-20
3,4,Signal Pest,,Creatures,3,1,Affinity,pig222,392 tix,$ 920,240960,2014-07-20,Modern Daily #7299719,modern,modern-daily-7299719,modern-daily-7299719-2014-07-20
4,4,Arcbound Ravager,,Creatures,3,1,Affinity,pig222,392 tix,$ 920,240960,2014-07-20,Modern Daily #7299719,modern,modern-daily-7299719,modern-daily-7299719-2014-07-20
5,3,Steel Overseer,,Creatures,3,1,Affinity,pig222,392 tix,$ 920,240960,2014-07-20,Modern Daily #7299719,modern,modern-daily-7299719,modern-daily-7299719-2014-07-20
6,4,Vault Skirge,,Creatures,3,1,Affinity,pig222,392 tix,$ 920,240960,2014-07-20,Modern Daily #7299719,modern,modern-daily-7299719,modern-daily-7299719-2014-07-20
7,3,Etched Champion,,Creatures,3,1,Affinity,pig222,392 tix,$ 920,240960,2014-07-20,Modern Daily #7299719,modern,modern-daily-7299719,modern-daily-7299719-2014-07-20
8,1,Master of Etherium,,Creatures,3,1,Affinity,pig222,392 tix,$ 920,240960,2014-07-20,Modern Daily #7299719,modern,modern-daily-7299719,modern-daily-7299719-2014-07-20
10,3,Galvanic Blast,,Spells,3,1,Affinity,pig222,392 tix,$ 920,240960,2014-07-20,Modern Daily #7299719,modern,modern-daily-7299719,modern-daily-7299719-2014-07-20
11,3,Thoughtcast,,Spells,3,1,Affinity,pig222,392 tix,$ 920,240960,2014-07-20,Modern Daily #7299719,modern,modern-daily-7299719,modern-daily-7299719-2014-07-20
13,4,Mox Opal,,Artifacts,3,1,Affinity,pig222,392 tix,$ 920,240960,2014-07-20,Modern Daily #7299719,modern,modern-daily-7299719,modern-daily-7299719-2014-07-20
14,1,Welding Jar,,Artifacts,3,1,Affinity,pig222,392 tix,$ 920,240960,2014-07-20,Modern Daily #7299719,modern,modern-daily-7299719,modern-daily-7299719-2014-07-20
15,4,Springleaf Drum,,Artifacts,3,1,Affinity,pig222,392 tix,$ 920,240960,2014-07-20,Modern Daily #7299719,modern,modern-daily-7299719,modern-daily-7299719-2014-07-20
16,4,Cranial Plating,,Artifacts,3,1,Affinity,pig222,392 tix,$ 920,240960,2014-07-20,Modern Daily #7299719,modern,modern-daily-7299719,modern-daily-7299719-2014-07-20
18,4,Blinkmoth Nexus,,Lands,3,1,Affinity,pig222,392 tix,$ 920,240960,2014-07-20,Modern Daily #7299719,modern,modern-daily-7299719,modern-daily-7299719-2014-07-20
19,4,Darksteel Citadel,,Lands,3,1,Affinity,pig222,392 tix,$ 920,240960,2014-07-20,Modern Daily #7299719,modern,modern-daily-7299719,modern-daily-7299719-2014-07-20
20,3,Glimmervoid,,Lands,3,1,Affinity,pig222,392 tix,$ 920,240960,2014-07-20,Modern Daily #7299719,modern,modern-daily-7299719,modern-daily-7299719-2014-07-20
21,4,Inkmoth Nexus,,Lands,3,1,Affinity,pig222,392 tix,$ 920,240960,2014-07-20,Modern Daily #7299719,modern,modern-daily-7299719,modern-daily-7299719-2014-07-20
22,1,Island,,Lands,3,1,Affinity,pig222,392 tix,$ 920,240960,2014-07-20,Modern Daily #7299719,modern,modern-daily-7299719,modern-daily-7299719-2014-07-20
24,2,Grafdigger's Cage,,Sideboard,3,1,Affinity,pig222,392 tix,$ 920,240960,2014-07-20,Modern Daily #7299719,modern,modern-daily-7299719,modern-daily-7299719-2014-07-20
25,1,Relic of Progenitus,,Sideboard,3,1,Affinity,pig222,392 tix,$ 920,240960,2014-07-20,Modern Daily #7299719,modern,modern-daily-7299719,modern-daily-7299719-2014-07-20
26,1,Spell Pierce,,Sideboard,3,1,Affinity,pig222,392 tix,$ 920,240960,2014-07-20,Modern Daily #7299719,modern,modern-daily-7299719,modern-daily-7299719-2014-07-20
27,3,Thoughtseize,,Sideboard,3,1,Affinity,pig222,392 tix,$ 920,240960,2014-07-20,Modern Daily #7299719,modern,modern-daily-7299719,modern-daily-7299719-2014-07-20
28,2,Ancient Grudge,,Sideboard,3,1,Affinity,pig222,392 tix,$ 920,240960,2014-07-20,Modern Daily #7299719,modern,modern-daily-7299719,modern-daily-7299719-2014-07-20
29,2,Spellskite,,Sideboard,3,1,Affinity,pig222,392 tix,$ 920,240960,2014-07-20,Modern Daily #7299719,modern,modern-daily-7299719,modern-daily-7299719-2014-07-20
30,1,Torpor Orb,,Sideboard,3,1,Affinity,pig222,392 tix,$ 920,240960,2014-07-20,Modern Daily #7299719,modern,modern-daily-7299719,modern-daily-7299719-2014-07-20
31,1,Whipflare,,Sideboard,3,1,Affinity,pig222,392 tix,$ 920,240960,2014-07-20,Modern Daily #7299719,modern,modern-daily-7299719,modern-daily-7299719-2014-07-20
32,2,Dismember,,Sideboard,3,1,Affinity,pig222,392 tix,$ 920,240960,2014-07-20,Modern Daily #7299719,modern,modern-daily-7299719,modern-daily-7299719-2014-07-20
1,3,Memnite,,Creatures,3,1,Affinity,OlleR,391 tix,$ 954,240965,2014-07-20,Modern Daily #7299719,modern,modern-daily-7299719,modern-daily-7299719-2014-07-20
2,4,Ornithopter,,Creatures,3,1,Affinity,OlleR,391 tix,$ 954,240965,2014-07-20,Modern Daily #7299719,modern,modern-daily-7299719,modern-daily-7299719-2014-07-20
3,4,Signal Pest,,Creatures,3,1,Affinity,OlleR,391 tix,$ 954,240965,2014-07-20,Modern Daily #7299719,modern,modern-daily-7299719,modern-daily-7299719-2014-07-20
4,4,Arcbound Ravager,,Creatures,3,1,Affinity,OlleR,391 tix,$ 954,240965,2014-07-20,Modern Daily #7299719,modern,modern-daily-7299719,modern-daily-7299719-2014-07-20
5,4,Steel Overseer,,Creatures,3,1,Affinity,OlleR,391 tix,$ 954,240965,2014-07-20,Modern Daily #7299719,modern,modern-daily-7299719,modern-daily-7299719-2014-07-20
6,4,Vault Skirge,,Creatures,3,1,Affinity,OlleR,391 tix,$ 954,240965,2014-07-20,Modern Daily #7299719,modern,modern-daily-7299719,modern-daily-7299719-2014-07-20
7,2,Etched Champion,,Creatures,3,1,Affinity,OlleR,391 tix,$ 954,240965,2014-07-20,Modern Daily #7299719,modern,modern-daily-7299719,modern-daily-7299719-2014-07-20
8,2,Master of Etherium,,Creatures,3,1,Affinity,OlleR,391 tix,$ 954,240965,2014-07-20,Modern Daily #7299719,modern,modern-daily-7299719,modern-daily-7299719-2014-07-20
10,2,Galvanic Blast,,Spells,3,1,Affinity,OlleR,391 tix,$ 954,240965,2014-07-20,Modern Daily #7299719,modern,modern-daily-7299719,modern-daily-7299719-2014-07-20
11,2,Thoughtcast,,Spells,3,1,Affinity,OlleR,391 tix,$ 954,240965,2014-07-20,Modern Daily #7299719,modern,modern-daily-7299719,modern-daily-7299719-2014-07-20
13,4,Mox Opal,,Artifacts,3,1,Affinity,OlleR,391 tix,$ 954,240965,2014-07-20,Modern Daily #7299719,modern,modern-daily-7299719,modern-daily-7299719-2014-07-20
14,4,Springleaf Drum,,Artifacts,3,1,Affinity,OlleR,391 tix,$ 954,240965,2014-07-20,Modern Daily #7299719,modern,modern-daily-7299719,modern-daily-7299719-2014-07-20
15,4,Cranial Plating,,Artifacts,3,1,Affinity,OlleR,391 tix,$ 954,240965,2014-07-20,Modern Daily #7299719,modern,modern-daily-7299719,modern-daily-7299719-2014-07-20
17,4,Blinkmoth Nexus,,Lands,3,1,Affinity,OlleR,391 tix,$ 954,240965,2014-07-20,Modern Daily #7299719,modern,modern-daily-7299719,modern-daily-7299719-2014-07-20
18,4,Darksteel Citadel,,Lands,3,1,Affinity,OlleR,391 tix,$ 954,240965,2014-07-20,Modern Daily #7299719,modern,modern-daily-7299719,modern-daily-7299719-2014-07-20
19,4,Glimmervoid,,Lands,3,1,Affinity,OlleR,391 tix,$ 954,240965,2014-07-20,Modern Daily #7299719,modern,modern-daily-7299719,modern-daily-7299719-2014-07-20
20,4,Inkmoth Nexus,,Lands,3,1,Affinity,OlleR,391 tix,$ 954,240965,2014-07-20,Modern Daily #7299719,modern,modern-daily-7299719,modern-daily-7299719-2014-07-20
21,1,Island,,Lands,3,1,Affinity,OlleR,391 tix,$ 954,240965,2014-07-20,Modern Daily #7299719,modern,modern-daily-7299719,modern-daily-7299719-2014-07-20
23,1,Galvanic Blast,,Sideboard,3,1,Affinity,OlleR,391 tix,$ 954,240965,2014-07-20,Modern Daily #7299719,modern,modern-daily-7299719,modern-daily-7299719-2014-07-20
24,1,Grafdigger's Cage,,Sideboard,3,1,Affinity,OlleR,391 tix,$ 954,240965,2014-07-20,Modern Daily #7299719,modern,modern-daily-7299719,modern-daily-7299719-2014-07-20
25,1,Spell Pierce,,Sideboard,3,1,Affinity,OlleR,391 tix,$ 954,240965,2014-07-20,Modern Daily #7299719,modern,modern-daily-7299719,modern-daily-7299719-2014-07-20
26,2,Thoughtseize,,Sideboard,3,1,Affinity,OlleR,391 tix,$ 954,240965,2014-07-20,Modern Daily #7299719,modern,modern-daily-7299719,modern-daily-7299719-2014-07-20
27,2,Ancient Grudge,,Sideboard,3,1,Affinity,OlleR,391 tix,$ 954,240965,2014-07-20,Modern Daily #7299719,modern,modern-daily-7299719,modern-daily-7299719-2014-07-20
28,2,Spellskite,,Sideboard,3,1,Affinity,OlleR,391 tix,$ 954,240965,2014-07-20,Modern Daily #7299719,modern,modern-daily-7299719,modern-daily-7299719-2014-07-20
29,1,Whipflare,,Sideboard,3,1,Affinity,OlleR,391 tix,$ 954,240965,2014-07-20,Modern Daily #7299719,modern,modern-daily-7299719,modern-daily-7299719-2014-07-20
30,1,Blood Moon,,Sideboard,3,1,Affinity,OlleR,391 tix,$ 954,240965,2014-07-20,Modern Daily #7299719,modern,modern-daily-7299719,modern-daily-7299719-2014-07-20
31,2,Etched Champion,,Sideboard,3,1,Affinity,OlleR,391 tix,$ 954,240965,2014-07-20,Modern Daily #7299719,modern,modern-daily-7299719,modern-daily-7299719-2014-07-20
32,1,Master of Etherium,,Sideboard,3,1,Affinity,OlleR,391 tix,$ 954,240965,2014-07-20,Modern Daily #7299719,modern,modern-daily-7299719,modern-daily-7299719-2014-07-20
33,1,Rule of Law,,Sideboard,3,1,Affinity,OlleR,391 tix,$ 954,240965,2014-07-20,Modern Daily #7299719,modern,modern-daily-7299719,modern-daily-7299719-2014-07-20
1,4,Snapcaster Mage,,Creatures,3,1,Blue Moon,zigzig,417 tix,"$ 1,343",240963,2014-07-20,Modern Daily #7299719,modern,modern-daily-7299719,modern-daily-7299719-2014-07-20
2,3,Vendilion Clique,,Creatures,3,1,Blue Moon,zigzig,417 tix,"$ 1,343",240963,2014-07-20,Modern Daily #7299719,modern,modern-daily-7299719,modern-daily-7299719-2014-07-20
3,1,"Keranos, God of Storms",,Creatures,3,1,Blue Moon,zigzig,417 tix,"$ 1,343",240963,2014-07-20,Modern Daily #7299719,modern,modern-daily-7299719,modern-daily-7299719-2014-07-20
5,4,Lightning Bolt,,Spells,3,1,Blue Moon,zigzig,417 tix,"$ 1,343",240963,2014-07-20,Modern Daily #7299719,modern,modern-daily-7299719,modern-daily-7299719-2014-07-20
6,4,Serum Visions,,Spells,3,1,Blue Moon,zigzig,417 tix,"$ 1,343",240963,2014-07-20,Modern Daily #7299719,modern,modern-daily-7299719,modern-daily-7299719-2014-07-20
7,3,Spell Snare,,Spells,3,1,Blue Moon,zigzig,417 tix,"$ 1,343",240963,2014-07-20,Modern Daily #7299719,modern,modern-daily-7299719,modern-daily-7299719-2014-07-20
8,4,Mana Leak,,Spells,3,1,Blue Moon,zigzig,417 tix,"$ 1,343",240963,2014-07-20,Modern Daily #7299719,modern,modern-daily-7299719,modern-daily-7299719-2014-07-20
9,3,Electrolyze,,Spells,3,1,Blue Moon,zigzig,417 tix,"$ 1,343",240963,2014-07-20,Modern Daily #7299719,modern,modern-daily-7299719,modern-daily-7299719-2014-07-20
10,4,Cryptic Command,,Spells,3,1,Blue Moon,zigzig,417 tix,"$ 1,343",240963,2014-07-20,Modern Daily #7299719,modern,modern-daily-7299719,modern-daily-7299719-2014-07-20
12,3,Vedalken Shackles,,Artifacts,3,1,Blue Moon,zigzig,417 tix,"$ 1,343",240963,2014-07-20,Modern Daily #7299719,modern,modern-daily-7299719,modern-daily-7299719-2014-07-20
13,1,Batterskull,,Artifacts,3,1,Blue Moon,zigzig,417 tix,"$ 1,343",240963,2014-07-20,Modern Daily #7299719,modern,modern-daily-7299719,modern-daily-7299719-2014-07-20
15,3,Blood Moon,,Enchantments,3,1,Blue Moon,zigzig,417 tix,"$ 1,343",240963,2014-07-20,Modern Daily #7299719,modern,modern-daily-7299719,modern-daily-7299719-2014-07-20
17,1,Academy Ruins,,Lands,3,1,Blue Moon,zigzig,417 tix,"$ 1,343",240963,2014-07-20,Modern Daily #7299719,modern,modern-daily-7299719,modern-daily-7299719-2014-07-20
18,1,Desolate Lighthouse,,Lands,3,1,Blue Moon,zigzig,417 tix,"$ 1,343",240963,2014-07-20,Modern Daily #7299719,modern,modern-daily-7299719,modern-daily-7299719-2014-07-20
19,4,Misty Rainforest,,Lands,3,1,Blue Moon,zigzig,417 tix,"$ 1,343",240963,2014-07-20,Modern Daily #7299719,modern,modern-daily-7299719,modern-daily-7299719-2014-07-20
20,4,Scalding Tarn,,Lands,3,1,Blue Moon,zigzig,417 tix,"$ 1,343",240963,2014-07-20,Modern Daily #7299719,modern,modern-daily-7299719,modern-daily-7299719-2014-07-20
21,10,Snow-Covered Island,,Lands,3,1,Blue Moon,zigzig,417 tix,"$ 1,343",240963,2014-07-20,Modern Daily #7299719,modern,modern-daily-7299719,modern-daily-7299719-2014-07-20
22,1,Snow-Covered Mountain,,Lands,3,1,Blue Moon,zigzig,417 tix,"$ 1,343",240963,2014-07-20,Modern Daily #7299719,modern,modern-daily-7299719,modern-daily-7299719-2014-07-20
23,3,Steam Vents,,Lands,3,1,Blue Moon,zigzig,417 tix,"$ 1,343",240963,2014-07-20,Modern Daily #7299719,modern,modern-daily-7299719,modern-daily-7299719-2014-07-20
25,1,Engineered Explosives,,Sideboard,3,1,Blue Moon,zigzig,417 tix,"$ 1,343",240963,2014-07-20,Modern Daily #7299719,modern,modern-daily-7299719,modern-daily-7299719-2014-07-20
26,2,Dispel,,Sideboard,3,1,Blue Moon,zigzig,417 tix,"$ 1,343",240963,2014-07-20,Modern Daily #7299719,modern,modern-daily-7299719,modern-daily-7299719-2014-07-20
27,2,Relic of Progenitus,,Sideboard,3,1,Blue Moon,zigzig,417 tix,"$ 1,343",240963,2014-07-20,Modern Daily #7299719,modern,modern-daily-7299719,modern-daily-7299719-2014-07-20
28,2,Vandalblast,,Sideboard,3,1,Blue Moon,zigzig,417 tix,"$ 1,343",240963,2014-07-20,Modern Daily #7299719,modern,modern-daily-7299719,modern-daily-7299719-2014-07-20
29,2,Combust,,Sideboard,3,1,Blue Moon,zigzig,417 tix,"$ 1,343",240963,2014-07-20,Modern Daily #7299719,modern,modern-daily-7299719,modern-daily-7299719-2014-07-20
30,1,Negate,,Sideboard,3,1,Blue Moon,zigzig,417 tix,"$ 1,343",240963,2014-07-20,Modern Daily #7299719,modern,modern-daily-7299719,modern-daily-7299719-2014-07-20
31,1,Anger of the Gods,,Sideboard,3,1,Blue Moon,zigzig,417 tix,"$ 1,343",240963,2014-07-20,Modern Daily #7299719,modern,modern-daily-7299719,modern-daily-7299719-2014-07-20
32,2,Threads of Disloyalty,,Sideboard,3,1,Blue Moon,zigzig,417 tix,"$ 1,343",240963,2014-07-20,Modern Daily #7299719,modern,modern-daily-7299719,modern-daily-7299719-2014-07-20
33,1,Batterskull,,Sideboard,3,1,Blue Moon,zigzig,417 tix,"$ 1,343",240963,2014-07-20,Modern Daily #7299719,modern,modern-daily-7299719,modern-daily-7299719-2014-07-20
1,4,Goblin Guide,,Creatures,3,1,Burn,traumkrieger,258 tix,$ 995,240959,2014-07-20,Modern Daily #7299719,modern,modern-daily-7299719,modern-daily-7299719-2014-07-20
2,3,Grim Lavamancer,,Creatures,3,1,Burn,traumkrieger,258 tix,$ 995,240959,2014-07-20,Modern Daily #7299719,modern,modern-daily-7299719,modern-daily-7299719-2014-07-20
4,4,Bump in the Night,,Spells,3,1,Burn,traumkrieger,258 tix,$ 995,240959,2014-07-20,Modern Daily #7299719,modern,modern-daily-7299719,modern-daily-7299719-2014-07-20
5,4,Forked Bolt,,Spells,3,1,Burn,traumkrieger,258 tix,$ 995,240959,2014-07-20,Modern Daily #7299719,modern,modern-daily-7299719,modern-daily-7299719-2014-07-20
6,4,Lava Spike,,Spells,3,1,Burn,traumkrieger,258 tix,$ 995,240959,2014-07-20,Modern Daily #7299719,modern,modern-daily-7299719,modern-daily-7299719-2014-07-20
7,4,Lightning Bolt,,Spells,3,1,Burn,traumkrieger,258 tix,$ 995,240959,2014-07-20,Modern Daily #7299719,modern,modern-daily-7299719,modern-daily-7299719-2014-07-20
8,4,Boros Charm,,Spells,3,1,Burn,traumkrieger,258 tix,$ 995,240959,2014-07-20,Modern Daily #7299719,modern,modern-daily-7299719,modern-daily-7299719-2014-07-20
9,3,Magma Jet,,Spells,3,1,Burn,traumkrieger,258 tix,$ 995,240959,2014-07-20,Modern Daily #7299719,modern,modern-daily-7299719,modern-daily-7299719-2014-07-20
10,2,Searing Blaze,,Spells,3,1,Burn,traumkrieger,258 tix,$ 995,240959,2014-07-20,Modern Daily #7299719,modern,modern-daily-7299719,modern-daily-7299719-2014-07-20
11,4,Skullcrack,,Spells,3,1,Burn,traumkrieger,258 tix,$ 995,240959,2014-07-20,Modern Daily #7299719,modern,modern-daily-7299719,modern-daily-7299719-2014-07-20
12,4,Rift Bolt,,Spells,3,1,Burn,traumkrieger,258 tix,$ 995,240959,2014-07-20,Modern Daily #7299719,modern,modern-daily-7299719,modern-daily-7299719-2014-07-20
14,4,Arid Mesa,,Lands,3,1,Burn,traumkrieger,258 tix,$ 995,240959,2014-07-20,Modern Daily #7299719,modern,modern-daily-7299719,modern-daily-7299719-2014-07-20
15,3,Blackcleave Cliffs,,Lands,3,1,Burn,traumkrieger,258 tix,$ 995,240959,2014-07-20,Modern Daily #7299719,modern,modern-daily-7299719,modern-daily-7299719-2014-07-20
16,2,Blood Crypt,,Lands,3,1,Burn,traumkrieger,258 tix,$ 995,240959,2014-07-20,Modern Daily #7299719,modern,modern-daily-7299719,modern-daily-7299719-2014-07-20
17,1,Marsh Flats,,Lands,3,1,Burn,traumkrieger,258 tix,$ 995,240959,2014-07-20,Modern Daily #7299719,modern,modern-daily-7299719,modern-daily-7299719-2014-07-20
18,4,Mountain,,Lands,3,1,Burn,traumkrieger,258 tix,$ 995,240959,2014-07-20,Modern Daily #7299719,modern,modern-daily-7299719,modern-daily-7299719-2014-07-20
19,2,Sacred Foundry,,Lands,3,1,Burn,traumkrieger,258 tix,$ 995,240959,2014-07-20,Modern Daily #7299719,modern,modern-daily-7299719,modern-daily-7299719-2014-07-20
20,4,Scalding Tarn,,Lands,3,1,Burn,traumkrieger,258 tix,$ 995,240959,2014-07-20,Modern Daily #7299719,modern,modern-daily-7299719,modern-daily-7299719-2014-07-20
22,1,Arc Trail,,Sideboard,3,1,Burn,traumkrieger,258 tix,$ 995,240959,2014-07-20,Modern Daily #7299719,modern,modern-daily-7299719,modern-daily-7299719-2014-07-20
23,2,Rakdos Charm,,Sideboard,3,1,Burn,traumkrieger,258 tix,$ 995,240959,2014-07-20,Modern Daily #7299719,modern,modern-daily-7299719,modern-daily-7299719-2014-07-20
24,1,Searing Blaze,,Sideboard,3,1,Burn,traumkrieger,258 tix,$ 995,240959,2014-07-20,Modern Daily #7299719,modern,modern-daily-7299719,modern-daily-7299719-2014-07-20
25,1,Searing Blood,,Sideboard,3,1,Burn,traumkrieger,258 tix,$ 995,240959,2014-07-20,Modern Daily #7299719,modern,modern-daily-7299719,modern-daily-7299719-2014-07-20
26,4,Smash to Smithereens,,Sideboard,3,1,Burn,traumkrieger,258 tix,$ 995,240959,2014-07-20,Modern Daily #7299719,modern,modern-daily-7299719,modern-daily-7299719-2014-07-20
27,3,Ensnaring Bridge,,Sideboard,3,1,Burn,traumkrieger,258 tix,$ 995,240959,2014-07-20,Modern Daily #7299719,modern,modern-daily-7299719,modern-daily-7299719-2014-07-20
28,1,Flames of the Blood Hand,,Sideboard,3,1,Burn,traumkrieger,258 tix,$ 995,240959,2014-07-20,Modern Daily #7299719,modern,modern-daily-7299719,modern-daily-7299719-2014-07-20
29,2,Volcanic Fallout,,Sideboard,3,1,Burn,traumkrieger,258 tix,$ 995,240959,2014-07-20,Modern Daily #7299719,modern,modern-daily-7299719,modern-daily-7299719-2014-07-20
1,4,Goblin Guide,,Creatures,3,1,Burn,AnzuTheParrot,94 tix,$ 196,240961,2014-07-20,Modern Daily #7299719,modern,modern-daily-7299719,modern-daily-7299719-2014-07-20
2,4,Eidolon of the Great Revel,,Creatures,3,1,Burn,AnzuTheParrot,94 tix,$ 196,240961,2014-07-20,Modern Daily #7299719,modern,modern-daily-7299719,modern-daily-7299719-2014-07-20
3,4,Hellspark Elemental,,Creatures,3,1,Burn,AnzuTheParrot,94 tix,$ 196,240961,2014-07-20,Modern Daily #7299719,modern,modern-daily-7299719,modern-daily-7299719-2014-07-20
5,4,Lava Spike,,Spells,3,1,Burn,AnzuTheParrot,94 tix,$ 196,240961,2014-07-20,Modern Daily #7299719,modern,modern-daily-7299719,modern-daily-7299719-2014-07-20
6,4,Lightning Bolt,,Spells,3,1,Burn,AnzuTheParrot,94 tix,$ 196,240961,2014-07-20,Modern Daily #7299719,modern,modern-daily-7299719,modern-daily-7299719-2014-07-20
7,3,Shard Volley,,Spells,3,1,Burn,AnzuTheParrot,94 tix,$ 196,240961,2014-07-20,Modern Daily #7299719,modern,modern-daily-7299719,modern-daily-7299719-2014-07-20
8,2,Magma Jet,,Spells,3,1,Burn,AnzuTheParrot,94 tix,$ 196,240961,2014-07-20,Modern Daily #7299719,modern,modern-daily-7299719,modern-daily-7299719-2014-07-20
9,3,Searing Blaze,,Spells,3,1,Burn,AnzuTheParrot,94 tix,$ 196,240961,2014-07-20,Modern Daily #7299719,modern,modern-daily-7299719,modern-daily-7299719-2014-07-20
10,4,Skullcrack,,Spells,3,1,Burn,AnzuTheParrot,94 tix,$ 196,240961,2014-07-20,Modern Daily #7299719,modern,modern-daily-7299719,modern-daily-7299719-2014-07-20
11,4,Flames of the Blood Hand,,Spells,3,1,Burn,AnzuTheParrot,94 tix,$ 196,240961,2014-07-20,Modern Daily #7299719,modern,modern-daily-7299719,modern-daily-7299719-2014-07-20
12,4,Rift Bolt,,Spells,3,1,Burn,AnzuTheParrot,94 tix,$ 196,240961,2014-07-20,Modern Daily #7299719,modern,modern-daily-7299719,modern-daily-7299719-2014-07-20
14,20,Mountain,,Lands,3,1,Burn,AnzuTheParrot,94 tix,$ 196,240961,2014-07-20,Modern Daily #7299719,modern,modern-daily-7299719,modern-daily-7299719-2014-07-20
16,2,Grafdigger's Cage,,Sideboard,3,1,Burn,AnzuTheParrot,94 tix,$ 196,240961,2014-07-20,Modern Daily #7299719,modern,modern-daily-7299719,modern-daily-7299719-2014-07-20
17,3,Combust,,Sideboard,3,1,Burn,AnzuTheParrot,94 tix,$ 196,240961,2014-07-20,Modern Daily #7299719,modern,modern-daily-7299719,modern-daily-7299719-2014-07-20
18,2,Dragon's Claw,,Sideboard,3,1,Burn,AnzuTheParrot,94 tix,$ 196,240961,2014-07-20,Modern Daily #7299719,modern,modern-daily-7299719,modern-daily-7299719-2014-07-20
19,2,Searing Blood,,Sideboard,3,1,Burn,AnzuTheParrot,94 tix,$ 196,240961,2014-07-20,Modern Daily #7299719,modern,modern-daily-7299719,modern-daily-7299719-2014-07-20
20,3,Smash to Smithereens,,Sideboard,3,1,Burn,AnzuTheParrot,94 tix,$ 196,240961,2014-07-20,Modern Daily #7299719,modern,modern-daily-7299719,modern-daily-7299719-2014-07-20
21,3,Molten Rain,,Sideboard,3,1,Burn,AnzuTheParrot,94 tix,$ 196,240961,2014-07-20,Modern Daily #7299719,modern,modern-daily-7299719,modern-daily-7299719-2014-07-20
1,4,Firedrinker Satyr,,Creatures,3,1,Burn,ryoko1337,59 tix,$ 52,240967,2014-07-20,Modern Daily #7299719,modern,modern-daily-7299719,modern-daily-7299719-2014-07-20
2,4,Rakdos Cackler,,Creatures,3,1,Burn,ryoko1337,59 tix,$ 52,240967,2014-07-20,Modern Daily #7299719,modern,modern-daily-7299719,modern-daily-7299719-2014-07-20
3,4,Tattermunge Maniac,,Creatures,3,1,Burn,ryoko1337,59 tix,$ 52,240967,2014-07-20,Modern Daily #7299719,modern,modern-daily-7299719,modern-daily-7299719-2014-07-20
4,4,Ash Zealot,,Creatures,3,1,Burn,ryoko1337,59 tix,$ 52,240967,2014-07-20,Modern Daily #7299719,modern,modern-daily-7299719,modern-daily-7299719-2014-07-20
5,4,Eidolon of the Great Revel,,Creatures,3,1,Burn,ryoko1337,59 tix,$ 52,240967,2014-07-20,Modern Daily #7299719,modern,modern-daily-7299719,modern-daily-7299719-2014-07-20
6,2,Stormblood Berserker,,Creatures,3,1,Burn,ryoko1337,59 tix,$ 52,240967,2014-07-20,Modern Daily #7299719,modern,modern-daily-7299719,modern-daily-7299719-2014-07-20
8,4,Lightning Bolt,,Spells,3,1,Burn,ryoko1337,59 tix,$ 52,240967,2014-07-20,Modern Daily #7299719,modern,modern-daily-7299719,modern-daily-7299719-2014-07-20
9,4,Pillar of Flame,,Spells,3,1,Burn,ryoko1337,59 tix,$ 52,240967,2014-07-20,Modern Daily #7299719,modern,modern-daily-7299719,modern-daily-7299719-2014-07-20
10,4,Searing Blaze,,Spells,3,1,Burn,ryoko1337,59 tix,$ 52,240967,2014-07-20,Modern Daily #7299719,modern,modern-daily-7299719,modern-daily-7299719-2014-07-20
11,4,Searing Blood,,Spells,3,1,Burn,ryoko1337,59 tix,$ 52,240967,2014-07-20,Modern Daily #7299719,modern,modern-daily-7299719,modern-daily-7299719-2014-07-20
13,4,Shrine of Burning Rage,,Artifacts,3,1,Burn,ryoko1337,59 tix,$ 52,240967,2014-07-20,Modern Daily #7299719,modern,modern-daily-7299719,modern-daily-7299719-2014-07-20
15,18,Mountain,,Lands,3,1,Burn,ryoko1337,59 tix,$ 52,240967,2014-07-20,Modern Daily #7299719,modern,modern-daily-7299719,modern-daily-7299719-2014-07-20
17,4,Combust,,Sideboard,3,1,Burn,ryoko1337,59 tix,$ 52,240967,2014-07-20,Modern Daily #7299719,modern,modern-daily-7299719,modern-daily-7299719-2014-07-20
18,3,Dragon's Claw,,Sideboard,3,1,Burn,ryoko1337,59 tix,$ 52,240967,2014-07-20,Modern Daily #7299719,modern,modern-daily-7299719,modern-daily-7299719-2014-07-20
19,4,Smash to Smithereens,,Sideboard,3,1,Burn,ryoko1337,59 tix,$ 52,240967,2014-07-20,Modern Daily #7299719,modern,modern-daily-7299719,modern-daily-7299719-2014-07-20
20,4,Goblin Assault,,Sideboard,3,1,Burn,ryoko1337,59 tix,$ 52,240967,2014-07-20,Modern Daily #7299719,modern,modern-daily-7299719,modern-daily-7299719-2014-07-20
1,4,Snapcaster Mage,,Creatures,3,1,Cruel Control,Chemfy,254 tix,"$ 1,183",240958,2014-07-20,Modern Daily #7299719,modern,modern-daily-7299719,modern-daily-7299719-2014-07-20
2,1,"Keranos, God of Storms",,Creatures,3,1,Cruel Control,Chemfy,254 tix,"$ 1,183",240958,2014-07-20,Modern Daily #7299719,modern,modern-daily-7299719,modern-daily-7299719-2014-07-20
4,1,"Nicol Bolas, Planeswalker",,Planeswalkers,3,1,Cruel Control,Chemfy,254 tix,"$ 1,183",240958,2014-07-20,Modern Daily #7299719,modern,modern-daily-7299719,modern-daily-7299719-2014-07-20
6,1,Slaughter Pact,,Spells,3,1,Cruel Control,Chemfy,254 tix,"$ 1,183",240958,2014-07-20,Modern Daily #7299719,modern,modern-daily-7299719,modern-daily-7299719-2014-07-20
7,4,Lightning Bolt,,Spells,3,1,Cruel Control,Chemfy,254 tix,"$ 1,183",240958,2014-07-20,Modern Daily #7299719,modern,modern-daily-7299719,modern-daily-7299719-2014-07-20
8,2,Spell Snare,,Spells,3,1,Cruel Control,Chemfy,254 tix,"$ 1,183",240958,2014-07-20,Modern Daily #7299719,modern,modern-daily-7299719,modern-daily-7299719-2014-07-20
9,2,Thoughtseize,,Spells,3,1,Cruel Control,Chemfy,254 tix,"$ 1,183",240958,2014-07-20,Modern Daily #7299719,modern,modern-daily-7299719,modern-daily-7299719-2014-07-20
10,4,Mana Leak,,Spells,3,1,Cruel Control,Chemfy,254 tix,"$ 1,183",240958,2014-07-20,Modern Daily #7299719,modern,modern-daily-7299719,modern-daily-7299719-2014-07-20
11,2,Terminate,,Spells,3,1,Cruel Control,Chemfy,254 tix,"$ 1,183",240958,2014-07-20,Modern Daily #7299719,modern,modern-daily-7299719,modern-daily-7299719-2014-07-20
12,3,Electrolyze,,Spells,3,1,Cruel Control,Chemfy,254 tix,"$ 1,183",240958,2014-07-20,Modern Daily #7299719,modern,modern-daily-7299719,modern-daily-7299719-2014-07-20
13,1,Hero's Downfall,,Spells,3,1,Cruel Control,Chemfy,254 tix,"$ 1,183",240958,2014-07-20,Modern Daily #7299719,modern,modern-daily-7299719,modern-daily-7299719-2014-07-20
14,4,Cryptic Command,,Spells,3,1,Cruel Control,Chemfy,254 tix,"$ 1,183",240958,2014-07-20,Modern Daily #7299719,modern,modern-daily-7299719,modern-daily-7299719-2014-07-20
15,1,Mystical Teachings,,Spells,3,1,Cruel Control,Chemfy,254 tix,"$ 1,183",240958,2014-07-20,Modern Daily #7299719,modern,modern-daily-7299719,modern-daily-7299719-2014-07-20
16,2,Consume the Meek,,Spells,3,1,Cruel Control,Chemfy,254 tix,"$ 1,183",240958,2014-07-20,Modern Daily #7299719,modern,modern-daily-7299719,modern-daily-7299719-2014-07-20
17,1,Cruel Ultimatum,,Spells,3,1,Cruel Control,Chemfy,254 tix,"$ 1,183",240958,2014-07-20,Modern Daily #7299719,modern,modern-daily-7299719,modern-daily-7299719-2014-07-20
19,1,Batterskull,,Artifacts,3,1,Cruel Control,Chemfy,254 tix,"$ 1,183",240958,2014-07-20,Modern Daily #7299719,modern,modern-daily-7299719,modern-daily-7299719-2014-07-20
21,1,Blood Crypt,,Lands,3,1,Cruel Control,Chemfy,254 tix,"$ 1,183",240958,2014-07-20,Modern Daily #7299719,modern,modern-daily-7299719,modern-daily-7299719-2014-07-20
22,4,Creeping Tar Pit,,Lands,3,1,Cruel Control,Chemfy,254 tix,"$ 1,183",240958,2014-07-20,Modern Daily #7299719,modern,modern-daily-7299719,modern-daily-7299719-2014-07-20
23,1,Dreadship Reef,,Lands,3,1,Cruel Control,Chemfy,254 tix,"$ 1,183",240958,2014-07-20,Modern Daily #7299719,modern,modern-daily-7299719,modern-daily-7299719-2014-07-20
24,1,Drowned Catacomb,,Lands,3,1,Cruel Control,Chemfy,254 tix,"$ 1,183",240958,2014-07-20,Modern Daily #7299719,modern,modern-daily-7299719,modern-daily-7299719-2014-07-20
25,4,Island,,Lands,3,1,Cruel Control,Chemfy,254 tix,"$ 1,183",240958,2014-07-20,Modern Daily #7299719,modern,modern-daily-7299719,modern-daily-7299719-2014-07-20
26,2,Misty Rainforest,,Lands,3,1,Cruel Control,Chemfy,254 tix,"$ 1,183",240958,2014-07-20,Modern Daily #7299719,modern,modern-daily-7299719,modern-daily-7299719-2014-07-20
27,1,Mountain,,Lands,3,1,Cruel Control,Chemfy,254 tix,"$ 1,183",240958,2014-07-20,Modern Daily #7299719,modern,modern-daily-7299719,modern-daily-7299719-2014-07-20
28,4,Scalding Tarn,,Lands,3,1,Cruel Control,Chemfy,254 tix,"$ 1,183",240958,2014-07-20,Modern Daily #7299719,modern,modern-daily-7299719,modern-daily-7299719-2014-07-20
29,2,Steam Vents,,Lands,3,1,Cruel Control,Chemfy,254 tix,"$ 1,183",240958,2014-07-20,Modern Daily #7299719,modern,modern-daily-7299719,modern-daily-7299719-2014-07-20
30,3,Sulfur Falls,,Lands,3,1,Cruel Control,Chemfy,254 tix,"$ 1,183",240958,2014-07-20,Modern Daily #7299719,modern,modern-daily-7299719,modern-daily-7299719-2014-07-20
31,1,"Urborg, Tomb of Yawgmoth",,Lands,3,1,Cruel Control,Chemfy,254 tix,"$ 1,183",240958,2014-07-20,Modern Daily #7299719,modern,modern-daily-7299719,modern-daily-7299719-2014-07-20
32,2,Watery Grave,,Lands,3,1,Cruel Control,Chemfy,254 tix,"$ 1,183",240958,2014-07-20,Modern Daily #7299719,modern,modern-daily-7299719,modern-daily-7299719-2014-07-20
34,1,Thoughtseize,,Sideboard,3,1,Cruel Control,Chemfy,254 tix,"$ 1,183",240958,2014-07-20,Modern Daily #7299719,modern,modern-daily-7299719,modern-daily-7299719-2014-07-20
35,1,Vandalblast,,Sideboard,3,1,Cruel Control,Chemfy,254 tix,"$ 1,183",240958,2014-07-20,Modern Daily #7299719,modern,modern-daily-7299719,modern-daily-7299719-2014-07-20
36,1,Geth's Verdict,,Sideboard,3,1,Cruel Control,Chemfy,254 tix,"$ 1,183",240958,2014-07-20,Modern Daily #7299719,modern,modern-daily-7299719,modern-daily-7299719-2014-07-20
37,2,Rakdos Charm,,Sideboard,3,1,Cruel Control,Chemfy,254 tix,"$ 1,183",240958,2014-07-20,Modern Daily #7299719,modern,modern-daily-7299719,modern-daily-7299719-2014-07-20
38,2,Anger of the Gods,,Sideboard,3,1,Cruel Control,Chemfy,254 tix,"$ 1,183",240958,2014-07-20,Modern Daily #7299719,modern,modern-daily-7299719,modern-daily-7299719-2014-07-20
39,2,Counterflux,,Sideboard,3,1,Cruel Control,Chemfy,254 tix,"$ 1,183",240958,2014-07-20,Modern Daily #7299719,modern,modern-daily-7299719,modern-daily-7299719-2014-07-20
40,1,Damnation,,Sideboard,3,1,Cruel Control,Chemfy,254 tix,"$ 1,183",240958,2014-07-20,Modern Daily #7299719,modern,modern-daily-7299719,modern-daily-7299719-2014-07-20
41,2,Slaughter Games,,Sideboard,3,1,Cruel Control,Chemfy,254 tix,"$ 1,183",240958,2014-07-20,Modern Daily #7299719,modern,modern-daily-7299719,modern-daily-7299719-2014-07-20
42,2,Sowing Salt,,Sideboard,3,1,Cruel Control,Chemfy,254 tix,"$ 1,183",240958,2014-07-20,Modern Daily #7299719,modern,modern-daily-7299719,modern-daily-7299719-2014-07-20
43,1,Grave Titan,,Sideboard,3,1,Cruel Control,Chemfy,254 tix,"$ 1,183",240958,2014-07-20,Modern Daily #7299719,modern,modern-daily-7299719,modern-daily-7299719-2014-07-20
1,2,Pack Rat,,Creatures,3,1,Faeries,uwmystic420,176 tix,$ 819,240964,2014-07-20,Modern Daily #7299719,modern,modern-daily-7299719,modern-daily-7299719-2014-07-20
2,4,Spellstutter Sprite,,Creatures,3,1,Faeries,uwmystic420,176 tix,$ 819,240964,2014-07-20,Modern Daily #7299719,modern,modern-daily-7299719,modern-daily-7299719-2014-07-20
3,2,Vendilion Clique,,Creatures,3,1,Faeries,uwmystic420,176 tix,$ 819,240964,2014-07-20,Modern Daily #7299719,modern,modern-daily-7299719,modern-daily-7299719-2014-07-20
4,4,Mistbind Clique,,Creatures,3,1,Faeries,uwmystic420,176 tix,$ 819,240964,2014-07-20,Modern Daily #7299719,modern,modern-daily-7299719,modern-daily-7299719-2014-07-20
6,2,Disfigure,,Spells,3,1,Faeries,uwmystic420,176 tix,$ 819,240964,2014-07-20,Modern Daily #7299719,modern,modern-daily-7299719,modern-daily-7299719-2014-07-20
7,3,Inquisition of Kozilek,,Spells,3,1,Faeries,uwmystic420,176 tix,$ 819,240964,2014-07-20,Modern Daily #7299719,modern,modern-daily-7299719,modern-daily-7299719-2014-07-20
8,3,Thoughtseize,,Spells,3,1,Faeries,uwmystic420,176 tix,$ 819,240964,2014-07-20,Modern Daily #7299719,modern,modern-daily-7299719,modern-daily-7299719-2014-07-20
9,2,Mana Leak,,Spells,3,1,Faeries,uwmystic420,176 tix,$ 819,240964,2014-07-20,Modern Daily #7299719,modern,modern-daily-7299719,modern-daily-7299719-2014-07-20
10,3,Smother,,Spells,3,1,Faeries,uwmystic420,176 tix,$ 819,240964,2014-07-20,Modern Daily #7299719,modern,modern-daily-7299719,modern-daily-7299719-2014-07-20
11,4,Cryptic Command,,Spells,3,1,Faeries,uwmystic420,176 tix,$ 819,240964,2014-07-20,Modern Daily #7299719,modern,modern-daily-7299719,modern-daily-7299719-2014-07-20
13,2,Sword of Feast and Famine,,Artifacts,3,1,Faeries,uwmystic420,176 tix,$ 819,240964,2014-07-20,Modern Daily #7299719,modern,modern-daily-7299719,modern-daily-7299719-2014-07-20
15,4,Bitterblossom,,Enchantments,3,1,Faeries,uwmystic420,176 tix,$ 819,240964,2014-07-20,Modern Daily #7299719,modern,modern-daily-7299719,modern-daily-7299719-2014-07-20
17,2,Creeping Tar Pit,,Lands,3,1,Faeries,uwmystic420,176 tix,$ 819,240964,2014-07-20,Modern Daily #7299719,modern,modern-daily-7299719,modern-daily-7299719-2014-07-20
18,4,Darkslick Shores,,Lands,3,1,Faeries,uwmystic420,176 tix,$ 819,240964,2014-07-20,Modern Daily #7299719,modern,modern-daily-7299719,modern-daily-7299719-2014-07-20
19,4,Mutavault,,Lands,3,1,Faeries,uwmystic420,176 tix,$ 819,240964,2014-07-20,Modern Daily #7299719,modern,modern-daily-7299719,modern-daily-7299719-2014-07-20
20,4,River of Tears,,Lands,3,1,Faeries,uwmystic420,176 tix,$ 819,240964,2014-07-20,Modern Daily #7299719,modern,modern-daily-7299719,modern-daily-7299719-2014-07-20
21,4,Secluded Glen,,Lands,3,1,Faeries,uwmystic420,176 tix,$ 819,240964,2014-07-20,Modern Daily #7299719,modern,modern-daily-7299719,modern-daily-7299719-2014-07-20
22,2,Snow-Covered Island,,Lands,3,1,Faeries,uwmystic420,176 tix,$ 819,240964,2014-07-20,Modern Daily #7299719,modern,modern-daily-7299719,modern-daily-7299719-2014-07-20
23,2,Tectonic Edge,,Lands,3,1,Faeries,uwmystic420,176 tix,$ 819,240964,2014-07-20,Modern Daily #7299719,modern,modern-daily-7299719,modern-daily-7299719-2014-07-20
24,3,Watery Grave,,Lands,3,1,Faeries,uwmystic420,176 tix,$ 819,240964,2014-07-20,Modern Daily #7299719,modern,modern-daily-7299719,modern-daily-7299719-2014-07-20
26,1,Tectonic Edge,,Sideboard,3,1,Faeries,uwmystic420,176 tix,$ 819,240964,2014-07-20,Modern Daily #7299719,modern,modern-daily-7299719,modern-daily-7299719-2014-07-20
27,2,Disfigure,,Sideboard,3,1,Faeries,uwmystic420,176 tix,$ 819,240964,2014-07-20,Modern Daily #7299719,modern,modern-daily-7299719,modern-daily-7299719-2014-07-20
28,1,Inquisition of Kozilek,,Sideboard,3,1,Faeries,uwmystic420,176 tix,$ 819,240964,2014-07-20,Modern Daily #7299719,modern,modern-daily-7299719,modern-daily-7299719-2014-07-20
29,2,Spell Snare,,Sideboard,3,1,Faeries,uwmystic420,176 tix,$ 819,240964,2014-07-20,Modern Daily #7299719,modern,modern-daily-7299719,modern-daily-7299719-2014-07-20
30,2,Negate,,Sideboard,3,1,Faeries,uwmystic420,176 tix,$ 819,240964,2014-07-20,Modern Daily #7299719,modern,modern-daily-7299719,modern-daily-7299719-2014-07-20
31,3,Ratchet Bomb,,Sideboard,3,1,Faeries,uwmystic420,176 tix,$ 819,240964,2014-07-20,Modern Daily #7299719,modern,modern-daily-7299719,modern-daily-7299719-2014-07-20
32,1,Dismember,,Sideboard,3,1,Faeries,uwmystic420,176 tix,$ 819,240964,2014-07-20,Modern Daily #7299719,modern,modern-daily-7299719,modern-daily-7299719-2014-07-20
33,3,Sower of Temptation,,Sideboard,3,1,Faeries,uwmystic420,176 tix,$ 819,240964,2014-07-20,Modern Daily #7299719,modern,modern-daily-7299719,modern-daily-7299719-2014-07-20
1,4,Birds of Paradise,,Creatures,3,1,Kiki Pod,dk640,311 tix,$ 765,240962,2014-07-20,Modern Daily #7299719,modern,modern-daily-7299719,modern-daily-7299719-2014-07-20
2,4,Noble Hierarch,,Creatures,3,1,Kiki Pod,dk640,311 tix,$ 765,240962,2014-07-20,Modern Daily #7299719,modern,modern-daily-7299719,modern-daily-7299719-2014-07-20
3,1,Phantasmal Image,,Creatures,3,1,Kiki Pod,dk640,311 tix,$ 765,240962,2014-07-20,Modern Daily #7299719,modern,modern-daily-7299719,modern-daily-7299719-2014-07-20
4,1,Qasali Pridemage,,Creatures,3,1,Kiki Pod,dk640,311 tix,$ 765,240962,2014-07-20,Modern Daily #7299719,modern,modern-daily-7299719,modern-daily-7299719-2014-07-20
5,2,Scavenging Ooze,,Creatures,3,1,Kiki Pod,dk640,311 tix,$ 765,240962,2014-07-20,Modern Daily #7299719,modern,modern-daily-7299719,modern-daily-7299719-2014-07-20
6,1,Spellskite,,Creatures,3,1,Kiki Pod,dk640,311 tix,$ 765,240962,2014-07-20,Modern Daily #7299719,modern,modern-daily-7299719,modern-daily-7299719-2014-07-20
7,2,Voice of Resurgence,,Creatures,3,1,Kiki Pod,dk640,311 tix,$ 765,240962,2014-07-20,Modern Daily #7299719,modern,modern-daily-7299719,modern-daily-7299719-2014-07-20
8,1,Wall of Roots,,Creatures,3,1,Kiki Pod,dk640,311 tix,$ 765,240962,2014-07-20,Modern Daily #7299719,modern,modern-daily-7299719,modern-daily-7299719-2014-07-20
9,1,Deceiver Exarch,,Creatures,3,1,Kiki Pod,dk640,311 tix,$ 765,240962,2014-07-20,Modern Daily #7299719,modern,modern-daily-7299719,modern-daily-7299719-2014-07-20
10,1,Eternal Witness,,Creatures,3,1,Kiki Pod,dk640,311 tix,$ 765,240962,2014-07-20,Modern Daily #7299719,modern,modern-daily-7299719,modern-daily-7299719-2014-07-20
11,3,Kitchen Finks,,Creatures,3,1,Kiki Pod,dk640,311 tix,$ 765,240962,2014-07-20,Modern Daily #7299719,modern,modern-daily-7299719,modern-daily-7299719-2014-07-20
12,1,Glen Elendra Archmage,,Creatures,3,1,Kiki Pod,dk640,311 tix,$ 765,240962,2014-07-20,Modern Daily #7299719,modern,modern-daily-7299719,modern-daily-7299719-2014-07-20
13,1,"Linvala, Keeper of Silence",,Creatures,3,1,Kiki Pod,dk640,311 tix,$ 765,240962,2014-07-20,Modern Daily #7299719,modern,modern-daily-7299719,modern-daily-7299719-2014-07-20
14,1,Murderous Redcap,,Creatures,3,1,Kiki Pod,dk640,311 tix,$ 765,240962,2014-07-20,Modern Daily #7299719,modern,modern-daily-7299719,modern-daily-7299719-2014-07-20
15,3,Restoration Angel,,Creatures,3,1,Kiki Pod,dk640,311 tix,$ 765,240962,2014-07-20,Modern Daily #7299719,modern,modern-daily-7299719,modern-daily-7299719-2014-07-20
16,2,"Kiki-Jiki, Mirror Breaker",,Creatures,3,1,Kiki Pod,dk640,311 tix,$ 765,240962,2014-07-20,Modern Daily #7299719,modern,modern-daily-7299719,modern-daily-7299719-2014-07-20
17,1,Zealous Conscripts,,Creatures,3,1,Kiki Pod,dk640,311 tix,$ 765,240962,2014-07-20,Modern Daily #7299719,modern,modern-daily-7299719,modern-daily-7299719-2014-07-20
19,3,Path to Exile,,Spells,3,1,Kiki Pod,dk640,311 tix,$ 765,240962,2014-07-20,Modern Daily #7299719,modern,modern-daily-7299719,modern-daily-7299719-2014-07-20
21,4,Birthing Pod,,Artifacts,3,1,Kiki Pod,dk640,311 tix,$ 765,240962,2014-07-20,Modern Daily #7299719,modern,modern-daily-7299719,modern-daily-7299719-2014-07-20
23,4,Arid Mesa,,Lands,3,1,Kiki Pod,dk640,311 tix,$ 765,240962,2014-07-20,Modern Daily #7299719,modern,modern-daily-7299719,modern-daily-7299719-2014-07-20
24,1,Breeding Pool,,Lands,3,1,Kiki Pod,dk640,311 tix,$ 765,240962,2014-07-20,Modern Daily #7299719,modern,modern-daily-7299719,modern-daily-7299719-2014-07-20
25,1,Fire-Lit Thicket,,Lands,3,1,Kiki Pod,dk640,311 tix,$ 765,240962,2014-07-20,Modern Daily #7299719,modern,modern-daily-7299719,modern-daily-7299719-2014-07-20
26,2,Forest,,Lands,3,1,Kiki Pod,dk640,311 tix,$ 765,240962,2014-07-20,Modern Daily #7299719,modern,modern-daily-7299719,modern-daily-7299719-2014-07-20
27,2,Gavony Township,,Lands,3,1,Kiki Pod,dk640,311 tix,$ 765,240962,2014-07-20,Modern Daily #7299719,modern,modern-daily-7299719,modern-daily-7299719-2014-07-20
28,4,Grove of the Burnwillows,,Lands,3,1,Kiki Pod,dk640,311 tix,$ 765,240962,2014-07-20,Modern Daily #7299719,modern,modern-daily-7299719,modern-daily-7299719-2014-07-20
29,1,Hallowed Fountain,,Lands,3,1,Kiki Pod,dk640,311 tix,$ 765,240962,2014-07-20,Modern Daily #7299719,modern,modern-daily-7299719,modern-daily-7299719-2014-07-20
30,3,Misty Rainforest,,Lands,3,1,Kiki Pod,dk640,311 tix,$ 765,240962,2014-07-20,Modern Daily #7299719,modern,modern-daily-7299719,modern-daily-7299719-2014-07-20
31,1,Plains,,Lands,3,1,Kiki Pod,dk640,311 tix,$ 765,240962,2014-07-20,Modern Daily #7299719,modern,modern-daily-7299719,modern-daily-7299719-2014-07-20
32,1,Sacred Foundry,,Lands,3,1,Kiki Pod,dk640,311 tix,$ 765,240962,2014-07-20,Modern Daily #7299719,modern,modern-daily-7299719,modern-daily-7299719-2014-07-20
33,1,Steam Vents,,Lands,3,1,Kiki Pod,dk640,311 tix,$ 765,240962,2014-07-20,Modern Daily #7299719,modern,modern-daily-7299719,modern-daily-7299719-2014-07-20
34,1,Stomping Ground,,Lands,3,1,Kiki Pod,dk640,311 tix,$ 765,240962,2014-07-20,Modern Daily #7299719,modern,modern-daily-7299719,modern-daily-7299719-2014-07-20
35,1,Temple Garden,,Lands,3,1,Kiki Pod,dk640,311 tix,$ 765,240962,2014-07-20,Modern Daily #7299719,modern,modern-daily-7299719,modern-daily-7299719-2014-07-20
37,1,Ancient Grudge,,Sideboard,3,1,Kiki Pod,dk640,311 tix,$ 765,240962,2014-07-20,Modern Daily #7299719,modern,modern-daily-7299719,modern-daily-7299719-2014-07-20
38,1,Combust,,Sideboard,3,1,Kiki Pod,dk640,311 tix,$ 765,240962,2014-07-20,Modern Daily #7299719,modern,modern-daily-7299719,modern-daily-7299719-2014-07-20
39,1,"Kataki, War's Wage",,Sideboard,3,1,Kiki Pod,dk640,311 tix,$ 765,240962,2014-07-20,Modern Daily #7299719,modern,modern-daily-7299719,modern-daily-7299719-2014-07-20
40,2,Negate,,Sideboard,3,1,Kiki Pod,dk640,311 tix,$ 765,240962,2014-07-20,Modern Daily #7299719,modern,modern-daily-7299719,modern-daily-7299719-2014-07-20
41,1,"Thalia, Guardian of Thraben",,Sideboard,3,1,Kiki Pod,dk640,311 tix,$ 765,240962,2014-07-20,Modern Daily #7299719,modern,modern-daily-7299719,modern-daily-7299719-2014-07-20
42,1,Aven Mindcensor,,Sideboard,3,1,Kiki Pod,dk640,311 tix,$ 765,240962,2014-07-20,Modern Daily #7299719,modern,modern-daily-7299719,modern-daily-7299719-2014-07-20
43,1,Eidolon of Rhetoric,,Sideboard,3,1,Kiki Pod,dk640,311 tix,$ 765,240962,2014-07-20,Modern Daily #7299719,modern,modern-daily-7299719,modern-daily-7299719-2014-07-20
44,1,Fiery Justice,,Sideboard,3,1,Kiki Pod,dk640,311 tix,$ 765,240962,2014-07-20,Modern Daily #7299719,modern,modern-daily-7299719,modern-daily-7299719-2014-07-20
45,1,Harmonic Sliver,,Sideboard,3,1,Kiki Pod,dk640,311 tix,$ 765,240962,2014-07-20,Modern Daily #7299719,modern,modern-daily-7299719,modern-daily-7299719-2014-07-20
46,1,Avalanche Riders,,Sideboard,3,1,Kiki Pod,dk640,311 tix,$ 765,240962,2014-07-20,Modern Daily #7299719,modern,modern-daily-7299719,modern-daily-7299719-2014-07-20
47,1,Loxodon Hierarch,,Sideboard,3,1,Kiki Pod,dk640,311 tix,$ 765,240962,2014-07-20,Modern Daily #7299719,modern,modern-daily-7299719,modern-daily-7299719-2014-07-20
48,1,Shatterstorm,,Sideboard,3,1,Kiki Pod,dk640,311 tix,$ 765,240962,2014-07-20,Modern Daily #7299719,modern,modern-daily-7299719,modern-daily-7299719-2014-07-20
49,1,Sowing Salt,,Sideboard,3,1,Kiki Pod,dk640,311 tix,$ 765,240962,2014-07-20,Modern Daily #7299719,modern,modern-daily-7299719,modern-daily-7299719-2014-07-20
50,1,"Thrun, the Last Troll",,Sideboard,3,1,Kiki Pod,dk640,311 tix,$ 765,240962,2014-07-20,Modern Daily #7299719,modern,modern-daily-7299719,modern-daily-7299719-2014-07-20
1,4,Snapcaster Mage,,Creatures,3,1,Pyromancer Twin,tennisStar99,247 tix,"$ 1,024",240968,2014-07-20,Modern Daily #7299719,modern,modern-daily-7299719,modern-daily-7299719-2014-07-20
2,4,Young Pyromancer,,Creatures,3,1,Pyromancer Twin,tennisStar99,247 tix,"$ 1,024",240968,2014-07-20,Modern Daily #7299719,modern,modern-daily-7299719,modern-daily-7299719-2014-07-20
3,4,Deceiver Exarch,,Creatures,3,1,Pyromancer Twin,tennisStar99,247 tix,"$ 1,024",240968,2014-07-20,Modern Daily #7299719,modern,modern-daily-7299719,modern-daily-7299719-2014-07-20
5,4,Gitaxian Probe,,Spells,3,1,Pyromancer Twin,tennisStar99,247 tix,"$ 1,024",240968,2014-07-20,Modern Daily #7299719,modern,modern-daily-7299719,modern-daily-7299719-2014-07-20
6,4,Lightning Bolt,,Spells,3,1,Pyromancer Twin,tennisStar99,247 tix,"$ 1,024",240968,2014-07-20,Modern Daily #7299719,modern,modern-daily-7299719,modern-daily-7299719-2014-07-20
7,4,Serum Visions,,Spells,3,1,Pyromancer Twin,tennisStar99,247 tix,"$ 1,024",240968,2014-07-20,Modern Daily #7299719,modern,modern-daily-7299719,modern-daily-7299719-2014-07-20
8,2,Sleight of Hand,,Spells,3,1,Pyromancer Twin,tennisStar99,247 tix,"$ 1,024",240968,2014-07-20,Modern Daily #7299719,modern,modern-daily-7299719,modern-daily-7299719-2014-07-20
9,4,Remand,,Spells,3,1,Pyromancer Twin,tennisStar99,247 tix,"$ 1,024",240968,2014-07-20,Modern Daily #7299719,modern,modern-daily-7299719,modern-daily-7299719-2014-07-20
10,2,Cryptic Command,,Spells,3,1,Pyromancer Twin,tennisStar99,247 tix,"$ 1,024",240968,2014-07-20,Modern Daily #7299719,modern,modern-daily-7299719,modern-daily-7299719-2014-07-20
12,2,Vedalken Shackles,,Artifacts,3,1,Pyromancer Twin,tennisStar99,247 tix,"$ 1,024",240968,2014-07-20,Modern Daily #7299719,modern,modern-daily-7299719,modern-daily-7299719-2014-07-20
14,4,Splinter Twin,,Enchantments,3,1,Pyromancer Twin,tennisStar99,247 tix,"$ 1,024",240968,2014-07-20,Modern Daily #7299719,modern,modern-daily-7299719,modern-daily-7299719-2014-07-20
16,1,Breeding Pool,,Lands,3,1,Pyromancer Twin,tennisStar99,247 tix,"$ 1,024",240968,2014-07-20,Modern Daily #7299719,modern,modern-daily-7299719,modern-daily-7299719-2014-07-20
17,7,Island,,Lands,3,1,Pyromancer Twin,tennisStar99,247 tix,"$ 1,024",240968,2014-07-20,Modern Daily #7299719,modern,modern-daily-7299719,modern-daily-7299719-2014-07-20
18,2,Misty Rainforest,,Lands,3,1,Pyromancer Twin,tennisStar99,247 tix,"$ 1,024",240968,2014-07-20,Modern Daily #7299719,modern,modern-daily-7299719,modern-daily-7299719-2014-07-20
19,1,Mountain,,Lands,3,1,Pyromancer Twin,tennisStar99,247 tix,"$ 1,024",240968,2014-07-20,Modern Daily #7299719,modern,modern-daily-7299719,modern-daily-7299719-2014-07-20
20,3,Mutavault,,Lands,3,1,Pyromancer Twin,tennisStar99,247 tix,"$ 1,024",240968,2014-07-20,Modern Daily #7299719,modern,modern-daily-7299719,modern-daily-7299719-2014-07-20
21,3,Scalding Tarn,,Lands,3,1,Pyromancer Twin,tennisStar99,247 tix,"$ 1,024",240968,2014-07-20,Modern Daily #7299719,modern,modern-daily-7299719,modern-daily-7299719-2014-07-20
22,4,Steam Vents,,Lands,3,1,Pyromancer Twin,tennisStar99,247 tix,"$ 1,024",240968,2014-07-20,Modern Daily #7299719,modern,modern-daily-7299719,modern-daily-7299719-2014-07-20
23,1,Sulfur Falls,,Lands,3,1,Pyromancer Twin,tennisStar99,247 tix,"$ 1,024",240968,2014-07-20,Modern Daily #7299719,modern,modern-daily-7299719,modern-daily-7299719-2014-07-20
25,1,Engineered Explosives,,Sideboard,3,1,Pyromancer Twin,tennisStar99,247 tix,"$ 1,024",240968,2014-07-20,Modern Daily #7299719,modern,modern-daily-7299719,modern-daily-7299719-2014-07-20
26,1,Dispel,,Sideboard,3,1,Pyromancer Twin,tennisStar99,247 tix,"$ 1,024",240968,2014-07-20,Modern Daily #7299719,modern,modern-daily-7299719,modern-daily-7299719-2014-07-20
27,2,Ancient Grudge,,Sideboard,3,1,Pyromancer Twin,tennisStar99,247 tix,"$ 1,024",240968,2014-07-20,Modern Daily #7299719,modern,modern-daily-7299719,modern-daily-7299719-2014-07-20
28,1,Negate,,Sideboard,3,1,Pyromancer Twin,tennisStar99,247 tix,"$ 1,024",240968,2014-07-20,Modern Daily #7299719,modern,modern-daily-7299719,modern-daily-7299719-2014-07-20
29,1,Spellskite,,Sideboard,3,1,Pyromancer Twin,tennisStar99,247 tix,"$ 1,024",240968,2014-07-20,Modern Daily #7299719,modern,modern-daily-7299719,modern-daily-7299719-2014-07-20
30,1,Counterflux,,Sideboard,3,1,Pyromancer Twin,tennisStar99,247 tix,"$ 1,024",240968,2014-07-20,Modern Daily #7299719,modern,modern-daily-7299719,modern-daily-7299719-2014-07-20
31,1,Electrolyze,,Sideboard,3,1,Pyromancer Twin,tennisStar99,247 tix,"$ 1,024",240968,2014-07-20,Modern Daily #7299719,modern,modern-daily-7299719,modern-daily-7299719-2014-07-20
32,1,Izzet Staticaster,,Sideboard,3,1,Pyromancer Twin,tennisStar99,247 tix,"$ 1,024",240968,2014-07-20,Modern Daily #7299719,modern,modern-daily-7299719,modern-daily-7299719-2014-07-20
33,4,Stone Rain,,Sideboard,3,1,Pyromancer Twin,tennisStar99,247 tix,"$ 1,024",240968,2014-07-20,Modern Daily #7299719,modern,modern-daily-7299719,modern-daily-7299719-2014-07-20
34,1,Batterskull,,Sideboard,3,1,Pyromancer Twin,tennisStar99,247 tix,"$ 1,024",240968,2014-07-20,Modern Daily #7299719,modern,modern-daily-7299719,modern-daily-7299719-2014-07-20
1,2,Grim Lavamancer,,Creatures,3,1,Splinter Twin,darklilou,325 tix,"$ 1,155",240966,2014-07-20,Modern Daily #7299719,modern,modern-daily-7299719,modern-daily-7299719-2014-07-20
2,4,Snapcaster Mage,,Creatures,3,1,Splinter Twin,darklilou,325 tix,"$ 1,155",240966,2014-07-20,Modern Daily #7299719,modern,modern-daily-7299719,modern-daily-7299719-2014-07-20
3,4,Deceiver Exarch,,Creatures,3,1,Splinter Twin,darklilou,325 tix,"$ 1,155",240966,2014-07-20,Modern Daily #7299719,modern,modern-daily-7299719,modern-daily-7299719-2014-07-20
4,2,Pestermite,,Creatures,3,1,Splinter Twin,darklilou,325 tix,"$ 1,155",240966,2014-07-20,Modern Daily #7299719,modern,modern-daily-7299719,modern-daily-7299719-2014-07-20
5,2,Vendilion Clique,,Creatures,3,1,Splinter Twin,darklilou,325 tix,"$ 1,155",240966,2014-07-20,Modern Daily #7299719,modern,modern-daily-7299719,modern-daily-7299719-2014-07-20
6,1,"Kiki-Jiki, Mirror Breaker",,Creatures,3,1,Splinter Twin,darklilou,325 tix,"$ 1,155",240966,2014-07-20,Modern Daily #7299719,modern,modern-daily-7299719,modern-daily-7299719-2014-07-20
8,1,Flame Slash,,Spells,3,1,Splinter Twin,darklilou,325 tix,"$ 1,155",240966,2014-07-20,Modern Daily #7299719,modern,modern-daily-7299719,modern-daily-7299719-2014-07-20
9,4,Lightning Bolt,,Spells,3,1,Splinter Twin,darklilou,325 tix,"$ 1,155",240966,2014-07-20,Modern Daily #7299719,modern,modern-daily-7299719,modern-daily-7299719-2014-07-20
10,4,Serum Visions,,Spells,3,1,Splinter Twin,darklilou,325 tix,"$ 1,155",240966,2014-07-20,Modern Daily #7299719,modern,modern-daily-7299719,modern-daily-7299719-2014-07-20
11,2,Twisted Image,,Spells,3,1,Splinter Twin,darklilou,325 tix,"$ 1,155",240966,2014-07-20,Modern Daily #7299719,modern,modern-daily-7299719,modern-daily-7299719-2014-07-20
12,4,Remand,,Spells,3,1,Splinter Twin,darklilou,325 tix,"$ 1,155",240966,2014-07-20,Modern Daily #7299719,modern,modern-daily-7299719,modern-daily-7299719-2014-07-20
13,1,Electrolyze,,Spells,3,1,Splinter Twin,darklilou,325 tix,"$ 1,155",240966,2014-07-20,Modern Daily #7299719,modern,modern-daily-7299719,modern-daily-7299719-2014-07-20
14,2,Cryptic Command,,Spells,3,1,Splinter Twin,darklilou,325 tix,"$ 1,155",240966,2014-07-20,Modern Daily #7299719,modern,modern-daily-7299719,modern-daily-7299719-2014-07-20
16,4,Splinter Twin,,Enchantments,3,1,Splinter Twin,darklilou,325 tix,"$ 1,155",240966,2014-07-20,Modern Daily #7299719,modern,modern-daily-7299719,modern-daily-7299719-2014-07-20
18,1,Desolate Lighthouse,,Lands,3,1,Splinter Twin,darklilou,325 tix,"$ 1,155",240966,2014-07-20,Modern Daily #7299719,modern,modern-daily-7299719,modern-daily-7299719-2014-07-20
19,5,Island,,Lands,3,1,Splinter Twin,darklilou,325 tix,"$ 1,155",240966,2014-07-20,Modern Daily #7299719,modern,modern-daily-7299719,modern-daily-7299719-2014-07-20
20,4,Misty Rainforest,,Lands,3,1,Splinter Twin,darklilou,325 tix,"$ 1,155",240966,2014-07-20,Modern Daily #7299719,modern,modern-daily-7299719,modern-daily-7299719-2014-07-20
21,1,Mountain,,Lands,3,1,Splinter Twin,darklilou,325 tix,"$ 1,155",240966,2014-07-20,Modern Daily #7299719,modern,modern-daily-7299719,modern-daily-7299719-2014-07-20
22,4,Scalding Tarn,,Lands,3,1,Splinter Twin,darklilou,325 tix,"$ 1,155",240966,2014-07-20,Modern Daily #7299719,modern,modern-daily-7299719,modern-daily-7299719-2014-07-20
23,3,Steam Vents,,Lands,3,1,Splinter Twin,darklilou,325 tix,"$ 1,155",240966,2014-07-20,Modern Daily #7299719,modern,modern-daily-7299719,modern-daily-7299719-2014-07-20
24,1,Stomping Ground,,Lands,3,1,Splinter Twin,darklilou,325 tix,"$ 1,155",240966,2014-07-20,Modern Daily #7299719,modern,modern-daily-7299719,modern-daily-7299719-2014-07-20
25,3,Sulfur Falls,,Lands,3,1,Splinter Twin,darklilou,325 tix,"$ 1,155",240966,2014-07-20,Modern Daily #7299719,modern,modern-daily-7299719,modern-daily-7299719-2014-07-20
26,1,Tectonic Edge,,Lands,3,1,Splinter Twin,darklilou,325 tix,"$ 1,155",240966,2014-07-20,Modern Daily #7299719,modern,modern-daily-7299719,modern-daily-7299719-2014-07-20
28,2,Dispel,,Sideboard,3,1,Splinter Twin,darklilou,325 tix,"$ 1,155",240966,2014-07-20,Modern Daily #7299719,modern,modern-daily-7299719,modern-daily-7299719-2014-07-20
29,1,Flame Slash,,Sideboard,3,1,Splinter Twin,darklilou,325 tix,"$ 1,155",240966,2014-07-20,Modern Daily #7299719,modern,modern-daily-7299719,modern-daily-7299719-2014-07-20
30,3,Ancient Grudge,,Sideboard,3,1,Splinter Twin,darklilou,325 tix,"$ 1,155",240966,2014-07-20,Modern Daily #7299719,modern,modern-daily-7299719,modern-daily-7299719-2014-07-20
31,1,Negate,,Sideboard,3,1,Splinter Twin,darklilou,325 tix,"$ 1,155",240966,2014-07-20,Modern Daily #7299719,modern,modern-daily-7299719,modern-daily-7299719-2014-07-20
32,2,Anger of the Gods,,Sideboard,3,1,Splinter Twin,darklilou,325 tix,"$ 1,155",240966,2014-07-20,Modern Daily #7299719,modern,modern-daily-7299719,modern-daily-7299719-2014-07-20
33,3,Blood Moon,,Sideboard,3,1,Splinter Twin,darklilou,325 tix,"$ 1,155",240966,2014-07-20,Modern Daily #7299719,modern,modern-daily-7299719,modern-daily-7299719-2014-07-20
34,1,Batterskull,,Sideboard,3,1,Splinter Twin,darklilou,325 tix,"$ 1,155",240966,2014-07-20,Modern Daily #7299719,modern,modern-daily-7299719,modern-daily-7299719-2014-07-20
35,2,"Keranos, God of Storms",,Sideboard,3,1,Splinter Twin,darklilou,325 tix,"$ 1,155",240966,2014-07-20,Modern Daily #7299719,modern,modern-daily-7299719,modern-daily-7299719-2014-07-20
1,4,Snapcaster Mage,,Creatures,3,1,Splinter Twin,erpa,334 tix,"$ 1,185",240969,2014-07-20,Modern Daily #7299719,modern,modern-daily-7299719,modern-daily-7299719-2014-07-20
2,1,Spellskite,,Creatures,3,1,Splinter Twin,erpa,334 tix,"$ 1,185",240969,2014-07-20,Modern Daily #7299719,modern,modern-daily-7299719,modern-daily-7299719-2014-07-20
3,3,Deceiver Exarch,,Creatures,3,1,Splinter Twin,erpa,334 tix,"$ 1,185",240969,2014-07-20,Modern Daily #7299719,modern,modern-daily-7299719,modern-daily-7299719-2014-07-20
4,3,Pestermite,,Creatures,3,1,Splinter Twin,erpa,334 tix,"$ 1,185",240969,2014-07-20,Modern Daily #7299719,modern,modern-daily-7299719,modern-daily-7299719-2014-07-20
5,2,Vendilion Clique,,Creatures,3,1,Splinter Twin,erpa,334 tix,"$ 1,185",240969,2014-07-20,Modern Daily #7299719,modern,modern-daily-7299719,modern-daily-7299719-2014-07-20
6,1,"Kiki-Jiki, Mirror Breaker",,Creatures,3,1,Splinter Twin,erpa,334 tix,"$ 1,185",240969,2014-07-20,Modern Daily #7299719,modern,modern-daily-7299719,modern-daily-7299719-2014-07-20
8,1,Dispel,,Spells,3,1,Splinter Twin,erpa,334 tix,"$ 1,185",240969,2014-07-20,Modern Daily #7299719,modern,modern-daily-7299719,modern-daily-7299719-2014-07-20
9,1,Flame Slash,,Spells,3,1,Splinter Twin,erpa,334 tix,"$ 1,185",240969,2014-07-20,Modern Daily #7299719,modern,modern-daily-7299719,modern-daily-7299719-2014-07-20
10,4,Lightning Bolt,,Spells,3,1,Splinter Twin,erpa,334 tix,"$ 1,185",240969,2014-07-20,Modern Daily #7299719,modern,modern-daily-7299719,modern-daily-7299719-2014-07-20
11,4,Serum Visions,,Spells,3,1,Splinter Twin,erpa,334 tix,"$ 1,185",240969,2014-07-20,Modern Daily #7299719,modern,modern-daily-7299719,modern-daily-7299719-2014-07-20
12,2,Twisted Image,,Spells,3,1,Splinter Twin,erpa,334 tix,"$ 1,185",240969,2014-07-20,Modern Daily #7299719,modern,modern-daily-7299719,modern-daily-7299719-2014-07-20
13,4,Remand,,Spells,3,1,Splinter Twin,erpa,334 tix,"$ 1,185",240969,2014-07-20,Modern Daily #7299719,modern,modern-daily-7299719,modern-daily-7299719-2014-07-20
14,1,Electrolyze,,Spells,3,1,Splinter Twin,erpa,334 tix,"$ 1,185",240969,2014-07-20,Modern Daily #7299719,modern,modern-daily-7299719,modern-daily-7299719-2014-07-20
15,2,Cryptic Command,,Spells,3,1,Splinter Twin,erpa,334 tix,"$ 1,185",240969,2014-07-20,Modern Daily #7299719,modern,modern-daily-7299719,modern-daily-7299719-2014-07-20
17,4,Splinter Twin,,Enchantments,3,1,Splinter Twin,erpa,334 tix,"$ 1,185",240969,2014-07-20,Modern Daily #7299719,modern,modern-daily-7299719,modern-daily-7299719-2014-07-20
19,1,Desolate Lighthouse,,Lands,3,1,Splinter Twin,erpa,334 tix,"$ 1,185",240969,2014-07-20,Modern Daily #7299719,modern,modern-daily-7299719,modern-daily-7299719-2014-07-20
20,4,Island,,Lands,3,1,Splinter Twin,erpa,334 tix,"$ 1,185",240969,2014-07-20,Modern Daily #7299719,modern,modern-daily-7299719,modern-daily-7299719-2014-07-20
21,4,Misty Rainforest,,Lands,3,1,Splinter Twin,erpa,334 tix,"$ 1,185",240969,2014-07-20,Modern Daily #7299719,modern,modern-daily-7299719,modern-daily-7299719-2014-07-20
22,1,Mountain,,Lands,3,1,Splinter Twin,erpa,334 tix,"$ 1,185",240969,2014-07-20,Modern Daily #7299719,modern,modern-daily-7299719,modern-daily-7299719-2014-07-20
23,4,Scalding Tarn,,Lands,3,1,Splinter Twin,erpa,334 tix,"$ 1,185",240969,2014-07-20,Modern Daily #7299719,modern,modern-daily-7299719,modern-daily-7299719-2014-07-20
24,4,Steam Vents,,Lands,3,1,Splinter Twin,erpa,334 tix,"$ 1,185",240969,2014-07-20,Modern Daily #7299719,modern,modern-daily-7299719,modern-daily-7299719-2014-07-20
25,1,Stomping Ground,,Lands,3,1,Splinter Twin,erpa,334 tix,"$ 1,185",240969,2014-07-20,Modern Daily #7299719,modern,modern-daily-7299719,modern-daily-7299719-2014-07-20
26,2,Sulfur Falls,,Lands,3,1,Splinter Twin,erpa,334 tix,"$ 1,185",240969,2014-07-20,Modern Daily #7299719,modern,modern-daily-7299719,modern-daily-7299719-2014-07-20
27,2,Tectonic Edge,,Lands,3,1,Splinter Twin,erpa,334 tix,"$ 1,185",240969,2014-07-20,Modern Daily #7299719,modern,modern-daily-7299719,modern-daily-7299719-2014-07-20
29,1,Dispel,,Sideboard,3,1,Splinter Twin,erpa,334 tix,"$ 1,185",240969,2014-07-20,Modern Daily #7299719,modern,modern-daily-7299719,modern-daily-7299719-2014-07-20
30,1,Relic of Progenitus,,Sideboard,3,1,Splinter Twin,erpa,334 tix,"$ 1,185",240969,2014-07-20,Modern Daily #7299719,modern,modern-daily-7299719,modern-daily-7299719-2014-07-20
31,2,Ancient Grudge,,Sideboard,3,1,Splinter Twin,erpa,334 tix,"$ 1,185",240969,2014-07-20,Modern Daily #7299719,modern,modern-daily-7299719,modern-daily-7299719-2014-07-20
32,1,Combust,,Sideboard,3,1,Splinter Twin,erpa,334 tix,"$ 1,185",240969,2014-07-20,Modern Daily #7299719,modern,modern-daily-7299719,modern-daily-7299719-2014-07-20
33,1,Negate,,Sideboard,3,1,Splinter Twin,erpa,334 tix,"$ 1,185",240969,2014-07-20,Modern Daily #7299719,modern,modern-daily-7299719,modern-daily-7299719-2014-07-20
34,2,Anger of the Gods,,Sideboard,3,1,Splinter Twin,erpa,334 tix,"$ 1,185",240969,2014-07-20,Modern Daily #7299719,modern,modern-daily-7299719,modern-daily-7299719-2014-07-20
35,3,Blood Moon,,Sideboard,3,1,Splinter Twin,erpa,334 tix,"$ 1,185",240969,2014-07-20,Modern Daily #7299719,modern,modern-daily-7299719,modern-daily-7299719-2014-07-20
36,1,Threads of Disloyalty,,Sideboard,3,1,Splinter Twin,erpa,334 tix,"$ 1,185",240969,2014-07-20,Modern Daily #7299719,modern,modern-daily-7299719,modern-daily-7299719-2014-07-20
37,2,Batterskull,,Sideboard,3,1,Splinter Twin,erpa,334 tix,"$ 1,185",240969,2014-07-20,Modern Daily #7299719,modern,modern-daily-7299719,modern-daily-7299719-2014-07-20
38,1,"Keranos, God of Storms",,Sideboard,3,1,Splinter Twin,erpa,334 tix,"$ 1,185",240969,2014-07-20,Modern Daily #7299719,modern,modern-daily-7299719,modern-daily-7299719-2014-07-20
1,4,Dark Confidant,,Creatures,6,0,Junk,zip_90,625 tix,"$ 2,035",241025,2014-07-19,Modern Premier #7299662,modern,modern-premier-7299662,modern-premier-7299662-2014-07-19
2,3,Scavenging Ooze,,Creatures,6,0,Junk,zip_90,625 tix,"$ 2,035",241025,2014-07-19,Modern Premier #7299662,modern,modern-premier-7299662,modern-premier-7299662-2014-07-19
3,4,Tarmogoyf,,Creatures,6,0,Junk,zip_90,625 tix,"$ 2,035",241025,2014-07-19,Modern Premier #7299662,modern,modern-premier-7299662,modern-premier-7299662-2014-07-19
5,4,Liliana of the Veil,,Planeswalkers,6,0,Junk,zip_90,625 tix,"$ 2,035",241025,2014-07-19,Modern Premier #7299662,modern,modern-premier-7299662,modern-premier-7299662-2014-07-19
6,1,Garruk Wildspeaker,,Planeswalkers,6,0,Junk,zip_90,625 tix,"$ 2,035",241025,2014-07-19,Modern Premier #7299662,modern,modern-premier-7299662,modern-premier-7299662-2014-07-19
8,2,Slaughter Pact,,Spells,6,0,Junk,zip_90,625 tix,"$ 2,035",241025,2014-07-19,Modern Premier #7299662,modern,modern-premier-7299662,modern-premier-7299662-2014-07-19
9,3,Inquisition of Kozilek,,Spells,6,0,Junk,zip_90,625 tix,"$ 2,035",241025,2014-07-19,Modern Premier #7299662,modern,modern-premier-7299662,modern-premier-7299662-2014-07-19
10,4,Thoughtseize,,Spells,6,0,Junk,zip_90,625 tix,"$ 2,035",241025,2014-07-19,Modern Premier #7299662,modern,modern-premier-7299662,modern-premier-7299662-2014-07-19
11,4,Abrupt Decay,,Spells,6,0,Junk,zip_90,625 tix,"$ 2,035",241025,2014-07-19,Modern Premier #7299662,modern,modern-premier-7299662,modern-premier-7299662-2014-07-19
12,2,Dismember,,Spells,6,0,Junk,zip_90,625 tix,"$ 2,035",241025,2014-07-19,Modern Premier #7299662,modern,modern-premier-7299662,modern-premier-7299662-2014-07-19
13,4,Lingering Souls,,Spells,6,0,Junk,zip_90,625 tix,"$ 2,035",241025,2014-07-19,Modern Premier #7299662,modern,modern-premier-7299662,modern-premier-7299662-2014-07-19
14,1,Maelstrom Pulse,,Spells,6,0,Junk,zip_90,625 tix,"$ 2,035",241025,2014-07-19,Modern Premier #7299662,modern,modern-premier-7299662,modern-premier-7299662-2014-07-19
16,1,Forest,,Lands,6,0,Junk,zip_90,625 tix,"$ 2,035",241025,2014-07-19,Modern Premier #7299662,modern,modern-premier-7299662,modern-premier-7299662-2014-07-19
17,1,Godless Shrine,,Lands,6,0,Junk,zip_90,625 tix,"$ 2,035",241025,2014-07-19,Modern Premier #7299662,modern,modern-premier-7299662,modern-premier-7299662-2014-07-19
18,4,Marsh Flats,,Lands,6,0,Junk,zip_90,625 tix,"$ 2,035",241025,2014-07-19,Modern Premier #7299662,modern,modern-premier-7299662,modern-premier-7299662-2014-07-19
19,2,Overgrown Tomb,,Lands,6,0,Junk,zip_90,625 tix,"$ 2,035",241025,2014-07-19,Modern Premier #7299662,modern,modern-premier-7299662,modern-premier-7299662-2014-07-19
20,2,Swamp,,Lands,6,0,Junk,zip_90,625 tix,"$ 2,035",241025,2014-07-19,Modern Premier #7299662,modern,modern-premier-7299662,modern-premier-7299662-2014-07-19
21,4,Tectonic Edge,,Lands,6,0,Junk,zip_90,625 tix,"$ 2,035",241025,2014-07-19,Modern Premier #7299662,modern,modern-premier-7299662,modern-premier-7299662-2014-07-19
22,1,Temple Garden,,Lands,6,0,Junk,zip_90,625 tix,"$ 2,035",241025,2014-07-19,Modern Premier #7299662,modern,modern-premier-7299662,modern-premier-7299662-2014-07-19
23,3,Treetop Village,,Lands,6,0,Junk,zip_90,625 tix,"$ 2,035",241025,2014-07-19,Modern Premier #7299662,modern,modern-premier-7299662,modern-premier-7299662-2014-07-19
24,1,Twilight Mire,,Lands,6,0,Junk,zip_90,625 tix,"$ 2,035",241025,2014-07-19,Modern Premier #7299662,modern,modern-premier-7299662,modern-premier-7299662-2014-07-19
25,1,"Urborg, Tomb of Yawgmoth",,Lands,6,0,Junk,zip_90,625 tix,"$ 2,035",241025,2014-07-19,Modern Premier #7299662,modern,modern-premier-7299662,modern-premier-7299662-2014-07-19
26,4,Verdant Catacombs,,Lands,6,0,Junk,zip_90,625 tix,"$ 2,035",241025,2014-07-19,Modern Premier #7299662,modern,modern-premier-7299662,modern-premier-7299662-2014-07-19
28,1,Engineered Explosives,,Sideboard,6,0,Junk,zip_90,625 tix,"$ 2,035",241025,2014-07-19,Modern Premier #7299662,modern,modern-premier-7299662,modern-premier-7299662-2014-07-19
29,1,Golgari Charm,,Sideboard,6,0,Junk,zip_90,625 tix,"$ 2,035",241025,2014-07-19,Modern Premier #7299662,modern,modern-premier-7299662,modern-premier-7299662-2014-07-19
30,2,Stony Silence,,Sideboard,6,0,Junk,zip_90,625 tix,"$ 2,035",241025,2014-07-19,Modern Premier #7299662,modern,modern-premier-7299662,modern-premier-7299662-2014-07-19
31,1,Drown in Sorrow,,Sideboard,6,0,Junk,zip_90,625 tix,"$ 2,035",241025,2014-07-19,Modern Premier #7299662,modern,modern-premier-7299662,modern-premier-7299662-2014-07-19
32,4,Fulminator Mage,,Sideboard,6,0,Junk,zip_90,625 tix,"$ 2,035",241025,2014-07-19,Modern Premier #7299662,modern,modern-premier-7299662,modern-premier-7299662-2014-07-19
33,1,Kitchen Finks,,Sideboard,6,0,Junk,zip_90,625 tix,"$ 2,035",241025,2014-07-19,Modern Premier #7299662,modern,modern-premier-7299662,modern-premier-7299662-2014-07-19
34,2,Creeping Corrosion,,Sideboard,6,0,Junk,zip_90,625 tix,"$ 2,035",241025,2014-07-19,Modern Premier #7299662,modern,modern-premier-7299662,modern-premier-7299662-2014-07-19
35,1,Obstinate Baloth,,Sideboard,6,0,Junk,zip_90,625 tix,"$ 2,035",241025,2014-07-19,Modern Premier #7299662,modern,modern-premier-7299662,modern-premier-7299662-2014-07-19
36,2,"Thrun, the Last Troll",,Sideboard,6,0,Junk,zip_90,625 tix,"$ 2,035",241025,2014-07-19,Modern Premier #7299662,modern,modern-premier-7299662,modern-premier-7299662-2014-07-19
1,4,Wurmcoil Engine,,Creatures,5,1,RG Tron,usokui3,258 tix,$ 776,241026,2014-07-19,Modern Premier #7299662,modern,modern-premier-7299662,modern-premier-7299662-2014-07-19
2,1,"Emrakul, the Aeons Torn",,Creatures,5,1,RG Tron,usokui3,258 tix,$ 776,241026,2014-07-19,Modern Premier #7299662,modern,modern-premier-7299662,modern-premier-7299662-2014-07-19
4,4,Karn Liberated,,Planeswalkers,5,1,RG Tron,usokui3,258 tix,$ 776,241026,2014-07-19,Modern Premier #7299662,modern,modern-premier-7299662,modern-premier-7299662-2014-07-19
6,4,Ancient Stirrings,,Spells,5,1,RG Tron,usokui3,258 tix,$ 776,241026,2014-07-19,Modern Premier #7299662,modern,modern-premier-7299662,modern-premier-7299662-2014-07-19
7,3,Pyroclasm,,Spells,5,1,RG Tron,usokui3,258 tix,$ 776,241026,2014-07-19,Modern Premier #7299662,modern,modern-premier-7299662,modern-premier-7299662-2014-07-19
8,4,Sylvan Scrying,,Spells,5,1,RG Tron,usokui3,258 tix,$ 776,241026,2014-07-19,Modern Premier #7299662,modern,modern-premier-7299662,modern-premier-7299662-2014-07-19
10,4,Chromatic Sphere,,Artifacts,5,1,RG Tron,usokui3,258 tix,$ 776,241026,2014-07-19,Modern Premier #7299662,modern,modern-premier-7299662,modern-premier-7299662-2014-07-19
11,4,Chromatic Star,,Artifacts,5,1,RG Tron,usokui3,258 tix,$ 776,241026,2014-07-19,Modern Premier #7299662,modern,modern-premier-7299662,modern-premier-7299662-2014-07-19
12,4,Expedition Map,,Artifacts,5,1,RG Tron,usokui3,258 tix,$ 776,241026,2014-07-19,Modern Premier #7299662,modern,modern-premier-7299662,modern-premier-7299662-2014-07-19
13,3,Relic of Progenitus,,Artifacts,5,1,RG Tron,usokui3,258 tix,$ 776,241026,2014-07-19,Modern Premier #7299662,modern,modern-premier-7299662,modern-premier-7299662-2014-07-19
14,4,Oblivion Stone,,Artifacts,5,1,RG Tron,usokui3,258 tix,$ 776,241026,2014-07-19,Modern Premier #7299662,modern,modern-premier-7299662,modern-premier-7299662-2014-07-19
16,1,Eye of Ugin,,Lands,5,1,RG Tron,usokui3,258 tix,$ 776,241026,2014-07-19,Modern Premier #7299662,modern,modern-premier-7299662,modern-premier-7299662-2014-07-19
17,2,Ghost Quarter,,Lands,5,1,RG Tron,usokui3,258 tix,$ 776,241026,2014-07-19,Modern Premier #7299662,modern,modern-premier-7299662,modern-premier-7299662-2014-07-19
18,4,Grove of the Burnwillows,,Lands,5,1,RG Tron,usokui3,258 tix,$ 776,241026,2014-07-19,Modern Premier #7299662,modern,modern-premier-7299662,modern-premier-7299662-2014-07-19
19,1,Karplusan Forest,,Lands,5,1,RG Tron,usokui3,258 tix,$ 776,241026,2014-07-19,Modern Premier #7299662,modern,modern-premier-7299662,modern-premier-7299662-2014-07-19
20,1,Snow-Covered Forest,,Lands,5,1,RG Tron,usokui3,258 tix,$ 776,241026,2014-07-19,Modern Premier #7299662,modern,modern-premier-7299662,modern-premier-7299662-2014-07-19
21,4,Urza's Mine,,Lands,5,1,RG Tron,usokui3,258 tix,$ 776,241026,2014-07-19,Modern Premier #7299662,modern,modern-premier-7299662,modern-premier-7299662-2014-07-19
22,4,Urza's Power Plant,,Lands,5,1,RG Tron,usokui3,258 tix,$ 776,241026,2014-07-19,Modern Premier #7299662,modern,modern-premier-7299662,modern-premier-7299662-2014-07-19
23,4,Urza's Tower,,Lands,5,1,RG Tron,usokui3,258 tix,$ 776,241026,2014-07-19,Modern Premier #7299662,modern,modern-premier-7299662,modern-premier-7299662-2014-07-19
25,4,Nature's Claim,,Sideboard,5,1,RG Tron,usokui3,258 tix,$ 776,241026,2014-07-19,Modern Premier #7299662,modern,modern-premier-7299662,modern-premier-7299662-2014-07-19
26,3,Combust,,Sideboard,5,1,RG Tron,usokui3,258 tix,$ 776,241026,2014-07-19,Modern Premier #7299662,modern,modern-premier-7299662,modern-premier-7299662-2014-07-19
27,1,Pyroclasm,,Sideboard,5,1,RG Tron,usokui3,258 tix,$ 776,241026,2014-07-19,Modern Premier #7299662,modern,modern-premier-7299662,modern-premier-7299662-2014-07-19
28,1,Crucible of Worlds,,Sideboard,5,1,RG Tron,usokui3,258 tix,$ 776,241026,2014-07-19,Modern Premier #7299662,modern,modern-premier-7299662,modern-premier-7299662-2014-07-19
29,3,Boil,,Sideboard,5,1,RG Tron,usokui3,258 tix,$ 776,241026,2014-07-19,Modern Premier #7299662,modern,modern-premier-7299662,modern-premier-7299662-2014-07-19
30,2,Thragtusk,,Sideboard,5,1,RG Tron,usokui3,258 tix,$ 776,241026,2014-07-19,Modern Premier #7299662,modern,modern-premier-7299662,modern-premier-7299662-2014-07-19
31,1,Platinum Angel,,Sideboard,5,1,RG Tron,usokui3,258 tix,$ 776,241026,2014-07-19,Modern Premier #7299662,modern,modern-premier-7299662,modern-premier-7299662-2014-07-19
1,1,Burrenton Forge-Tender,,Creatures,5,1,Soul Sisters,CybergamingC,52 tix,$ 116,241028,2014-07-19,Modern Premier #7299662,modern,modern-premier-7299662,modern-premier-7299662-2014-07-19
2,2,Figure of Destiny,,Creatures,5,1,Soul Sisters,CybergamingC,52 tix,$ 116,241028,2014-07-19,Modern Premier #7299662,modern,modern-premier-7299662,modern-premier-7299662-2014-07-19
3,2,Judge's Familiar,,Creatures,5,1,Soul Sisters,CybergamingC,52 tix,$ 116,241028,2014-07-19,Modern Premier #7299662,modern,modern-premier-7299662,modern-premier-7299662-2014-07-19
4,3,Soul Warden,,Creatures,5,1,Soul Sisters,CybergamingC,52 tix,$ 116,241028,2014-07-19,Modern Premier #7299662,modern,modern-premier-7299662,modern-premier-7299662-2014-07-19
5,3,Soul's Attendant,,Creatures,5,1,Soul Sisters,CybergamingC,52 tix,$ 116,241028,2014-07-19,Modern Premier #7299662,modern,modern-premier-7299662,modern-premier-7299662-2014-07-19
6,4,Ajani's Pridemate,,Creatures,5,1,Soul Sisters,CybergamingC,52 tix,$ 116,241028,2014-07-19,Modern Premier #7299662,modern,modern-premier-7299662,modern-premier-7299662-2014-07-19
7,4,Squadron Hawk,,Creatures,5,1,Soul Sisters,CybergamingC,52 tix,$ 116,241028,2014-07-19,Modern Premier #7299662,modern,modern-premier-7299662,modern-premier-7299662-2014-07-19
8,1,Aven Mindcensor,,Creatures,5,1,Soul Sisters,CybergamingC,52 tix,$ 116,241028,2014-07-19,Modern Premier #7299662,modern,modern-premier-7299662,modern-premier-7299662-2014-07-19
9,4,Ranger of Eos,,Creatures,5,1,Soul Sisters,CybergamingC,52 tix,$ 116,241028,2014-07-19,Modern Premier #7299662,modern,modern-premier-7299662,modern-premier-7299662-2014-07-19
11,1,Brave the Elements,,Spells,5,1,Soul Sisters,CybergamingC,52 tix,$ 116,241028,2014-07-19,Modern Premier #7299662,modern,modern-premier-7299662,modern-premier-7299662-2014-07-19
12,4,Path to Exile,,Spells,5,1,Soul Sisters,CybergamingC,52 tix,$ 116,241028,2014-07-19,Modern Premier #7299662,modern,modern-premier-7299662,modern-premier-7299662-2014-07-19
13,4,Spectral Procession,,Spells,5,1,Soul Sisters,CybergamingC,52 tix,$ 116,241028,2014-07-19,Modern Premier #7299662,modern,modern-premier-7299662,modern-premier-7299662-2014-07-19
15,4,Honor of the Pure,,Enchantments,5,1,Soul Sisters,CybergamingC,52 tix,$ 116,241028,2014-07-19,Modern Premier #7299662,modern,modern-premier-7299662,modern-premier-7299662-2014-07-19
17,23,Plains,,Lands,5,1,Soul Sisters,CybergamingC,52 tix,$ 116,241028,2014-07-19,Modern Premier #7299662,modern,modern-premier-7299662,modern-premier-7299662-2014-07-19
19,1,Burrenton Forge-Tender,,Sideboard,5,1,Soul Sisters,CybergamingC,52 tix,$ 116,241028,2014-07-19,Modern Premier #7299662,modern,modern-premier-7299662,modern-premier-7299662-2014-07-19
20,1,"Kataki, War's Wage",,Sideboard,5,1,Soul Sisters,CybergamingC,52 tix,$ 116,241028,2014-07-19,Modern Premier #7299662,modern,modern-premier-7299662,modern-premier-7299662-2014-07-19
21,4,Rest in Peace,,Sideboard,5,1,Soul Sisters,CybergamingC,52 tix,$ 116,241028,2014-07-19,Modern Premier #7299662,modern,modern-premier-7299662,modern-premier-7299662-2014-07-19
22,4,Stony Silence,,Sideboard,5,1,Soul Sisters,CybergamingC,52 tix,$ 116,241028,2014-07-19,Modern Premier #7299662,modern,modern-premier-7299662,modern-premier-7299662-2014-07-19
23,2,Sundering Growth,,Sideboard,5,1,Soul Sisters,CybergamingC,52 tix,$ 116,241028,2014-07-19,Modern Premier #7299662,modern,modern-premier-7299662,modern-premier-7299662-2014-07-19
24,3,Mirran Crusader,,Sideboard,5,1,Soul Sisters,CybergamingC,52 tix,$ 116,241028,2014-07-19,Modern Premier #7299662,modern,modern-premier-7299662,modern-premier-7299662-2014-07-19
1,4,Snapcaster Mage,,Creatures,5,1,Splinter Twin,Pistrullo,317 tix,"$ 1,145",241027,2014-07-19,Modern Premier #7299662,modern,modern-premier-7299662,modern-premier-7299662-2014-07-19
2,1,Spellskite,,Creatures,5,1,Splinter Twin,Pistrullo,317 tix,"$ 1,145",241027,2014-07-19,Modern Premier #7299662,modern,modern-premier-7299662,modern-premier-7299662-2014-07-19
3,4,Deceiver Exarch,,Creatures,5,1,Splinter Twin,Pistrullo,317 tix,"$ 1,145",241027,2014-07-19,Modern Premier #7299662,modern,modern-premier-7299662,modern-premier-7299662-2014-07-19
4,3,Pestermite,,Creatures,5,1,Splinter Twin,Pistrullo,317 tix,"$ 1,145",241027,2014-07-19,Modern Premier #7299662,modern,modern-premier-7299662,modern-premier-7299662-2014-07-19
5,2,Vendilion Clique,,Creatures,5,1,Splinter Twin,Pistrullo,317 tix,"$ 1,145",241027,2014-07-19,Modern Premier #7299662,modern,modern-premier-7299662,modern-premier-7299662-2014-07-19
6,1,"Kiki-Jiki, Mirror Breaker",,Creatures,5,1,Splinter Twin,Pistrullo,317 tix,"$ 1,145",241027,2014-07-19,Modern Premier #7299662,modern,modern-premier-7299662,modern-premier-7299662-2014-07-19
8,1,Dispel,,Spells,5,1,Splinter Twin,Pistrullo,317 tix,"$ 1,145",241027,2014-07-19,Modern Premier #7299662,modern,modern-premier-7299662,modern-premier-7299662-2014-07-19
9,1,Flame Slash,,Spells,5,1,Splinter Twin,Pistrullo,317 tix,"$ 1,145",241027,2014-07-19,Modern Premier #7299662,modern,modern-premier-7299662,modern-premier-7299662-2014-07-19
10,4,Lightning Bolt,,Spells,5,1,Splinter Twin,Pistrullo,317 tix,"$ 1,145",241027,2014-07-19,Modern Premier #7299662,modern,modern-premier-7299662,modern-premier-7299662-2014-07-19
11,4,Serum Visions,,Spells,5,1,Splinter Twin,Pistrullo,317 tix,"$ 1,145",241027,2014-07-19,Modern Premier #7299662,modern,modern-premier-7299662,modern-premier-7299662-2014-07-19
12,2,Twisted Image,,Spells,5,1,Splinter Twin,Pistrullo,317 tix,"$ 1,145",241027,2014-07-19,Modern Premier #7299662,modern,modern-premier-7299662,modern-premier-7299662-2014-07-19
13,4,Remand,,Spells,5,1,Splinter Twin,Pistrullo,317 tix,"$ 1,145",241027,2014-07-19,Modern Premier #7299662,modern,modern-premier-7299662,modern-premier-7299662-2014-07-19
14,1,Electrolyze,,Spells,5,1,Splinter Twin,Pistrullo,317 tix,"$ 1,145",241027,2014-07-19,Modern Premier #7299662,modern,modern-premier-7299662,modern-premier-7299662-2014-07-19
15,1,Cryptic Command,,Spells,5,1,Splinter Twin,Pistrullo,317 tix,"$ 1,145",241027,2014-07-19,Modern Premier #7299662,modern,modern-premier-7299662,modern-premier-7299662-2014-07-19
17,4,Splinter Twin,,Enchantments,5,1,Splinter Twin,Pistrullo,317 tix,"$ 1,145",241027,2014-07-19,Modern Premier #7299662,modern,modern-premier-7299662,modern-premier-7299662-2014-07-19
19,1,Desolate Lighthouse,,Lands,5,1,Splinter Twin,Pistrullo,317 tix,"$ 1,145",241027,2014-07-19,Modern Premier #7299662,modern,modern-premier-7299662,modern-premier-7299662-2014-07-19
20,5,Island,,Lands,5,1,Splinter Twin,Pistrullo,317 tix,"$ 1,145",241027,2014-07-19,Modern Premier #7299662,modern,modern-premier-7299662,modern-premier-7299662-2014-07-19
21,4,Misty Rainforest,,Lands,5,1,Splinter Twin,Pistrullo,317 tix,"$ 1,145",241027,2014-07-19,Modern Premier #7299662,modern,modern-premier-7299662,modern-premier-7299662-2014-07-19
22,1,Mountain,,Lands,5,1,Splinter Twin,Pistrullo,317 tix,"$ 1,145",241027,2014-07-19,Modern Premier #7299662,modern,modern-premier-7299662,modern-premier-7299662-2014-07-19
23,4,Scalding Tarn,,Lands,5,1,Splinter Twin,Pistrullo,317 tix,"$ 1,145",241027,2014-07-19,Modern Premier #7299662,modern,modern-premier-7299662,modern-premier-7299662-2014-07-19
24,3,Steam Vents,,Lands,5,1,Splinter Twin,Pistrullo,317 tix,"$ 1,145",241027,2014-07-19,Modern Premier #7299662,modern,modern-premier-7299662,modern-premier-7299662-2014-07-19
25,1,Stomping Ground,,Lands,5,1,Splinter Twin,Pistrullo,317 tix,"$ 1,145",241027,2014-07-19,Modern Premier #7299662,modern,modern-premier-7299662,modern-premier-7299662-2014-07-19
26,3,Sulfur Falls,,Lands,5,1,Splinter Twin,Pistrullo,317 tix,"$ 1,145",241027,2014-07-19,Modern Premier #7299662,modern,modern-premier-7299662,modern-premier-7299662-2014-07-19
27,1,Tectonic Edge,,Lands,5,1,Splinter Twin,Pistrullo,317 tix,"$ 1,145",241027,2014-07-19,Modern Premier #7299662,modern,modern-premier-7299662,modern-premier-7299662-2014-07-19
29,1,Relic of Progenitus,,Sideboard,5,1,Splinter Twin,Pistrullo,317 tix,"$ 1,145",241027,2014-07-19,Modern Premier #7299662,modern,modern-premier-7299662,modern-premier-7299662-2014-07-19
30,2,Swan Song,,Sideboard,5,1,Splinter Twin,Pistrullo,317 tix,"$ 1,145",241027,2014-07-19,Modern Premier #7299662,modern,modern-premier-7299662,modern-premier-7299662-2014-07-19
31,2,Ancient Grudge,,Sideboard,5,1,Splinter Twin,Pistrullo,317 tix,"$ 1,145",241027,2014-07-19,Modern Premier #7299662,modern,modern-premier-7299662,modern-premier-7299662-2014-07-19
32,1,Combust,,Sideboard,5,1,Splinter Twin,Pistrullo,317 tix,"$ 1,145",241027,2014-07-19,Modern Premier #7299662,modern,modern-premier-7299662,modern-premier-7299662-2014-07-19
33,1,Echoing Truth,,Sideboard,5,1,Splinter Twin,Pistrullo,317 tix,"$ 1,145",241027,2014-07-19,Modern Premier #7299662,modern,modern-premier-7299662,modern-premier-7299662-2014-07-19
34,2,Anger of the Gods,,Sideboard,5,1,Splinter Twin,Pistrullo,317 tix,"$ 1,145",241027,2014-07-19,Modern Premier #7299662,modern,modern-premier-7299662,modern-premier-7299662-2014-07-19
35,2,Blood Moon,,Sideboard,5,1,Splinter Twin,Pistrullo,317 tix,"$ 1,145",241027,2014-07-19,Modern Premier #7299662,modern,modern-premier-7299662,modern-premier-7299662-2014-07-19
36,3,Batterskull,,Sideboard,5,1,Splinter Twin,Pistrullo,317 tix,"$ 1,145",241027,2014-07-19,Modern Premier #7299662,modern,modern-premier-7299662,modern-premier-7299662-2014-07-19
37,1,"Keranos, God of Storms",,Sideboard,5,1,Splinter Twin,Pistrullo,317 tix,"$ 1,145",241027,2014-07-19,Modern Premier #7299662,modern,modern-premier-7299662,modern-premier-7299662-2014-07-19
1,3,Memnite,,Creatures,4,2,Affinity,Yunhao_Wu_CHN,383 tix,$ 920,241022,2014-07-19,Modern Premier #7299662,modern,modern-premier-7299662,modern-premier-7299662-2014-07-19
2,4,Ornithopter,,Creatures,4,2,Affinity,Yunhao_Wu_CHN,383 tix,$ 920,241022,2014-07-19,Modern Premier #7299662,modern,modern-premier-7299662,modern-premier-7299662-2014-07-19
3,4,Signal Pest,,Creatures,4,2,Affinity,Yunhao_Wu_CHN,383 tix,$ 920,241022,2014-07-19,Modern Premier #7299662,modern,modern-premier-7299662,modern-premier-7299662-2014-07-19
4,4,Arcbound Ravager,,Creatures,4,2,Affinity,Yunhao_Wu_CHN,383 tix,$ 920,241022,2014-07-19,Modern Premier #7299662,modern,modern-premier-7299662,modern-premier-7299662-2014-07-19
5,3,Steel Overseer,,Creatures,4,2,Affinity,Yunhao_Wu_CHN,383 tix,$ 920,241022,2014-07-19,Modern Premier #7299662,modern,modern-premier-7299662,modern-premier-7299662-2014-07-19
6,4,Vault Skirge,,Creatures,4,2,Affinity,Yunhao_Wu_CHN,383 tix,$ 920,241022,2014-07-19,Modern Premier #7299662,modern,modern-premier-7299662,modern-premier-7299662-2014-07-19
7,3,Etched Champion,,Creatures,4,2,Affinity,Yunhao_Wu_CHN,383 tix,$ 920,241022,2014-07-19,Modern Premier #7299662,modern,modern-premier-7299662,modern-premier-7299662-2014-07-19
8,1,Master of Etherium,,Creatures,4,2,Affinity,Yunhao_Wu_CHN,383 tix,$ 920,241022,2014-07-19,Modern Premier #7299662,modern,modern-premier-7299662,modern-premier-7299662-2014-07-19
10,1,Galvanic Blast,,Spells,4,2,Affinity,Yunhao_Wu_CHN,383 tix,$ 920,241022,2014-07-19,Modern Premier #7299662,modern,modern-premier-7299662,modern-premier-7299662-2014-07-19
11,4,Thoughtcast,,Spells,4,2,Affinity,Yunhao_Wu_CHN,383 tix,$ 920,241022,2014-07-19,Modern Premier #7299662,modern,modern-premier-7299662,modern-premier-7299662-2014-07-19
13,4,Mox Opal,,Artifacts,4,2,Affinity,Yunhao_Wu_CHN,383 tix,$ 920,241022,2014-07-19,Modern Premier #7299662,modern,modern-premier-7299662,modern-premier-7299662-2014-07-19
14,1,Welding Jar,,Artifacts,4,2,Affinity,Yunhao_Wu_CHN,383 tix,$ 920,241022,2014-07-19,Modern Premier #7299662,modern,modern-premier-7299662,modern-premier-7299662-2014-07-19
15,4,Springleaf Drum,,Artifacts,4,2,Affinity,Yunhao_Wu_CHN,383 tix,$ 920,241022,2014-07-19,Modern Premier #7299662,modern,modern-premier-7299662,modern-premier-7299662-2014-07-19
16,4,Cranial Plating,,Artifacts,4,2,Affinity,Yunhao_Wu_CHN,383 tix,$ 920,241022,2014-07-19,Modern Premier #7299662,modern,modern-premier-7299662,modern-premier-7299662-2014-07-19
18,4,Blinkmoth Nexus,,Lands,4,2,Affinity,Yunhao_Wu_CHN,383 tix,$ 920,241022,2014-07-19,Modern Premier #7299662,modern,modern-premier-7299662,modern-premier-7299662-2014-07-19
19,4,Darksteel Citadel,,Lands,4,2,Affinity,Yunhao_Wu_CHN,383 tix,$ 920,241022,2014-07-19,Modern Premier #7299662,modern,modern-premier-7299662,modern-premier-7299662-2014-07-19
20,3,Glimmervoid,,Lands,4,2,Affinity,Yunhao_Wu_CHN,383 tix,$ 920,241022,2014-07-19,Modern Premier #7299662,modern,modern-premier-7299662,modern-premier-7299662-2014-07-19
21,4,Inkmoth Nexus,,Lands,4,2,Affinity,Yunhao_Wu_CHN,383 tix,$ 920,241022,2014-07-19,Modern Premier #7299662,modern,modern-premier-7299662,modern-premier-7299662-2014-07-19
22,1,Island,,Lands,4,2,Affinity,Yunhao_Wu_CHN,383 tix,$ 920,241022,2014-07-19,Modern Premier #7299662,modern,modern-premier-7299662,modern-premier-7299662-2014-07-19
24,1,Galvanic Blast,,Sideboard,4,2,Affinity,Yunhao_Wu_CHN,383 tix,$ 920,241022,2014-07-19,Modern Premier #7299662,modern,modern-premier-7299662,modern-premier-7299662-2014-07-19
25,2,Relic of Progenitus,,Sideboard,4,2,Affinity,Yunhao_Wu_CHN,383 tix,$ 920,241022,2014-07-19,Modern Premier #7299662,modern,modern-premier-7299662,modern-premier-7299662-2014-07-19
26,1,Spell Pierce,,Sideboard,4,2,Affinity,Yunhao_Wu_CHN,383 tix,$ 920,241022,2014-07-19,Modern Premier #7299662,modern,modern-premier-7299662,modern-premier-7299662-2014-07-19
27,2,Thoughtseize,,Sideboard,4,2,Affinity,Yunhao_Wu_CHN,383 tix,$ 920,241022,2014-07-19,Modern Premier #7299662,modern,modern-premier-7299662,modern-premier-7299662-2014-07-19
28,2,Ancient Grudge,,Sideboard,4,2,Affinity,Yunhao_Wu_CHN,383 tix,$ 920,241022,2014-07-19,Modern Premier #7299662,modern,modern-premier-7299662,modern-premier-7299662-2014-07-19
29,2,Spellskite,,Sideboard,4,2,Affinity,Yunhao_Wu_CHN,383 tix,$ 920,241022,2014-07-19,Modern Premier #7299662,modern,modern-premier-7299662,modern-premier-7299662-2014-07-19
30,1,Torpor Orb,,Sideboard,4,2,Affinity,Yunhao_Wu_CHN,383 tix,$ 920,241022,2014-07-19,Modern Premier #7299662,modern,modern-premier-7299662,modern-premier-7299662-2014-07-19
31,1,Whipflare,,Sideboard,4,2,Affinity,Yunhao_Wu_CHN,383 tix,$ 920,241022,2014-07-19,Modern Premier #7299662,modern,modern-premier-7299662,modern-premier-7299662-2014-07-19
32,1,Blood Moon,,Sideboard,4,2,Affinity,Yunhao_Wu_CHN,383 tix,$ 920,241022,2014-07-19,Modern Premier #7299662,modern,modern-premier-7299662,modern-premier-7299662-2014-07-19
33,1,Etched Champion,,Sideboard,4,2,Affinity,Yunhao_Wu_CHN,383 tix,$ 920,241022,2014-07-19,Modern Premier #7299662,modern,modern-premier-7299662,modern-premier-7299662-2014-07-19
34,1,Master of Etherium,,Sideboard,4,2,Affinity,Yunhao_Wu_CHN,383 tix,$ 920,241022,2014-07-19,Modern Premier #7299662,modern,modern-premier-7299662,modern-premier-7299662-2014-07-19
1,4,Goblin Guide,,Creatures,4,2,Burn,sesami927,87 tix,$ 202,241031,2014-07-19,Modern Premier #7299662,modern,modern-premier-7299662,modern-premier-7299662-2014-07-19
2,4,Eidolon of the Great Revel,,Creatures,4,2,Burn,sesami927,87 tix,$ 202,241031,2014-07-19,Modern Premier #7299662,modern,modern-premier-7299662,modern-premier-7299662-2014-07-19
3,4,Hellspark Elemental,,Creatures,4,2,Burn,sesami927,87 tix,$ 202,241031,2014-07-19,Modern Premier #7299662,modern,modern-premier-7299662,modern-premier-7299662-2014-07-19
5,4,Lava Spike,,Spells,4,2,Burn,sesami927,87 tix,$ 202,241031,2014-07-19,Modern Premier #7299662,modern,modern-premier-7299662,modern-premier-7299662-2014-07-19
6,4,Lightning Bolt,,Spells,4,2,Burn,sesami927,87 tix,$ 202,241031,2014-07-19,Modern Premier #7299662,modern,modern-premier-7299662,modern-premier-7299662-2014-07-19
7,2,Shard Volley,,Spells,4,2,Burn,sesami927,87 tix,$ 202,241031,2014-07-19,Modern Premier #7299662,modern,modern-premier-7299662,modern-premier-7299662-2014-07-19
8,4,Searing Blaze,,Spells,4,2,Burn,sesami927,87 tix,$ 202,241031,2014-07-19,Modern Premier #7299662,modern,modern-premier-7299662,modern-premier-7299662-2014-07-19
9,2,Searing Blood,,Spells,4,2,Burn,sesami927,87 tix,$ 202,241031,2014-07-19,Modern Premier #7299662,modern,modern-premier-7299662,modern-premier-7299662-2014-07-19
10,4,Skullcrack,,Spells,4,2,Burn,sesami927,87 tix,$ 202,241031,2014-07-19,Modern Premier #7299662,modern,modern-premier-7299662,modern-premier-7299662-2014-07-19
11,4,Flames of the Blood Hand,,Spells,4,2,Burn,sesami927,87 tix,$ 202,241031,2014-07-19,Modern Premier #7299662,modern,modern-premier-7299662,modern-premier-7299662-2014-07-19
12,4,Rift Bolt,,Spells,4,2,Burn,sesami927,87 tix,$ 202,241031,2014-07-19,Modern Premier #7299662,modern,modern-premier-7299662,modern-premier-7299662-2014-07-19
14,20,Mountain,,Lands,4,2,Burn,sesami927,87 tix,$ 202,241031,2014-07-19,Modern Premier #7299662,modern,modern-premier-7299662,modern-premier-7299662-2014-07-19
16,2,Relic of Progenitus,,Sideboard,4,2,Burn,sesami927,87 tix,$ 202,241031,2014-07-19,Modern Premier #7299662,modern,modern-premier-7299662,modern-premier-7299662-2014-07-19
17,2,Combust,,Sideboard,4,2,Burn,sesami927,87 tix,$ 202,241031,2014-07-19,Modern Premier #7299662,modern,modern-premier-7299662,modern-premier-7299662-2014-07-19
18,2,Dragon's Claw,,Sideboard,4,2,Burn,sesami927,87 tix,$ 202,241031,2014-07-19,Modern Premier #7299662,modern,modern-premier-7299662,modern-premier-7299662-2014-07-19
19,3,Smash to Smithereens,,Sideboard,4,2,Burn,sesami927,87 tix,$ 202,241031,2014-07-19,Modern Premier #7299662,modern,modern-premier-7299662,modern-premier-7299662-2014-07-19
20,2,Torpor Orb,,Sideboard,4,2,Burn,sesami927,87 tix,$ 202,241031,2014-07-19,Modern Premier #7299662,modern,modern-premier-7299662,modern-premier-7299662-2014-07-19
21,1,Anger of the Gods,,Sideboard,4,2,Burn,sesami927,87 tix,$ 202,241031,2014-07-19,Modern Premier #7299662,modern,modern-premier-7299662,modern-premier-7299662-2014-07-19
22,3,Molten Rain,,Sideboard,4,2,Burn,sesami927,87 tix,$ 202,241031,2014-07-19,Modern Premier #7299662,modern,modern-premier-7299662,modern-premier-7299662-2014-07-19
1,4,Birds of Paradise,,Creatures,4,2,Melira Pod,EronRelentless,283 tix,$ 871,241021,2014-07-19,Modern Premier #7299662,modern,modern-premier-7299662,modern-premier-7299662-2014-07-19
2,3,Noble Hierarch,,Creatures,4,2,Melira Pod,EronRelentless,283 tix,$ 871,241021,2014-07-19,Modern Premier #7299662,modern,modern-premier-7299662,modern-premier-7299662-2014-07-19
3,1,Viscera Seer,,Creatures,4,2,Melira Pod,EronRelentless,283 tix,$ 871,241021,2014-07-19,Modern Premier #7299662,modern,modern-premier-7299662,modern-premier-7299662-2014-07-19
4,1,"Melira, Sylvok Outcast",,Creatures,4,2,Melira Pod,EronRelentless,283 tix,$ 871,241021,2014-07-19,Modern Premier #7299662,modern,modern-premier-7299662,modern-premier-7299662-2014-07-19
5,1,Qasali Pridemage,,Creatures,4,2,Melira Pod,EronRelentless,283 tix,$ 871,241021,2014-07-19,Modern Premier #7299662,modern,modern-premier-7299662,modern-premier-7299662-2014-07-19
6,1,Scavenging Ooze,,Creatures,4,2,Melira Pod,EronRelentless,283 tix,$ 871,241021,2014-07-19,Modern Premier #7299662,modern,modern-premier-7299662,modern-premier-7299662-2014-07-19
7,1,Spellskite,,Creatures,4,2,Melira Pod,EronRelentless,283 tix,$ 871,241021,2014-07-19,Modern Premier #7299662,modern,modern-premier-7299662,modern-premier-7299662-2014-07-19
8,3,Voice of Resurgence,,Creatures,4,2,Melira Pod,EronRelentless,283 tix,$ 871,241021,2014-07-19,Modern Premier #7299662,modern,modern-premier-7299662,modern-premier-7299662-2014-07-19
9,1,Wall of Roots,,Creatures,4,2,Melira Pod,EronRelentless,283 tix,$ 871,241021,2014-07-19,Modern Premier #7299662,modern,modern-premier-7299662,modern-premier-7299662-2014-07-19
10,1,Eternal Witness,,Creatures,4,2,Melira Pod,EronRelentless,283 tix,$ 871,241021,2014-07-19,Modern Premier #7299662,modern,modern-premier-7299662,modern-premier-7299662-2014-07-19
11,4,Kitchen Finks,,Creatures,4,2,Melira Pod,EronRelentless,283 tix,$ 871,241021,2014-07-19,Modern Premier #7299662,modern,modern-premier-7299662,modern-premier-7299662-2014-07-19
12,1,Orzhov Pontiff,,Creatures,4,2,Melira Pod,EronRelentless,283 tix,$ 871,241021,2014-07-19,Modern Premier #7299662,modern,modern-premier-7299662,modern-premier-7299662-2014-07-19
13,1,Spike Feeder,,Creatures,4,2,Melira Pod,EronRelentless,283 tix,$ 871,241021,2014-07-19,Modern Premier #7299662,modern,modern-premier-7299662,modern-premier-7299662-2014-07-19
14,1,"Linvala, Keeper of Silence",,Creatures,4,2,Melira Pod,EronRelentless,283 tix,$ 871,241021,2014-07-19,Modern Premier #7299662,modern,modern-premier-7299662,modern-premier-7299662-2014-07-19
15,1,Murderous Redcap,,Creatures,4,2,Melira Pod,EronRelentless,283 tix,$ 871,241021,2014-07-19,Modern Premier #7299662,modern,modern-premier-7299662,modern-premier-7299662-2014-07-19
16,1,Ranger of Eos,,Creatures,4,2,Melira Pod,EronRelentless,283 tix,$ 871,241021,2014-07-19,Modern Premier #7299662,modern,modern-premier-7299662,modern-premier-7299662-2014-07-19
17,1,Archangel of Thune,,Creatures,4,2,Melira Pod,EronRelentless,283 tix,$ 871,241021,2014-07-19,Modern Premier #7299662,modern,modern-premier-7299662,modern-premier-7299662-2014-07-19
18,1,Reveillark,,Creatures,4,2,Melira Pod,EronRelentless,283 tix,$ 871,241021,2014-07-19,Modern Premier #7299662,modern,modern-premier-7299662,modern-premier-7299662-2014-07-19
19,1,Shriekmaw,,Creatures,4,2,Melira Pod,EronRelentless,283 tix,$ 871,241021,2014-07-19,Modern Premier #7299662,modern,modern-premier-7299662,modern-premier-7299662-2014-07-19
21,2,Abrupt Decay,,Spells,4,2,Melira Pod,EronRelentless,283 tix,$ 871,241021,2014-07-19,Modern Premier #7299662,modern,modern-premier-7299662,modern-premier-7299662-2014-07-19
22,2,Chord of Calling,,Spells,4,2,Melira Pod,EronRelentless,283 tix,$ 871,241021,2014-07-19,Modern Premier #7299662,modern,modern-premier-7299662,modern-premier-7299662-2014-07-19
24,4,Birthing Pod,,Artifacts,4,2,Melira Pod,EronRelentless,283 tix,$ 871,241021,2014-07-19,Modern Premier #7299662,modern,modern-premier-7299662,modern-premier-7299662-2014-07-19
26,3,Forest,,Lands,4,2,Melira Pod,EronRelentless,283 tix,$ 871,241021,2014-07-19,Modern Premier #7299662,modern,modern-premier-7299662,modern-premier-7299662-2014-07-19
27,3,Gavony Township,,Lands,4,2,Melira Pod,EronRelentless,283 tix,$ 871,241021,2014-07-19,Modern Premier #7299662,modern,modern-premier-7299662,modern-premier-7299662-2014-07-19
28,1,Godless Shrine,,Lands,4,2,Melira Pod,EronRelentless,283 tix,$ 871,241021,2014-07-19,Modern Premier #7299662,modern,modern-premier-7299662,modern-premier-7299662-2014-07-19
29,4,Misty Rainforest,,Lands,4,2,Melira Pod,EronRelentless,283 tix,$ 871,241021,2014-07-19,Modern Premier #7299662,modern,modern-premier-7299662,modern-premier-7299662-2014-07-19
30,2,Overgrown Tomb,,Lands,4,2,Melira Pod,EronRelentless,283 tix,$ 871,241021,2014-07-19,Modern Premier #7299662,modern,modern-premier-7299662,modern-premier-7299662-2014-07-19
31,3,Razorverge Thicket,,Lands,4,2,Melira Pod,EronRelentless,283 tix,$ 871,241021,2014-07-19,Modern Premier #7299662,modern,modern-premier-7299662,modern-premier-7299662-2014-07-19
32,1,Swamp,,Lands,4,2,Melira Pod,EronRelentless,283 tix,$ 871,241021,2014-07-19,Modern Premier #7299662,modern,modern-premier-7299662,modern-premier-7299662-2014-07-19
33,1,Temple Garden,,Lands,4,2,Melira Pod,EronRelentless,283 tix,$ 871,241021,2014-07-19,Modern Premier #7299662,modern,modern-premier-7299662,modern-premier-7299662-2014-07-19
34,4,Verdant Catacombs,,Lands,4,2,Melira Pod,EronRelentless,283 tix,$ 871,241021,2014-07-19,Modern Premier #7299662,modern,modern-premier-7299662,modern-premier-7299662-2014-07-19
35,1,Woodland Cemetery,,Lands,4,2,Melira Pod,EronRelentless,283 tix,$ 871,241021,2014-07-19,Modern Premier #7299662,modern,modern-premier-7299662,modern-premier-7299662-2014-07-19
37,1,Slaughter Pact,,Sideboard,4,2,Melira Pod,EronRelentless,283 tix,$ 871,241021,2014-07-19,Modern Premier #7299662,modern,modern-premier-7299662,modern-premier-7299662-2014-07-19
38,4,Thoughtseize,,Sideboard,4,2,Melira Pod,EronRelentless,283 tix,$ 871,241021,2014-07-19,Modern Premier #7299662,modern,modern-premier-7299662,modern-premier-7299662-2014-07-19
39,1,"Kataki, War's Wage",,Sideboard,4,2,Melira Pod,EronRelentless,283 tix,$ 871,241021,2014-07-19,Modern Premier #7299662,modern,modern-premier-7299662,modern-premier-7299662-2014-07-19
40,1,Scavenging Ooze,,Sideboard,4,2,Melira Pod,EronRelentless,283 tix,$ 871,241021,2014-07-19,Modern Premier #7299662,modern,modern-premier-7299662,modern-premier-7299662-2014-07-19
41,1,Aven Mindcensor,,Sideboard,4,2,Melira Pod,EronRelentless,283 tix,$ 871,241021,2014-07-19,Modern Premier #7299662,modern,modern-premier-7299662,modern-premier-7299662-2014-07-19
42,2,Dismember,,Sideboard,4,2,Melira Pod,EronRelentless,283 tix,$ 871,241021,2014-07-19,Modern Premier #7299662,modern,modern-premier-7299662,modern-premier-7299662-2014-07-19
43,1,Harmonic Sliver,,Sideboard,4,2,Melira Pod,EronRelentless,283 tix,$ 871,241021,2014-07-19,Modern Premier #7299662,modern,modern-premier-7299662,modern-premier-7299662-2014-07-19
44,1,Sin Collector,,Sideboard,4,2,Melira Pod,EronRelentless,283 tix,$ 871,241021,2014-07-19,Modern Premier #7299662,modern,modern-premier-7299662,modern-premier-7299662-2014-07-19
45,1,Entomber Exarch,,Sideboard,4,2,Melira Pod,EronRelentless,283 tix,$ 871,241021,2014-07-19,Modern Premier #7299662,modern,modern-premier-7299662,modern-premier-7299662-2014-07-19
46,1,Obstinate Baloth,,Sideboard,4,2,Melira Pod,EronRelentless,283 tix,$ 871,241021,2014-07-19,Modern Premier #7299662,modern,modern-premier-7299662,modern-premier-7299662-2014-07-19
47,1,"Thrun, the Last Troll",,Sideboard,4,2,Melira Pod,EronRelentless,283 tix,$ 871,241021,2014-07-19,Modern Premier #7299662,modern,modern-premier-7299662,modern-premier-7299662-2014-07-19
1,2,Avacyn's Pilgrim,,Creatures,4,2,Melira Pod,hieraru,184 tix,$ 757,241032,2014-07-19,Modern Premier #7299662,modern,modern-premier-7299662,modern-premier-7299662-2014-07-19
2,4,Birds of Paradise,,Creatures,4,2,Melira Pod,hieraru,184 tix,$ 757,241032,2014-07-19,Modern Premier #7299662,modern,modern-premier-7299662,modern-premier-7299662-2014-07-19
3,1,Pack Rat,,Creatures,4,2,Melira Pod,hieraru,184 tix,$ 757,241032,2014-07-19,Modern Premier #7299662,modern,modern-premier-7299662,modern-premier-7299662-2014-07-19
4,1,Qasali Pridemage,,Creatures,4,2,Melira Pod,hieraru,184 tix,$ 757,241032,2014-07-19,Modern Premier #7299662,modern,modern-premier-7299662,modern-premier-7299662-2014-07-19
5,1,Scavenging Ooze,,Creatures,4,2,Melira Pod,hieraru,184 tix,$ 757,241032,2014-07-19,Modern Premier #7299662,modern,modern-premier-7299662,modern-premier-7299662-2014-07-19
6,3,Voice of Resurgence,,Creatures,4,2,Melira Pod,hieraru,184 tix,$ 757,241032,2014-07-19,Modern Premier #7299662,modern,modern-premier-7299662,modern-premier-7299662-2014-07-19
7,1,Wall of Roots,,Creatures,4,2,Melira Pod,hieraru,184 tix,$ 757,241032,2014-07-19,Modern Premier #7299662,modern,modern-premier-7299662,modern-premier-7299662-2014-07-19
8,1,Eternal Witness,,Creatures,4,2,Melira Pod,hieraru,184 tix,$ 757,241032,2014-07-19,Modern Premier #7299662,modern,modern-premier-7299662,modern-premier-7299662-2014-07-19
9,1,Kitchen Finks,,Creatures,4,2,Melira Pod,hieraru,184 tix,$ 757,241032,2014-07-19,Modern Premier #7299662,modern,modern-premier-7299662,modern-premier-7299662-2014-07-19
10,1,Orzhov Pontiff,,Creatures,4,2,Melira Pod,hieraru,184 tix,$ 757,241032,2014-07-19,Modern Premier #7299662,modern,modern-premier-7299662,modern-premier-7299662-2014-07-19
11,1,Spike Feeder,,Creatures,4,2,Melira Pod,hieraru,184 tix,$ 757,241032,2014-07-19,Modern Premier #7299662,modern,modern-premier-7299662,modern-premier-7299662-2014-07-19
12,1,Entomber Exarch,,Creatures,4,2,Melira Pod,hieraru,184 tix,$ 757,241032,2014-07-19,Modern Premier #7299662,modern,modern-premier-7299662,modern-premier-7299662-2014-07-19
13,1,"Linvala, Keeper of Silence",,Creatures,4,2,Melira Pod,hieraru,184 tix,$ 757,241032,2014-07-19,Modern Premier #7299662,modern,modern-premier-7299662,modern-premier-7299662-2014-07-19
14,1,Murderous Redcap,,Creatures,4,2,Melira Pod,hieraru,184 tix,$ 757,241032,2014-07-19,Modern Premier #7299662,modern,modern-premier-7299662,modern-premier-7299662-2014-07-19
15,1,Restoration Angel,,Creatures,4,2,Melira Pod,hieraru,184 tix,$ 757,241032,2014-07-19,Modern Premier #7299662,modern,modern-premier-7299662,modern-premier-7299662-2014-07-19
16,1,Archangel of Thune,,Creatures,4,2,Melira Pod,hieraru,184 tix,$ 757,241032,2014-07-19,Modern Premier #7299662,modern,modern-premier-7299662,modern-premier-7299662-2014-07-19
17,1,Reveillark,,Creatures,4,2,Melira Pod,hieraru,184 tix,$ 757,241032,2014-07-19,Modern Premier #7299662,modern,modern-premier-7299662,modern-premier-7299662-2014-07-19
18,1,Sun Titan,,Creatures,4,2,Melira Pod,hieraru,184 tix,$ 757,241032,2014-07-19,Modern Premier #7299662,modern,modern-premier-7299662,modern-premier-7299662-2014-07-19
20,1,"Elspeth, Knight-Errant",,Planeswalkers,4,2,Melira Pod,hieraru,184 tix,$ 757,241032,2014-07-19,Modern Premier #7299662,modern,modern-premier-7299662,modern-premier-7299662-2014-07-19
21,1,"Ajani, Mentor of Heroes",,Planeswalkers,4,2,Melira Pod,hieraru,184 tix,$ 757,241032,2014-07-19,Modern Premier #7299662,modern,modern-premier-7299662,modern-premier-7299662-2014-07-19
23,2,Thoughtseize,,Spells,4,2,Melira Pod,hieraru,184 tix,$ 757,241032,2014-07-19,Modern Premier #7299662,modern,modern-premier-7299662,modern-premier-7299662-2014-07-19
24,4,Abrupt Decay,,Spells,4,2,Melira Pod,hieraru,184 tix,$ 757,241032,2014-07-19,Modern Premier #7299662,modern,modern-premier-7299662,modern-premier-7299662-2014-07-19
26,4,Birthing Pod,,Artifacts,4,2,Melira Pod,hieraru,184 tix,$ 757,241032,2014-07-19,Modern Premier #7299662,modern,modern-premier-7299662,modern-premier-7299662-2014-07-19
28,2,Forest,,Lands,4,2,Melira Pod,hieraru,184 tix,$ 757,241032,2014-07-19,Modern Premier #7299662,modern,modern-premier-7299662,modern-premier-7299662-2014-07-19
29,2,Gavony Township,,Lands,4,2,Melira Pod,hieraru,184 tix,$ 757,241032,2014-07-19,Modern Premier #7299662,modern,modern-premier-7299662,modern-premier-7299662-2014-07-19
30,1,Ghost Quarter,,Lands,4,2,Melira Pod,hieraru,184 tix,$ 757,241032,2014-07-19,Modern Premier #7299662,modern,modern-premier-7299662,modern-premier-7299662-2014-07-19
31,1,Godless Shrine,,Lands,4,2,Melira Pod,hieraru,184 tix,$ 757,241032,2014-07-19,Modern Premier #7299662,modern,modern-premier-7299662,modern-premier-7299662-2014-07-19
32,2,Marsh Flats,,Lands,4,2,Melira Pod,hieraru,184 tix,$ 757,241032,2014-07-19,Modern Premier #7299662,modern,modern-premier-7299662,modern-premier-7299662-2014-07-19
33,2,Overgrown Tomb,,Lands,4,2,Melira Pod,hieraru,184 tix,$ 757,241032,2014-07-19,Modern Premier #7299662,modern,modern-premier-7299662,modern-premier-7299662-2014-07-19
34,1,Plains,,Lands,4,2,Melira Pod,hieraru,184 tix,$ 757,241032,2014-07-19,Modern Premier #7299662,modern,modern-premier-7299662,modern-premier-7299662-2014-07-19
35,4,Razorverge Thicket,,Lands,4,2,Melira Pod,hieraru,184 tix,$ 757,241032,2014-07-19,Modern Premier #7299662,modern,modern-premier-7299662,modern-premier-7299662-2014-07-19
36,1,Stirring Wildwood,,Lands,4,2,Melira Pod,hieraru,184 tix,$ 757,241032,2014-07-19,Modern Premier #7299662,modern,modern-premier-7299662,modern-premier-7299662-2014-07-19
37,1,Swamp,,Lands,4,2,Melira Pod,hieraru,184 tix,$ 757,241032,2014-07-19,Modern Premier #7299662,modern,modern-premier-7299662,modern-premier-7299662-2014-07-19
38,1,Temple Garden,,Lands,4,2,Melira Pod,hieraru,184 tix,$ 757,241032,2014-07-19,Modern Premier #7299662,modern,modern-premier-7299662,modern-premier-7299662-2014-07-19
39,1,Vault of the Archangel,,Lands,4,2,Melira Pod,hieraru,184 tix,$ 757,241032,2014-07-19,Modern Premier #7299662,modern,modern-premier-7299662,modern-premier-7299662-2014-07-19
40,4,Verdant Catacombs,,Lands,4,2,Melira Pod,hieraru,184 tix,$ 757,241032,2014-07-19,Modern Premier #7299662,modern,modern-premier-7299662,modern-premier-7299662-2014-07-19
41,1,Woodland Cemetery,,Lands,4,2,Melira Pod,hieraru,184 tix,$ 757,241032,2014-07-19,Modern Premier #7299662,modern,modern-premier-7299662,modern-premier-7299662-2014-07-19
43,2,Thoughtseize,,Sideboard,4,2,Melira Pod,hieraru,184 tix,$ 757,241032,2014-07-19,Modern Premier #7299662,modern,modern-premier-7299662,modern-premier-7299662-2014-07-19
44,1,Scavenging Ooze,,Sideboard,4,2,Melira Pod,hieraru,184 tix,$ 757,241032,2014-07-19,Modern Premier #7299662,modern,modern-premier-7299662,modern-premier-7299662-2014-07-19
45,3,Stony Silence,,Sideboard,4,2,Melira Pod,hieraru,184 tix,$ 757,241032,2014-07-19,Modern Premier #7299662,modern,modern-premier-7299662,modern-premier-7299662-2014-07-19
46,1,Aven Mindcensor,,Sideboard,4,2,Melira Pod,hieraru,184 tix,$ 757,241032,2014-07-19,Modern Premier #7299662,modern,modern-premier-7299662,modern-premier-7299662-2014-07-19
47,2,Choke,,Sideboard,4,2,Melira Pod,hieraru,184 tix,$ 757,241032,2014-07-19,Modern Premier #7299662,modern,modern-premier-7299662,modern-premier-7299662-2014-07-19
48,1,Congregation at Dawn,,Sideboard,4,2,Melira Pod,hieraru,184 tix,$ 757,241032,2014-07-19,Modern Premier #7299662,modern,modern-premier-7299662,modern-premier-7299662-2014-07-19
49,1,Eidolon of Rhetoric,,Sideboard,4,2,Melira Pod,hieraru,184 tix,$ 757,241032,2014-07-19,Modern Premier #7299662,modern,modern-premier-7299662,modern-premier-7299662-2014-07-19
50,1,Harmonic Sliver,,Sideboard,4,2,Melira Pod,hieraru,184 tix,$ 757,241032,2014-07-19,Modern Premier #7299662,modern,modern-premier-7299662,modern-premier-7299662-2014-07-19
51,1,Sin Collector,,Sideboard,4,2,Melira Pod,hieraru,184 tix,$ 757,241032,2014-07-19,Modern Premier #7299662,modern,modern-premier-7299662,modern-premier-7299662-2014-07-19
52,1,Obstinate Baloth,,Sideboard,4,2,Melira Pod,hieraru,184 tix,$ 757,241032,2014-07-19,Modern Premier #7299662,modern,modern-premier-7299662,modern-premier-7299662-2014-07-19
53,1,"Sigarda, Host of Herons",,Sideboard,4,2,Melira Pod,hieraru,184 tix,$ 757,241032,2014-07-19,Modern Premier #7299662,modern,modern-premier-7299662,modern-premier-7299662-2014-07-19
1,2,Pack Rat,,Creatures,4,2,UBG,yasu02,426 tix,"$ 1,550",241030,2014-07-19,Modern Premier #7299662,modern,modern-premier-7299662,modern-premier-7299662-2014-07-19
2,1,Snapcaster Mage,,Creatures,4,2,UBG,yasu02,426 tix,"$ 1,550",241030,2014-07-19,Modern Premier #7299662,modern,modern-premier-7299662,modern-premier-7299662-2014-07-19
3,2,Spellstutter Sprite,,Creatures,4,2,UBG,yasu02,426 tix,"$ 1,550",241030,2014-07-19,Modern Premier #7299662,modern,modern-premier-7299662,modern-premier-7299662-2014-07-19
4,4,Tarmogoyf,,Creatures,4,2,UBG,yasu02,426 tix,"$ 1,550",241030,2014-07-19,Modern Premier #7299662,modern,modern-premier-7299662,modern-premier-7299662-2014-07-19
5,3,Vendilion Clique,,Creatures,4,2,UBG,yasu02,426 tix,"$ 1,550",241030,2014-07-19,Modern Premier #7299662,modern,modern-premier-7299662,modern-premier-7299662-2014-07-19
6,1,Mistbind Clique,,Creatures,4,2,UBG,yasu02,426 tix,"$ 1,550",241030,2014-07-19,Modern Premier #7299662,modern,modern-premier-7299662,modern-premier-7299662-2014-07-19
8,1,Liliana of the Veil,,Planeswalkers,4,2,UBG,yasu02,426 tix,"$ 1,550",241030,2014-07-19,Modern Premier #7299662,modern,modern-premier-7299662,modern-premier-7299662-2014-07-19
10,2,Condescend,,Spells,4,2,UBG,yasu02,426 tix,"$ 1,550",241030,2014-07-19,Modern Premier #7299662,modern,modern-premier-7299662,modern-premier-7299662-2014-07-19
11,3,Inquisition of Kozilek,,Spells,4,2,UBG,yasu02,426 tix,"$ 1,550",241030,2014-07-19,Modern Premier #7299662,modern,modern-premier-7299662,modern-premier-7299662-2014-07-19
12,1,Peppersmoke,,Spells,4,2,UBG,yasu02,426 tix,"$ 1,550",241030,2014-07-19,Modern Premier #7299662,modern,modern-premier-7299662,modern-premier-7299662-2014-07-19
13,1,Spell Snare,,Spells,4,2,UBG,yasu02,426 tix,"$ 1,550",241030,2014-07-19,Modern Premier #7299662,modern,modern-premier-7299662,modern-premier-7299662-2014-07-19
14,3,Thoughtseize,,Spells,4,2,UBG,yasu02,426 tix,"$ 1,550",241030,2014-07-19,Modern Premier #7299662,modern,modern-premier-7299662,modern-premier-7299662-2014-07-19
15,3,Abrupt Decay,,Spells,4,2,UBG,yasu02,426 tix,"$ 1,550",241030,2014-07-19,Modern Premier #7299662,modern,modern-premier-7299662,modern-premier-7299662-2014-07-19
16,1,Doom Blade,,Spells,4,2,UBG,yasu02,426 tix,"$ 1,550",241030,2014-07-19,Modern Premier #7299662,modern,modern-premier-7299662,modern-premier-7299662-2014-07-19
17,1,Dismember,,Spells,4,2,UBG,yasu02,426 tix,"$ 1,550",241030,2014-07-19,Modern Premier #7299662,modern,modern-premier-7299662,modern-premier-7299662-2014-07-19
18,2,Cryptic Command,,Spells,4,2,UBG,yasu02,426 tix,"$ 1,550",241030,2014-07-19,Modern Premier #7299662,modern,modern-premier-7299662,modern-premier-7299662-2014-07-19
20,1,Basilisk Collar,,Artifacts,4,2,UBG,yasu02,426 tix,"$ 1,550",241030,2014-07-19,Modern Premier #7299662,modern,modern-premier-7299662,modern-premier-7299662-2014-07-19
22,3,Bitterblossom,,Enchantments,4,2,UBG,yasu02,426 tix,"$ 1,550",241030,2014-07-19,Modern Premier #7299662,modern,modern-premier-7299662,modern-premier-7299662-2014-07-19
24,1,Breeding Pool,,Lands,4,2,UBG,yasu02,426 tix,"$ 1,550",241030,2014-07-19,Modern Premier #7299662,modern,modern-premier-7299662,modern-premier-7299662-2014-07-19
25,4,Creeping Tar Pit,,Lands,4,2,UBG,yasu02,426 tix,"$ 1,550",241030,2014-07-19,Modern Premier #7299662,modern,modern-premier-7299662,modern-premier-7299662-2014-07-19
26,1,Forest,,Lands,4,2,UBG,yasu02,426 tix,"$ 1,550",241030,2014-07-19,Modern Premier #7299662,modern,modern-premier-7299662,modern-premier-7299662-2014-07-19
27,1,Island,,Lands,4,2,UBG,yasu02,426 tix,"$ 1,550",241030,2014-07-19,Modern Premier #7299662,modern,modern-premier-7299662,modern-premier-7299662-2014-07-19
28,4,Misty Rainforest,,Lands,4,2,UBG,yasu02,426 tix,"$ 1,550",241030,2014-07-19,Modern Premier #7299662,modern,modern-premier-7299662,modern-premier-7299662-2014-07-19
29,3,Mutavault,,Lands,4,2,UBG,yasu02,426 tix,"$ 1,550",241030,2014-07-19,Modern Premier #7299662,modern,modern-premier-7299662,modern-premier-7299662-2014-07-19
30,1,Overgrown Tomb,,Lands,4,2,UBG,yasu02,426 tix,"$ 1,550",241030,2014-07-19,Modern Premier #7299662,modern,modern-premier-7299662,modern-premier-7299662-2014-07-19
31,2,River of Tears,,Lands,4,2,UBG,yasu02,426 tix,"$ 1,550",241030,2014-07-19,Modern Premier #7299662,modern,modern-premier-7299662,modern-premier-7299662-2014-07-19
32,2,Sunken Ruins,,Lands,4,2,UBG,yasu02,426 tix,"$ 1,550",241030,2014-07-19,Modern Premier #7299662,modern,modern-premier-7299662,modern-premier-7299662-2014-07-19
33,1,Swamp,,Lands,4,2,UBG,yasu02,426 tix,"$ 1,550",241030,2014-07-19,Modern Premier #7299662,modern,modern-premier-7299662,modern-premier-7299662-2014-07-19
34,1,Tectonic Edge,,Lands,4,2,UBG,yasu02,426 tix,"$ 1,550",241030,2014-07-19,Modern Premier #7299662,modern,modern-premier-7299662,modern-premier-7299662-2014-07-19
35,3,Verdant Catacombs,,Lands,4,2,UBG,yasu02,426 tix,"$ 1,550",241030,2014-07-19,Modern Premier #7299662,modern,modern-premier-7299662,modern-premier-7299662-2014-07-19
36,1,Watery Grave,,Lands,4,2,UBG,yasu02,426 tix,"$ 1,550",241030,2014-07-19,Modern Premier #7299662,modern,modern-premier-7299662,modern-premier-7299662-2014-07-19
38,1,Duress,,Sideboard,4,2,UBG,yasu02,426 tix,"$ 1,550",241030,2014-07-19,Modern Premier #7299662,modern,modern-premier-7299662,modern-premier-7299662-2014-07-19
39,1,Grafdigger's Cage,,Sideboard,4,2,UBG,yasu02,426 tix,"$ 1,550",241030,2014-07-19,Modern Premier #7299662,modern,modern-premier-7299662,modern-premier-7299662-2014-07-19
40,1,Pithing Needle,,Sideboard,4,2,UBG,yasu02,426 tix,"$ 1,550",241030,2014-07-19,Modern Premier #7299662,modern,modern-premier-7299662,modern-premier-7299662-2014-07-19
41,1,Phyrexian Revoker,,Sideboard,4,2,UBG,yasu02,426 tix,"$ 1,550",241030,2014-07-19,Modern Premier #7299662,modern,modern-premier-7299662,modern-premier-7299662-2014-07-19
42,2,Spellskite,,Sideboard,4,2,UBG,yasu02,426 tix,"$ 1,550",241030,2014-07-19,Modern Premier #7299662,modern,modern-premier-7299662,modern-premier-7299662-2014-07-19
43,2,Drown in Sorrow,,Sideboard,4,2,UBG,yasu02,426 tix,"$ 1,550",241030,2014-07-19,Modern Premier #7299662,modern,modern-premier-7299662,modern-premier-7299662-2014-07-19
44,1,Krosan Grip,,Sideboard,4,2,UBG,yasu02,426 tix,"$ 1,550",241030,2014-07-19,Modern Premier #7299662,modern,modern-premier-7299662,modern-premier-7299662-2014-07-19
45,3,Sower of Temptation,,Sideboard,4,2,UBG,yasu02,426 tix,"$ 1,550",241030,2014-07-19,Modern Premier #7299662,modern,modern-premier-7299662,modern-premier-7299662-2014-07-19
46,2,Batterskull,,Sideboard,4,2,UBG,yasu02,426 tix,"$ 1,550",241030,2014-07-19,Modern Premier #7299662,modern,modern-premier-7299662,modern-premier-7299662-2014-07-19
47,1,Curse of Death's Hold,,Sideboard,4,2,UBG,yasu02,426 tix,"$ 1,550",241030,2014-07-19,Modern Premier #7299662,modern,modern-premier-7299662,modern-premier-7299662-2014-07-19
1,1,Wurmcoil Engine,,Creatures,4,2,UW Tron,McWinSauce,179 tix,$ 588,241029,2014-07-19,Modern Premier #7299662,modern,modern-premier-7299662,modern-premier-7299662-2014-07-19
2,1,"Elesh Norn, Grand Cenobite",,Creatures,4,2,UW Tron,McWinSauce,179 tix,$ 588,241029,2014-07-19,Modern Premier #7299662,modern,modern-premier-7299662,modern-premier-7299662-2014-07-19
3,1,"Iona, Shield of Emeria",,Creatures,4,2,UW Tron,McWinSauce,179 tix,$ 588,241029,2014-07-19,Modern Premier #7299662,modern,modern-premier-7299662,modern-premier-7299662-2014-07-19
4,1,"Emrakul, the Aeons Torn",,Creatures,4,2,UW Tron,McWinSauce,179 tix,$ 588,241029,2014-07-19,Modern Premier #7299662,modern,modern-premier-7299662,modern-premier-7299662-2014-07-19
6,1,Condescend,,Spells,4,2,UW Tron,McWinSauce,179 tix,$ 588,241029,2014-07-19,Modern Premier #7299662,modern,modern-premier-7299662,modern-premier-7299662-2014-07-19
7,4,Path to Exile,,Spells,4,2,UW Tron,McWinSauce,179 tix,$ 588,241029,2014-07-19,Modern Premier #7299662,modern,modern-premier-7299662,modern-premier-7299662-2014-07-19
8,3,Remand,,Spells,4,2,UW Tron,McWinSauce,179 tix,$ 588,241029,2014-07-19,Modern Premier #7299662,modern,modern-premier-7299662,modern-premier-7299662-2014-07-19
9,1,Sphinx's Revelation,,Spells,4,2,UW Tron,McWinSauce,179 tix,$ 588,241029,2014-07-19,Modern Premier #7299662,modern,modern-premier-7299662,modern-premier-7299662-2014-07-19
10,4,Thirst for Knowledge,,Spells,4,2,UW Tron,McWinSauce,179 tix,$ 588,241029,2014-07-19,Modern Premier #7299662,modern,modern-premier-7299662,modern-premier-7299662-2014-07-19
11,1,Timely Reinforcements,,Spells,4,2,UW Tron,McWinSauce,179 tix,$ 588,241029,2014-07-19,Modern Premier #7299662,modern,modern-premier-7299662,modern-premier-7299662-2014-07-19
12,1,Day of Judgment,,Spells,4,2,UW Tron,McWinSauce,179 tix,$ 588,241029,2014-07-19,Modern Premier #7299662,modern,modern-premier-7299662,modern-premier-7299662-2014-07-19
13,4,Gifts Ungiven,,Spells,4,2,UW Tron,McWinSauce,179 tix,$ 588,241029,2014-07-19,Modern Premier #7299662,modern,modern-premier-7299662,modern-premier-7299662-2014-07-19
14,1,Supreme Verdict,,Spells,4,2,UW Tron,McWinSauce,179 tix,$ 588,241029,2014-07-19,Modern Premier #7299662,modern,modern-premier-7299662,modern-premier-7299662-2014-07-19
15,1,Wrath of God,,Spells,4,2,UW Tron,McWinSauce,179 tix,$ 588,241029,2014-07-19,Modern Premier #7299662,modern,modern-premier-7299662,modern-premier-7299662-2014-07-19
16,1,Unburial Rites,,Spells,4,2,UW Tron,McWinSauce,179 tix,$ 588,241029,2014-07-19,Modern Premier #7299662,modern,modern-premier-7299662,modern-premier-7299662-2014-07-19
18,2,Expedition Map,,Artifacts,4,2,UW Tron,McWinSauce,179 tix,$ 588,241029,2014-07-19,Modern Premier #7299662,modern,modern-premier-7299662,modern-premier-7299662-2014-07-19
19,4,Azorius Signet,,Artifacts,4,2,UW Tron,McWinSauce,179 tix,$ 588,241029,2014-07-19,Modern Premier #7299662,modern,modern-premier-7299662,modern-premier-7299662-2014-07-19
20,1,Batterskull,,Artifacts,4,2,UW Tron,McWinSauce,179 tix,$ 588,241029,2014-07-19,Modern Premier #7299662,modern,modern-premier-7299662,modern-premier-7299662-2014-07-19
22,1,Detention Sphere,,Enchantments,4,2,UW Tron,McWinSauce,179 tix,$ 588,241029,2014-07-19,Modern Premier #7299662,modern,modern-premier-7299662,modern-premier-7299662-2014-07-19
24,4,Celestial Colonnade,,Lands,4,2,UW Tron,McWinSauce,179 tix,$ 588,241029,2014-07-19,Modern Premier #7299662,modern,modern-premier-7299662,modern-premier-7299662-2014-07-19
25,1,Ghost Quarter,,Lands,4,2,UW Tron,McWinSauce,179 tix,$ 588,241029,2014-07-19,Modern Premier #7299662,modern,modern-premier-7299662,modern-premier-7299662-2014-07-19
26,3,Hallowed Fountain,,Lands,4,2,UW Tron,McWinSauce,179 tix,$ 588,241029,2014-07-19,Modern Premier #7299662,modern,modern-premier-7299662,modern-premier-7299662-2014-07-19
27,1,Island,,Lands,4,2,UW Tron,McWinSauce,179 tix,$ 588,241029,2014-07-19,Modern Premier #7299662,modern,modern-premier-7299662,modern-premier-7299662-2014-07-19
28,1,Plains,,Lands,4,2,UW Tron,McWinSauce,179 tix,$ 588,241029,2014-07-19,Modern Premier #7299662,modern,modern-premier-7299662,modern-premier-7299662-2014-07-19
29,3,Seachrome Coast,,Lands,4,2,UW Tron,McWinSauce,179 tix,$ 588,241029,2014-07-19,Modern Premier #7299662,modern,modern-premier-7299662,modern-premier-7299662-2014-07-19
30,1,Snow-Covered Island,,Lands,4,2,UW Tron,McWinSauce,179 tix,$ 588,241029,2014-07-19,Modern Premier #7299662,modern,modern-premier-7299662,modern-premier-7299662-2014-07-19
31,4,Urza's Mine,,Lands,4,2,UW Tron,McWinSauce,179 tix,$ 588,241029,2014-07-19,Modern Premier #7299662,modern,modern-premier-7299662,modern-premier-7299662-2014-07-19
32,4,Urza's Power Plant,,Lands,4,2,UW Tron,McWinSauce,179 tix,$ 588,241029,2014-07-19,Modern Premier #7299662,modern,modern-premier-7299662,modern-premier-7299662-2014-07-19
33,4,Urza's Tower,,Lands,4,2,UW Tron,McWinSauce,179 tix,$ 588,241029,2014-07-19,Modern Premier #7299662,modern,modern-premier-7299662,modern-premier-7299662-2014-07-19
35,2,Dispel,,Sideboard,4,2,UW Tron,McWinSauce,179 tix,$ 588,241029,2014-07-19,Modern Premier #7299662,modern,modern-premier-7299662,modern-premier-7299662-2014-07-19
36,1,Grafdigger's Cage,,Sideboard,4,2,UW Tron,McWinSauce,179 tix,$ 588,241029,2014-07-19,Modern Premier #7299662,modern,modern-premier-7299662,modern-premier-7299662-2014-07-19
37,2,Porphyry Nodes,,Sideboard,4,2,UW Tron,McWinSauce,179 tix,$ 588,241029,2014-07-19,Modern Premier #7299662,modern,modern-premier-7299662,modern-premier-7299662-2014-07-19
38,2,Celestial Purge,,Sideboard,4,2,UW Tron,McWinSauce,179 tix,$ 588,241029,2014-07-19,Modern Premier #7299662,modern,modern-premier-7299662,modern-premier-7299662-2014-07-19
39,1,Disenchant,,Sideboard,4,2,UW Tron,McWinSauce,179 tix,$ 588,241029,2014-07-19,Modern Premier #7299662,modern,modern-premier-7299662,modern-premier-7299662-2014-07-19
40,1,Negate,,Sideboard,4,2,UW Tron,McWinSauce,179 tix,$ 588,241029,2014-07-19,Modern Premier #7299662,modern,modern-premier-7299662,modern-premier-7299662-2014-07-19
41,1,Torpor Orb,,Sideboard,4,2,UW Tron,McWinSauce,179 tix,$ 588,241029,2014-07-19,Modern Premier #7299662,modern,modern-premier-7299662,modern-premier-7299662-2014-07-19
42,3,Ghostly Prison,,Sideboard,4,2,UW Tron,McWinSauce,179 tix,$ 588,241029,2014-07-19,Modern Premier #7299662,modern,modern-premier-7299662,modern-premier-7299662-2014-07-19
43,1,Timely Reinforcements,,Sideboard,4,2,UW Tron,McWinSauce,179 tix,$ 588,241029,2014-07-19,Modern Premier #7299662,modern,modern-premier-7299662,modern-premier-7299662-2014-07-19
44,1,Mindbreak Trap,,Sideboard,4,2,UW Tron,McWinSauce,179 tix,$ 588,241029,2014-07-19,Modern Premier #7299662,modern,modern-premier-7299662,modern-premier-7299662-2014-07-19
1,4,Snapcaster Mage,,Creatures,4,2,UWR Control,krazykirby4,435 tix,"$ 1,458",241023,2014-07-19,Modern Premier #7299662,modern,modern-premier-7299662,modern-premier-7299662-2014-07-19
2,4,Geist of Saint Traft,,Creatures,4,2,UWR Control,krazykirby4,435 tix,"$ 1,458",241023,2014-07-19,Modern Premier #7299662,modern,modern-premier-7299662,modern-premier-7299662-2014-07-19
3,3,Vendilion Clique,,Creatures,4,2,UWR Control,krazykirby4,435 tix,"$ 1,458",241023,2014-07-19,Modern Premier #7299662,modern,modern-premier-7299662,modern-premier-7299662-2014-07-19
4,3,Restoration Angel,,Creatures,4,2,UWR Control,krazykirby4,435 tix,"$ 1,458",241023,2014-07-19,Modern Premier #7299662,modern,modern-premier-7299662,modern-premier-7299662-2014-07-19
5,1,"Keranos, God of Storms",,Creatures,4,2,UWR Control,krazykirby4,435 tix,"$ 1,458",241023,2014-07-19,Modern Premier #7299662,modern,modern-premier-7299662,modern-premier-7299662-2014-07-19
7,4,Lightning Bolt,,Spells,4,2,UWR Control,krazykirby4,435 tix,"$ 1,458",241023,2014-07-19,Modern Premier #7299662,modern,modern-premier-7299662,modern-premier-7299662-2014-07-19
8,4,Path to Exile,,Spells,4,2,UWR Control,krazykirby4,435 tix,"$ 1,458",241023,2014-07-19,Modern Premier #7299662,modern,modern-premier-7299662,modern-premier-7299662-2014-07-19
9,4,Lightning Helix,,Spells,4,2,UWR Control,krazykirby4,435 tix,"$ 1,458",241023,2014-07-19,Modern Premier #7299662,modern,modern-premier-7299662,modern-premier-7299662-2014-07-19
10,4,Remand,,Spells,4,2,UWR Control,krazykirby4,435 tix,"$ 1,458",241023,2014-07-19,Modern Premier #7299662,modern,modern-premier-7299662,modern-premier-7299662-2014-07-19
11,3,Electrolyze,,Spells,4,2,UWR Control,krazykirby4,435 tix,"$ 1,458",241023,2014-07-19,Modern Premier #7299662,modern,modern-premier-7299662,modern-premier-7299662-2014-07-19
13,1,Batterskull,,Artifacts,4,2,UWR Control,krazykirby4,435 tix,"$ 1,458",241023,2014-07-19,Modern Premier #7299662,modern,modern-premier-7299662,modern-premier-7299662-2014-07-19
15,4,Arid Mesa,,Lands,4,2,UWR Control,krazykirby4,435 tix,"$ 1,458",241023,2014-07-19,Modern Premier #7299662,modern,modern-premier-7299662,modern-premier-7299662-2014-07-19
16,4,Celestial Colonnade,,Lands,4,2,UWR Control,krazykirby4,435 tix,"$ 1,458",241023,2014-07-19,Modern Premier #7299662,modern,modern-premier-7299662,modern-premier-7299662-2014-07-19
17,1,Eiganjo Castle,,Lands,4,2,UWR Control,krazykirby4,435 tix,"$ 1,458",241023,2014-07-19,Modern Premier #7299662,modern,modern-premier-7299662,modern-premier-7299662-2014-07-19
18,2,Ghost Quarter,,Lands,4,2,UWR Control,krazykirby4,435 tix,"$ 1,458",241023,2014-07-19,Modern Premier #7299662,modern,modern-premier-7299662,modern-premier-7299662-2014-07-19
19,1,Hallowed Fountain,,Lands,4,2,UWR Control,krazykirby4,435 tix,"$ 1,458",241023,2014-07-19,Modern Premier #7299662,modern,modern-premier-7299662,modern-premier-7299662-2014-07-19
20,2,Island,,Lands,4,2,UWR Control,krazykirby4,435 tix,"$ 1,458",241023,2014-07-19,Modern Premier #7299662,modern,modern-premier-7299662,modern-premier-7299662-2014-07-19
21,1,Moorland Haunt,,Lands,4,2,UWR Control,krazykirby4,435 tix,"$ 1,458",241023,2014-07-19,Modern Premier #7299662,modern,modern-premier-7299662,modern-premier-7299662-2014-07-19
22,1,Mountain,,Lands,4,2,UWR Control,krazykirby4,435 tix,"$ 1,458",241023,2014-07-19,Modern Premier #7299662,modern,modern-premier-7299662,modern-premier-7299662-2014-07-19
23,1,Plains,,Lands,4,2,UWR Control,krazykirby4,435 tix,"$ 1,458",241023,2014-07-19,Modern Premier #7299662,modern,modern-premier-7299662,modern-premier-7299662-2014-07-19
24,1,Sacred Foundry,,Lands,4,2,UWR Control,krazykirby4,435 tix,"$ 1,458",241023,2014-07-19,Modern Premier #7299662,modern,modern-premier-7299662,modern-premier-7299662-2014-07-19
25,4,Scalding Tarn,,Lands,4,2,UWR Control,krazykirby4,435 tix,"$ 1,458",241023,2014-07-19,Modern Premier #7299662,modern,modern-premier-7299662,modern-premier-7299662-2014-07-19
26,2,Steam Vents,,Lands,4,2,UWR Control,krazykirby4,435 tix,"$ 1,458",241023,2014-07-19,Modern Premier #7299662,modern,modern-premier-7299662,modern-premier-7299662-2014-07-19
27,1,Sulfur Falls,,Lands,4,2,UWR Control,krazykirby4,435 tix,"$ 1,458",241023,2014-07-19,Modern Premier #7299662,modern,modern-premier-7299662,modern-premier-7299662-2014-07-19
29,2,Engineered Explosives,,Sideboard,4,2,UWR Control,krazykirby4,435 tix,"$ 1,458",241023,2014-07-19,Modern Premier #7299662,modern,modern-premier-7299662,modern-premier-7299662-2014-07-19
30,2,Wear & Tear,,Sideboard,4,2,UWR Control,krazykirby4,435 tix,"$ 1,458",241023,2014-07-19,Modern Premier #7299662,modern,modern-premier-7299662,modern-premier-7299662-2014-07-19
31,2,Pillar of Flame,,Sideboard,4,2,UWR Control,krazykirby4,435 tix,"$ 1,458",241023,2014-07-19,Modern Premier #7299662,modern,modern-premier-7299662,modern-premier-7299662-2014-07-19
32,1,Celestial Purge,,Sideboard,4,2,UWR Control,krazykirby4,435 tix,"$ 1,458",241023,2014-07-19,Modern Premier #7299662,modern,modern-premier-7299662,modern-premier-7299662-2014-07-19
33,1,Combust,,Sideboard,4,2,UWR Control,krazykirby4,435 tix,"$ 1,458",241023,2014-07-19,Modern Premier #7299662,modern,modern-premier-7299662,modern-premier-7299662-2014-07-19
34,1,Anger of the Gods,,Sideboard,4,2,UWR Control,krazykirby4,435 tix,"$ 1,458",241023,2014-07-19,Modern Premier #7299662,modern,modern-premier-7299662,modern-premier-7299662-2014-07-19
35,3,Aven Mindcensor,,Sideboard,4,2,UWR Control,krazykirby4,435 tix,"$ 1,458",241023,2014-07-19,Modern Premier #7299662,modern,modern-premier-7299662,modern-premier-7299662-2014-07-19
36,2,Counterflux,,Sideboard,4,2,UWR Control,krazykirby4,435 tix,"$ 1,458",241023,2014-07-19,Modern Premier #7299662,modern,modern-premier-7299662,modern-premier-7299662-2014-07-19
37,1,Batterskull,,Sideboard,4,2,UWR Control,krazykirby4,435 tix,"$ 1,458",241023,2014-07-19,Modern Premier #7299662,modern,modern-premier-7299662,modern-premier-7299662-2014-07-19
1,4,Scavenging Ooze,,Creatures,4,2,WBG,cyaso,495 tix,"$ 1,450",241024,2014-07-19,Modern Premier #7299662,modern,modern-premier-7299662,modern-premier-7299662-2014-07-19
2,4,Tarmogoyf,,Creatures,4,2,WBG,cyaso,495 tix,"$ 1,450",241024,2014-07-19,Modern Premier #7299662,modern,modern-premier-7299662,modern-premier-7299662-2014-07-19
3,2,Courser of Kruphix,,Creatures,4,2,WBG,cyaso,495 tix,"$ 1,450",241024,2014-07-19,Modern Premier #7299662,modern,modern-premier-7299662,modern-premier-7299662-2014-07-19
5,3,Liliana of the Veil,,Planeswalkers,4,2,WBG,cyaso,495 tix,"$ 1,450",241024,2014-07-19,Modern Premier #7299662,modern,modern-premier-7299662,modern-premier-7299662-2014-07-19
6,2,Garruk Wildspeaker,,Planeswalkers,4,2,WBG,cyaso,495 tix,"$ 1,450",241024,2014-07-19,Modern Premier #7299662,modern,modern-premier-7299662,modern-premier-7299662-2014-07-19
8,1,Slaughter Pact,,Spells,4,2,WBG,cyaso,495 tix,"$ 1,450",241024,2014-07-19,Modern Premier #7299662,modern,modern-premier-7299662,modern-premier-7299662-2014-07-19
9,2,Disfigure,,Spells,4,2,WBG,cyaso,495 tix,"$ 1,450",241024,2014-07-19,Modern Premier #7299662,modern,modern-premier-7299662,modern-premier-7299662-2014-07-19
10,4,Inquisition of Kozilek,,Spells,4,2,WBG,cyaso,495 tix,"$ 1,450",241024,2014-07-19,Modern Premier #7299662,modern,modern-premier-7299662,modern-premier-7299662-2014-07-19
11,2,Thoughtseize,,Spells,4,2,WBG,cyaso,495 tix,"$ 1,450",241024,2014-07-19,Modern Premier #7299662,modern,modern-premier-7299662,modern-premier-7299662-2014-07-19
12,4,Abrupt Decay,,Spells,4,2,WBG,cyaso,495 tix,"$ 1,450",241024,2014-07-19,Modern Premier #7299662,modern,modern-premier-7299662,modern-premier-7299662-2014-07-19
13,3,Night's Whisper,,Spells,4,2,WBG,cyaso,495 tix,"$ 1,450",241024,2014-07-19,Modern Premier #7299662,modern,modern-premier-7299662,modern-premier-7299662-2014-07-19
14,1,Dismember,,Spells,4,2,WBG,cyaso,495 tix,"$ 1,450",241024,2014-07-19,Modern Premier #7299662,modern,modern-premier-7299662,modern-premier-7299662-2014-07-19
15,3,Lingering Souls,,Spells,4,2,WBG,cyaso,495 tix,"$ 1,450",241024,2014-07-19,Modern Premier #7299662,modern,modern-premier-7299662,modern-premier-7299662-2014-07-19
16,1,Maelstrom Pulse,,Spells,4,2,WBG,cyaso,495 tix,"$ 1,450",241024,2014-07-19,Modern Premier #7299662,modern,modern-premier-7299662,modern-premier-7299662-2014-07-19
18,1,Forest,,Lands,4,2,WBG,cyaso,495 tix,"$ 1,450",241024,2014-07-19,Modern Premier #7299662,modern,modern-premier-7299662,modern-premier-7299662-2014-07-19
19,1,Godless Shrine,,Lands,4,2,WBG,cyaso,495 tix,"$ 1,450",241024,2014-07-19,Modern Premier #7299662,modern,modern-premier-7299662,modern-premier-7299662-2014-07-19
20,2,Marsh Flats,,Lands,4,2,WBG,cyaso,495 tix,"$ 1,450",241024,2014-07-19,Modern Premier #7299662,modern,modern-premier-7299662,modern-premier-7299662-2014-07-19
21,1,Misty Rainforest,,Lands,4,2,WBG,cyaso,495 tix,"$ 1,450",241024,2014-07-19,Modern Premier #7299662,modern,modern-premier-7299662,modern-premier-7299662-2014-07-19
22,3,Mutavault,,Lands,4,2,WBG,cyaso,495 tix,"$ 1,450",241024,2014-07-19,Modern Premier #7299662,modern,modern-premier-7299662,modern-premier-7299662-2014-07-19
23,3,Overgrown Tomb,,Lands,4,2,WBG,cyaso,495 tix,"$ 1,450",241024,2014-07-19,Modern Premier #7299662,modern,modern-premier-7299662,modern-premier-7299662-2014-07-19
24,1,Swamp,,Lands,4,2,WBG,cyaso,495 tix,"$ 1,450",241024,2014-07-19,Modern Premier #7299662,modern,modern-premier-7299662,modern-premier-7299662-2014-07-19
25,2,Temple Garden,,Lands,4,2,WBG,cyaso,495 tix,"$ 1,450",241024,2014-07-19,Modern Premier #7299662,modern,modern-premier-7299662,modern-premier-7299662-2014-07-19
26,4,Treetop Village,,Lands,4,2,WBG,cyaso,495 tix,"$ 1,450",241024,2014-07-19,Modern Premier #7299662,modern,modern-premier-7299662,modern-premier-7299662-2014-07-19
27,2,Twilight Mire,,Lands,4,2,WBG,cyaso,495 tix,"$ 1,450",241024,2014-07-19,Modern Premier #7299662,modern,modern-premier-7299662,modern-premier-7299662-2014-07-19
28,4,Verdant Catacombs,,Lands,4,2,WBG,cyaso,495 tix,"$ 1,450",241024,2014-07-19,Modern Premier #7299662,modern,modern-premier-7299662,modern-premier-7299662-2014-07-19
30,2,Duress,,Sideboard,4,2,WBG,cyaso,495 tix,"$ 1,450",241024,2014-07-19,Modern Premier #7299662,modern,modern-premier-7299662,modern-premier-7299662-2014-07-19
31,2,Grafdigger's Cage,,Sideboard,4,2,WBG,cyaso,495 tix,"$ 1,450",241024,2014-07-19,Modern Premier #7299662,modern,modern-premier-7299662,modern-premier-7299662-2014-07-19
32,1,Seal of Primordium,,Sideboard,4,2,WBG,cyaso,495 tix,"$ 1,450",241024,2014-07-19,Modern Premier #7299662,modern,modern-premier-7299662,modern-premier-7299662-2014-07-19
33,3,Fulminator Mage,,Sideboard,4,2,WBG,cyaso,495 tix,"$ 1,450",241024,2014-07-19,Modern Premier #7299662,modern,modern-premier-7299662,modern-premier-7299662-2014-07-19
34,1,Maelstrom Pulse,,Sideboard,4,2,WBG,cyaso,495 tix,"$ 1,450",241024,2014-07-19,Modern Premier #7299662,modern,modern-premier-7299662,modern-premier-7299662-2014-07-19
35,4,Timely Reinforcements,,Sideboard,4,2,WBG,cyaso,495 tix,"$ 1,450",241024,2014-07-19,Modern Premier #7299662,modern,modern-premier-7299662,modern-premier-7299662-2014-07-19
36,2,Creeping Corrosion,,Sideboard,4,2,WBG,cyaso,495 tix,"$ 1,450",241024,2014-07-19,Modern Premier #7299662,modern,modern-premier-7299662,modern-premier-7299662-2014-07-19
1,2,Memnite,,Creatures,3,3,Affinity,d4ygum,398 tix,$ 952,241036,2014-07-19,Modern Premier #7299662,modern,modern-premier-7299662,modern-premier-7299662-2014-07-19
2,4,Ornithopter,,Creatures,3,3,Affinity,d4ygum,398 tix,$ 952,241036,2014-07-19,Modern Premier #7299662,modern,modern-premier-7299662,modern-premier-7299662-2014-07-19
3,4,Signal Pest,,Creatures,3,3,Affinity,d4ygum,398 tix,$ 952,241036,2014-07-19,Modern Premier #7299662,modern,modern-premier-7299662,modern-premier-7299662-2014-07-19
4,4,Arcbound Ravager,,Creatures,3,3,Affinity,d4ygum,398 tix,$ 952,241036,2014-07-19,Modern Premier #7299662,modern,modern-premier-7299662,modern-premier-7299662-2014-07-19
5,4,Steel Overseer,,Creatures,3,3,Affinity,d4ygum,398 tix,$ 952,241036,2014-07-19,Modern Premier #7299662,modern,modern-premier-7299662,modern-premier-7299662-2014-07-19
6,4,Vault Skirge,,Creatures,3,3,Affinity,d4ygum,398 tix,$ 952,241036,2014-07-19,Modern Premier #7299662,modern,modern-premier-7299662,modern-premier-7299662-2014-07-19
7,2,Etched Champion,,Creatures,3,3,Affinity,d4ygum,398 tix,$ 952,241036,2014-07-19,Modern Premier #7299662,modern,modern-premier-7299662,modern-premier-7299662-2014-07-19
8,2,Master of Etherium,,Creatures,3,3,Affinity,d4ygum,398 tix,$ 952,241036,2014-07-19,Modern Premier #7299662,modern,modern-premier-7299662,modern-premier-7299662-2014-07-19
10,3,Galvanic Blast,,Spells,3,3,Affinity,d4ygum,398 tix,$ 952,241036,2014-07-19,Modern Premier #7299662,modern,modern-premier-7299662,modern-premier-7299662-2014-07-19
11,2,Thoughtcast,,Spells,3,3,Affinity,d4ygum,398 tix,$ 952,241036,2014-07-19,Modern Premier #7299662,modern,modern-premier-7299662,modern-premier-7299662-2014-07-19
13,4,Mox Opal,,Artifacts,3,3,Affinity,d4ygum,398 tix,$ 952,241036,2014-07-19,Modern Premier #7299662,modern,modern-premier-7299662,modern-premier-7299662-2014-07-19
14,1,Welding Jar,,Artifacts,3,3,Affinity,d4ygum,398 tix,$ 952,241036,2014-07-19,Modern Premier #7299662,modern,modern-premier-7299662,modern-premier-7299662-2014-07-19
15,4,Springleaf Drum,,Artifacts,3,3,Affinity,d4ygum,398 tix,$ 952,241036,2014-07-19,Modern Premier #7299662,modern,modern-premier-7299662,modern-premier-7299662-2014-07-19
16,4,Cranial Plating,,Artifacts,3,3,Affinity,d4ygum,398 tix,$ 952,241036,2014-07-19,Modern Premier #7299662,modern,modern-premier-7299662,modern-premier-7299662-2014-07-19
18,4,Blinkmoth Nexus,,Lands,3,3,Affinity,d4ygum,398 tix,$ 952,241036,2014-07-19,Modern Premier #7299662,modern,modern-premier-7299662,modern-premier-7299662-2014-07-19
19,4,Darksteel Citadel,,Lands,3,3,Affinity,d4ygum,398 tix,$ 952,241036,2014-07-19,Modern Premier #7299662,modern,modern-premier-7299662,modern-premier-7299662-2014-07-19
20,3,Glimmervoid,,Lands,3,3,Affinity,d4ygum,398 tix,$ 952,241036,2014-07-19,Modern Premier #7299662,modern,modern-premier-7299662,modern-premier-7299662-2014-07-19
21,4,Inkmoth Nexus,,Lands,3,3,Affinity,d4ygum,398 tix,$ 952,241036,2014-07-19,Modern Premier #7299662,modern,modern-premier-7299662,modern-premier-7299662-2014-07-19
22,1,Island,,Lands,3,3,Affinity,d4ygum,398 tix,$ 952,241036,2014-07-19,Modern Premier #7299662,modern,modern-premier-7299662,modern-premier-7299662-2014-07-19
24,1,Galvanic Blast,,Sideboard,3,3,Affinity,d4ygum,398 tix,$ 952,241036,2014-07-19,Modern Premier #7299662,modern,modern-premier-7299662,modern-premier-7299662-2014-07-19
25,1,Grafdigger's Cage,,Sideboard,3,3,Affinity,d4ygum,398 tix,$ 952,241036,2014-07-19,Modern Premier #7299662,modern,modern-premier-7299662,modern-premier-7299662-2014-07-19
26,3,Thoughtseize,,Sideboard,3,3,Affinity,d4ygum,398 tix,$ 952,241036,2014-07-19,Modern Premier #7299662,modern,modern-premier-7299662,modern-premier-7299662-2014-07-19
27,2,Ancient Grudge,,Sideboard,3,3,Affinity,d4ygum,398 tix,$ 952,241036,2014-07-19,Modern Premier #7299662,modern,modern-premier-7299662,modern-premier-7299662-2014-07-19
28,2,Spellskite,,Sideboard,3,3,Affinity,d4ygum,398 tix,$ 952,241036,2014-07-19,Modern Premier #7299662,modern,modern-premier-7299662,modern-premier-7299662-2014-07-19
29,1,Whipflare,,Sideboard,3,3,Affinity,d4ygum,398 tix,$ 952,241036,2014-07-19,Modern Premier #7299662,modern,modern-premier-7299662,modern-premier-7299662-2014-07-19
30,1,Blood Moon,,Sideboard,3,3,Affinity,d4ygum,398 tix,$ 952,241036,2014-07-19,Modern Premier #7299662,modern,modern-premier-7299662,modern-premier-7299662-2014-07-19
31,1,Dismember,,Sideboard,3,3,Affinity,d4ygum,398 tix,$ 952,241036,2014-07-19,Modern Premier #7299662,modern,modern-premier-7299662,modern-premier-7299662-2014-07-19
32,2,Etched Champion,,Sideboard,3,3,Affinity,d4ygum,398 tix,$ 952,241036,2014-07-19,Modern Premier #7299662,modern,modern-premier-7299662,modern-premier-7299662-2014-07-19
33,1,Rule of Law,,Sideboard,3,3,Affinity,d4ygum,398 tix,$ 952,241036,2014-07-19,Modern Premier #7299662,modern,modern-premier-7299662,modern-premier-7299662-2014-07-19
1,4,Pack Rat,,Creatures,3,3,Dead Guy Ale,E4ter,364 tix,"$ 1,226",241034,2014-07-19,Modern Premier #7299662,modern,modern-premier-7299662,modern-premier-7299662-2014-07-19
2,3,Scavenging Ooze,,Creatures,3,3,Dead Guy Ale,E4ter,364 tix,"$ 1,226",241034,2014-07-19,Modern Premier #7299662,modern,modern-premier-7299662,modern-premier-7299662-2014-07-19
3,4,Tarmogoyf,,Creatures,3,3,Dead Guy Ale,E4ter,364 tix,"$ 1,226",241034,2014-07-19,Modern Premier #7299662,modern,modern-premier-7299662,modern-premier-7299662-2014-07-19
4,3,Kitchen Finks,,Creatures,3,3,Dead Guy Ale,E4ter,364 tix,"$ 1,226",241034,2014-07-19,Modern Premier #7299662,modern,modern-premier-7299662,modern-premier-7299662-2014-07-19
6,2,Slaughter Pact,,Spells,3,3,Dead Guy Ale,E4ter,364 tix,"$ 1,226",241034,2014-07-19,Modern Premier #7299662,modern,modern-premier-7299662,modern-premier-7299662-2014-07-19
7,3,Inquisition of Kozilek,,Spells,3,3,Dead Guy Ale,E4ter,364 tix,"$ 1,226",241034,2014-07-19,Modern Premier #7299662,modern,modern-premier-7299662,modern-premier-7299662-2014-07-19
8,4,Path to Exile,,Spells,3,3,Dead Guy Ale,E4ter,364 tix,"$ 1,226",241034,2014-07-19,Modern Premier #7299662,modern,modern-premier-7299662,modern-premier-7299662-2014-07-19
9,4,Thoughtseize,,Spells,3,3,Dead Guy Ale,E4ter,364 tix,"$ 1,226",241034,2014-07-19,Modern Premier #7299662,modern,modern-premier-7299662,modern-premier-7299662-2014-07-19
10,3,Abrupt Decay,,Spells,3,3,Dead Guy Ale,E4ter,364 tix,"$ 1,226",241034,2014-07-19,Modern Premier #7299662,modern,modern-premier-7299662,modern-premier-7299662-2014-07-19
11,4,Lingering Souls,,Spells,3,3,Dead Guy Ale,E4ter,364 tix,"$ 1,226",241034,2014-07-19,Modern Premier #7299662,modern,modern-premier-7299662,modern-premier-7299662-2014-07-19
13,1,Sword of Light and Shadow,,Artifacts,3,3,Dead Guy Ale,E4ter,364 tix,"$ 1,226",241034,2014-07-19,Modern Premier #7299662,modern,modern-premier-7299662,modern-premier-7299662-2014-07-19
14,1,Batterskull,,Artifacts,3,3,Dead Guy Ale,E4ter,364 tix,"$ 1,226",241034,2014-07-19,Modern Premier #7299662,modern,modern-premier-7299662,modern-premier-7299662-2014-07-19
16,1,Forest,,Lands,3,3,Dead Guy Ale,E4ter,364 tix,"$ 1,226",241034,2014-07-19,Modern Premier #7299662,modern,modern-premier-7299662,modern-premier-7299662-2014-07-19
17,2,Gavony Township,,Lands,3,3,Dead Guy Ale,E4ter,364 tix,"$ 1,226",241034,2014-07-19,Modern Premier #7299662,modern,modern-premier-7299662,modern-premier-7299662-2014-07-19
18,1,Godless Shrine,,Lands,3,3,Dead Guy Ale,E4ter,364 tix,"$ 1,226",241034,2014-07-19,Modern Premier #7299662,modern,modern-premier-7299662,modern-premier-7299662-2014-07-19
19,2,Isolated Chapel,,Lands,3,3,Dead Guy Ale,E4ter,364 tix,"$ 1,226",241034,2014-07-19,Modern Premier #7299662,modern,modern-premier-7299662,modern-premier-7299662-2014-07-19
20,2,Marsh Flats,,Lands,3,3,Dead Guy Ale,E4ter,364 tix,"$ 1,226",241034,2014-07-19,Modern Premier #7299662,modern,modern-premier-7299662,modern-premier-7299662-2014-07-19
21,2,Overgrown Tomb,,Lands,3,3,Dead Guy Ale,E4ter,364 tix,"$ 1,226",241034,2014-07-19,Modern Premier #7299662,modern,modern-premier-7299662,modern-premier-7299662-2014-07-19
22,1,Plains,,Lands,3,3,Dead Guy Ale,E4ter,364 tix,"$ 1,226",241034,2014-07-19,Modern Premier #7299662,modern,modern-premier-7299662,modern-premier-7299662-2014-07-19
23,1,Razorverge Thicket,,Lands,3,3,Dead Guy Ale,E4ter,364 tix,"$ 1,226",241034,2014-07-19,Modern Premier #7299662,modern,modern-premier-7299662,modern-premier-7299662-2014-07-19
24,2,Stirring Wildwood,,Lands,3,3,Dead Guy Ale,E4ter,364 tix,"$ 1,226",241034,2014-07-19,Modern Premier #7299662,modern,modern-premier-7299662,modern-premier-7299662-2014-07-19
25,2,Swamp,,Lands,3,3,Dead Guy Ale,E4ter,364 tix,"$ 1,226",241034,2014-07-19,Modern Premier #7299662,modern,modern-premier-7299662,modern-premier-7299662-2014-07-19
26,1,Temple Garden,,Lands,3,3,Dead Guy Ale,E4ter,364 tix,"$ 1,226",241034,2014-07-19,Modern Premier #7299662,modern,modern-premier-7299662,modern-premier-7299662-2014-07-19
27,1,Twilight Mire,,Lands,3,3,Dead Guy Ale,E4ter,364 tix,"$ 1,226",241034,2014-07-19,Modern Premier #7299662,modern,modern-premier-7299662,modern-premier-7299662-2014-07-19
28,1,"Urborg, Tomb of Yawgmoth",,Lands,3,3,Dead Guy Ale,E4ter,364 tix,"$ 1,226",241034,2014-07-19,Modern Premier #7299662,modern,modern-premier-7299662,modern-premier-7299662-2014-07-19
29,4,Verdant Catacombs,,Lands,3,3,Dead Guy Ale,E4ter,364 tix,"$ 1,226",241034,2014-07-19,Modern Premier #7299662,modern,modern-premier-7299662,modern-premier-7299662-2014-07-19
30,1,Woodland Cemetery,,Lands,3,3,Dead Guy Ale,E4ter,364 tix,"$ 1,226",241034,2014-07-19,Modern Premier #7299662,modern,modern-premier-7299662,modern-premier-7299662-2014-07-19
32,1,Engineered Explosives,,Sideboard,3,3,Dead Guy Ale,E4ter,364 tix,"$ 1,226",241034,2014-07-19,Modern Premier #7299662,modern,modern-premier-7299662,modern-premier-7299662-2014-07-19
33,2,Grafdigger's Cage,,Sideboard,3,3,Dead Guy Ale,E4ter,364 tix,"$ 1,226",241034,2014-07-19,Modern Premier #7299662,modern,modern-premier-7299662,modern-premier-7299662-2014-07-19
34,2,Golgari Charm,,Sideboard,3,3,Dead Guy Ale,E4ter,364 tix,"$ 1,226",241034,2014-07-19,Modern Premier #7299662,modern,modern-premier-7299662,modern-premier-7299662-2014-07-19
35,2,Stony Silence,,Sideboard,3,3,Dead Guy Ale,E4ter,364 tix,"$ 1,226",241034,2014-07-19,Modern Premier #7299662,modern,modern-premier-7299662,modern-premier-7299662-2014-07-19
36,3,Drown in Sorrow,,Sideboard,3,3,Dead Guy Ale,E4ter,364 tix,"$ 1,226",241034,2014-07-19,Modern Premier #7299662,modern,modern-premier-7299662,modern-premier-7299662-2014-07-19
37,3,Fulminator Mage,,Sideboard,3,3,Dead Guy Ale,E4ter,364 tix,"$ 1,226",241034,2014-07-19,Modern Premier #7299662,modern,modern-premier-7299662,modern-premier-7299662-2014-07-19
38,2,"Thrun, the Last Troll",,Sideboard,3,3,Dead Guy Ale,E4ter,364 tix,"$ 1,226",241034,2014-07-19,Modern Premier #7299662,modern,modern-premier-7299662,modern-premier-7299662-2014-07-19
1,4,Birds of Paradise,,Creatures,3,3,Melira Pod,Calladan,313 tix,$ 983,241033,2014-07-19,Modern Premier #7299662,modern,modern-premier-7299662,modern-premier-7299662-2014-07-19
2,3,Noble Hierarch,,Creatures,3,3,Melira Pod,Calladan,313 tix,$ 983,241033,2014-07-19,Modern Premier #7299662,modern,modern-premier-7299662,modern-premier-7299662-2014-07-19
3,1,Qasali Pridemage,,Creatures,3,3,Melira Pod,Calladan,313 tix,$ 983,241033,2014-07-19,Modern Premier #7299662,modern,modern-premier-7299662,modern-premier-7299662-2014-07-19
4,1,Scavenging Ooze,,Creatures,3,3,Melira Pod,Calladan,313 tix,$ 983,241033,2014-07-19,Modern Premier #7299662,modern,modern-premier-7299662,modern-premier-7299662-2014-07-19
5,2,Tarmogoyf,,Creatures,3,3,Melira Pod,Calladan,313 tix,$ 983,241033,2014-07-19,Modern Premier #7299662,modern,modern-premier-7299662,modern-premier-7299662-2014-07-19
6,4,Voice of Resurgence,,Creatures,3,3,Melira Pod,Calladan,313 tix,$ 983,241033,2014-07-19,Modern Premier #7299662,modern,modern-premier-7299662,modern-premier-7299662-2014-07-19
7,2,Blade Splicer,,Creatures,3,3,Melira Pod,Calladan,313 tix,$ 983,241033,2014-07-19,Modern Premier #7299662,modern,modern-premier-7299662,modern-premier-7299662-2014-07-19
8,1,Eternal Witness,,Creatures,3,3,Melira Pod,Calladan,313 tix,$ 983,241033,2014-07-19,Modern Premier #7299662,modern,modern-premier-7299662,modern-premier-7299662-2014-07-19
9,4,Kitchen Finks,,Creatures,3,3,Melira Pod,Calladan,313 tix,$ 983,241033,2014-07-19,Modern Premier #7299662,modern,modern-premier-7299662,modern-premier-7299662-2014-07-19
10,1,Spike Feeder,,Creatures,3,3,Melira Pod,Calladan,313 tix,$ 983,241033,2014-07-19,Modern Premier #7299662,modern,modern-premier-7299662,modern-premier-7299662-2014-07-19
11,1,Murderous Redcap,,Creatures,3,3,Melira Pod,Calladan,313 tix,$ 983,241033,2014-07-19,Modern Premier #7299662,modern,modern-premier-7299662,modern-premier-7299662-2014-07-19
12,3,Restoration Angel,,Creatures,3,3,Melira Pod,Calladan,313 tix,$ 983,241033,2014-07-19,Modern Premier #7299662,modern,modern-premier-7299662,modern-premier-7299662-2014-07-19
13,1,Archangel of Thune,,Creatures,3,3,Melira Pod,Calladan,313 tix,$ 983,241033,2014-07-19,Modern Premier #7299662,modern,modern-premier-7299662,modern-premier-7299662-2014-07-19
15,2,Path to Exile,,Spells,3,3,Melira Pod,Calladan,313 tix,$ 983,241033,2014-07-19,Modern Premier #7299662,modern,modern-premier-7299662,modern-premier-7299662-2014-07-19
16,2,Thoughtseize,,Spells,3,3,Melira Pod,Calladan,313 tix,$ 983,241033,2014-07-19,Modern Premier #7299662,modern,modern-premier-7299662,modern-premier-7299662-2014-07-19
17,2,Abrupt Decay,,Spells,3,3,Melira Pod,Calladan,313 tix,$ 983,241033,2014-07-19,Modern Premier #7299662,modern,modern-premier-7299662,modern-premier-7299662-2014-07-19
19,3,Birthing Pod,,Artifacts,3,3,Melira Pod,Calladan,313 tix,$ 983,241033,2014-07-19,Modern Premier #7299662,modern,modern-premier-7299662,modern-premier-7299662-2014-07-19
21,1,Forest,,Lands,3,3,Melira Pod,Calladan,313 tix,$ 983,241033,2014-07-19,Modern Premier #7299662,modern,modern-premier-7299662,modern-premier-7299662-2014-07-19
22,2,Gavony Township,,Lands,3,3,Melira Pod,Calladan,313 tix,$ 983,241033,2014-07-19,Modern Premier #7299662,modern,modern-premier-7299662,modern-premier-7299662-2014-07-19
23,1,Godless Shrine,,Lands,3,3,Melira Pod,Calladan,313 tix,$ 983,241033,2014-07-19,Modern Premier #7299662,modern,modern-premier-7299662,modern-premier-7299662-2014-07-19
24,4,Marsh Flats,,Lands,3,3,Melira Pod,Calladan,313 tix,$ 983,241033,2014-07-19,Modern Premier #7299662,modern,modern-premier-7299662,modern-premier-7299662-2014-07-19
25,2,Overgrown Tomb,,Lands,3,3,Melira Pod,Calladan,313 tix,$ 983,241033,2014-07-19,Modern Premier #7299662,modern,modern-premier-7299662,modern-premier-7299662-2014-07-19
26,1,Plains,,Lands,3,3,Melira Pod,Calladan,313 tix,$ 983,241033,2014-07-19,Modern Premier #7299662,modern,modern-premier-7299662,modern-premier-7299662-2014-07-19
27,3,Razorverge Thicket,,Lands,3,3,Melira Pod,Calladan,313 tix,$ 983,241033,2014-07-19,Modern Premier #7299662,modern,modern-premier-7299662,modern-premier-7299662-2014-07-19
28,1,Swamp,,Lands,3,3,Melira Pod,Calladan,313 tix,$ 983,241033,2014-07-19,Modern Premier #7299662,modern,modern-premier-7299662,modern-premier-7299662-2014-07-19
29,1,Tectonic Edge,,Lands,3,3,Melira Pod,Calladan,313 tix,$ 983,241033,2014-07-19,Modern Premier #7299662,modern,modern-premier-7299662,modern-premier-7299662-2014-07-19
30,1,Temple Garden,,Lands,3,3,Melira Pod,Calladan,313 tix,$ 983,241033,2014-07-19,Modern Premier #7299662,modern,modern-premier-7299662,modern-premier-7299662-2014-07-19
31,1,Treetop Village,,Lands,3,3,Melira Pod,Calladan,313 tix,$ 983,241033,2014-07-19,Modern Premier #7299662,modern,modern-premier-7299662,modern-premier-7299662-2014-07-19
32,4,Verdant Catacombs,,Lands,3,3,Melira Pod,Calladan,313 tix,$ 983,241033,2014-07-19,Modern Premier #7299662,modern,modern-premier-7299662,modern-premier-7299662-2014-07-19
33,1,Woodland Cemetery,,Lands,3,3,Melira Pod,Calladan,313 tix,$ 983,241033,2014-07-19,Modern Premier #7299662,modern,modern-premier-7299662,modern-premier-7299662-2014-07-19
35,1,Path to Exile,,Sideboard,3,3,Melira Pod,Calladan,313 tix,$ 983,241033,2014-07-19,Modern Premier #7299662,modern,modern-premier-7299662,modern-premier-7299662-2014-07-19
36,1,Relic of Progenitus,,Sideboard,3,3,Melira Pod,Calladan,313 tix,$ 983,241033,2014-07-19,Modern Premier #7299662,modern,modern-premier-7299662,modern-premier-7299662-2014-07-19
37,2,Thoughtseize,,Sideboard,3,3,Melira Pod,Calladan,313 tix,$ 983,241033,2014-07-19,Modern Premier #7299662,modern,modern-premier-7299662,modern-premier-7299662-2014-07-19
38,1,Abrupt Decay,,Sideboard,3,3,Melira Pod,Calladan,313 tix,$ 983,241033,2014-07-19,Modern Premier #7299662,modern,modern-premier-7299662,modern-premier-7299662-2014-07-19
39,1,Spellskite,,Sideboard,3,3,Melira Pod,Calladan,313 tix,$ 983,241033,2014-07-19,Modern Premier #7299662,modern,modern-premier-7299662,modern-premier-7299662-2014-07-19
40,2,Stony Silence,,Sideboard,3,3,Melira Pod,Calladan,313 tix,$ 983,241033,2014-07-19,Modern Premier #7299662,modern,modern-premier-7299662,modern-premier-7299662-2014-07-19
41,1,Zealous Persecution,,Sideboard,3,3,Melira Pod,Calladan,313 tix,$ 983,241033,2014-07-19,Modern Premier #7299662,modern,modern-premier-7299662,modern-premier-7299662-2014-07-19
42,1,Aven Mindcensor,,Sideboard,3,3,Melira Pod,Calladan,313 tix,$ 983,241033,2014-07-19,Modern Premier #7299662,modern,modern-premier-7299662,modern-premier-7299662-2014-07-19
43,1,Eidolon of Rhetoric,,Sideboard,3,3,Melira Pod,Calladan,313 tix,$ 983,241033,2014-07-19,Modern Premier #7299662,modern,modern-premier-7299662,modern-premier-7299662-2014-07-19
44,1,Harmonic Sliver,,Sideboard,3,3,Melira Pod,Calladan,313 tix,$ 983,241033,2014-07-19,Modern Premier #7299662,modern,modern-premier-7299662,modern-premier-7299662-2014-07-19
45,1,Sin Collector,,Sideboard,3,3,Melira Pod,Calladan,313 tix,$ 983,241033,2014-07-19,Modern Premier #7299662,modern,modern-premier-7299662,modern-premier-7299662-2014-07-19
46,1,Creeping Corrosion,,Sideboard,3,3,Melira Pod,Calladan,313 tix,$ 983,241033,2014-07-19,Modern Premier #7299662,modern,modern-premier-7299662,modern-premier-7299662-2014-07-19
47,1,"Linvala, Keeper of Silence",,Sideboard,3,3,Melira Pod,Calladan,313 tix,$ 983,241033,2014-07-19,Modern Premier #7299662,modern,modern-premier-7299662,modern-premier-7299662-2014-07-19
1,4,Experiment One,,Creatures,4,0,Burning-Tree Zoo,CorpT,332 tix,"$ 1,322",240855,2014-07-17,Modern Daily #7299592,modern,modern-daily-7299592,modern-daily-7299592-2014-07-17
2,4,Goblin Guide,,Creatures,4,0,Burning-Tree Zoo,CorpT,332 tix,"$ 1,322",240855,2014-07-17,Modern Daily #7299592,modern,modern-daily-7299592,modern-daily-7299592-2014-07-17
3,4,Kird Ape,,Creatures,4,0,Burning-Tree Zoo,CorpT,332 tix,"$ 1,322",240855,2014-07-17,Modern Daily #7299592,modern,modern-daily-7299592,modern-daily-7299592-2014-07-17
4,4,Wild Nacatl,,Creatures,4,0,Burning-Tree Zoo,CorpT,332 tix,"$ 1,322",240855,2014-07-17,Modern Daily #7299592,modern,modern-daily-7299592,modern-daily-7299592-2014-07-17
5,4,Burning-Tree Emissary,,Creatures,4,0,Burning-Tree Zoo,CorpT,332 tix,"$ 1,322",240855,2014-07-17,Modern Daily #7299592,modern,modern-daily-7299592,modern-daily-7299592-2014-07-17
6,4,Tarmogoyf,,Creatures,4,0,Burning-Tree Zoo,CorpT,332 tix,"$ 1,322",240855,2014-07-17,Modern Daily #7299592,modern,modern-daily-7299592,modern-daily-7299592-2014-07-17
7,4,Ghor-Clan Rampager,,Creatures,4,0,Burning-Tree Zoo,CorpT,332 tix,"$ 1,322",240855,2014-07-17,Modern Daily #7299592,modern,modern-daily-7299592,modern-daily-7299592-2014-07-17
9,4,Lightning Bolt,,Spells,4,0,Burning-Tree Zoo,CorpT,332 tix,"$ 1,322",240855,2014-07-17,Modern Daily #7299592,modern,modern-daily-7299592,modern-daily-7299592-2014-07-17
10,4,Path to Exile,,Spells,4,0,Burning-Tree Zoo,CorpT,332 tix,"$ 1,322",240855,2014-07-17,Modern Daily #7299592,modern,modern-daily-7299592,modern-daily-7299592-2014-07-17
11,4,Boros Charm,,Spells,4,0,Burning-Tree Zoo,CorpT,332 tix,"$ 1,322",240855,2014-07-17,Modern Daily #7299592,modern,modern-daily-7299592,modern-daily-7299592-2014-07-17
13,3,Arid Mesa,,Lands,4,0,Burning-Tree Zoo,CorpT,332 tix,"$ 1,322",240855,2014-07-17,Modern Daily #7299592,modern,modern-daily-7299592,modern-daily-7299592-2014-07-17
14,1,Forest,,Lands,4,0,Burning-Tree Zoo,CorpT,332 tix,"$ 1,322",240855,2014-07-17,Modern Daily #7299592,modern,modern-daily-7299592,modern-daily-7299592-2014-07-17
15,2,Marsh Flats,,Lands,4,0,Burning-Tree Zoo,CorpT,332 tix,"$ 1,322",240855,2014-07-17,Modern Daily #7299592,modern,modern-daily-7299592,modern-daily-7299592-2014-07-17
16,3,Misty Rainforest,,Lands,4,0,Burning-Tree Zoo,CorpT,332 tix,"$ 1,322",240855,2014-07-17,Modern Daily #7299592,modern,modern-daily-7299592,modern-daily-7299592-2014-07-17
17,1,Mountain,,Lands,4,0,Burning-Tree Zoo,CorpT,332 tix,"$ 1,322",240855,2014-07-17,Modern Daily #7299592,modern,modern-daily-7299592,modern-daily-7299592-2014-07-17
18,1,Plains,,Lands,4,0,Burning-Tree Zoo,CorpT,332 tix,"$ 1,322",240855,2014-07-17,Modern Daily #7299592,modern,modern-daily-7299592,modern-daily-7299592-2014-07-17
19,2,Sacred Foundry,,Lands,4,0,Burning-Tree Zoo,CorpT,332 tix,"$ 1,322",240855,2014-07-17,Modern Daily #7299592,modern,modern-daily-7299592,modern-daily-7299592-2014-07-17
20,3,Scalding Tarn,,Lands,4,0,Burning-Tree Zoo,CorpT,332 tix,"$ 1,322",240855,2014-07-17,Modern Daily #7299592,modern,modern-daily-7299592,modern-daily-7299592-2014-07-17
21,2,Stomping Ground,,Lands,4,0,Burning-Tree Zoo,CorpT,332 tix,"$ 1,322",240855,2014-07-17,Modern Daily #7299592,modern,modern-daily-7299592,modern-daily-7299592-2014-07-17
22,2,Temple Garden,,Lands,4,0,Burning-Tree Zoo,CorpT,332 tix,"$ 1,322",240855,2014-07-17,Modern Daily #7299592,modern,modern-daily-7299592,modern-daily-7299592-2014-07-17
24,2,Grafdigger's Cage,,Sideboard,4,0,Burning-Tree Zoo,CorpT,332 tix,"$ 1,322",240855,2014-07-17,Modern Daily #7299592,modern,modern-daily-7299592,modern-daily-7299592-2014-07-17
25,1,Pillar of Flame,,Sideboard,4,0,Burning-Tree Zoo,CorpT,332 tix,"$ 1,322",240855,2014-07-17,Modern Daily #7299592,modern,modern-daily-7299592,modern-daily-7299592-2014-07-17
26,2,Ancient Grudge,,Sideboard,4,0,Burning-Tree Zoo,CorpT,332 tix,"$ 1,322",240855,2014-07-17,Modern Daily #7299592,modern,modern-daily-7299592,modern-daily-7299592-2014-07-17
27,2,Qasali Pridemage,,Sideboard,4,0,Burning-Tree Zoo,CorpT,332 tix,"$ 1,322",240855,2014-07-17,Modern Daily #7299592,modern,modern-daily-7299592,modern-daily-7299592-2014-07-17
28,2,Stony Silence,,Sideboard,4,0,Burning-Tree Zoo,CorpT,332 tix,"$ 1,322",240855,2014-07-17,Modern Daily #7299592,modern,modern-daily-7299592,modern-daily-7299592-2014-07-17
29,2,Boil,,Sideboard,4,0,Burning-Tree Zoo,CorpT,332 tix,"$ 1,322",240855,2014-07-17,Modern Daily #7299592,modern,modern-daily-7299592,modern-daily-7299592-2014-07-17
30,4,Leyline of Sanctity,,Sideboard,4,0,Burning-Tree Zoo,CorpT,332 tix,"$ 1,322",240855,2014-07-17,Modern Daily #7299592,modern,modern-daily-7299592,modern-daily-7299592-2014-07-17
1,1,Avacyn's Pilgrim,,Creatures,4,0,Melira Pod,tuppu9,249 tix,$ 861,240856,2014-07-17,Modern Daily #7299592,modern,modern-daily-7299592,modern-daily-7299592-2014-07-17
2,4,Birds of Paradise,,Creatures,4,0,Melira Pod,tuppu9,249 tix,$ 861,240856,2014-07-17,Modern Daily #7299592,modern,modern-daily-7299592,modern-daily-7299592-2014-07-17
3,2,Noble Hierarch,,Creatures,4,0,Melira Pod,tuppu9,249 tix,$ 861,240856,2014-07-17,Modern Daily #7299592,modern,modern-daily-7299592,modern-daily-7299592-2014-07-17
4,1,Viscera Seer,,Creatures,4,0,Melira Pod,tuppu9,249 tix,$ 861,240856,2014-07-17,Modern Daily #7299592,modern,modern-daily-7299592,modern-daily-7299592-2014-07-17
5,1,"Melira, Sylvok Outcast",,Creatures,4,0,Melira Pod,tuppu9,249 tix,$ 861,240856,2014-07-17,Modern Daily #7299592,modern,modern-daily-7299592,modern-daily-7299592-2014-07-17
6,1,Qasali Pridemage,,Creatures,4,0,Melira Pod,tuppu9,249 tix,$ 861,240856,2014-07-17,Modern Daily #7299592,modern,modern-daily-7299592,modern-daily-7299592-2014-07-17
7,1,Scavenging Ooze,,Creatures,4,0,Melira Pod,tuppu9,249 tix,$ 861,240856,2014-07-17,Modern Daily #7299592,modern,modern-daily-7299592,modern-daily-7299592-2014-07-17
8,1,Spellskite,,Creatures,4,0,Melira Pod,tuppu9,249 tix,$ 861,240856,2014-07-17,Modern Daily #7299592,modern,modern-daily-7299592,modern-daily-7299592-2014-07-17
9,2,Voice of Resurgence,,Creatures,4,0,Melira Pod,tuppu9,249 tix,$ 861,240856,2014-07-17,Modern Daily #7299592,modern,modern-daily-7299592,modern-daily-7299592-2014-07-17
10,1,Wall of Roots,,Creatures,4,0,Melira Pod,tuppu9,249 tix,$ 861,240856,2014-07-17,Modern Daily #7299592,modern,modern-daily-7299592,modern-daily-7299592-2014-07-17
11,1,Eternal Witness,,Creatures,4,0,Melira Pod,tuppu9,249 tix,$ 861,240856,2014-07-17,Modern Daily #7299592,modern,modern-daily-7299592,modern-daily-7299592-2014-07-17
12,4,Kitchen Finks,,Creatures,4,0,Melira Pod,tuppu9,249 tix,$ 861,240856,2014-07-17,Modern Daily #7299592,modern,modern-daily-7299592,modern-daily-7299592-2014-07-17
13,1,Orzhov Pontiff,,Creatures,4,0,Melira Pod,tuppu9,249 tix,$ 861,240856,2014-07-17,Modern Daily #7299592,modern,modern-daily-7299592,modern-daily-7299592-2014-07-17
14,1,Sin Collector,,Creatures,4,0,Melira Pod,tuppu9,249 tix,$ 861,240856,2014-07-17,Modern Daily #7299592,modern,modern-daily-7299592,modern-daily-7299592-2014-07-17
15,1,Murderous Redcap,,Creatures,4,0,Melira Pod,tuppu9,249 tix,$ 861,240856,2014-07-17,Modern Daily #7299592,modern,modern-daily-7299592,modern-daily-7299592-2014-07-17
16,1,Phyrexian Metamorph,,Creatures,4,0,Melira Pod,tuppu9,249 tix,$ 861,240856,2014-07-17,Modern Daily #7299592,modern,modern-daily-7299592,modern-daily-7299592-2014-07-17
17,1,Ranger of Eos,,Creatures,4,0,Melira Pod,tuppu9,249 tix,$ 861,240856,2014-07-17,Modern Daily #7299592,modern,modern-daily-7299592,modern-daily-7299592-2014-07-17
18,1,Restoration Angel,,Creatures,4,0,Melira Pod,tuppu9,249 tix,$ 861,240856,2014-07-17,Modern Daily #7299592,modern,modern-daily-7299592,modern-daily-7299592-2014-07-17
19,1,Reveillark,,Creatures,4,0,Melira Pod,tuppu9,249 tix,$ 861,240856,2014-07-17,Modern Daily #7299592,modern,modern-daily-7299592,modern-daily-7299592-2014-07-17
20,1,Shriekmaw,,Creatures,4,0,Melira Pod,tuppu9,249 tix,$ 861,240856,2014-07-17,Modern Daily #7299592,modern,modern-daily-7299592,modern-daily-7299592-2014-07-17
22,2,Abrupt Decay,,Spells,4,0,Melira Pod,tuppu9,249 tix,$ 861,240856,2014-07-17,Modern Daily #7299592,modern,modern-daily-7299592,modern-daily-7299592-2014-07-17
23,3,Chord of Calling,,Spells,4,0,Melira Pod,tuppu9,249 tix,$ 861,240856,2014-07-17,Modern Daily #7299592,modern,modern-daily-7299592,modern-daily-7299592-2014-07-17
25,4,Birthing Pod,,Artifacts,4,0,Melira Pod,tuppu9,249 tix,$ 861,240856,2014-07-17,Modern Daily #7299592,modern,modern-daily-7299592,modern-daily-7299592-2014-07-17
27,3,Forest,,Lands,4,0,Melira Pod,tuppu9,249 tix,$ 861,240856,2014-07-17,Modern Daily #7299592,modern,modern-daily-7299592,modern-daily-7299592-2014-07-17
28,3,Gavony Township,,Lands,4,0,Melira Pod,tuppu9,249 tix,$ 861,240856,2014-07-17,Modern Daily #7299592,modern,modern-daily-7299592,modern-daily-7299592-2014-07-17
29,1,Godless Shrine,,Lands,4,0,Melira Pod,tuppu9,249 tix,$ 861,240856,2014-07-17,Modern Daily #7299592,modern,modern-daily-7299592,modern-daily-7299592-2014-07-17
30,4,Misty Rainforest,,Lands,4,0,Melira Pod,tuppu9,249 tix,$ 861,240856,2014-07-17,Modern Daily #7299592,modern,modern-daily-7299592,modern-daily-7299592-2014-07-17
31,2,Overgrown Tomb,,Lands,4,0,Melira Pod,tuppu9,249 tix,$ 861,240856,2014-07-17,Modern Daily #7299592,modern,modern-daily-7299592,modern-daily-7299592-2014-07-17
32,3,Razorverge Thicket,,Lands,4,0,Melira Pod,tuppu9,249 tix,$ 861,240856,2014-07-17,Modern Daily #7299592,modern,modern-daily-7299592,modern-daily-7299592-2014-07-17
33,1,Swamp,,Lands,4,0,Melira Pod,tuppu9,249 tix,$ 861,240856,2014-07-17,Modern Daily #7299592,modern,modern-daily-7299592,modern-daily-7299592-2014-07-17
34,1,Temple Garden,,Lands,4,0,Melira Pod,tuppu9,249 tix,$ 861,240856,2014-07-17,Modern Daily #7299592,modern,modern-daily-7299592,modern-daily-7299592-2014-07-17
35,4,Verdant Catacombs,,Lands,4,0,Melira Pod,tuppu9,249 tix,$ 861,240856,2014-07-17,Modern Daily #7299592,modern,modern-daily-7299592,modern-daily-7299592-2014-07-17
36,1,Woodland Cemetery,,Lands,4,0,Melira Pod,tuppu9,249 tix,$ 861,240856,2014-07-17,Modern Daily #7299592,modern,modern-daily-7299592,modern-daily-7299592-2014-07-17
38,1,Burrenton Forge-Tender,,Sideboard,4,0,Melira Pod,tuppu9,249 tix,$ 861,240856,2014-07-17,Modern Daily #7299592,modern,modern-daily-7299592,modern-daily-7299592-2014-07-17
39,2,Path to Exile,,Sideboard,4,0,Melira Pod,tuppu9,249 tix,$ 861,240856,2014-07-17,Modern Daily #7299592,modern,modern-daily-7299592,modern-daily-7299592-2014-07-17
40,4,Thoughtseize,,Sideboard,4,0,Melira Pod,tuppu9,249 tix,$ 861,240856,2014-07-17,Modern Daily #7299592,modern,modern-daily-7299592,modern-daily-7299592-2014-07-17
41,1,Scavenging Ooze,,Sideboard,4,0,Melira Pod,tuppu9,249 tix,$ 861,240856,2014-07-17,Modern Daily #7299592,modern,modern-daily-7299592,modern-daily-7299592-2014-07-17
42,2,Dismember,,Sideboard,4,0,Melira Pod,tuppu9,249 tix,$ 861,240856,2014-07-17,Modern Daily #7299592,modern,modern-daily-7299592,modern-daily-7299592-2014-07-17
43,1,Eidolon of Rhetoric,,Sideboard,4,0,Melira Pod,tuppu9,249 tix,$ 861,240856,2014-07-17,Modern Daily #7299592,modern,modern-daily-7299592,modern-daily-7299592-2014-07-17
44,1,Harmonic Sliver,,Sideboard,4,0,Melira Pod,tuppu9,249 tix,$ 861,240856,2014-07-17,Modern Daily #7299592,modern,modern-daily-7299592,modern-daily-7299592-2014-07-17
45,1,Orzhov Pontiff,,Sideboard,4,0,Melira Pod,tuppu9,249 tix,$ 861,240856,2014-07-17,Modern Daily #7299592,modern,modern-daily-7299592,modern-daily-7299592-2014-07-17
46,1,Entomber Exarch,,Sideboard,4,0,Melira Pod,tuppu9,249 tix,$ 861,240856,2014-07-17,Modern Daily #7299592,modern,modern-daily-7299592,modern-daily-7299592-2014-07-17
47,1,"Linvala, Keeper of Silence",,Sideboard,4,0,Melira Pod,tuppu9,249 tix,$ 861,240856,2014-07-17,Modern Daily #7299592,modern,modern-daily-7299592,modern-daily-7299592-2014-07-17
1,3,Cosi's Trickster,,Creatures,4,0,Merfolk,_j3n10,150 tix,$ 420,240857,2014-07-17,Modern Daily #7299592,modern,modern-daily-7299592,modern-daily-7299592-2014-07-17
2,1,Dakra Mystic,,Creatures,4,0,Merfolk,_j3n10,150 tix,$ 420,240857,2014-07-17,Modern Daily #7299592,modern,modern-daily-7299592,modern-daily-7299592-2014-07-17
3,2,Coralhelm Commander,,Creatures,4,0,Merfolk,_j3n10,150 tix,$ 420,240857,2014-07-17,Modern Daily #7299592,modern,modern-daily-7299592,modern-daily-7299592-2014-07-17
4,4,Lord of Atlantis,,Creatures,4,0,Merfolk,_j3n10,150 tix,$ 420,240857,2014-07-17,Modern Daily #7299592,modern,modern-daily-7299592,modern-daily-7299592-2014-07-17
5,4,Master of the Pearl Trident,,Creatures,4,0,Merfolk,_j3n10,150 tix,$ 420,240857,2014-07-17,Modern Daily #7299592,modern,modern-daily-7299592,modern-daily-7299592-2014-07-17
6,2,Phantasmal Image,,Creatures,4,0,Merfolk,_j3n10,150 tix,$ 420,240857,2014-07-17,Modern Daily #7299592,modern,modern-daily-7299592,modern-daily-7299592-2014-07-17
7,4,Silvergill Adept,,Creatures,4,0,Merfolk,_j3n10,150 tix,$ 420,240857,2014-07-17,Modern Daily #7299592,modern,modern-daily-7299592,modern-daily-7299592-2014-07-17
8,4,Merrow Reejerey,,Creatures,4,0,Merfolk,_j3n10,150 tix,$ 420,240857,2014-07-17,Modern Daily #7299592,modern,modern-daily-7299592,modern-daily-7299592-2014-07-17
9,2,"Thassa, God of the Sea",,Creatures,4,0,Merfolk,_j3n10,150 tix,$ 420,240857,2014-07-17,Modern Daily #7299592,modern,modern-daily-7299592,modern-daily-7299592-2014-07-17
10,2,Master of Waves,,Creatures,4,0,Merfolk,_j3n10,150 tix,$ 420,240857,2014-07-17,Modern Daily #7299592,modern,modern-daily-7299592,modern-daily-7299592-2014-07-17
12,3,Vapor Snag,,Spells,4,0,Merfolk,_j3n10,150 tix,$ 420,240857,2014-07-17,Modern Daily #7299592,modern,modern-daily-7299592,modern-daily-7299592-2014-07-17
13,1,Cryptic Command,,Spells,4,0,Merfolk,_j3n10,150 tix,$ 420,240857,2014-07-17,Modern Daily #7299592,modern,modern-daily-7299592,modern-daily-7299592-2014-07-17
15,4,Aether Vial,,Artifacts,4,0,Merfolk,_j3n10,150 tix,$ 420,240857,2014-07-17,Modern Daily #7299592,modern,modern-daily-7299592,modern-daily-7299592-2014-07-17
17,4,Spreading Seas,,Enchantments,4,0,Merfolk,_j3n10,150 tix,$ 420,240857,2014-07-17,Modern Daily #7299592,modern,modern-daily-7299592,modern-daily-7299592-2014-07-17
19,16,Island,,Lands,4,0,Merfolk,_j3n10,150 tix,$ 420,240857,2014-07-17,Modern Daily #7299592,modern,modern-daily-7299592,modern-daily-7299592-2014-07-17
20,4,Mutavault,,Lands,4,0,Merfolk,_j3n10,150 tix,$ 420,240857,2014-07-17,Modern Daily #7299592,modern,modern-daily-7299592,modern-daily-7299592-2014-07-17
22,1,Pithing Needle,,Sideboard,4,0,Merfolk,_j3n10,150 tix,$ 420,240857,2014-07-17,Modern Daily #7299592,modern,modern-daily-7299592,modern-daily-7299592-2014-07-17
23,2,Relic of Progenitus,,Sideboard,4,0,Merfolk,_j3n10,150 tix,$ 420,240857,2014-07-17,Modern Daily #7299592,modern,modern-daily-7299592,modern-daily-7299592-2014-07-17
24,2,Steel Sabotage,,Sideboard,4,0,Merfolk,_j3n10,150 tix,$ 420,240857,2014-07-17,Modern Daily #7299592,modern,modern-daily-7299592,modern-daily-7299592-2014-07-17
25,3,Swan Song,,Sideboard,4,0,Merfolk,_j3n10,150 tix,$ 420,240857,2014-07-17,Modern Daily #7299592,modern,modern-daily-7299592,modern-daily-7299592-2014-07-17
26,1,Hurkyl's Recall,,Sideboard,4,0,Merfolk,_j3n10,150 tix,$ 420,240857,2014-07-17,Modern Daily #7299592,modern,modern-daily-7299592,modern-daily-7299592-2014-07-17
27,1,Spellskite,,Sideboard,4,0,Merfolk,_j3n10,150 tix,$ 420,240857,2014-07-17,Modern Daily #7299592,modern,modern-daily-7299592,modern-daily-7299592-2014-07-17
28,2,Tidebinder Mage,,Sideboard,4,0,Merfolk,_j3n10,150 tix,$ 420,240857,2014-07-17,Modern Daily #7299592,modern,modern-daily-7299592,modern-daily-7299592-2014-07-17
29,2,Dismember,,Sideboard,4,0,Merfolk,_j3n10,150 tix,$ 420,240857,2014-07-17,Modern Daily #7299592,modern,modern-daily-7299592,modern-daily-7299592-2014-07-17
30,1,Sword of Fire and Ice,,Sideboard,4,0,Merfolk,_j3n10,150 tix,$ 420,240857,2014-07-17,Modern Daily #7299592,modern,modern-daily-7299592,modern-daily-7299592-2014-07-17
1,4,Sakura-Tribe Elder,,Creatures,4,0,Scapeshift,osmanozguney,251 tix,$ 973,240854,2014-07-17,Modern Daily #7299592,modern,modern-daily-7299592,modern-daily-7299592-2014-07-17
2,3,Snapcaster Mage,,Creatures,4,0,Scapeshift,osmanozguney,251 tix,$ 973,240854,2014-07-17,Modern Daily #7299592,modern,modern-daily-7299592,modern-daily-7299592-2014-07-17
4,2,Repeal,,Spells,4,0,Scapeshift,osmanozguney,251 tix,$ 973,240854,2014-07-17,Modern Daily #7299592,modern,modern-daily-7299592,modern-daily-7299592-2014-07-17
5,4,Serum Visions,,Spells,4,0,Scapeshift,osmanozguney,251 tix,$ 973,240854,2014-07-17,Modern Daily #7299592,modern,modern-daily-7299592,modern-daily-7299592-2014-07-17
6,2,Explore,,Spells,4,0,Scapeshift,osmanozguney,251 tix,$ 973,240854,2014-07-17,Modern Daily #7299592,modern,modern-daily-7299592,modern-daily-7299592-2014-07-17
7,3,Izzet Charm,,Spells,4,0,Scapeshift,osmanozguney,251 tix,$ 973,240854,2014-07-17,Modern Daily #7299592,modern,modern-daily-7299592,modern-daily-7299592-2014-07-17
8,4,Remand,,Spells,4,0,Scapeshift,osmanozguney,251 tix,$ 973,240854,2014-07-17,Modern Daily #7299592,modern,modern-daily-7299592,modern-daily-7299592-2014-07-17
9,2,Telling Time,,Spells,4,0,Scapeshift,osmanozguney,251 tix,$ 973,240854,2014-07-17,Modern Daily #7299592,modern,modern-daily-7299592,modern-daily-7299592-2014-07-17
10,4,Search for Tomorrow,,Spells,4,0,Scapeshift,osmanozguney,251 tix,$ 973,240854,2014-07-17,Modern Daily #7299592,modern,modern-daily-7299592,modern-daily-7299592-2014-07-17
11,3,Cryptic Command,,Spells,4,0,Scapeshift,osmanozguney,251 tix,$ 973,240854,2014-07-17,Modern Daily #7299592,modern,modern-daily-7299592,modern-daily-7299592-2014-07-17
12,4,Scapeshift,,Spells,4,0,Scapeshift,osmanozguney,251 tix,$ 973,240854,2014-07-17,Modern Daily #7299592,modern,modern-daily-7299592,modern-daily-7299592-2014-07-17
14,1,Breeding Pool,,Lands,4,0,Scapeshift,osmanozguney,251 tix,$ 973,240854,2014-07-17,Modern Daily #7299592,modern,modern-daily-7299592,modern-daily-7299592-2014-07-17
15,1,Cascade Bluffs,,Lands,4,0,Scapeshift,osmanozguney,251 tix,$ 973,240854,2014-07-17,Modern Daily #7299592,modern,modern-daily-7299592,modern-daily-7299592-2014-07-17
16,1,Flooded Grove,,Lands,4,0,Scapeshift,osmanozguney,251 tix,$ 973,240854,2014-07-17,Modern Daily #7299592,modern,modern-daily-7299592,modern-daily-7299592-2014-07-17
17,3,Forest,,Lands,4,0,Scapeshift,osmanozguney,251 tix,$ 973,240854,2014-07-17,Modern Daily #7299592,modern,modern-daily-7299592,modern-daily-7299592-2014-07-17
18,3,Island,,Lands,4,0,Scapeshift,osmanozguney,251 tix,$ 973,240854,2014-07-17,Modern Daily #7299592,modern,modern-daily-7299592,modern-daily-7299592-2014-07-17
19,2,Misty Rainforest,,Lands,4,0,Scapeshift,osmanozguney,251 tix,$ 973,240854,2014-07-17,Modern Daily #7299592,modern,modern-daily-7299592,modern-daily-7299592-2014-07-17
20,2,Mountain,,Lands,4,0,Scapeshift,osmanozguney,251 tix,$ 973,240854,2014-07-17,Modern Daily #7299592,modern,modern-daily-7299592,modern-daily-7299592-2014-07-17
21,4,Steam Vents,,Lands,4,0,Scapeshift,osmanozguney,251 tix,$ 973,240854,2014-07-17,Modern Daily #7299592,modern,modern-daily-7299592,modern-daily-7299592-2014-07-17
22,4,Stomping Ground,,Lands,4,0,Scapeshift,osmanozguney,251 tix,$ 973,240854,2014-07-17,Modern Daily #7299592,modern,modern-daily-7299592,modern-daily-7299592-2014-07-17
23,2,Temple of Mystery,,Lands,4,0,Scapeshift,osmanozguney,251 tix,$ 973,240854,2014-07-17,Modern Daily #7299592,modern,modern-daily-7299592,modern-daily-7299592-2014-07-17
24,2,"Valakut, the Molten Pinnacle",,Lands,4,0,Scapeshift,osmanozguney,251 tix,$ 973,240854,2014-07-17,Modern Daily #7299592,modern,modern-daily-7299592,modern-daily-7299592-2014-07-17
26,1,Engineered Explosives,,Sideboard,4,0,Scapeshift,osmanozguney,251 tix,$ 973,240854,2014-07-17,Modern Daily #7299592,modern,modern-daily-7299592,modern-daily-7299592-2014-07-17
27,2,Swan Song,,Sideboard,4,0,Scapeshift,osmanozguney,251 tix,$ 973,240854,2014-07-17,Modern Daily #7299592,modern,modern-daily-7299592,modern-daily-7299592-2014-07-17
28,2,Ancient Grudge,,Sideboard,4,0,Scapeshift,osmanozguney,251 tix,$ 973,240854,2014-07-17,Modern Daily #7299592,modern,modern-daily-7299592,modern-daily-7299592-2014-07-17
29,1,Combust,,Sideboard,4,0,Scapeshift,osmanozguney,251 tix,$ 973,240854,2014-07-17,Modern Daily #7299592,modern,modern-daily-7299592,modern-daily-7299592-2014-07-17
30,1,Spellskite,,Sideboard,4,0,Scapeshift,osmanozguney,251 tix,$ 973,240854,2014-07-17,Modern Daily #7299592,modern,modern-daily-7299592,modern-daily-7299592-2014-07-17
31,2,Anger of the Gods,,Sideboard,4,0,Scapeshift,osmanozguney,251 tix,$ 973,240854,2014-07-17,Modern Daily #7299592,modern,modern-daily-7299592,modern-daily-7299592-2014-07-17
32,1,Counterflux,,Sideboard,4,0,Scapeshift,osmanozguney,251 tix,$ 973,240854,2014-07-17,Modern Daily #7299592,modern,modern-daily-7299592,modern-daily-7299592-2014-07-17
33,2,Obstinate Baloth,,Sideboard,4,0,Scapeshift,osmanozguney,251 tix,$ 973,240854,2014-07-17,Modern Daily #7299592,modern,modern-daily-7299592,modern-daily-7299592-2014-07-17
34,1,Shatterstorm,,Sideboard,4,0,Scapeshift,osmanozguney,251 tix,$ 973,240854,2014-07-17,Modern Daily #7299592,modern,modern-daily-7299592,modern-daily-7299592-2014-07-17
35,2,Inferno Titan,,Sideboard,4,0,Scapeshift,osmanozguney,251 tix,$ 973,240854,2014-07-17,Modern Daily #7299592,modern,modern-daily-7299592,modern-daily-7299592-2014-07-17
1,2,Grim Lavamancer,,Creatures,4,0,Splinter Twin,darklilou,325 tix,"$ 1,155",240858,2014-07-17,Modern Daily #7299592,modern,modern-daily-7299592,modern-daily-7299592-2014-07-17
2,4,Snapcaster Mage,,Creatures,4,0,Splinter Twin,darklilou,325 tix,"$ 1,155",240858,2014-07-17,Modern Daily #7299592,modern,modern-daily-7299592,modern-daily-7299592-2014-07-17
3,4,Deceiver Exarch,,Creatures,4,0,Splinter Twin,darklilou,325 tix,"$ 1,155",240858,2014-07-17,Modern Daily #7299592,modern,modern-daily-7299592,modern-daily-7299592-2014-07-17
4,2,Pestermite,,Creatures,4,0,Splinter Twin,darklilou,325 tix,"$ 1,155",240858,2014-07-17,Modern Daily #7299592,modern,modern-daily-7299592,modern-daily-7299592-2014-07-17
5,2,Vendilion Clique,,Creatures,4,0,Splinter Twin,darklilou,325 tix,"$ 1,155",240858,2014-07-17,Modern Daily #7299592,modern,modern-daily-7299592,modern-daily-7299592-2014-07-17
6,1,"Kiki-Jiki, Mirror Breaker",,Creatures,4,0,Splinter Twin,darklilou,325 tix,"$ 1,155",240858,2014-07-17,Modern Daily #7299592,modern,modern-daily-7299592,modern-daily-7299592-2014-07-17
8,1,Flame Slash,,Spells,4,0,Splinter Twin,darklilou,325 tix,"$ 1,155",240858,2014-07-17,Modern Daily #7299592,modern,modern-daily-7299592,modern-daily-7299592-2014-07-17
9,4,Lightning Bolt,,Spells,4,0,Splinter Twin,darklilou,325 tix,"$ 1,155",240858,2014-07-17,Modern Daily #7299592,modern,modern-daily-7299592,modern-daily-7299592-2014-07-17
10,4,Serum Visions,,Spells,4,0,Splinter Twin,darklilou,325 tix,"$ 1,155",240858,2014-07-17,Modern Daily #7299592,modern,modern-daily-7299592,modern-daily-7299592-2014-07-17
11,2,Twisted Image,,Spells,4,0,Splinter Twin,darklilou,325 tix,"$ 1,155",240858,2014-07-17,Modern Daily #7299592,modern,modern-daily-7299592,modern-daily-7299592-2014-07-17
12,4,Remand,,Spells,4,0,Splinter Twin,darklilou,325 tix,"$ 1,155",240858,2014-07-17,Modern Daily #7299592,modern,modern-daily-7299592,modern-daily-7299592-2014-07-17
13,1,Electrolyze,,Spells,4,0,Splinter Twin,darklilou,325 tix,"$ 1,155",240858,2014-07-17,Modern Daily #7299592,modern,modern-daily-7299592,modern-daily-7299592-2014-07-17
14,2,Cryptic Command,,Spells,4,0,Splinter Twin,darklilou,325 tix,"$ 1,155",240858,2014-07-17,Modern Daily #7299592,modern,modern-daily-7299592,modern-daily-7299592-2014-07-17
16,4,Splinter Twin,,Enchantments,4,0,Splinter Twin,darklilou,325 tix,"$ 1,155",240858,2014-07-17,Modern Daily #7299592,modern,modern-daily-7299592,modern-daily-7299592-2014-07-17
18,1,Desolate Lighthouse,,Lands,4,0,Splinter Twin,darklilou,325 tix,"$ 1,155",240858,2014-07-17,Modern Daily #7299592,modern,modern-daily-7299592,modern-daily-7299592-2014-07-17
19,5,Island,,Lands,4,0,Splinter Twin,darklilou,325 tix,"$ 1,155",240858,2014-07-17,Modern Daily #7299592,modern,modern-daily-7299592,modern-daily-7299592-2014-07-17
20,4,Misty Rainforest,,Lands,4,0,Splinter Twin,darklilou,325 tix,"$ 1,155",240858,2014-07-17,Modern Daily #7299592,modern,modern-daily-7299592,modern-daily-7299592-2014-07-17
21,1,Mountain,,Lands,4,0,Splinter Twin,darklilou,325 tix,"$ 1,155",240858,2014-07-17,Modern Daily #7299592,modern,modern-daily-7299592,modern-daily-7299592-2014-07-17
22,4,Scalding Tarn,,Lands,4,0,Splinter Twin,darklilou,325 tix,"$ 1,155",240858,2014-07-17,Modern Daily #7299592,modern,modern-daily-7299592,modern-daily-7299592-2014-07-17
23,3,Steam Vents,,Lands,4,0,Splinter Twin,darklilou,325 tix,"$ 1,155",240858,2014-07-17,Modern Daily #7299592,modern,modern-daily-7299592,modern-daily-7299592-2014-07-17
24,1,Stomping Ground,,Lands,4,0,Splinter Twin,darklilou,325 tix,"$ 1,155",240858,2014-07-17,Modern Daily #7299592,modern,modern-daily-7299592,modern-daily-7299592-2014-07-17
25,3,Sulfur Falls,,Lands,4,0,Splinter Twin,darklilou,325 tix,"$ 1,155",240858,2014-07-17,Modern Daily #7299592,modern,modern-daily-7299592,modern-daily-7299592-2014-07-17
26,1,Tectonic Edge,,Lands,4,0,Splinter Twin,darklilou,325 tix,"$ 1,155",240858,2014-07-17,Modern Daily #7299592,modern,modern-daily-7299592,modern-daily-7299592-2014-07-17
28,2,Dispel,,Sideboard,4,0,Splinter Twin,darklilou,325 tix,"$ 1,155",240858,2014-07-17,Modern Daily #7299592,modern,modern-daily-7299592,modern-daily-7299592-2014-07-17
29,1,Flame Slash,,Sideboard,4,0,Splinter Twin,darklilou,325 tix,"$ 1,155",240858,2014-07-17,Modern Daily #7299592,modern,modern-daily-7299592,modern-daily-7299592-2014-07-17
30,3,Ancient Grudge,,Sideboard,4,0,Splinter Twin,darklilou,325 tix,"$ 1,155",240858,2014-07-17,Modern Daily #7299592,modern,modern-daily-7299592,modern-daily-7299592-2014-07-17
31,1,Negate,,Sideboard,4,0,Splinter Twin,darklilou,325 tix,"$ 1,155",240858,2014-07-17,Modern Daily #7299592,modern,modern-daily-7299592,modern-daily-7299592-2014-07-17
32,2,Anger of the Gods,,Sideboard,4,0,Splinter Twin,darklilou,325 tix,"$ 1,155",240858,2014-07-17,Modern Daily #7299592,modern,modern-daily-7299592,modern-daily-7299592-2014-07-17
33,3,Blood Moon,,Sideboard,4,0,Splinter Twin,darklilou,325 tix,"$ 1,155",240858,2014-07-17,Modern Daily #7299592,modern,modern-daily-7299592,modern-daily-7299592-2014-07-17
34,1,Batterskull,,Sideboard,4,0,Splinter Twin,darklilou,325 tix,"$ 1,155",240858,2014-07-17,Modern Daily #7299592,modern,modern-daily-7299592,modern-daily-7299592-2014-07-17
35,2,"Keranos, God of Storms",,Sideboard,4,0,Splinter Twin,darklilou,325 tix,"$ 1,155",240858,2014-07-17,Modern Daily #7299592,modern,modern-daily-7299592,modern-daily-7299592-2014-07-17
1,4,Dark Confidant,,Creatures,3,1,8 Rack,ZouNa,551 tix,"$ 1,285",240869,2014-07-17,Modern Daily #7299592,modern,modern-daily-7299592,modern-daily-7299592-2014-07-17
3,4,Liliana of the Veil,,Planeswalkers,3,1,8 Rack,ZouNa,551 tix,"$ 1,285",240869,2014-07-17,Modern Daily #7299592,modern,modern-daily-7299592,modern-daily-7299592-2014-07-17
5,4,Inquisition of Kozilek,,Spells,3,1,8 Rack,ZouNa,551 tix,"$ 1,285",240869,2014-07-17,Modern Daily #7299592,modern,modern-daily-7299592,modern-daily-7299592-2014-07-17
6,3,Raven's Crime,,Spells,3,1,8 Rack,ZouNa,551 tix,"$ 1,285",240869,2014-07-17,Modern Daily #7299592,modern,modern-daily-7299592,modern-daily-7299592-2014-07-17
7,4,Thoughtseize,,Spells,3,1,8 Rack,ZouNa,551 tix,"$ 1,285",240869,2014-07-17,Modern Daily #7299592,modern,modern-daily-7299592,modern-daily-7299592-2014-07-17
8,4,Smallpox,,Spells,3,1,8 Rack,ZouNa,551 tix,"$ 1,285",240869,2014-07-17,Modern Daily #7299592,modern,modern-daily-7299592,modern-daily-7299592-2014-07-17
9,4,Wrench Mind,,Spells,3,1,8 Rack,ZouNa,551 tix,"$ 1,285",240869,2014-07-17,Modern Daily #7299592,modern,modern-daily-7299592,modern-daily-7299592-2014-07-17
11,4,The Rack,,Artifacts,3,1,8 Rack,ZouNa,551 tix,"$ 1,285",240869,2014-07-17,Modern Daily #7299592,modern,modern-daily-7299592,modern-daily-7299592-2014-07-17
12,1,Ensnaring Bridge,,Artifacts,3,1,8 Rack,ZouNa,551 tix,"$ 1,285",240869,2014-07-17,Modern Daily #7299592,modern,modern-daily-7299592,modern-daily-7299592-2014-07-17
14,4,Shrieking Affliction,,Enchantments,3,1,8 Rack,ZouNa,551 tix,"$ 1,285",240869,2014-07-17,Modern Daily #7299592,modern,modern-daily-7299592,modern-daily-7299592-2014-07-17
16,2,Ghost Quarter,,Lands,3,1,8 Rack,ZouNa,551 tix,"$ 1,285",240869,2014-07-17,Modern Daily #7299592,modern,modern-daily-7299592,modern-daily-7299592-2014-07-17
17,4,Mutavault,,Lands,3,1,8 Rack,ZouNa,551 tix,"$ 1,285",240869,2014-07-17,Modern Daily #7299592,modern,modern-daily-7299592,modern-daily-7299592-2014-07-17
18,15,Swamp,,Lands,3,1,8 Rack,ZouNa,551 tix,"$ 1,285",240869,2014-07-17,Modern Daily #7299592,modern,modern-daily-7299592,modern-daily-7299592-2014-07-17
19,3,"Urborg, Tomb of Yawgmoth",,Lands,3,1,8 Rack,ZouNa,551 tix,"$ 1,285",240869,2014-07-17,Modern Daily #7299592,modern,modern-daily-7299592,modern-daily-7299592-2014-07-17
21,2,Ghost Quarter,,Sideboard,3,1,8 Rack,ZouNa,551 tix,"$ 1,285",240869,2014-07-17,Modern Daily #7299592,modern,modern-daily-7299592,modern-daily-7299592-2014-07-17
22,2,Darkblast,,Sideboard,3,1,8 Rack,ZouNa,551 tix,"$ 1,285",240869,2014-07-17,Modern Daily #7299592,modern,modern-daily-7299592,modern-daily-7299592-2014-07-17
23,3,Grafdigger's Cage,,Sideboard,3,1,8 Rack,ZouNa,551 tix,"$ 1,285",240869,2014-07-17,Modern Daily #7299592,modern,modern-daily-7299592,modern-daily-7299592-2014-07-17
24,4,Surgical Extraction,,Sideboard,3,1,8 Rack,ZouNa,551 tix,"$ 1,285",240869,2014-07-17,Modern Daily #7299592,modern,modern-daily-7299592,modern-daily-7299592-2014-07-17
25,3,Ensnaring Bridge,,Sideboard,3,1,8 Rack,ZouNa,551 tix,"$ 1,285",240869,2014-07-17,Modern Daily #7299592,modern,modern-daily-7299592,modern-daily-7299592-2014-07-17
26,1,Necrogen Mists,,Sideboard,3,1,8 Rack,ZouNa,551 tix,"$ 1,285",240869,2014-07-17,Modern Daily #7299592,modern,modern-daily-7299592,modern-daily-7299592-2014-07-17
1,4,Goblin Guide,,Creatures,3,1,Burn,AnzuTheParrot,94 tix,$ 196,240863,2014-07-17,Modern Daily #7299592,modern,modern-daily-7299592,modern-daily-7299592-2014-07-17
2,4,Eidolon of the Great Revel,,Creatures,3,1,Burn,AnzuTheParrot,94 tix,$ 196,240863,2014-07-17,Modern Daily #7299592,modern,modern-daily-7299592,modern-daily-7299592-2014-07-17
3,4,Hellspark Elemental,,Creatures,3,1,Burn,AnzuTheParrot,94 tix,$ 196,240863,2014-07-17,Modern Daily #7299592,modern,modern-daily-7299592,modern-daily-7299592-2014-07-17
5,4,Lava Spike,,Spells,3,1,Burn,AnzuTheParrot,94 tix,$ 196,240863,2014-07-17,Modern Daily #7299592,modern,modern-daily-7299592,modern-daily-7299592-2014-07-17
6,4,Lightning Bolt,,Spells,3,1,Burn,AnzuTheParrot,94 tix,$ 196,240863,2014-07-17,Modern Daily #7299592,modern,modern-daily-7299592,modern-daily-7299592-2014-07-17
7,3,Shard Volley,,Spells,3,1,Burn,AnzuTheParrot,94 tix,$ 196,240863,2014-07-17,Modern Daily #7299592,modern,modern-daily-7299592,modern-daily-7299592-2014-07-17
8,2,Magma Jet,,Spells,3,1,Burn,AnzuTheParrot,94 tix,$ 196,240863,2014-07-17,Modern Daily #7299592,modern,modern-daily-7299592,modern-daily-7299592-2014-07-17
9,3,Searing Blaze,,Spells,3,1,Burn,AnzuTheParrot,94 tix,$ 196,240863,2014-07-17,Modern Daily #7299592,modern,modern-daily-7299592,modern-daily-7299592-2014-07-17
10,4,Skullcrack,,Spells,3,1,Burn,AnzuTheParrot,94 tix,$ 196,240863,2014-07-17,Modern Daily #7299592,modern,modern-daily-7299592,modern-daily-7299592-2014-07-17
11,4,Flames of the Blood Hand,,Spells,3,1,Burn,AnzuTheParrot,94 tix,$ 196,240863,2014-07-17,Modern Daily #7299592,modern,modern-daily-7299592,modern-daily-7299592-2014-07-17
12,4,Rift Bolt,,Spells,3,1,Burn,AnzuTheParrot,94 tix,$ 196,240863,2014-07-17,Modern Daily #7299592,modern,modern-daily-7299592,modern-daily-7299592-2014-07-17
14,20,Mountain,,Lands,3,1,Burn,AnzuTheParrot,94 tix,$ 196,240863,2014-07-17,Modern Daily #7299592,modern,modern-daily-7299592,modern-daily-7299592-2014-07-17
16,2,Grafdigger's Cage,,Sideboard,3,1,Burn,AnzuTheParrot,94 tix,$ 196,240863,2014-07-17,Modern Daily #7299592,modern,modern-daily-7299592,modern-daily-7299592-2014-07-17
17,3,Combust,,Sideboard,3,1,Burn,AnzuTheParrot,94 tix,$ 196,240863,2014-07-17,Modern Daily #7299592,modern,modern-daily-7299592,modern-daily-7299592-2014-07-17
18,2,Dragon's Claw,,Sideboard,3,1,Burn,AnzuTheParrot,94 tix,$ 196,240863,2014-07-17,Modern Daily #7299592,modern,modern-daily-7299592,modern-daily-7299592-2014-07-17
19,2,Searing Blood,,Sideboard,3,1,Burn,AnzuTheParrot,94 tix,$ 196,240863,2014-07-17,Modern Daily #7299592,modern,modern-daily-7299592,modern-daily-7299592-2014-07-17
20,3,Smash to Smithereens,,Sideboard,3,1,Burn,AnzuTheParrot,94 tix,$ 196,240863,2014-07-17,Modern Daily #7299592,modern,modern-daily-7299592,modern-daily-7299592-2014-07-17
21,3,Molten Rain,,Sideboard,3,1,Burn,AnzuTheParrot,94 tix,$ 196,240863,2014-07-17,Modern Daily #7299592,modern,modern-daily-7299592,modern-daily-7299592-2014-07-17
1,4,Goblin Guide,,Creatures,3,1,Burn,JoseAngel991,85 tix,$ 231,240870,2014-07-17,Modern Daily #7299592,modern,modern-daily-7299592,modern-daily-7299592-2014-07-17
2,4,Vexing Devil,,Creatures,3,1,Burn,JoseAngel991,85 tix,$ 231,240870,2014-07-17,Modern Daily #7299592,modern,modern-daily-7299592,modern-daily-7299592-2014-07-17
3,4,Eidolon of the Great Revel,,Creatures,3,1,Burn,JoseAngel991,85 tix,$ 231,240870,2014-07-17,Modern Daily #7299592,modern,modern-daily-7299592,modern-daily-7299592-2014-07-17
5,4,Lava Spike,,Spells,3,1,Burn,JoseAngel991,85 tix,$ 231,240870,2014-07-17,Modern Daily #7299592,modern,modern-daily-7299592,modern-daily-7299592-2014-07-17
6,4,Lightning Bolt,,Spells,3,1,Burn,JoseAngel991,85 tix,$ 231,240870,2014-07-17,Modern Daily #7299592,modern,modern-daily-7299592,modern-daily-7299592-2014-07-17
7,3,Shard Volley,,Spells,3,1,Burn,JoseAngel991,85 tix,$ 231,240870,2014-07-17,Modern Daily #7299592,modern,modern-daily-7299592,modern-daily-7299592-2014-07-17
8,2,Magma Jet,,Spells,3,1,Burn,JoseAngel991,85 tix,$ 231,240870,2014-07-17,Modern Daily #7299592,modern,modern-daily-7299592,modern-daily-7299592-2014-07-17
9,3,Searing Blaze,,Spells,3,1,Burn,JoseAngel991,85 tix,$ 231,240870,2014-07-17,Modern Daily #7299592,modern,modern-daily-7299592,modern-daily-7299592-2014-07-17
10,4,Skullcrack,,Spells,3,1,Burn,JoseAngel991,85 tix,$ 231,240870,2014-07-17,Modern Daily #7299592,modern,modern-daily-7299592,modern-daily-7299592-2014-07-17
11,4,Flames of the Blood Hand,,Spells,3,1,Burn,JoseAngel991,85 tix,$ 231,240870,2014-07-17,Modern Daily #7299592,modern,modern-daily-7299592,modern-daily-7299592-2014-07-17
12,4,Rift Bolt,,Spells,3,1,Burn,JoseAngel991,85 tix,$ 231,240870,2014-07-17,Modern Daily #7299592,modern,modern-daily-7299592,modern-daily-7299592-2014-07-17
14,20,Mountain,,Lands,3,1,Burn,JoseAngel991,85 tix,$ 231,240870,2014-07-17,Modern Daily #7299592,modern,modern-daily-7299592,modern-daily-7299592-2014-07-17
16,2,Relic of Progenitus,,Sideboard,3,1,Burn,JoseAngel991,85 tix,$ 231,240870,2014-07-17,Modern Daily #7299592,modern,modern-daily-7299592,modern-daily-7299592-2014-07-17
17,3,Combust,,Sideboard,3,1,Burn,JoseAngel991,85 tix,$ 231,240870,2014-07-17,Modern Daily #7299592,modern,modern-daily-7299592,modern-daily-7299592-2014-07-17
18,2,Dragon's Claw,,Sideboard,3,1,Burn,JoseAngel991,85 tix,$ 231,240870,2014-07-17,Modern Daily #7299592,modern,modern-daily-7299592,modern-daily-7299592-2014-07-17
19,2,Searing Blood,,Sideboard,3,1,Burn,JoseAngel991,85 tix,$ 231,240870,2014-07-17,Modern Daily #7299592,modern,modern-daily-7299592,modern-daily-7299592-2014-07-17
20,3,Smash to Smithereens,,Sideboard,3,1,Burn,JoseAngel991,85 tix,$ 231,240870,2014-07-17,Modern Daily #7299592,modern,modern-daily-7299592,modern-daily-7299592-2014-07-17
21,3,Molten Rain,,Sideboard,3,1,Burn,JoseAngel991,85 tix,$ 231,240870,2014-07-17,Modern Daily #7299592,modern,modern-daily-7299592,modern-daily-7299592-2014-07-17
1,4,Goblin Guide,,Creatures,3,1,Burn,ACG88,87 tix,$ 224,240872,2014-07-17,Modern Daily #7299592,modern,modern-daily-7299592,modern-daily-7299592-2014-07-17
2,1,Grim Lavamancer,,Creatures,3,1,Burn,ACG88,87 tix,$ 224,240872,2014-07-17,Modern Daily #7299592,modern,modern-daily-7299592,modern-daily-7299592-2014-07-17
3,2,Spark Elemental,,Creatures,3,1,Burn,ACG88,87 tix,$ 224,240872,2014-07-17,Modern Daily #7299592,modern,modern-daily-7299592,modern-daily-7299592-2014-07-17
4,4,Eidolon of the Great Revel,,Creatures,3,1,Burn,ACG88,87 tix,$ 224,240872,2014-07-17,Modern Daily #7299592,modern,modern-daily-7299592,modern-daily-7299592-2014-07-17
5,4,Hellspark Elemental,,Creatures,3,1,Burn,ACG88,87 tix,$ 224,240872,2014-07-17,Modern Daily #7299592,modern,modern-daily-7299592,modern-daily-7299592-2014-07-17
7,4,Lava Spike,,Spells,3,1,Burn,ACG88,87 tix,$ 224,240872,2014-07-17,Modern Daily #7299592,modern,modern-daily-7299592,modern-daily-7299592-2014-07-17
8,4,Lightning Bolt,,Spells,3,1,Burn,ACG88,87 tix,$ 224,240872,2014-07-17,Modern Daily #7299592,modern,modern-daily-7299592,modern-daily-7299592-2014-07-17
9,3,Shard Volley,,Spells,3,1,Burn,ACG88,87 tix,$ 224,240872,2014-07-17,Modern Daily #7299592,modern,modern-daily-7299592,modern-daily-7299592-2014-07-17
10,4,Searing Blaze,,Spells,3,1,Burn,ACG88,87 tix,$ 224,240872,2014-07-17,Modern Daily #7299592,modern,modern-daily-7299592,modern-daily-7299592-2014-07-17
11,4,Skullcrack,,Spells,3,1,Burn,ACG88,87 tix,$ 224,240872,2014-07-17,Modern Daily #7299592,modern,modern-daily-7299592,modern-daily-7299592-2014-07-17
12,4,Flames of the Blood Hand,,Spells,3,1,Burn,ACG88,87 tix,$ 224,240872,2014-07-17,Modern Daily #7299592,modern,modern-daily-7299592,modern-daily-7299592-2014-07-17
13,4,Rift Bolt,,Spells,3,1,Burn,ACG88,87 tix,$ 224,240872,2014-07-17,Modern Daily #7299592,modern,modern-daily-7299592,modern-daily-7299592-2014-07-17
15,19,Mountain,,Lands,3,1,Burn,ACG88,87 tix,$ 224,240872,2014-07-17,Modern Daily #7299592,modern,modern-daily-7299592,modern-daily-7299592-2014-07-17
17,3,Relic of Progenitus,,Sideboard,3,1,Burn,ACG88,87 tix,$ 224,240872,2014-07-17,Modern Daily #7299592,modern,modern-daily-7299592,modern-daily-7299592-2014-07-17
18,1,Shattering Spree,,Sideboard,3,1,Burn,ACG88,87 tix,$ 224,240872,2014-07-17,Modern Daily #7299592,modern,modern-daily-7299592,modern-daily-7299592-2014-07-17
19,3,Combust,,Sideboard,3,1,Burn,ACG88,87 tix,$ 224,240872,2014-07-17,Modern Daily #7299592,modern,modern-daily-7299592,modern-daily-7299592-2014-07-17
20,2,Dragon's Claw,,Sideboard,3,1,Burn,ACG88,87 tix,$ 224,240872,2014-07-17,Modern Daily #7299592,modern,modern-daily-7299592,modern-daily-7299592-2014-07-17
21,2,Smash to Smithereens,,Sideboard,3,1,Burn,ACG88,87 tix,$ 224,240872,2014-07-17,Modern Daily #7299592,modern,modern-daily-7299592,modern-daily-7299592-2014-07-17
22,2,Anger of the Gods,,Sideboard,3,1,Burn,ACG88,87 tix,$ 224,240872,2014-07-17,Modern Daily #7299592,modern,modern-daily-7299592,modern-daily-7299592-2014-07-17
23,2,Molten Rain,,Sideboard,3,1,Burn,ACG88,87 tix,$ 224,240872,2014-07-17,Modern Daily #7299592,modern,modern-daily-7299592,modern-daily-7299592-2014-07-17
1,4,Goblin Guide,,Creatures,3,1,Burn,pacoelflaco,252 tix,$ 887,240878,2014-07-17,Modern Daily #7299592,modern,modern-daily-7299592,modern-daily-7299592-2014-07-17
2,4,Grim Lavamancer,,Creatures,3,1,Burn,pacoelflaco,252 tix,$ 887,240878,2014-07-17,Modern Daily #7299592,modern,modern-daily-7299592,modern-daily-7299592-2014-07-17
3,2,Mogg Fanatic,,Creatures,3,1,Burn,pacoelflaco,252 tix,$ 887,240878,2014-07-17,Modern Daily #7299592,modern,modern-daily-7299592,modern-daily-7299592-2014-07-17
4,4,Eidolon of the Great Revel,,Creatures,3,1,Burn,pacoelflaco,252 tix,$ 887,240878,2014-07-17,Modern Daily #7299592,modern,modern-daily-7299592,modern-daily-7299592-2014-07-17
6,4,Bump in the Night,,Spells,3,1,Burn,pacoelflaco,252 tix,$ 887,240878,2014-07-17,Modern Daily #7299592,modern,modern-daily-7299592,modern-daily-7299592-2014-07-17
7,4,Lava Spike,,Spells,3,1,Burn,pacoelflaco,252 tix,$ 887,240878,2014-07-17,Modern Daily #7299592,modern,modern-daily-7299592,modern-daily-7299592-2014-07-17
8,4,Lightning Bolt,,Spells,3,1,Burn,pacoelflaco,252 tix,$ 887,240878,2014-07-17,Modern Daily #7299592,modern,modern-daily-7299592,modern-daily-7299592-2014-07-17
9,4,Shard Volley,,Spells,3,1,Burn,pacoelflaco,252 tix,$ 887,240878,2014-07-17,Modern Daily #7299592,modern,modern-daily-7299592,modern-daily-7299592-2014-07-17
10,4,Searing Blaze,,Spells,3,1,Burn,pacoelflaco,252 tix,$ 887,240878,2014-07-17,Modern Daily #7299592,modern,modern-daily-7299592,modern-daily-7299592-2014-07-17
11,3,Skullcrack,,Spells,3,1,Burn,pacoelflaco,252 tix,$ 887,240878,2014-07-17,Modern Daily #7299592,modern,modern-daily-7299592,modern-daily-7299592-2014-07-17
12,4,Rift Bolt,,Spells,3,1,Burn,pacoelflaco,252 tix,$ 887,240878,2014-07-17,Modern Daily #7299592,modern,modern-daily-7299592,modern-daily-7299592-2014-07-17
14,4,Arid Mesa,,Lands,3,1,Burn,pacoelflaco,252 tix,$ 887,240878,2014-07-17,Modern Daily #7299592,modern,modern-daily-7299592,modern-daily-7299592-2014-07-17
15,4,Blackcleave Cliffs,,Lands,3,1,Burn,pacoelflaco,252 tix,$ 887,240878,2014-07-17,Modern Daily #7299592,modern,modern-daily-7299592,modern-daily-7299592-2014-07-17
16,2,Blood Crypt,,Lands,3,1,Burn,pacoelflaco,252 tix,$ 887,240878,2014-07-17,Modern Daily #7299592,modern,modern-daily-7299592,modern-daily-7299592-2014-07-17
17,5,Mountain,,Lands,3,1,Burn,pacoelflaco,252 tix,$ 887,240878,2014-07-17,Modern Daily #7299592,modern,modern-daily-7299592,modern-daily-7299592-2014-07-17
18,4,Scalding Tarn,,Lands,3,1,Burn,pacoelflaco,252 tix,$ 887,240878,2014-07-17,Modern Daily #7299592,modern,modern-daily-7299592,modern-daily-7299592-2014-07-17
20,3,Forked Bolt,,Sideboard,3,1,Burn,pacoelflaco,252 tix,$ 887,240878,2014-07-17,Modern Daily #7299592,modern,modern-daily-7299592,modern-daily-7299592-2014-07-17
21,3,Dragon's Claw,,Sideboard,3,1,Burn,pacoelflaco,252 tix,$ 887,240878,2014-07-17,Modern Daily #7299592,modern,modern-daily-7299592,modern-daily-7299592-2014-07-17
22,2,Searing Blood,,Sideboard,3,1,Burn,pacoelflaco,252 tix,$ 887,240878,2014-07-17,Modern Daily #7299592,modern,modern-daily-7299592,modern-daily-7299592-2014-07-17
23,1,Skullcrack,,Sideboard,3,1,Burn,pacoelflaco,252 tix,$ 887,240878,2014-07-17,Modern Daily #7299592,modern,modern-daily-7299592,modern-daily-7299592-2014-07-17
24,2,Smash to Smithereens,,Sideboard,3,1,Burn,pacoelflaco,252 tix,$ 887,240878,2014-07-17,Modern Daily #7299592,modern,modern-daily-7299592,modern-daily-7299592-2014-07-17
25,3,Dismember,,Sideboard,3,1,Burn,pacoelflaco,252 tix,$ 887,240878,2014-07-17,Modern Daily #7299592,modern,modern-daily-7299592,modern-daily-7299592-2014-07-17
26,1,Flames of the Blood Hand,,Sideboard,3,1,Burn,pacoelflaco,252 tix,$ 887,240878,2014-07-17,Modern Daily #7299592,modern,modern-daily-7299592,modern-daily-7299592-2014-07-17
1,4,Noble Hierarch,,Creatures,3,1,GW Hatebears,CharlieTheBananaKing,432 tix,$ 803,240866,2014-07-17,Modern Daily #7299592,modern,modern-daily-7299592,modern-daily-7299592-2014-07-17
2,4,Leonin Arbiter,,Creatures,3,1,GW Hatebears,CharlieTheBananaKing,432 tix,$ 803,240866,2014-07-17,Modern Daily #7299592,modern,modern-daily-7299592,modern-daily-7299592-2014-07-17
3,3,Scavenging Ooze,,Creatures,3,1,GW Hatebears,CharlieTheBananaKing,432 tix,$ 803,240866,2014-07-17,Modern Daily #7299592,modern,modern-daily-7299592,modern-daily-7299592-2014-07-17
4,3,"Thalia, Guardian of Thraben",,Creatures,3,1,GW Hatebears,CharlieTheBananaKing,432 tix,$ 803,240866,2014-07-17,Modern Daily #7299592,modern,modern-daily-7299592,modern-daily-7299592-2014-07-17
5,3,Aven Mindcensor,,Creatures,3,1,GW Hatebears,CharlieTheBananaKing,432 tix,$ 803,240866,2014-07-17,Modern Daily #7299592,modern,modern-daily-7299592,modern-daily-7299592-2014-07-17
6,4,Blade Splicer,,Creatures,3,1,GW Hatebears,CharlieTheBananaKing,432 tix,$ 803,240866,2014-07-17,Modern Daily #7299592,modern,modern-daily-7299592,modern-daily-7299592-2014-07-17
7,4,Flickerwisp,,Creatures,3,1,GW Hatebears,CharlieTheBananaKing,432 tix,$ 803,240866,2014-07-17,Modern Daily #7299592,modern,modern-daily-7299592,modern-daily-7299592-2014-07-17
8,1,"Linvala, Keeper of Silence",,Creatures,3,1,GW Hatebears,CharlieTheBananaKing,432 tix,$ 803,240866,2014-07-17,Modern Daily #7299592,modern,modern-daily-7299592,modern-daily-7299592-2014-07-17
9,4,Restoration Angel,,Creatures,3,1,GW Hatebears,CharlieTheBananaKing,432 tix,$ 803,240866,2014-07-17,Modern Daily #7299592,modern,modern-daily-7299592,modern-daily-7299592-2014-07-17
11,4,Path to Exile,,Spells,3,1,GW Hatebears,CharlieTheBananaKing,432 tix,$ 803,240866,2014-07-17,Modern Daily #7299592,modern,modern-daily-7299592,modern-daily-7299592-2014-07-17
13,4,Aether Vial,,Artifacts,3,1,GW Hatebears,CharlieTheBananaKing,432 tix,$ 803,240866,2014-07-17,Modern Daily #7299592,modern,modern-daily-7299592,modern-daily-7299592-2014-07-17
15,1,Eiganjo Castle,,Lands,3,1,GW Hatebears,CharlieTheBananaKing,432 tix,$ 803,240866,2014-07-17,Modern Daily #7299592,modern,modern-daily-7299592,modern-daily-7299592-2014-07-17
16,1,Forest,,Lands,3,1,GW Hatebears,CharlieTheBananaKing,432 tix,$ 803,240866,2014-07-17,Modern Daily #7299592,modern,modern-daily-7299592,modern-daily-7299592-2014-07-17
17,2,Gavony Township,,Lands,3,1,GW Hatebears,CharlieTheBananaKing,432 tix,$ 803,240866,2014-07-17,Modern Daily #7299592,modern,modern-daily-7299592,modern-daily-7299592-2014-07-17
18,4,Ghost Quarter,,Lands,3,1,GW Hatebears,CharlieTheBananaKing,432 tix,$ 803,240866,2014-07-17,Modern Daily #7299592,modern,modern-daily-7299592,modern-daily-7299592-2014-07-17
19,4,Horizon Canopy,,Lands,3,1,GW Hatebears,CharlieTheBananaKing,432 tix,$ 803,240866,2014-07-17,Modern Daily #7299592,modern,modern-daily-7299592,modern-daily-7299592-2014-07-17
20,2,Plains,,Lands,3,1,GW Hatebears,CharlieTheBananaKing,432 tix,$ 803,240866,2014-07-17,Modern Daily #7299592,modern,modern-daily-7299592,modern-daily-7299592-2014-07-17
21,4,Razorverge Thicket,,Lands,3,1,GW Hatebears,CharlieTheBananaKing,432 tix,$ 803,240866,2014-07-17,Modern Daily #7299592,modern,modern-daily-7299592,modern-daily-7299592-2014-07-17
22,4,Temple Garden,,Lands,3,1,GW Hatebears,CharlieTheBananaKing,432 tix,$ 803,240866,2014-07-17,Modern Daily #7299592,modern,modern-daily-7299592,modern-daily-7299592-2014-07-17
24,1,Sunlance,,Sideboard,3,1,GW Hatebears,CharlieTheBananaKing,432 tix,$ 803,240866,2014-07-17,Modern Daily #7299592,modern,modern-daily-7299592,modern-daily-7299592-2014-07-17
25,1,Gaddock Teeg,,Sideboard,3,1,GW Hatebears,CharlieTheBananaKing,432 tix,$ 803,240866,2014-07-17,Modern Daily #7299592,modern,modern-daily-7299592,modern-daily-7299592-2014-07-17
26,2,Mark of Asylum,,Sideboard,3,1,GW Hatebears,CharlieTheBananaKing,432 tix,$ 803,240866,2014-07-17,Modern Daily #7299592,modern,modern-daily-7299592,modern-daily-7299592-2014-07-17
27,1,Qasali Pridemage,,Sideboard,3,1,GW Hatebears,CharlieTheBananaKing,432 tix,$ 803,240866,2014-07-17,Modern Daily #7299592,modern,modern-daily-7299592,modern-daily-7299592-2014-07-17
28,4,Stony Silence,,Sideboard,3,1,GW Hatebears,CharlieTheBananaKing,432 tix,$ 803,240866,2014-07-17,Modern Daily #7299592,modern,modern-daily-7299592,modern-daily-7299592-2014-07-17
29,2,Choke,,Sideboard,3,1,GW Hatebears,CharlieTheBananaKing,432 tix,$ 803,240866,2014-07-17,Modern Daily #7299592,modern,modern-daily-7299592,modern-daily-7299592-2014-07-17
30,2,Crucible of Worlds,,Sideboard,3,1,GW Hatebears,CharlieTheBananaKing,432 tix,$ 803,240866,2014-07-17,Modern Daily #7299592,modern,modern-daily-7299592,modern-daily-7299592-2014-07-17
31,1,Dismember,,Sideboard,3,1,GW Hatebears,CharlieTheBananaKing,432 tix,$ 803,240866,2014-07-17,Modern Daily #7299592,modern,modern-daily-7299592,modern-daily-7299592-2014-07-17
32,1,"Linvala, Keeper of Silence",,Sideboard,3,1,GW Hatebears,CharlieTheBananaKing,432 tix,$ 803,240866,2014-07-17,Modern Daily #7299592,modern,modern-daily-7299592,modern-daily-7299592-2014-07-17
1,4,Dark Confidant,,Creatures,3,1,Jund,cwcm1,554 tix,"$ 2,014",240868,2014-07-17,Modern Daily #7299592,modern,modern-daily-7299592,modern-daily-7299592-2014-07-17
2,3,Scavenging Ooze,,Creatures,3,1,Jund,cwcm1,554 tix,"$ 2,014",240868,2014-07-17,Modern Daily #7299592,modern,modern-daily-7299592,modern-daily-7299592-2014-07-17
3,4,Tarmogoyf,,Creatures,3,1,Jund,cwcm1,554 tix,"$ 2,014",240868,2014-07-17,Modern Daily #7299592,modern,modern-daily-7299592,modern-daily-7299592-2014-07-17
4,2,Courser of Kruphix,,Creatures,3,1,Jund,cwcm1,554 tix,"$ 2,014",240868,2014-07-17,Modern Daily #7299592,modern,modern-daily-7299592,modern-daily-7299592-2014-07-17
5,1,"Thrun, the Last Troll",,Creatures,3,1,Jund,cwcm1,554 tix,"$ 2,014",240868,2014-07-17,Modern Daily #7299592,modern,modern-daily-7299592,modern-daily-7299592-2014-07-17
7,3,Liliana of the Veil,,Planeswalkers,3,1,Jund,cwcm1,554 tix,"$ 2,014",240868,2014-07-17,Modern Daily #7299592,modern,modern-daily-7299592,modern-daily-7299592-2014-07-17
8,1,"Chandra, Pyromaster",,Planeswalkers,3,1,Jund,cwcm1,554 tix,"$ 2,014",240868,2014-07-17,Modern Daily #7299592,modern,modern-daily-7299592,modern-daily-7299592-2014-07-17
10,1,Slaughter Pact,,Spells,3,1,Jund,cwcm1,554 tix,"$ 2,014",240868,2014-07-17,Modern Daily #7299592,modern,modern-daily-7299592,modern-daily-7299592-2014-07-17
11,3,Inquisition of Kozilek,,Spells,3,1,Jund,cwcm1,554 tix,"$ 2,014",240868,2014-07-17,Modern Daily #7299592,modern,modern-daily-7299592,modern-daily-7299592-2014-07-17
12,4,Lightning Bolt,,Spells,3,1,Jund,cwcm1,554 tix,"$ 2,014",240868,2014-07-17,Modern Daily #7299592,modern,modern-daily-7299592,modern-daily-7299592-2014-07-17
13,4,Thoughtseize,,Spells,3,1,Jund,cwcm1,554 tix,"$ 2,014",240868,2014-07-17,Modern Daily #7299592,modern,modern-daily-7299592,modern-daily-7299592-2014-07-17
14,3,Abrupt Decay,,Spells,3,1,Jund,cwcm1,554 tix,"$ 2,014",240868,2014-07-17,Modern Daily #7299592,modern,modern-daily-7299592,modern-daily-7299592-2014-07-17
15,1,Terminate,,Spells,3,1,Jund,cwcm1,554 tix,"$ 2,014",240868,2014-07-17,Modern Daily #7299592,modern,modern-daily-7299592,modern-daily-7299592-2014-07-17
16,2,Anger of the Gods,,Spells,3,1,Jund,cwcm1,554 tix,"$ 2,014",240868,2014-07-17,Modern Daily #7299592,modern,modern-daily-7299592,modern-daily-7299592-2014-07-17
17,1,Maelstrom Pulse,,Spells,3,1,Jund,cwcm1,554 tix,"$ 2,014",240868,2014-07-17,Modern Daily #7299592,modern,modern-daily-7299592,modern-daily-7299592-2014-07-17
19,4,Blackcleave Cliffs,,Lands,3,1,Jund,cwcm1,554 tix,"$ 2,014",240868,2014-07-17,Modern Daily #7299592,modern,modern-daily-7299592,modern-daily-7299592-2014-07-17
20,1,Blood Crypt,,Lands,3,1,Jund,cwcm1,554 tix,"$ 2,014",240868,2014-07-17,Modern Daily #7299592,modern,modern-daily-7299592,modern-daily-7299592-2014-07-17
21,2,Forest,,Lands,3,1,Jund,cwcm1,554 tix,"$ 2,014",240868,2014-07-17,Modern Daily #7299592,modern,modern-daily-7299592,modern-daily-7299592-2014-07-17
22,3,Marsh Flats,,Lands,3,1,Jund,cwcm1,554 tix,"$ 2,014",240868,2014-07-17,Modern Daily #7299592,modern,modern-daily-7299592,modern-daily-7299592-2014-07-17
23,2,Overgrown Tomb,,Lands,3,1,Jund,cwcm1,554 tix,"$ 2,014",240868,2014-07-17,Modern Daily #7299592,modern,modern-daily-7299592,modern-daily-7299592-2014-07-17
24,3,Raging Ravine,,Lands,3,1,Jund,cwcm1,554 tix,"$ 2,014",240868,2014-07-17,Modern Daily #7299592,modern,modern-daily-7299592,modern-daily-7299592-2014-07-17
25,1,Snow-Covered Swamp,,Lands,3,1,Jund,cwcm1,554 tix,"$ 2,014",240868,2014-07-17,Modern Daily #7299592,modern,modern-daily-7299592,modern-daily-7299592-2014-07-17
26,2,Stomping Ground,,Lands,3,1,Jund,cwcm1,554 tix,"$ 2,014",240868,2014-07-17,Modern Daily #7299592,modern,modern-daily-7299592,modern-daily-7299592-2014-07-17
27,2,Treetop Village,,Lands,3,1,Jund,cwcm1,554 tix,"$ 2,014",240868,2014-07-17,Modern Daily #7299592,modern,modern-daily-7299592,modern-daily-7299592-2014-07-17
28,4,Verdant Catacombs,,Lands,3,1,Jund,cwcm1,554 tix,"$ 2,014",240868,2014-07-17,Modern Daily #7299592,modern,modern-daily-7299592,modern-daily-7299592-2014-07-17
30,1,Ancient Grudge,,Sideboard,3,1,Jund,cwcm1,554 tix,"$ 2,014",240868,2014-07-17,Modern Daily #7299592,modern,modern-daily-7299592,modern-daily-7299592-2014-07-17
31,1,Back to Nature,,Sideboard,3,1,Jund,cwcm1,554 tix,"$ 2,014",240868,2014-07-17,Modern Daily #7299592,modern,modern-daily-7299592,modern-daily-7299592-2014-07-17
32,1,Golgari Charm,,Sideboard,3,1,Jund,cwcm1,554 tix,"$ 2,014",240868,2014-07-17,Modern Daily #7299592,modern,modern-daily-7299592,modern-daily-7299592-2014-07-17
33,1,Rakdos Charm,,Sideboard,3,1,Jund,cwcm1,554 tix,"$ 2,014",240868,2014-07-17,Modern Daily #7299592,modern,modern-daily-7299592,modern-daily-7299592-2014-07-17
34,3,Fulminator Mage,,Sideboard,3,1,Jund,cwcm1,554 tix,"$ 2,014",240868,2014-07-17,Modern Daily #7299592,modern,modern-daily-7299592,modern-daily-7299592-2014-07-17
35,1,Jund Charm,,Sideboard,3,1,Jund,cwcm1,554 tix,"$ 2,014",240868,2014-07-17,Modern Daily #7299592,modern,modern-daily-7299592,modern-daily-7299592-2014-07-17
36,2,Kitchen Finks,,Sideboard,3,1,Jund,cwcm1,554 tix,"$ 2,014",240868,2014-07-17,Modern Daily #7299592,modern,modern-daily-7299592,modern-daily-7299592-2014-07-17
37,2,Obstinate Baloth,,Sideboard,3,1,Jund,cwcm1,554 tix,"$ 2,014",240868,2014-07-17,Modern Daily #7299592,modern,modern-daily-7299592,modern-daily-7299592-2014-07-17
38,2,Slaughter Games,,Sideboard,3,1,Jund,cwcm1,554 tix,"$ 2,014",240868,2014-07-17,Modern Daily #7299592,modern,modern-daily-7299592,modern-daily-7299592-2014-07-17
39,1,Batterskull,,Sideboard,3,1,Jund,cwcm1,554 tix,"$ 2,014",240868,2014-07-17,Modern Daily #7299592,modern,modern-daily-7299592,modern-daily-7299592-2014-07-17
1,4,Dark Confidant,,Creatures,3,1,Junk,Jcozmo,585 tix,"$ 1,883",240864,2014-07-17,Modern Daily #7299592,modern,modern-daily-7299592,modern-daily-7299592-2014-07-17
2,3,Scavenging Ooze,,Creatures,3,1,Junk,Jcozmo,585 tix,"$ 1,883",240864,2014-07-17,Modern Daily #7299592,modern,modern-daily-7299592,modern-daily-7299592-2014-07-17
3,4,Tarmogoyf,,Creatures,3,1,Junk,Jcozmo,585 tix,"$ 1,883",240864,2014-07-17,Modern Daily #7299592,modern,modern-daily-7299592,modern-daily-7299592-2014-07-17
4,2,Courser of Kruphix,,Creatures,3,1,Junk,Jcozmo,585 tix,"$ 1,883",240864,2014-07-17,Modern Daily #7299592,modern,modern-daily-7299592,modern-daily-7299592-2014-07-17
6,4,Liliana of the Veil,,Planeswalkers,3,1,Junk,Jcozmo,585 tix,"$ 1,883",240864,2014-07-17,Modern Daily #7299592,modern,modern-daily-7299592,modern-daily-7299592-2014-07-17
8,2,Slaughter Pact,,Spells,3,1,Junk,Jcozmo,585 tix,"$ 1,883",240864,2014-07-17,Modern Daily #7299592,modern,modern-daily-7299592,modern-daily-7299592-2014-07-17
9,4,Inquisition of Kozilek,,Spells,3,1,Junk,Jcozmo,585 tix,"$ 1,883",240864,2014-07-17,Modern Daily #7299592,modern,modern-daily-7299592,modern-daily-7299592-2014-07-17
10,4,Thoughtseize,,Spells,3,1,Junk,Jcozmo,585 tix,"$ 1,883",240864,2014-07-17,Modern Daily #7299592,modern,modern-daily-7299592,modern-daily-7299592-2014-07-17
11,4,Abrupt Decay,,Spells,3,1,Junk,Jcozmo,585 tix,"$ 1,883",240864,2014-07-17,Modern Daily #7299592,modern,modern-daily-7299592,modern-daily-7299592-2014-07-17
12,2,Dismember,,Spells,3,1,Junk,Jcozmo,585 tix,"$ 1,883",240864,2014-07-17,Modern Daily #7299592,modern,modern-daily-7299592,modern-daily-7299592-2014-07-17
13,2,Maelstrom Pulse,,Spells,3,1,Junk,Jcozmo,585 tix,"$ 1,883",240864,2014-07-17,Modern Daily #7299592,modern,modern-daily-7299592,modern-daily-7299592-2014-07-17
15,1,Forest,,Lands,3,1,Junk,Jcozmo,585 tix,"$ 1,883",240864,2014-07-17,Modern Daily #7299592,modern,modern-daily-7299592,modern-daily-7299592-2014-07-17
16,2,Marsh Flats,,Lands,3,1,Junk,Jcozmo,585 tix,"$ 1,883",240864,2014-07-17,Modern Daily #7299592,modern,modern-daily-7299592,modern-daily-7299592-2014-07-17
17,1,Misty Rainforest,,Lands,3,1,Junk,Jcozmo,585 tix,"$ 1,883",240864,2014-07-17,Modern Daily #7299592,modern,modern-daily-7299592,modern-daily-7299592-2014-07-17
18,2,Overgrown Tomb,,Lands,3,1,Junk,Jcozmo,585 tix,"$ 1,883",240864,2014-07-17,Modern Daily #7299592,modern,modern-daily-7299592,modern-daily-7299592-2014-07-17
19,3,Swamp,,Lands,3,1,Junk,Jcozmo,585 tix,"$ 1,883",240864,2014-07-17,Modern Daily #7299592,modern,modern-daily-7299592,modern-daily-7299592-2014-07-17
20,4,Tectonic Edge,,Lands,3,1,Junk,Jcozmo,585 tix,"$ 1,883",240864,2014-07-17,Modern Daily #7299592,modern,modern-daily-7299592,modern-daily-7299592-2014-07-17
21,4,Treetop Village,,Lands,3,1,Junk,Jcozmo,585 tix,"$ 1,883",240864,2014-07-17,Modern Daily #7299592,modern,modern-daily-7299592,modern-daily-7299592-2014-07-17
22,2,Twilight Mire,,Lands,3,1,Junk,Jcozmo,585 tix,"$ 1,883",240864,2014-07-17,Modern Daily #7299592,modern,modern-daily-7299592,modern-daily-7299592-2014-07-17
23,1,"Urborg, Tomb of Yawgmoth",,Lands,3,1,Junk,Jcozmo,585 tix,"$ 1,883",240864,2014-07-17,Modern Daily #7299592,modern,modern-daily-7299592,modern-daily-7299592-2014-07-17
24,4,Verdant Catacombs,,Lands,3,1,Junk,Jcozmo,585 tix,"$ 1,883",240864,2014-07-17,Modern Daily #7299592,modern,modern-daily-7299592,modern-daily-7299592-2014-07-17
25,1,Woodland Cemetery,,Lands,3,1,Junk,Jcozmo,585 tix,"$ 1,883",240864,2014-07-17,Modern Daily #7299592,modern,modern-daily-7299592,modern-daily-7299592-2014-07-17
27,3,Grafdigger's Cage,,Sideboard,3,1,Junk,Jcozmo,585 tix,"$ 1,883",240864,2014-07-17,Modern Daily #7299592,modern,modern-daily-7299592,modern-daily-7299592-2014-07-17
28,2,Drown in Sorrow,,Sideboard,3,1,Junk,Jcozmo,585 tix,"$ 1,883",240864,2014-07-17,Modern Daily #7299592,modern,modern-daily-7299592,modern-daily-7299592-2014-07-17
29,3,Fulminator Mage,,Sideboard,3,1,Junk,Jcozmo,585 tix,"$ 1,883",240864,2014-07-17,Modern Daily #7299592,modern,modern-daily-7299592,modern-daily-7299592-2014-07-17
30,2,Kitchen Finks,,Sideboard,3,1,Junk,Jcozmo,585 tix,"$ 1,883",240864,2014-07-17,Modern Daily #7299592,modern,modern-daily-7299592,modern-daily-7299592-2014-07-17
31,1,Creeping Corrosion,,Sideboard,3,1,Junk,Jcozmo,585 tix,"$ 1,883",240864,2014-07-17,Modern Daily #7299592,modern,modern-daily-7299592,modern-daily-7299592-2014-07-17
32,2,Night of Souls' Betrayal,,Sideboard,3,1,Junk,Jcozmo,585 tix,"$ 1,883",240864,2014-07-17,Modern Daily #7299592,modern,modern-daily-7299592,modern-daily-7299592-2014-07-17
33,2,Skinrender,,Sideboard,3,1,Junk,Jcozmo,585 tix,"$ 1,883",240864,2014-07-17,Modern Daily #7299592,modern,modern-daily-7299592,modern-daily-7299592-2014-07-17
1,4,Dark Confidant,,Creatures,3,1,Junk,xovah,582 tix,"$ 1,846",240871,2014-07-17,Modern Daily #7299592,modern,modern-daily-7299592,modern-daily-7299592-2014-07-17
2,4,Scavenging Ooze,,Creatures,3,1,Junk,xovah,582 tix,"$ 1,846",240871,2014-07-17,Modern Daily #7299592,modern,modern-daily-7299592,modern-daily-7299592-2014-07-17
3,4,Tarmogoyf,,Creatures,3,1,Junk,xovah,582 tix,"$ 1,846",240871,2014-07-17,Modern Daily #7299592,modern,modern-daily-7299592,modern-daily-7299592-2014-07-17
4,2,Courser of Kruphix,,Creatures,3,1,Junk,xovah,582 tix,"$ 1,846",240871,2014-07-17,Modern Daily #7299592,modern,modern-daily-7299592,modern-daily-7299592-2014-07-17
5,2,"Thrun, the Last Troll",,Creatures,3,1,Junk,xovah,582 tix,"$ 1,846",240871,2014-07-17,Modern Daily #7299592,modern,modern-daily-7299592,modern-daily-7299592-2014-07-17
7,4,Liliana of the Veil,,Planeswalkers,3,1,Junk,xovah,582 tix,"$ 1,846",240871,2014-07-17,Modern Daily #7299592,modern,modern-daily-7299592,modern-daily-7299592-2014-07-17
9,2,Slaughter Pact,,Spells,3,1,Junk,xovah,582 tix,"$ 1,846",240871,2014-07-17,Modern Daily #7299592,modern,modern-daily-7299592,modern-daily-7299592-2014-07-17
10,4,Inquisition of Kozilek,,Spells,3,1,Junk,xovah,582 tix,"$ 1,846",240871,2014-07-17,Modern Daily #7299592,modern,modern-daily-7299592,modern-daily-7299592-2014-07-17
11,3,Thoughtseize,,Spells,3,1,Junk,xovah,582 tix,"$ 1,846",240871,2014-07-17,Modern Daily #7299592,modern,modern-daily-7299592,modern-daily-7299592-2014-07-17
12,4,Abrupt Decay,,Spells,3,1,Junk,xovah,582 tix,"$ 1,846",240871,2014-07-17,Modern Daily #7299592,modern,modern-daily-7299592,modern-daily-7299592-2014-07-17
13,2,Dismember,,Spells,3,1,Junk,xovah,582 tix,"$ 1,846",240871,2014-07-17,Modern Daily #7299592,modern,modern-daily-7299592,modern-daily-7299592-2014-07-17
14,1,Maelstrom Pulse,,Spells,3,1,Junk,xovah,582 tix,"$ 1,846",240871,2014-07-17,Modern Daily #7299592,modern,modern-daily-7299592,modern-daily-7299592-2014-07-17
16,2,Forest,,Lands,3,1,Junk,xovah,582 tix,"$ 1,846",240871,2014-07-17,Modern Daily #7299592,modern,modern-daily-7299592,modern-daily-7299592-2014-07-17
17,2,Marsh Flats,,Lands,3,1,Junk,xovah,582 tix,"$ 1,846",240871,2014-07-17,Modern Daily #7299592,modern,modern-daily-7299592,modern-daily-7299592-2014-07-17
18,3,Overgrown Tomb,,Lands,3,1,Junk,xovah,582 tix,"$ 1,846",240871,2014-07-17,Modern Daily #7299592,modern,modern-daily-7299592,modern-daily-7299592-2014-07-17
19,2,Swamp,,Lands,3,1,Junk,xovah,582 tix,"$ 1,846",240871,2014-07-17,Modern Daily #7299592,modern,modern-daily-7299592,modern-daily-7299592-2014-07-17
20,4,Tectonic Edge,,Lands,3,1,Junk,xovah,582 tix,"$ 1,846",240871,2014-07-17,Modern Daily #7299592,modern,modern-daily-7299592,modern-daily-7299592-2014-07-17
21,4,Treetop Village,,Lands,3,1,Junk,xovah,582 tix,"$ 1,846",240871,2014-07-17,Modern Daily #7299592,modern,modern-daily-7299592,modern-daily-7299592-2014-07-17
22,1,Twilight Mire,,Lands,3,1,Junk,xovah,582 tix,"$ 1,846",240871,2014-07-17,Modern Daily #7299592,modern,modern-daily-7299592,modern-daily-7299592-2014-07-17
23,1,"Urborg, Tomb of Yawgmoth",,Lands,3,1,Junk,xovah,582 tix,"$ 1,846",240871,2014-07-17,Modern Daily #7299592,modern,modern-daily-7299592,modern-daily-7299592-2014-07-17
24,4,Verdant Catacombs,,Lands,3,1,Junk,xovah,582 tix,"$ 1,846",240871,2014-07-17,Modern Daily #7299592,modern,modern-daily-7299592,modern-daily-7299592-2014-07-17
25,1,Woodland Cemetery,,Lands,3,1,Junk,xovah,582 tix,"$ 1,846",240871,2014-07-17,Modern Daily #7299592,modern,modern-daily-7299592,modern-daily-7299592-2014-07-17
27,2,Grafdigger's Cage,,Sideboard,3,1,Junk,xovah,582 tix,"$ 1,846",240871,2014-07-17,Modern Daily #7299592,modern,modern-daily-7299592,modern-daily-7299592-2014-07-17
28,1,Thoughtseize,,Sideboard,3,1,Junk,xovah,582 tix,"$ 1,846",240871,2014-07-17,Modern Daily #7299592,modern,modern-daily-7299592,modern-daily-7299592-2014-07-17
29,1,Back to Nature,,Sideboard,3,1,Junk,xovah,582 tix,"$ 1,846",240871,2014-07-17,Modern Daily #7299592,modern,modern-daily-7299592,modern-daily-7299592-2014-07-17
30,2,Golgari Charm,,Sideboard,3,1,Junk,xovah,582 tix,"$ 1,846",240871,2014-07-17,Modern Daily #7299592,modern,modern-daily-7299592,modern-daily-7299592-2014-07-17
31,2,Drown in Sorrow,,Sideboard,3,1,Junk,xovah,582 tix,"$ 1,846",240871,2014-07-17,Modern Daily #7299592,modern,modern-daily-7299592,modern-daily-7299592-2014-07-17
32,3,Fulminator Mage,,Sideboard,3,1,Junk,xovah,582 tix,"$ 1,846",240871,2014-07-17,Modern Daily #7299592,modern,modern-daily-7299592,modern-daily-7299592-2014-07-17
33,3,Creeping Corrosion,,Sideboard,3,1,Junk,xovah,582 tix,"$ 1,846",240871,2014-07-17,Modern Daily #7299592,modern,modern-daily-7299592,modern-daily-7299592-2014-07-17
34,1,Batterskull,,Sideboard,3,1,Junk,xovah,582 tix,"$ 1,846",240871,2014-07-17,Modern Daily #7299592,modern,modern-daily-7299592,modern-daily-7299592-2014-07-17
1,4,Birds of Paradise,,Creatures,3,1,Melira Pod,Sneaky homunkulus,262 tix,$ 839,240875,2014-07-17,Modern Daily #7299592,modern,modern-daily-7299592,modern-daily-7299592-2014-07-17
2,3,Noble Hierarch,,Creatures,3,1,Melira Pod,Sneaky homunkulus,262 tix,$ 839,240875,2014-07-17,Modern Daily #7299592,modern,modern-daily-7299592,modern-daily-7299592-2014-07-17
3,1,Viscera Seer,,Creatures,3,1,Melira Pod,Sneaky homunkulus,262 tix,$ 839,240875,2014-07-17,Modern Daily #7299592,modern,modern-daily-7299592,modern-daily-7299592-2014-07-17
4,1,"Melira, Sylvok Outcast",,Creatures,3,1,Melira Pod,Sneaky homunkulus,262 tix,$ 839,240875,2014-07-17,Modern Daily #7299592,modern,modern-daily-7299592,modern-daily-7299592-2014-07-17
5,1,Qasali Pridemage,,Creatures,3,1,Melira Pod,Sneaky homunkulus,262 tix,$ 839,240875,2014-07-17,Modern Daily #7299592,modern,modern-daily-7299592,modern-daily-7299592-2014-07-17
6,1,Scavenging Ooze,,Creatures,3,1,Melira Pod,Sneaky homunkulus,262 tix,$ 839,240875,2014-07-17,Modern Daily #7299592,modern,modern-daily-7299592,modern-daily-7299592-2014-07-17
7,1,Spellskite,,Creatures,3,1,Melira Pod,Sneaky homunkulus,262 tix,$ 839,240875,2014-07-17,Modern Daily #7299592,modern,modern-daily-7299592,modern-daily-7299592-2014-07-17
8,3,Voice of Resurgence,,Creatures,3,1,Melira Pod,Sneaky homunkulus,262 tix,$ 839,240875,2014-07-17,Modern Daily #7299592,modern,modern-daily-7299592,modern-daily-7299592-2014-07-17
9,1,Wall of Roots,,Creatures,3,1,Melira Pod,Sneaky homunkulus,262 tix,$ 839,240875,2014-07-17,Modern Daily #7299592,modern,modern-daily-7299592,modern-daily-7299592-2014-07-17
10,1,Eternal Witness,,Creatures,3,1,Melira Pod,Sneaky homunkulus,262 tix,$ 839,240875,2014-07-17,Modern Daily #7299592,modern,modern-daily-7299592,modern-daily-7299592-2014-07-17
11,4,Kitchen Finks,,Creatures,3,1,Melira Pod,Sneaky homunkulus,262 tix,$ 839,240875,2014-07-17,Modern Daily #7299592,modern,modern-daily-7299592,modern-daily-7299592-2014-07-17
12,1,Orzhov Pontiff,,Creatures,3,1,Melira Pod,Sneaky homunkulus,262 tix,$ 839,240875,2014-07-17,Modern Daily #7299592,modern,modern-daily-7299592,modern-daily-7299592-2014-07-17
13,1,Sin Collector,,Creatures,3,1,Melira Pod,Sneaky homunkulus,262 tix,$ 839,240875,2014-07-17,Modern Daily #7299592,modern,modern-daily-7299592,modern-daily-7299592-2014-07-17
14,1,"Linvala, Keeper of Silence",,Creatures,3,1,Melira Pod,Sneaky homunkulus,262 tix,$ 839,240875,2014-07-17,Modern Daily #7299592,modern,modern-daily-7299592,modern-daily-7299592-2014-07-17
15,1,Murderous Redcap,,Creatures,3,1,Melira Pod,Sneaky homunkulus,262 tix,$ 839,240875,2014-07-17,Modern Daily #7299592,modern,modern-daily-7299592,modern-daily-7299592-2014-07-17
16,1,Ranger of Eos,,Creatures,3,1,Melira Pod,Sneaky homunkulus,262 tix,$ 839,240875,2014-07-17,Modern Daily #7299592,modern,modern-daily-7299592,modern-daily-7299592-2014-07-17
17,1,Restoration Angel,,Creatures,3,1,Melira Pod,Sneaky homunkulus,262 tix,$ 839,240875,2014-07-17,Modern Daily #7299592,modern,modern-daily-7299592,modern-daily-7299592-2014-07-17
18,1,Reveillark,,Creatures,3,1,Melira Pod,Sneaky homunkulus,262 tix,$ 839,240875,2014-07-17,Modern Daily #7299592,modern,modern-daily-7299592,modern-daily-7299592-2014-07-17
19,1,Shriekmaw,,Creatures,3,1,Melira Pod,Sneaky homunkulus,262 tix,$ 839,240875,2014-07-17,Modern Daily #7299592,modern,modern-daily-7299592,modern-daily-7299592-2014-07-17
21,2,Abrupt Decay,,Spells,3,1,Melira Pod,Sneaky homunkulus,262 tix,$ 839,240875,2014-07-17,Modern Daily #7299592,modern,modern-daily-7299592,modern-daily-7299592-2014-07-17
22,2,Chord of Calling,,Spells,3,1,Melira Pod,Sneaky homunkulus,262 tix,$ 839,240875,2014-07-17,Modern Daily #7299592,modern,modern-daily-7299592,modern-daily-7299592-2014-07-17
24,4,Birthing Pod,,Artifacts,3,1,Melira Pod,Sneaky homunkulus,262 tix,$ 839,240875,2014-07-17,Modern Daily #7299592,modern,modern-daily-7299592,modern-daily-7299592-2014-07-17
26,2,Forest,,Lands,3,1,Melira Pod,Sneaky homunkulus,262 tix,$ 839,240875,2014-07-17,Modern Daily #7299592,modern,modern-daily-7299592,modern-daily-7299592-2014-07-17
27,3,Gavony Township,,Lands,3,1,Melira Pod,Sneaky homunkulus,262 tix,$ 839,240875,2014-07-17,Modern Daily #7299592,modern,modern-daily-7299592,modern-daily-7299592-2014-07-17
28,1,Godless Shrine,,Lands,3,1,Melira Pod,Sneaky homunkulus,262 tix,$ 839,240875,2014-07-17,Modern Daily #7299592,modern,modern-daily-7299592,modern-daily-7299592-2014-07-17
29,4,Marsh Flats,,Lands,3,1,Melira Pod,Sneaky homunkulus,262 tix,$ 839,240875,2014-07-17,Modern Daily #7299592,modern,modern-daily-7299592,modern-daily-7299592-2014-07-17
30,2,Overgrown Tomb,,Lands,3,1,Melira Pod,Sneaky homunkulus,262 tix,$ 839,240875,2014-07-17,Modern Daily #7299592,modern,modern-daily-7299592,modern-daily-7299592-2014-07-17
31,1,Plains,,Lands,3,1,Melira Pod,Sneaky homunkulus,262 tix,$ 839,240875,2014-07-17,Modern Daily #7299592,modern,modern-daily-7299592,modern-daily-7299592-2014-07-17
32,3,Razorverge Thicket,,Lands,3,1,Melira Pod,Sneaky homunkulus,262 tix,$ 839,240875,2014-07-17,Modern Daily #7299592,modern,modern-daily-7299592,modern-daily-7299592-2014-07-17
33,1,Swamp,,Lands,3,1,Melira Pod,Sneaky homunkulus,262 tix,$ 839,240875,2014-07-17,Modern Daily #7299592,modern,modern-daily-7299592,modern-daily-7299592-2014-07-17
34,2,Temple Garden,,Lands,3,1,Melira Pod,Sneaky homunkulus,262 tix,$ 839,240875,2014-07-17,Modern Daily #7299592,modern,modern-daily-7299592,modern-daily-7299592-2014-07-17
35,4,Verdant Catacombs,,Lands,3,1,Melira Pod,Sneaky homunkulus,262 tix,$ 839,240875,2014-07-17,Modern Daily #7299592,modern,modern-daily-7299592,modern-daily-7299592-2014-07-17
37,1,Slaughter Pact,,Sideboard,3,1,Melira Pod,Sneaky homunkulus,262 tix,$ 839,240875,2014-07-17,Modern Daily #7299592,modern,modern-daily-7299592,modern-daily-7299592-2014-07-17
38,1,Path to Exile,,Sideboard,3,1,Melira Pod,Sneaky homunkulus,262 tix,$ 839,240875,2014-07-17,Modern Daily #7299592,modern,modern-daily-7299592,modern-daily-7299592-2014-07-17
39,4,Thoughtseize,,Sideboard,3,1,Melira Pod,Sneaky homunkulus,262 tix,$ 839,240875,2014-07-17,Modern Daily #7299592,modern,modern-daily-7299592,modern-daily-7299592-2014-07-17
40,1,Abrupt Decay,,Sideboard,3,1,Melira Pod,Sneaky homunkulus,262 tix,$ 839,240875,2014-07-17,Modern Daily #7299592,modern,modern-daily-7299592,modern-daily-7299592-2014-07-17
41,1,"Kataki, War's Wage",,Sideboard,3,1,Melira Pod,Sneaky homunkulus,262 tix,$ 839,240875,2014-07-17,Modern Daily #7299592,modern,modern-daily-7299592,modern-daily-7299592-2014-07-17
42,1,Scavenging Ooze,,Sideboard,3,1,Melira Pod,Sneaky homunkulus,262 tix,$ 839,240875,2014-07-17,Modern Daily #7299592,modern,modern-daily-7299592,modern-daily-7299592-2014-07-17
43,1,Aven Mindcensor,,Sideboard,3,1,Melira Pod,Sneaky homunkulus,262 tix,$ 839,240875,2014-07-17,Modern Daily #7299592,modern,modern-daily-7299592,modern-daily-7299592-2014-07-17
44,1,Eidolon of Rhetoric,,Sideboard,3,1,Melira Pod,Sneaky homunkulus,262 tix,$ 839,240875,2014-07-17,Modern Daily #7299592,modern,modern-daily-7299592,modern-daily-7299592-2014-07-17
45,1,Harmonic Sliver,,Sideboard,3,1,Melira Pod,Sneaky homunkulus,262 tix,$ 839,240875,2014-07-17,Modern Daily #7299592,modern,modern-daily-7299592,modern-daily-7299592-2014-07-17
46,1,Entomber Exarch,,Sideboard,3,1,Melira Pod,Sneaky homunkulus,262 tix,$ 839,240875,2014-07-17,Modern Daily #7299592,modern,modern-daily-7299592,modern-daily-7299592-2014-07-17
47,1,Obstinate Baloth,,Sideboard,3,1,Melira Pod,Sneaky homunkulus,262 tix,$ 839,240875,2014-07-17,Modern Daily #7299592,modern,modern-daily-7299592,modern-daily-7299592-2014-07-17
48,1,"Thrun, the Last Troll",,Sideboard,3,1,Melira Pod,Sneaky homunkulus,262 tix,$ 839,240875,2014-07-17,Modern Daily #7299592,modern,modern-daily-7299592,modern-daily-7299592-2014-07-17
1,4,Birds of Paradise,,Creatures,3,1,Melira Pod,EronRelentless,283 tix,$ 871,240879,2014-07-17,Modern Daily #7299592,modern,modern-daily-7299592,modern-daily-7299592-2014-07-17
2,3,Noble Hierarch,,Creatures,3,1,Melira Pod,EronRelentless,283 tix,$ 871,240879,2014-07-17,Modern Daily #7299592,modern,modern-daily-7299592,modern-daily-7299592-2014-07-17
3,1,Viscera Seer,,Creatures,3,1,Melira Pod,EronRelentless,283 tix,$ 871,240879,2014-07-17,Modern Daily #7299592,modern,modern-daily-7299592,modern-daily-7299592-2014-07-17
4,1,"Melira, Sylvok Outcast",,Creatures,3,1,Melira Pod,EronRelentless,283 tix,$ 871,240879,2014-07-17,Modern Daily #7299592,modern,modern-daily-7299592,modern-daily-7299592-2014-07-17
5,1,Qasali Pridemage,,Creatures,3,1,Melira Pod,EronRelentless,283 tix,$ 871,240879,2014-07-17,Modern Daily #7299592,modern,modern-daily-7299592,modern-daily-7299592-2014-07-17
6,1,Scavenging Ooze,,Creatures,3,1,Melira Pod,EronRelentless,283 tix,$ 871,240879,2014-07-17,Modern Daily #7299592,modern,modern-daily-7299592,modern-daily-7299592-2014-07-17
7,1,Spellskite,,Creatures,3,1,Melira Pod,EronRelentless,283 tix,$ 871,240879,2014-07-17,Modern Daily #7299592,modern,modern-daily-7299592,modern-daily-7299592-2014-07-17
8,3,Voice of Resurgence,,Creatures,3,1,Melira Pod,EronRelentless,283 tix,$ 871,240879,2014-07-17,Modern Daily #7299592,modern,modern-daily-7299592,modern-daily-7299592-2014-07-17
9,1,Wall of Roots,,Creatures,3,1,Melira Pod,EronRelentless,283 tix,$ 871,240879,2014-07-17,Modern Daily #7299592,modern,modern-daily-7299592,modern-daily-7299592-2014-07-17
10,1,Eternal Witness,,Creatures,3,1,Melira Pod,EronRelentless,283 tix,$ 871,240879,2014-07-17,Modern Daily #7299592,modern,modern-daily-7299592,modern-daily-7299592-2014-07-17
11,4,Kitchen Finks,,Creatures,3,1,Melira Pod,EronRelentless,283 tix,$ 871,240879,2014-07-17,Modern Daily #7299592,modern,modern-daily-7299592,modern-daily-7299592-2014-07-17
12,1,Orzhov Pontiff,,Creatures,3,1,Melira Pod,EronRelentless,283 tix,$ 871,240879,2014-07-17,Modern Daily #7299592,modern,modern-daily-7299592,modern-daily-7299592-2014-07-17
13,1,Spike Feeder,,Creatures,3,1,Melira Pod,EronRelentless,283 tix,$ 871,240879,2014-07-17,Modern Daily #7299592,modern,modern-daily-7299592,modern-daily-7299592-2014-07-17
14,1,"Linvala, Keeper of Silence",,Creatures,3,1,Melira Pod,EronRelentless,283 tix,$ 871,240879,2014-07-17,Modern Daily #7299592,modern,modern-daily-7299592,modern-daily-7299592-2014-07-17
15,1,Murderous Redcap,,Creatures,3,1,Melira Pod,EronRelentless,283 tix,$ 871,240879,2014-07-17,Modern Daily #7299592,modern,modern-daily-7299592,modern-daily-7299592-2014-07-17
16,1,Ranger of Eos,,Creatures,3,1,Melira Pod,EronRelentless,283 tix,$ 871,240879,2014-07-17,Modern Daily #7299592,modern,modern-daily-7299592,modern-daily-7299592-2014-07-17
17,1,Archangel of Thune,,Creatures,3,1,Melira Pod,EronRelentless,283 tix,$ 871,240879,2014-07-17,Modern Daily #7299592,modern,modern-daily-7299592,modern-daily-7299592-2014-07-17
18,1,Reveillark,,Creatures,3,1,Melira Pod,EronRelentless,283 tix,$ 871,240879,2014-07-17,Modern Daily #7299592,modern,modern-daily-7299592,modern-daily-7299592-2014-07-17
19,1,Shriekmaw,,Creatures,3,1,Melira Pod,EronRelentless,283 tix,$ 871,240879,2014-07-17,Modern Daily #7299592,modern,modern-daily-7299592,modern-daily-7299592-2014-07-17
21,2,Abrupt Decay,,Spells,3,1,Melira Pod,EronRelentless,283 tix,$ 871,240879,2014-07-17,Modern Daily #7299592,modern,modern-daily-7299592,modern-daily-7299592-2014-07-17
22,2,Chord of Calling,,Spells,3,1,Melira Pod,EronRelentless,283 tix,$ 871,240879,2014-07-17,Modern Daily #7299592,modern,modern-daily-7299592,modern-daily-7299592-2014-07-17
24,4,Birthing Pod,,Artifacts,3,1,Melira Pod,EronRelentless,283 tix,$ 871,240879,2014-07-17,Modern Daily #7299592,modern,modern-daily-7299592,modern-daily-7299592-2014-07-17
26,3,Forest,,Lands,3,1,Melira Pod,EronRelentless,283 tix,$ 871,240879,2014-07-17,Modern Daily #7299592,modern,modern-daily-7299592,modern-daily-7299592-2014-07-17
27,3,Gavony Township,,Lands,3,1,Melira Pod,EronRelentless,283 tix,$ 871,240879,2014-07-17,Modern Daily #7299592,modern,modern-daily-7299592,modern-daily-7299592-2014-07-17
28,1,Godless Shrine,,Lands,3,1,Melira Pod,EronRelentless,283 tix,$ 871,240879,2014-07-17,Modern Daily #7299592,modern,modern-daily-7299592,modern-daily-7299592-2014-07-17
29,4,Misty Rainforest,,Lands,3,1,Melira Pod,EronRelentless,283 tix,$ 871,240879,2014-07-17,Modern Daily #7299592,modern,modern-daily-7299592,modern-daily-7299592-2014-07-17
30,2,Overgrown Tomb,,Lands,3,1,Melira Pod,EronRelentless,283 tix,$ 871,240879,2014-07-17,Modern Daily #7299592,modern,modern-daily-7299592,modern-daily-7299592-2014-07-17
31,3,Razorverge Thicket,,Lands,3,1,Melira Pod,EronRelentless,283 tix,$ 871,240879,2014-07-17,Modern Daily #7299592,modern,modern-daily-7299592,modern-daily-7299592-2014-07-17
32,1,Swamp,,Lands,3,1,Melira Pod,EronRelentless,283 tix,$ 871,240879,2014-07-17,Modern Daily #7299592,modern,modern-daily-7299592,modern-daily-7299592-2014-07-17
33,1,Temple Garden,,Lands,3,1,Melira Pod,EronRelentless,283 tix,$ 871,240879,2014-07-17,Modern Daily #7299592,modern,modern-daily-7299592,modern-daily-7299592-2014-07-17
34,4,Verdant Catacombs,,Lands,3,1,Melira Pod,EronRelentless,283 tix,$ 871,240879,2014-07-17,Modern Daily #7299592,modern,modern-daily-7299592,modern-daily-7299592-2014-07-17
35,1,Woodland Cemetery,,Lands,3,1,Melira Pod,EronRelentless,283 tix,$ 871,240879,2014-07-17,Modern Daily #7299592,modern,modern-daily-7299592,modern-daily-7299592-2014-07-17
37,1,Slaughter Pact,,Sideboard,3,1,Melira Pod,EronRelentless,283 tix,$ 871,240879,2014-07-17,Modern Daily #7299592,modern,modern-daily-7299592,modern-daily-7299592-2014-07-17
38,4,Thoughtseize,,Sideboard,3,1,Melira Pod,EronRelentless,283 tix,$ 871,240879,2014-07-17,Modern Daily #7299592,modern,modern-daily-7299592,modern-daily-7299592-2014-07-17
39,1,"Kataki, War's Wage",,Sideboard,3,1,Melira Pod,EronRelentless,283 tix,$ 871,240879,2014-07-17,Modern Daily #7299592,modern,modern-daily-7299592,modern-daily-7299592-2014-07-17
40,1,Scavenging Ooze,,Sideboard,3,1,Melira Pod,EronRelentless,283 tix,$ 871,240879,2014-07-17,Modern Daily #7299592,modern,modern-daily-7299592,modern-daily-7299592-2014-07-17
41,1,Aven Mindcensor,,Sideboard,3,1,Melira Pod,EronRelentless,283 tix,$ 871,240879,2014-07-17,Modern Daily #7299592,modern,modern-daily-7299592,modern-daily-7299592-2014-07-17
42,2,Dismember,,Sideboard,3,1,Melira Pod,EronRelentless,283 tix,$ 871,240879,2014-07-17,Modern Daily #7299592,modern,modern-daily-7299592,modern-daily-7299592-2014-07-17
43,1,Harmonic Sliver,,Sideboard,3,1,Melira Pod,EronRelentless,283 tix,$ 871,240879,2014-07-17,Modern Daily #7299592,modern,modern-daily-7299592,modern-daily-7299592-2014-07-17
44,1,Sin Collector,,Sideboard,3,1,Melira Pod,EronRelentless,283 tix,$ 871,240879,2014-07-17,Modern Daily #7299592,modern,modern-daily-7299592,modern-daily-7299592-2014-07-17
45,1,Entomber Exarch,,Sideboard,3,1,Melira Pod,EronRelentless,283 tix,$ 871,240879,2014-07-17,Modern Daily #7299592,modern,modern-daily-7299592,modern-daily-7299592-2014-07-17
46,1,Obstinate Baloth,,Sideboard,3,1,Melira Pod,EronRelentless,283 tix,$ 871,240879,2014-07-17,Modern Daily #7299592,modern,modern-daily-7299592,modern-daily-7299592-2014-07-17
47,1,"Thrun, the Last Troll",,Sideboard,3,1,Melira Pod,EronRelentless,283 tix,$ 871,240879,2014-07-17,Modern Daily #7299592,modern,modern-daily-7299592,modern-daily-7299592-2014-07-17
1,4,Goblin Guide,,Creatures,3,1,RDW,Petros_MTG,86 tix,$ 181,240874,2014-07-17,Modern Daily #7299592,modern,modern-daily-7299592,modern-daily-7299592-2014-07-17
2,2,Grim Lavamancer,,Creatures,3,1,RDW,Petros_MTG,86 tix,$ 181,240874,2014-07-17,Modern Daily #7299592,modern,modern-daily-7299592,modern-daily-7299592-2014-07-17
3,4,Mogg Fanatic,,Creatures,3,1,RDW,Petros_MTG,86 tix,$ 181,240874,2014-07-17,Modern Daily #7299592,modern,modern-daily-7299592,modern-daily-7299592-2014-07-17
4,4,Eidolon of the Great Revel,,Creatures,3,1,RDW,Petros_MTG,86 tix,$ 181,240874,2014-07-17,Modern Daily #7299592,modern,modern-daily-7299592,modern-daily-7299592-2014-07-17
6,4,Forked Bolt,,Spells,3,1,RDW,Petros_MTG,86 tix,$ 181,240874,2014-07-17,Modern Daily #7299592,modern,modern-daily-7299592,modern-daily-7299592-2014-07-17
7,4,Lightning Bolt,,Spells,3,1,RDW,Petros_MTG,86 tix,$ 181,240874,2014-07-17,Modern Daily #7299592,modern,modern-daily-7299592,modern-daily-7299592-2014-07-17
8,4,Searing Blood,,Spells,3,1,RDW,Petros_MTG,86 tix,$ 181,240874,2014-07-17,Modern Daily #7299592,modern,modern-daily-7299592,modern-daily-7299592-2014-07-17
9,4,Skullcrack,,Spells,3,1,RDW,Petros_MTG,86 tix,$ 181,240874,2014-07-17,Modern Daily #7299592,modern,modern-daily-7299592,modern-daily-7299592-2014-07-17
10,4,Molten Rain,,Spells,3,1,RDW,Petros_MTG,86 tix,$ 181,240874,2014-07-17,Modern Daily #7299592,modern,modern-daily-7299592,modern-daily-7299592-2014-07-17
11,4,Rift Bolt,,Spells,3,1,RDW,Petros_MTG,86 tix,$ 181,240874,2014-07-17,Modern Daily #7299592,modern,modern-daily-7299592,modern-daily-7299592-2014-07-17
13,3,Seal of Fire,,Enchantments,3,1,RDW,Petros_MTG,86 tix,$ 181,240874,2014-07-17,Modern Daily #7299592,modern,modern-daily-7299592,modern-daily-7299592-2014-07-17
15,1,Keldon Megaliths,,Lands,3,1,RDW,Petros_MTG,86 tix,$ 181,240874,2014-07-17,Modern Daily #7299592,modern,modern-daily-7299592,modern-daily-7299592-2014-07-17
16,18,Mountain,,Lands,3,1,RDW,Petros_MTG,86 tix,$ 181,240874,2014-07-17,Modern Daily #7299592,modern,modern-daily-7299592,modern-daily-7299592-2014-07-17
18,3,Relic of Progenitus,,Sideboard,3,1,RDW,Petros_MTG,86 tix,$ 181,240874,2014-07-17,Modern Daily #7299592,modern,modern-daily-7299592,modern-daily-7299592-2014-07-17
19,2,Combust,,Sideboard,3,1,RDW,Petros_MTG,86 tix,$ 181,240874,2014-07-17,Modern Daily #7299592,modern,modern-daily-7299592,modern-daily-7299592-2014-07-17
20,3,Ratchet Bomb,,Sideboard,3,1,RDW,Petros_MTG,86 tix,$ 181,240874,2014-07-17,Modern Daily #7299592,modern,modern-daily-7299592,modern-daily-7299592-2014-07-17
21,1,Searing Blaze,,Sideboard,3,1,RDW,Petros_MTG,86 tix,$ 181,240874,2014-07-17,Modern Daily #7299592,modern,modern-daily-7299592,modern-daily-7299592-2014-07-17
22,3,Smash to Smithereens,,Sideboard,3,1,RDW,Petros_MTG,86 tix,$ 181,240874,2014-07-17,Modern Daily #7299592,modern,modern-daily-7299592,modern-daily-7299592-2014-07-17
23,3,Volcanic Fallout,,Sideboard,3,1,RDW,Petros_MTG,86 tix,$ 181,240874,2014-07-17,Modern Daily #7299592,modern,modern-daily-7299592,modern-daily-7299592-2014-07-17
1,1,Spellskite,,Creatures,3,1,RG Tron,HesturkG,251 tix,$ 792,240860,2014-07-17,Modern Daily #7299592,modern,modern-daily-7299592,modern-daily-7299592-2014-07-17
2,3,Wurmcoil Engine,,Creatures,3,1,RG Tron,HesturkG,251 tix,$ 792,240860,2014-07-17,Modern Daily #7299592,modern,modern-daily-7299592,modern-daily-7299592-2014-07-17
3,2,Sundering Titan,,Creatures,3,1,RG Tron,HesturkG,251 tix,$ 792,240860,2014-07-17,Modern Daily #7299592,modern,modern-daily-7299592,modern-daily-7299592-2014-07-17
4,1,"Ulamog, the Infinite Gyre",,Creatures,3,1,RG Tron,HesturkG,251 tix,$ 792,240860,2014-07-17,Modern Daily #7299592,modern,modern-daily-7299592,modern-daily-7299592-2014-07-17
6,4,Karn Liberated,,Planeswalkers,3,1,RG Tron,HesturkG,251 tix,$ 792,240860,2014-07-17,Modern Daily #7299592,modern,modern-daily-7299592,modern-daily-7299592-2014-07-17
8,4,Ancient Stirrings,,Spells,3,1,RG Tron,HesturkG,251 tix,$ 792,240860,2014-07-17,Modern Daily #7299592,modern,modern-daily-7299592,modern-daily-7299592-2014-07-17
9,4,Sylvan Scrying,,Spells,3,1,RG Tron,HesturkG,251 tix,$ 792,240860,2014-07-17,Modern Daily #7299592,modern,modern-daily-7299592,modern-daily-7299592-2014-07-17
10,1,Firespout,,Spells,3,1,RG Tron,HesturkG,251 tix,$ 792,240860,2014-07-17,Modern Daily #7299592,modern,modern-daily-7299592,modern-daily-7299592-2014-07-17
11,1,All Is Dust,,Spells,3,1,RG Tron,HesturkG,251 tix,$ 792,240860,2014-07-17,Modern Daily #7299592,modern,modern-daily-7299592,modern-daily-7299592-2014-07-17
13,4,Chromatic Sphere,,Artifacts,3,1,RG Tron,HesturkG,251 tix,$ 792,240860,2014-07-17,Modern Daily #7299592,modern,modern-daily-7299592,modern-daily-7299592-2014-07-17
14,4,Chromatic Star,,Artifacts,3,1,RG Tron,HesturkG,251 tix,$ 792,240860,2014-07-17,Modern Daily #7299592,modern,modern-daily-7299592,modern-daily-7299592-2014-07-17
15,4,Expedition Map,,Artifacts,3,1,RG Tron,HesturkG,251 tix,$ 792,240860,2014-07-17,Modern Daily #7299592,modern,modern-daily-7299592,modern-daily-7299592-2014-07-17
16,3,Relic of Progenitus,,Artifacts,3,1,RG Tron,HesturkG,251 tix,$ 792,240860,2014-07-17,Modern Daily #7299592,modern,modern-daily-7299592,modern-daily-7299592-2014-07-17
17,4,Oblivion Stone,,Artifacts,3,1,RG Tron,HesturkG,251 tix,$ 792,240860,2014-07-17,Modern Daily #7299592,modern,modern-daily-7299592,modern-daily-7299592-2014-07-17
19,1,Cavern of Souls,,Lands,3,1,RG Tron,HesturkG,251 tix,$ 792,240860,2014-07-17,Modern Daily #7299592,modern,modern-daily-7299592,modern-daily-7299592-2014-07-17
20,1,Eye of Ugin,,Lands,3,1,RG Tron,HesturkG,251 tix,$ 792,240860,2014-07-17,Modern Daily #7299592,modern,modern-daily-7299592,modern-daily-7299592-2014-07-17
21,2,Forest,,Lands,3,1,RG Tron,HesturkG,251 tix,$ 792,240860,2014-07-17,Modern Daily #7299592,modern,modern-daily-7299592,modern-daily-7299592-2014-07-17
22,2,Ghost Quarter,,Lands,3,1,RG Tron,HesturkG,251 tix,$ 792,240860,2014-07-17,Modern Daily #7299592,modern,modern-daily-7299592,modern-daily-7299592-2014-07-17
23,2,Grove of the Burnwillows,,Lands,3,1,RG Tron,HesturkG,251 tix,$ 792,240860,2014-07-17,Modern Daily #7299592,modern,modern-daily-7299592,modern-daily-7299592-2014-07-17
24,4,Urza's Mine,,Lands,3,1,RG Tron,HesturkG,251 tix,$ 792,240860,2014-07-17,Modern Daily #7299592,modern,modern-daily-7299592,modern-daily-7299592-2014-07-17
25,4,Urza's Power Plant,,Lands,3,1,RG Tron,HesturkG,251 tix,$ 792,240860,2014-07-17,Modern Daily #7299592,modern,modern-daily-7299592,modern-daily-7299592-2014-07-17
26,4,Urza's Tower,,Lands,3,1,RG Tron,HesturkG,251 tix,$ 792,240860,2014-07-17,Modern Daily #7299592,modern,modern-daily-7299592,modern-daily-7299592-2014-07-17
28,4,Nature's Claim,,Sideboard,3,1,RG Tron,HesturkG,251 tix,$ 792,240860,2014-07-17,Modern Daily #7299592,modern,modern-daily-7299592,modern-daily-7299592-2014-07-17
29,1,Vandalblast,,Sideboard,3,1,RG Tron,HesturkG,251 tix,$ 792,240860,2014-07-17,Modern Daily #7299592,modern,modern-daily-7299592,modern-daily-7299592-2014-07-17
30,2,Combust,,Sideboard,3,1,RG Tron,HesturkG,251 tix,$ 792,240860,2014-07-17,Modern Daily #7299592,modern,modern-daily-7299592,modern-daily-7299592-2014-07-17
31,3,Defense Grid,,Sideboard,3,1,RG Tron,HesturkG,251 tix,$ 792,240860,2014-07-17,Modern Daily #7299592,modern,modern-daily-7299592,modern-daily-7299592-2014-07-17
32,2,Pyroclasm,,Sideboard,3,1,RG Tron,HesturkG,251 tix,$ 792,240860,2014-07-17,Modern Daily #7299592,modern,modern-daily-7299592,modern-daily-7299592-2014-07-17
33,1,Spellskite,,Sideboard,3,1,RG Tron,HesturkG,251 tix,$ 792,240860,2014-07-17,Modern Daily #7299592,modern,modern-daily-7299592,modern-daily-7299592-2014-07-17
34,1,Mindslaver,,Sideboard,3,1,RG Tron,HesturkG,251 tix,$ 792,240860,2014-07-17,Modern Daily #7299592,modern,modern-daily-7299592,modern-daily-7299592-2014-07-17
35,1,Wurmcoil Engine,,Sideboard,3,1,RG Tron,HesturkG,251 tix,$ 792,240860,2014-07-17,Modern Daily #7299592,modern,modern-daily-7299592,modern-daily-7299592-2014-07-17
1,4,Wurmcoil Engine,,Creatures,3,1,RG Tron,usokui3,258 tix,$ 776,240862,2014-07-17,Modern Daily #7299592,modern,modern-daily-7299592,modern-daily-7299592-2014-07-17
2,1,"Emrakul, the Aeons Torn",,Creatures,3,1,RG Tron,usokui3,258 tix,$ 776,240862,2014-07-17,Modern Daily #7299592,modern,modern-daily-7299592,modern-daily-7299592-2014-07-17
4,4,Karn Liberated,,Planeswalkers,3,1,RG Tron,usokui3,258 tix,$ 776,240862,2014-07-17,Modern Daily #7299592,modern,modern-daily-7299592,modern-daily-7299592-2014-07-17
6,4,Ancient Stirrings,,Spells,3,1,RG Tron,usokui3,258 tix,$ 776,240862,2014-07-17,Modern Daily #7299592,modern,modern-daily-7299592,modern-daily-7299592-2014-07-17
7,3,Pyroclasm,,Spells,3,1,RG Tron,usokui3,258 tix,$ 776,240862,2014-07-17,Modern Daily #7299592,modern,modern-daily-7299592,modern-daily-7299592-2014-07-17
8,4,Sylvan Scrying,,Spells,3,1,RG Tron,usokui3,258 tix,$ 776,240862,2014-07-17,Modern Daily #7299592,modern,modern-daily-7299592,modern-daily-7299592-2014-07-17
10,4,Chromatic Sphere,,Artifacts,3,1,RG Tron,usokui3,258 tix,$ 776,240862,2014-07-17,Modern Daily #7299592,modern,modern-daily-7299592,modern-daily-7299592-2014-07-17
11,4,Chromatic Star,,Artifacts,3,1,RG Tron,usokui3,258 tix,$ 776,240862,2014-07-17,Modern Daily #7299592,modern,modern-daily-7299592,modern-daily-7299592-2014-07-17
12,4,Expedition Map,,Artifacts,3,1,RG Tron,usokui3,258 tix,$ 776,240862,2014-07-17,Modern Daily #7299592,modern,modern-daily-7299592,modern-daily-7299592-2014-07-17
13,3,Relic of Progenitus,,Artifacts,3,1,RG Tron,usokui3,258 tix,$ 776,240862,2014-07-17,Modern Daily #7299592,modern,modern-daily-7299592,modern-daily-7299592-2014-07-17
14,4,Oblivion Stone,,Artifacts,3,1,RG Tron,usokui3,258 tix,$ 776,240862,2014-07-17,Modern Daily #7299592,modern,modern-daily-7299592,modern-daily-7299592-2014-07-17
16,1,Eye of Ugin,,Lands,3,1,RG Tron,usokui3,258 tix,$ 776,240862,2014-07-17,Modern Daily #7299592,modern,modern-daily-7299592,modern-daily-7299592-2014-07-17
17,2,Ghost Quarter,,Lands,3,1,RG Tron,usokui3,258 tix,$ 776,240862,2014-07-17,Modern Daily #7299592,modern,modern-daily-7299592,modern-daily-7299592-2014-07-17
18,4,Grove of the Burnwillows,,Lands,3,1,RG Tron,usokui3,258 tix,$ 776,240862,2014-07-17,Modern Daily #7299592,modern,modern-daily-7299592,modern-daily-7299592-2014-07-17
19,1,Karplusan Forest,,Lands,3,1,RG Tron,usokui3,258 tix,$ 776,240862,2014-07-17,Modern Daily #7299592,modern,modern-daily-7299592,modern-daily-7299592-2014-07-17
20,1,Snow-Covered Forest,,Lands,3,1,RG Tron,usokui3,258 tix,$ 776,240862,2014-07-17,Modern Daily #7299592,modern,modern-daily-7299592,modern-daily-7299592-2014-07-17
21,4,Urza's Mine,,Lands,3,1,RG Tron,usokui3,258 tix,$ 776,240862,2014-07-17,Modern Daily #7299592,modern,modern-daily-7299592,modern-daily-7299592-2014-07-17
22,4,Urza's Power Plant,,Lands,3,1,RG Tron,usokui3,258 tix,$ 776,240862,2014-07-17,Modern Daily #7299592,modern,modern-daily-7299592,modern-daily-7299592-2014-07-17
23,4,Urza's Tower,,Lands,3,1,RG Tron,usokui3,258 tix,$ 776,240862,2014-07-17,Modern Daily #7299592,modern,modern-daily-7299592,modern-daily-7299592-2014-07-17
25,4,Nature's Claim,,Sideboard,3,1,RG Tron,usokui3,258 tix,$ 776,240862,2014-07-17,Modern Daily #7299592,modern,modern-daily-7299592,modern-daily-7299592-2014-07-17
26,3,Combust,,Sideboard,3,1,RG Tron,usokui3,258 tix,$ 776,240862,2014-07-17,Modern Daily #7299592,modern,modern-daily-7299592,modern-daily-7299592-2014-07-17
27,1,Pyroclasm,,Sideboard,3,1,RG Tron,usokui3,258 tix,$ 776,240862,2014-07-17,Modern Daily #7299592,modern,modern-daily-7299592,modern-daily-7299592-2014-07-17
28,1,Crucible of Worlds,,Sideboard,3,1,RG Tron,usokui3,258 tix,$ 776,240862,2014-07-17,Modern Daily #7299592,modern,modern-daily-7299592,modern-daily-7299592-2014-07-17
29,3,Boil,,Sideboard,3,1,RG Tron,usokui3,258 tix,$ 776,240862,2014-07-17,Modern Daily #7299592,modern,modern-daily-7299592,modern-daily-7299592-2014-07-17
30,2,Thragtusk,,Sideboard,3,1,RG Tron,usokui3,258 tix,$ 776,240862,2014-07-17,Modern Daily #7299592,modern,modern-daily-7299592,modern-daily-7299592-2014-07-17
31,1,Platinum Angel,,Sideboard,3,1,RG Tron,usokui3,258 tix,$ 776,240862,2014-07-17,Modern Daily #7299592,modern,modern-daily-7299592,modern-daily-7299592-2014-07-17
1,4,Sakura-Tribe Elder,,Creatures,3,1,Scapeshift,yohdla04,258 tix,"$ 1,082",240859,2014-07-17,Modern Daily #7299592,modern,modern-daily-7299592,modern-daily-7299592-2014-07-17
2,3,Snapcaster Mage,,Creatures,3,1,Scapeshift,yohdla04,258 tix,"$ 1,082",240859,2014-07-17,Modern Daily #7299592,modern,modern-daily-7299592,modern-daily-7299592-2014-07-17
4,2,Lightning Bolt,,Spells,3,1,Scapeshift,yohdla04,258 tix,"$ 1,082",240859,2014-07-17,Modern Daily #7299592,modern,modern-daily-7299592,modern-daily-7299592-2014-07-17
5,4,Serum Visions,,Spells,3,1,Scapeshift,yohdla04,258 tix,"$ 1,082",240859,2014-07-17,Modern Daily #7299592,modern,modern-daily-7299592,modern-daily-7299592-2014-07-17
6,4,Izzet Charm,,Spells,3,1,Scapeshift,yohdla04,258 tix,"$ 1,082",240859,2014-07-17,Modern Daily #7299592,modern,modern-daily-7299592,modern-daily-7299592-2014-07-17
7,1,Peer Through Depths,,Spells,3,1,Scapeshift,yohdla04,258 tix,"$ 1,082",240859,2014-07-17,Modern Daily #7299592,modern,modern-daily-7299592,modern-daily-7299592-2014-07-17
8,4,Remand,,Spells,3,1,Scapeshift,yohdla04,258 tix,"$ 1,082",240859,2014-07-17,Modern Daily #7299592,modern,modern-daily-7299592,modern-daily-7299592-2014-07-17
9,2,Electrolyze,,Spells,3,1,Scapeshift,yohdla04,258 tix,"$ 1,082",240859,2014-07-17,Modern Daily #7299592,modern,modern-daily-7299592,modern-daily-7299592-2014-07-17
10,4,Search for Tomorrow,,Spells,3,1,Scapeshift,yohdla04,258 tix,"$ 1,082",240859,2014-07-17,Modern Daily #7299592,modern,modern-daily-7299592,modern-daily-7299592-2014-07-17
11,4,Cryptic Command,,Spells,3,1,Scapeshift,yohdla04,258 tix,"$ 1,082",240859,2014-07-17,Modern Daily #7299592,modern,modern-daily-7299592,modern-daily-7299592-2014-07-17
12,4,Scapeshift,,Spells,3,1,Scapeshift,yohdla04,258 tix,"$ 1,082",240859,2014-07-17,Modern Daily #7299592,modern,modern-daily-7299592,modern-daily-7299592-2014-07-17
14,1,Breeding Pool,,Lands,3,1,Scapeshift,yohdla04,258 tix,"$ 1,082",240859,2014-07-17,Modern Daily #7299592,modern,modern-daily-7299592,modern-daily-7299592-2014-07-17
15,2,Flooded Grove,,Lands,3,1,Scapeshift,yohdla04,258 tix,"$ 1,082",240859,2014-07-17,Modern Daily #7299592,modern,modern-daily-7299592,modern-daily-7299592-2014-07-17
16,2,Forest,,Lands,3,1,Scapeshift,yohdla04,258 tix,"$ 1,082",240859,2014-07-17,Modern Daily #7299592,modern,modern-daily-7299592,modern-daily-7299592-2014-07-17
17,3,Island,,Lands,3,1,Scapeshift,yohdla04,258 tix,"$ 1,082",240859,2014-07-17,Modern Daily #7299592,modern,modern-daily-7299592,modern-daily-7299592-2014-07-17
18,4,Misty Rainforest,,Lands,3,1,Scapeshift,yohdla04,258 tix,"$ 1,082",240859,2014-07-17,Modern Daily #7299592,modern,modern-daily-7299592,modern-daily-7299592-2014-07-17
19,2,Mountain,,Lands,3,1,Scapeshift,yohdla04,258 tix,"$ 1,082",240859,2014-07-17,Modern Daily #7299592,modern,modern-daily-7299592,modern-daily-7299592-2014-07-17
20,4,Steam Vents,,Lands,3,1,Scapeshift,yohdla04,258 tix,"$ 1,082",240859,2014-07-17,Modern Daily #7299592,modern,modern-daily-7299592,modern-daily-7299592-2014-07-17
21,4,Stomping Ground,,Lands,3,1,Scapeshift,yohdla04,258 tix,"$ 1,082",240859,2014-07-17,Modern Daily #7299592,modern,modern-daily-7299592,modern-daily-7299592-2014-07-17
22,2,"Valakut, the Molten Pinnacle",,Lands,3,1,Scapeshift,yohdla04,258 tix,"$ 1,082",240859,2014-07-17,Modern Daily #7299592,modern,modern-daily-7299592,modern-daily-7299592-2014-07-17
24,1,Engineered Explosives,,Sideboard,3,1,Scapeshift,yohdla04,258 tix,"$ 1,082",240859,2014-07-17,Modern Daily #7299592,modern,modern-daily-7299592,modern-daily-7299592-2014-07-17
25,1,Destructive Revelry,,Sideboard,3,1,Scapeshift,yohdla04,258 tix,"$ 1,082",240859,2014-07-17,Modern Daily #7299592,modern,modern-daily-7299592,modern-daily-7299592-2014-07-17
26,2,Mana Leak,,Sideboard,3,1,Scapeshift,yohdla04,258 tix,"$ 1,082",240859,2014-07-17,Modern Daily #7299592,modern,modern-daily-7299592,modern-daily-7299592-2014-07-17
27,2,Negate,,Sideboard,3,1,Scapeshift,yohdla04,258 tix,"$ 1,082",240859,2014-07-17,Modern Daily #7299592,modern,modern-daily-7299592,modern-daily-7299592-2014-07-17
28,4,Anger of the Gods,,Sideboard,3,1,Scapeshift,yohdla04,258 tix,"$ 1,082",240859,2014-07-17,Modern Daily #7299592,modern,modern-daily-7299592,modern-daily-7299592-2014-07-17
29,3,Obstinate Baloth,,Sideboard,3,1,Scapeshift,yohdla04,258 tix,"$ 1,082",240859,2014-07-17,Modern Daily #7299592,modern,modern-daily-7299592,modern-daily-7299592-2014-07-17
30,1,Shatterstorm,,Sideboard,3,1,Scapeshift,yohdla04,258 tix,"$ 1,082",240859,2014-07-17,Modern Daily #7299592,modern,modern-daily-7299592,modern-daily-7299592-2014-07-17
31,1,Urban Evolution,,Sideboard,3,1,Scapeshift,yohdla04,258 tix,"$ 1,082",240859,2014-07-17,Modern Daily #7299592,modern,modern-daily-7299592,modern-daily-7299592-2014-07-17
1,4,Sakura-Tribe Elder,,Creatures,3,1,Scapeshift,Latnem,303 tix,"$ 1,138",240877,2014-07-17,Modern Daily #7299592,modern,modern-daily-7299592,modern-daily-7299592-2014-07-17
2,2,Snapcaster Mage,,Creatures,3,1,Scapeshift,Latnem,303 tix,"$ 1,138",240877,2014-07-17,Modern Daily #7299592,modern,modern-daily-7299592,modern-daily-7299592-2014-07-17
4,2,Lightning Bolt,,Spells,3,1,Scapeshift,Latnem,303 tix,"$ 1,138",240877,2014-07-17,Modern Daily #7299592,modern,modern-daily-7299592,modern-daily-7299592-2014-07-17
5,1,Repeal,,Spells,3,1,Scapeshift,Latnem,303 tix,"$ 1,138",240877,2014-07-17,Modern Daily #7299592,modern,modern-daily-7299592,modern-daily-7299592-2014-07-17
6,4,Serum Visions,,Spells,3,1,Scapeshift,Latnem,303 tix,"$ 1,138",240877,2014-07-17,Modern Daily #7299592,modern,modern-daily-7299592,modern-daily-7299592-2014-07-17
7,1,Izzet Charm,,Spells,3,1,Scapeshift,Latnem,303 tix,"$ 1,138",240877,2014-07-17,Modern Daily #7299592,modern,modern-daily-7299592,modern-daily-7299592-2014-07-17
8,2,Peer Through Depths,,Spells,3,1,Scapeshift,Latnem,303 tix,"$ 1,138",240877,2014-07-17,Modern Daily #7299592,modern,modern-daily-7299592,modern-daily-7299592-2014-07-17
9,4,Remand,,Spells,3,1,Scapeshift,Latnem,303 tix,"$ 1,138",240877,2014-07-17,Modern Daily #7299592,modern,modern-daily-7299592,modern-daily-7299592-2014-07-17
10,1,Telling Time,,Spells,3,1,Scapeshift,Latnem,303 tix,"$ 1,138",240877,2014-07-17,Modern Daily #7299592,modern,modern-daily-7299592,modern-daily-7299592-2014-07-17
11,2,Electrolyze,,Spells,3,1,Scapeshift,Latnem,303 tix,"$ 1,138",240877,2014-07-17,Modern Daily #7299592,modern,modern-daily-7299592,modern-daily-7299592-2014-07-17
12,4,Search for Tomorrow,,Spells,3,1,Scapeshift,Latnem,303 tix,"$ 1,138",240877,2014-07-17,Modern Daily #7299592,modern,modern-daily-7299592,modern-daily-7299592-2014-07-17
13,4,Cryptic Command,,Spells,3,1,Scapeshift,Latnem,303 tix,"$ 1,138",240877,2014-07-17,Modern Daily #7299592,modern,modern-daily-7299592,modern-daily-7299592-2014-07-17
14,4,Scapeshift,,Spells,3,1,Scapeshift,Latnem,303 tix,"$ 1,138",240877,2014-07-17,Modern Daily #7299592,modern,modern-daily-7299592,modern-daily-7299592-2014-07-17
16,1,Breeding Pool,,Lands,3,1,Scapeshift,Latnem,303 tix,"$ 1,138",240877,2014-07-17,Modern Daily #7299592,modern,modern-daily-7299592,modern-daily-7299592-2014-07-17
17,2,Flooded Grove,,Lands,3,1,Scapeshift,Latnem,303 tix,"$ 1,138",240877,2014-07-17,Modern Daily #7299592,modern,modern-daily-7299592,modern-daily-7299592-2014-07-17
18,2,Forest,,Lands,3,1,Scapeshift,Latnem,303 tix,"$ 1,138",240877,2014-07-17,Modern Daily #7299592,modern,modern-daily-7299592,modern-daily-7299592-2014-07-17
19,1,Hinterland Harbor,,Lands,3,1,Scapeshift,Latnem,303 tix,"$ 1,138",240877,2014-07-17,Modern Daily #7299592,modern,modern-daily-7299592,modern-daily-7299592-2014-07-17
20,3,Island,,Lands,3,1,Scapeshift,Latnem,303 tix,"$ 1,138",240877,2014-07-17,Modern Daily #7299592,modern,modern-daily-7299592,modern-daily-7299592-2014-07-17
21,4,Misty Rainforest,,Lands,3,1,Scapeshift,Latnem,303 tix,"$ 1,138",240877,2014-07-17,Modern Daily #7299592,modern,modern-daily-7299592,modern-daily-7299592-2014-07-17
22,2,Mountain,,Lands,3,1,Scapeshift,Latnem,303 tix,"$ 1,138",240877,2014-07-17,Modern Daily #7299592,modern,modern-daily-7299592,modern-daily-7299592-2014-07-17
23,4,Steam Vents,,Lands,3,1,Scapeshift,Latnem,303 tix,"$ 1,138",240877,2014-07-17,Modern Daily #7299592,modern,modern-daily-7299592,modern-daily-7299592-2014-07-17
24,4,Stomping Ground,,Lands,3,1,Scapeshift,Latnem,303 tix,"$ 1,138",240877,2014-07-17,Modern Daily #7299592,modern,modern-daily-7299592,modern-daily-7299592-2014-07-17
25,2,"Valakut, the Molten Pinnacle",,Lands,3,1,Scapeshift,Latnem,303 tix,"$ 1,138",240877,2014-07-17,Modern Daily #7299592,modern,modern-daily-7299592,modern-daily-7299592-2014-07-17
27,2,Engineered Explosives,,Sideboard,3,1,Scapeshift,Latnem,303 tix,"$ 1,138",240877,2014-07-17,Modern Daily #7299592,modern,modern-daily-7299592,modern-daily-7299592-2014-07-17
28,1,Lightning Bolt,,Sideboard,3,1,Scapeshift,Latnem,303 tix,"$ 1,138",240877,2014-07-17,Modern Daily #7299592,modern,modern-daily-7299592,modern-daily-7299592-2014-07-17
29,1,Nature's Claim,,Sideboard,3,1,Scapeshift,Latnem,303 tix,"$ 1,138",240877,2014-07-17,Modern Daily #7299592,modern,modern-daily-7299592,modern-daily-7299592-2014-07-17
30,3,Ancient Grudge,,Sideboard,3,1,Scapeshift,Latnem,303 tix,"$ 1,138",240877,2014-07-17,Modern Daily #7299592,modern,modern-daily-7299592,modern-daily-7299592-2014-07-17
31,1,Negate,,Sideboard,3,1,Scapeshift,Latnem,303 tix,"$ 1,138",240877,2014-07-17,Modern Daily #7299592,modern,modern-daily-7299592,modern-daily-7299592-2014-07-17
32,1,Anger of the Gods,,Sideboard,3,1,Scapeshift,Latnem,303 tix,"$ 1,138",240877,2014-07-17,Modern Daily #7299592,modern,modern-daily-7299592,modern-daily-7299592-2014-07-17
33,1,Counterflux,,Sideboard,3,1,Scapeshift,Latnem,303 tix,"$ 1,138",240877,2014-07-17,Modern Daily #7299592,modern,modern-daily-7299592,modern-daily-7299592-2014-07-17
34,2,Obstinate Baloth,,Sideboard,3,1,Scapeshift,Latnem,303 tix,"$ 1,138",240877,2014-07-17,Modern Daily #7299592,modern,modern-daily-7299592,modern-daily-7299592-2014-07-17
35,1,Batterskull,,Sideboard,3,1,Scapeshift,Latnem,303 tix,"$ 1,138",240877,2014-07-17,Modern Daily #7299592,modern,modern-daily-7299592,modern-daily-7299592-2014-07-17
36,1,"Teferi, Mage of Zhalfir",,Sideboard,3,1,Scapeshift,Latnem,303 tix,"$ 1,138",240877,2014-07-17,Modern Daily #7299592,modern,modern-daily-7299592,modern-daily-7299592-2014-07-17
37,1,Wurmcoil Engine,,Sideboard,3,1,Scapeshift,Latnem,303 tix,"$ 1,138",240877,2014-07-17,Modern Daily #7299592,modern,modern-daily-7299592,modern-daily-7299592-2014-07-17
1,2,Grim Lavamancer,,Creatures,3,1,Splinter Twin,LoveConnection,324 tix,"$ 1,192",240861,2014-07-17,Modern Daily #7299592,modern,modern-daily-7299592,modern-daily-7299592-2014-07-17
2,4,Snapcaster Mage,,Creatures,3,1,Splinter Twin,LoveConnection,324 tix,"$ 1,192",240861,2014-07-17,Modern Daily #7299592,modern,modern-daily-7299592,modern-daily-7299592-2014-07-17
3,3,Deceiver Exarch,,Creatures,3,1,Splinter Twin,LoveConnection,324 tix,"$ 1,192",240861,2014-07-17,Modern Daily #7299592,modern,modern-daily-7299592,modern-daily-7299592-2014-07-17
4,3,Pestermite,,Creatures,3,1,Splinter Twin,LoveConnection,324 tix,"$ 1,192",240861,2014-07-17,Modern Daily #7299592,modern,modern-daily-7299592,modern-daily-7299592-2014-07-17
5,1,"Kiki-Jiki, Mirror Breaker",,Creatures,3,1,Splinter Twin,LoveConnection,324 tix,"$ 1,192",240861,2014-07-17,Modern Daily #7299592,modern,modern-daily-7299592,modern-daily-7299592-2014-07-17
7,1,Flame Slash,,Spells,3,1,Splinter Twin,LoveConnection,324 tix,"$ 1,192",240861,2014-07-17,Modern Daily #7299592,modern,modern-daily-7299592,modern-daily-7299592-2014-07-17
8,4,Lightning Bolt,,Spells,3,1,Splinter Twin,LoveConnection,324 tix,"$ 1,192",240861,2014-07-17,Modern Daily #7299592,modern,modern-daily-7299592,modern-daily-7299592-2014-07-17
9,2,Peek,,Spells,3,1,Splinter Twin,LoveConnection,324 tix,"$ 1,192",240861,2014-07-17,Modern Daily #7299592,modern,modern-daily-7299592,modern-daily-7299592-2014-07-17
10,4,Serum Visions,,Spells,3,1,Splinter Twin,LoveConnection,324 tix,"$ 1,192",240861,2014-07-17,Modern Daily #7299592,modern,modern-daily-7299592,modern-daily-7299592-2014-07-17
11,4,Remand,,Spells,3,1,Splinter Twin,LoveConnection,324 tix,"$ 1,192",240861,2014-07-17,Modern Daily #7299592,modern,modern-daily-7299592,modern-daily-7299592-2014-07-17
12,1,Dismember,,Spells,3,1,Splinter Twin,LoveConnection,324 tix,"$ 1,192",240861,2014-07-17,Modern Daily #7299592,modern,modern-daily-7299592,modern-daily-7299592-2014-07-17
13,1,Electrolyze,,Spells,3,1,Splinter Twin,LoveConnection,324 tix,"$ 1,192",240861,2014-07-17,Modern Daily #7299592,modern,modern-daily-7299592,modern-daily-7299592-2014-07-17
14,2,Cryptic Command,,Spells,3,1,Splinter Twin,LoveConnection,324 tix,"$ 1,192",240861,2014-07-17,Modern Daily #7299592,modern,modern-daily-7299592,modern-daily-7299592-2014-07-17
16,2,Spreading Seas,,Enchantments,3,1,Splinter Twin,LoveConnection,324 tix,"$ 1,192",240861,2014-07-17,Modern Daily #7299592,modern,modern-daily-7299592,modern-daily-7299592-2014-07-17
17,4,Splinter Twin,,Enchantments,3,1,Splinter Twin,LoveConnection,324 tix,"$ 1,192",240861,2014-07-17,Modern Daily #7299592,modern,modern-daily-7299592,modern-daily-7299592-2014-07-17
19,1,Desolate Lighthouse,,Lands,3,1,Splinter Twin,LoveConnection,324 tix,"$ 1,192",240861,2014-07-17,Modern Daily #7299592,modern,modern-daily-7299592,modern-daily-7299592-2014-07-17
20,4,Island,,Lands,3,1,Splinter Twin,LoveConnection,324 tix,"$ 1,192",240861,2014-07-17,Modern Daily #7299592,modern,modern-daily-7299592,modern-daily-7299592-2014-07-17
21,4,Misty Rainforest,,Lands,3,1,Splinter Twin,LoveConnection,324 tix,"$ 1,192",240861,2014-07-17,Modern Daily #7299592,modern,modern-daily-7299592,modern-daily-7299592-2014-07-17
22,1,Mountain,,Lands,3,1,Splinter Twin,LoveConnection,324 tix,"$ 1,192",240861,2014-07-17,Modern Daily #7299592,modern,modern-daily-7299592,modern-daily-7299592-2014-07-17
23,4,Scalding Tarn,,Lands,3,1,Splinter Twin,LoveConnection,324 tix,"$ 1,192",240861,2014-07-17,Modern Daily #7299592,modern,modern-daily-7299592,modern-daily-7299592-2014-07-17
24,3,Steam Vents,,Lands,3,1,Splinter Twin,LoveConnection,324 tix,"$ 1,192",240861,2014-07-17,Modern Daily #7299592,modern,modern-daily-7299592,modern-daily-7299592-2014-07-17
25,1,Stomping Ground,,Lands,3,1,Splinter Twin,LoveConnection,324 tix,"$ 1,192",240861,2014-07-17,Modern Daily #7299592,modern,modern-daily-7299592,modern-daily-7299592-2014-07-17
26,2,Sulfur Falls,,Lands,3,1,Splinter Twin,LoveConnection,324 tix,"$ 1,192",240861,2014-07-17,Modern Daily #7299592,modern,modern-daily-7299592,modern-daily-7299592-2014-07-17
27,2,Tectonic Edge,,Lands,3,1,Splinter Twin,LoveConnection,324 tix,"$ 1,192",240861,2014-07-17,Modern Daily #7299592,modern,modern-daily-7299592,modern-daily-7299592-2014-07-17
29,1,Engineered Explosives,,Sideboard,3,1,Splinter Twin,LoveConnection,324 tix,"$ 1,192",240861,2014-07-17,Modern Daily #7299592,modern,modern-daily-7299592,modern-daily-7299592-2014-07-17
30,2,Dispel,,Sideboard,3,1,Splinter Twin,LoveConnection,324 tix,"$ 1,192",240861,2014-07-17,Modern Daily #7299592,modern,modern-daily-7299592,modern-daily-7299592-2014-07-17
31,1,Relic of Progenitus,,Sideboard,3,1,Splinter Twin,LoveConnection,324 tix,"$ 1,192",240861,2014-07-17,Modern Daily #7299592,modern,modern-daily-7299592,modern-daily-7299592-2014-07-17
32,2,Ancient Grudge,,Sideboard,3,1,Splinter Twin,LoveConnection,324 tix,"$ 1,192",240861,2014-07-17,Modern Daily #7299592,modern,modern-daily-7299592,modern-daily-7299592-2014-07-17
33,1,Negate,,Sideboard,3,1,Splinter Twin,LoveConnection,324 tix,"$ 1,192",240861,2014-07-17,Modern Daily #7299592,modern,modern-daily-7299592,modern-daily-7299592-2014-07-17
34,1,Spellskite,,Sideboard,3,1,Splinter Twin,LoveConnection,324 tix,"$ 1,192",240861,2014-07-17,Modern Daily #7299592,modern,modern-daily-7299592,modern-daily-7299592-2014-07-17
35,1,Spreading Seas,,Sideboard,3,1,Splinter Twin,LoveConnection,324 tix,"$ 1,192",240861,2014-07-17,Modern Daily #7299592,modern,modern-daily-7299592,modern-daily-7299592-2014-07-17
36,2,Blood Moon,,Sideboard,3,1,Splinter Twin,LoveConnection,324 tix,"$ 1,192",240861,2014-07-17,Modern Daily #7299592,modern,modern-daily-7299592,modern-daily-7299592-2014-07-17
37,2,Talrand's Invocation,,Sideboard,3,1,Splinter Twin,LoveConnection,324 tix,"$ 1,192",240861,2014-07-17,Modern Daily #7299592,modern,modern-daily-7299592,modern-daily-7299592-2014-07-17
38,1,Batterskull,,Sideboard,3,1,Splinter Twin,LoveConnection,324 tix,"$ 1,192",240861,2014-07-17,Modern Daily #7299592,modern,modern-daily-7299592,modern-daily-7299592-2014-07-17
39,1,"Keranos, God of Storms",,Sideboard,3,1,Splinter Twin,LoveConnection,324 tix,"$ 1,192",240861,2014-07-17,Modern Daily #7299592,modern,modern-daily-7299592,modern-daily-7299592-2014-07-17
1,4,Snapcaster Mage,,Creatures,3,1,Splinter Twin,zeuth,416 tix,"$ 1,390",240867,2014-07-17,Modern Daily #7299592,modern,modern-daily-7299592,modern-daily-7299592-2014-07-17
2,3,Spellskite,,Creatures,3,1,Splinter Twin,zeuth,416 tix,"$ 1,390",240867,2014-07-17,Modern Daily #7299592,modern,modern-daily-7299592,modern-daily-7299592-2014-07-17
3,4,Deceiver Exarch,,Creatures,3,1,Splinter Twin,zeuth,416 tix,"$ 1,390",240867,2014-07-17,Modern Daily #7299592,modern,modern-daily-7299592,modern-daily-7299592-2014-07-17
4,2,Pestermite,,Creatures,3,1,Splinter Twin,zeuth,416 tix,"$ 1,390",240867,2014-07-17,Modern Daily #7299592,modern,modern-daily-7299592,modern-daily-7299592-2014-07-17
5,2,Vendilion Clique,,Creatures,3,1,Splinter Twin,zeuth,416 tix,"$ 1,390",240867,2014-07-17,Modern Daily #7299592,modern,modern-daily-7299592,modern-daily-7299592-2014-07-17
7,2,Flame Slash,,Spells,3,1,Splinter Twin,zeuth,416 tix,"$ 1,390",240867,2014-07-17,Modern Daily #7299592,modern,modern-daily-7299592,modern-daily-7299592-2014-07-17
8,4,Lightning Bolt,,Spells,3,1,Splinter Twin,zeuth,416 tix,"$ 1,390",240867,2014-07-17,Modern Daily #7299592,modern,modern-daily-7299592,modern-daily-7299592-2014-07-17
9,4,Serum Visions,,Spells,3,1,Splinter Twin,zeuth,416 tix,"$ 1,390",240867,2014-07-17,Modern Daily #7299592,modern,modern-daily-7299592,modern-daily-7299592-2014-07-17
10,4,Remand,,Spells,3,1,Splinter Twin,zeuth,416 tix,"$ 1,390",240867,2014-07-17,Modern Daily #7299592,modern,modern-daily-7299592,modern-daily-7299592-2014-07-17
11,2,Electrolyze,,Spells,3,1,Splinter Twin,zeuth,416 tix,"$ 1,390",240867,2014-07-17,Modern Daily #7299592,modern,modern-daily-7299592,modern-daily-7299592-2014-07-17
12,2,Cryptic Command,,Spells,3,1,Splinter Twin,zeuth,416 tix,"$ 1,390",240867,2014-07-17,Modern Daily #7299592,modern,modern-daily-7299592,modern-daily-7299592-2014-07-17
14,4,Splinter Twin,,Enchantments,3,1,Splinter Twin,zeuth,416 tix,"$ 1,390",240867,2014-07-17,Modern Daily #7299592,modern,modern-daily-7299592,modern-daily-7299592-2014-07-17
16,2,Desolate Lighthouse,,Lands,3,1,Splinter Twin,zeuth,416 tix,"$ 1,390",240867,2014-07-17,Modern Daily #7299592,modern,modern-daily-7299592,modern-daily-7299592-2014-07-17
17,4,Island,,Lands,3,1,Splinter Twin,zeuth,416 tix,"$ 1,390",240867,2014-07-17,Modern Daily #7299592,modern,modern-daily-7299592,modern-daily-7299592-2014-07-17
18,4,Misty Rainforest,,Lands,3,1,Splinter Twin,zeuth,416 tix,"$ 1,390",240867,2014-07-17,Modern Daily #7299592,modern,modern-daily-7299592,modern-daily-7299592-2014-07-17
19,1,Mountain,,Lands,3,1,Splinter Twin,zeuth,416 tix,"$ 1,390",240867,2014-07-17,Modern Daily #7299592,modern,modern-daily-7299592,modern-daily-7299592-2014-07-17
20,4,Scalding Tarn,,Lands,3,1,Splinter Twin,zeuth,416 tix,"$ 1,390",240867,2014-07-17,Modern Daily #7299592,modern,modern-daily-7299592,modern-daily-7299592-2014-07-17
21,3,Steam Vents,,Lands,3,1,Splinter Twin,zeuth,416 tix,"$ 1,390",240867,2014-07-17,Modern Daily #7299592,modern,modern-daily-7299592,modern-daily-7299592-2014-07-17
22,1,Stomping Ground,,Lands,3,1,Splinter Twin,zeuth,416 tix,"$ 1,390",240867,2014-07-17,Modern Daily #7299592,modern,modern-daily-7299592,modern-daily-7299592-2014-07-17
23,4,Sulfur Falls,,Lands,3,1,Splinter Twin,zeuth,416 tix,"$ 1,390",240867,2014-07-17,Modern Daily #7299592,modern,modern-daily-7299592,modern-daily-7299592-2014-07-17
25,3,Engineered Explosives,,Sideboard,3,1,Splinter Twin,zeuth,416 tix,"$ 1,390",240867,2014-07-17,Modern Daily #7299592,modern,modern-daily-7299592,modern-daily-7299592-2014-07-17
26,3,Dispel,,Sideboard,3,1,Splinter Twin,zeuth,416 tix,"$ 1,390",240867,2014-07-17,Modern Daily #7299592,modern,modern-daily-7299592,modern-daily-7299592-2014-07-17
27,2,Ancient Grudge,,Sideboard,3,1,Splinter Twin,zeuth,416 tix,"$ 1,390",240867,2014-07-17,Modern Daily #7299592,modern,modern-daily-7299592,modern-daily-7299592-2014-07-17
28,3,Spreading Seas,,Sideboard,3,1,Splinter Twin,zeuth,416 tix,"$ 1,390",240867,2014-07-17,Modern Daily #7299592,modern,modern-daily-7299592,modern-daily-7299592-2014-07-17
29,2,Blood Moon,,Sideboard,3,1,Splinter Twin,zeuth,416 tix,"$ 1,390",240867,2014-07-17,Modern Daily #7299592,modern,modern-daily-7299592,modern-daily-7299592-2014-07-17
30,2,Sower of Temptation,,Sideboard,3,1,Splinter Twin,zeuth,416 tix,"$ 1,390",240867,2014-07-17,Modern Daily #7299592,modern,modern-daily-7299592,modern-daily-7299592-2014-07-17
1,4,Delver of Secrets,,Creatures,3,1,UR Delver,BoilersMakers342000,252 tix,"$ 1,001",240876,2014-07-17,Modern Daily #7299592,modern,modern-daily-7299592,modern-daily-7299592-2014-07-17
2,2,Grim Lavamancer,,Creatures,3,1,UR Delver,BoilersMakers342000,252 tix,"$ 1,001",240876,2014-07-17,Modern Daily #7299592,modern,modern-daily-7299592,modern-daily-7299592-2014-07-17
3,4,Snapcaster Mage,,Creatures,3,1,UR Delver,BoilersMakers342000,252 tix,"$ 1,001",240876,2014-07-17,Modern Daily #7299592,modern,modern-daily-7299592,modern-daily-7299592-2014-07-17
4,4,Young Pyromancer,,Creatures,3,1,UR Delver,BoilersMakers342000,252 tix,"$ 1,001",240876,2014-07-17,Modern Daily #7299592,modern,modern-daily-7299592,modern-daily-7299592-2014-07-17
6,4,Gitaxian Probe,,Spells,3,1,UR Delver,BoilersMakers342000,252 tix,"$ 1,001",240876,2014-07-17,Modern Daily #7299592,modern,modern-daily-7299592,modern-daily-7299592-2014-07-17
7,4,Lightning Bolt,,Spells,3,1,UR Delver,BoilersMakers342000,252 tix,"$ 1,001",240876,2014-07-17,Modern Daily #7299592,modern,modern-daily-7299592,modern-daily-7299592-2014-07-17
8,2,Pillar of Flame,,Spells,3,1,UR Delver,BoilersMakers342000,252 tix,"$ 1,001",240876,2014-07-17,Modern Daily #7299592,modern,modern-daily-7299592,modern-daily-7299592-2014-07-17
9,4,Serum Visions,,Spells,3,1,UR Delver,BoilersMakers342000,252 tix,"$ 1,001",240876,2014-07-17,Modern Daily #7299592,modern,modern-daily-7299592,modern-daily-7299592-2014-07-17
10,1,Spell Pierce,,Spells,3,1,UR Delver,BoilersMakers342000,252 tix,"$ 1,001",240876,2014-07-17,Modern Daily #7299592,modern,modern-daily-7299592,modern-daily-7299592-2014-07-17
11,2,Spell Snare,,Spells,3,1,UR Delver,BoilersMakers342000,252 tix,"$ 1,001",240876,2014-07-17,Modern Daily #7299592,modern,modern-daily-7299592,modern-daily-7299592-2014-07-17
12,2,Vapor Snag,,Spells,3,1,UR Delver,BoilersMakers342000,252 tix,"$ 1,001",240876,2014-07-17,Modern Daily #7299592,modern,modern-daily-7299592,modern-daily-7299592-2014-07-17
13,3,Mana Leak,,Spells,3,1,UR Delver,BoilersMakers342000,252 tix,"$ 1,001",240876,2014-07-17,Modern Daily #7299592,modern,modern-daily-7299592,modern-daily-7299592-2014-07-17
14,3,Remand,,Spells,3,1,UR Delver,BoilersMakers342000,252 tix,"$ 1,001",240876,2014-07-17,Modern Daily #7299592,modern,modern-daily-7299592,modern-daily-7299592-2014-07-17
15,1,Electrolyze,,Spells,3,1,UR Delver,BoilersMakers342000,252 tix,"$ 1,001",240876,2014-07-17,Modern Daily #7299592,modern,modern-daily-7299592,modern-daily-7299592-2014-07-17
17,1,Sword of Fire and Ice,,Artifacts,3,1,UR Delver,BoilersMakers342000,252 tix,"$ 1,001",240876,2014-07-17,Modern Daily #7299592,modern,modern-daily-7299592,modern-daily-7299592-2014-07-17
19,6,Island,,Lands,3,1,UR Delver,BoilersMakers342000,252 tix,"$ 1,001",240876,2014-07-17,Modern Daily #7299592,modern,modern-daily-7299592,modern-daily-7299592-2014-07-17
20,2,Mountain,,Lands,3,1,UR Delver,BoilersMakers342000,252 tix,"$ 1,001",240876,2014-07-17,Modern Daily #7299592,modern,modern-daily-7299592,modern-daily-7299592-2014-07-17
21,4,Scalding Tarn,,Lands,3,1,UR Delver,BoilersMakers342000,252 tix,"$ 1,001",240876,2014-07-17,Modern Daily #7299592,modern,modern-daily-7299592,modern-daily-7299592-2014-07-17
22,4,Steam Vents,,Lands,3,1,UR Delver,BoilersMakers342000,252 tix,"$ 1,001",240876,2014-07-17,Modern Daily #7299592,modern,modern-daily-7299592,modern-daily-7299592-2014-07-17
23,3,Sulfur Falls,,Lands,3,1,UR Delver,BoilersMakers342000,252 tix,"$ 1,001",240876,2014-07-17,Modern Daily #7299592,modern,modern-daily-7299592,modern-daily-7299592-2014-07-17
25,1,Engineered Explosives,,Sideboard,3,1,UR Delver,BoilersMakers342000,252 tix,"$ 1,001",240876,2014-07-17,Modern Daily #7299592,modern,modern-daily-7299592,modern-daily-7299592-2014-07-17
26,2,Relic of Progenitus,,Sideboard,3,1,UR Delver,BoilersMakers342000,252 tix,"$ 1,001",240876,2014-07-17,Modern Daily #7299592,modern,modern-daily-7299592,modern-daily-7299592-2014-07-17
27,2,Shattering Spree,,Sideboard,3,1,UR Delver,BoilersMakers342000,252 tix,"$ 1,001",240876,2014-07-17,Modern Daily #7299592,modern,modern-daily-7299592,modern-daily-7299592-2014-07-17
28,2,Combust,,Sideboard,3,1,UR Delver,BoilersMakers342000,252 tix,"$ 1,001",240876,2014-07-17,Modern Daily #7299592,modern,modern-daily-7299592,modern-daily-7299592-2014-07-17
29,2,Spellskite,,Sideboard,3,1,UR Delver,BoilersMakers342000,252 tix,"$ 1,001",240876,2014-07-17,Modern Daily #7299592,modern,modern-daily-7299592,modern-daily-7299592-2014-07-17
30,2,Blood Moon,,Sideboard,3,1,UR Delver,BoilersMakers342000,252 tix,"$ 1,001",240876,2014-07-17,Modern Daily #7299592,modern,modern-daily-7299592,modern-daily-7299592-2014-07-17
31,2,Counterflux,,Sideboard,3,1,UR Delver,BoilersMakers342000,252 tix,"$ 1,001",240876,2014-07-17,Modern Daily #7299592,modern,modern-daily-7299592,modern-daily-7299592-2014-07-17
32,1,Izzet Staticaster,,Sideboard,3,1,UR Delver,BoilersMakers342000,252 tix,"$ 1,001",240876,2014-07-17,Modern Daily #7299592,modern,modern-daily-7299592,modern-daily-7299592-2014-07-17
33,1,Threads of Disloyalty,,Sideboard,3,1,UR Delver,BoilersMakers342000,252 tix,"$ 1,001",240876,2014-07-17,Modern Daily #7299592,modern,modern-daily-7299592,modern-daily-7299592-2014-07-17
1,1,Wurmcoil Engine,,Creatures,3,1,UW Tron,McWinSauce,179 tix,$ 588,240865,2014-07-17,Modern Daily #7299592,modern,modern-daily-7299592,modern-daily-7299592-2014-07-17
2,1,"Elesh Norn, Grand Cenobite",,Creatures,3,1,UW Tron,McWinSauce,179 tix,$ 588,240865,2014-07-17,Modern Daily #7299592,modern,modern-daily-7299592,modern-daily-7299592-2014-07-17
3,1,"Iona, Shield of Emeria",,Creatures,3,1,UW Tron,McWinSauce,179 tix,$ 588,240865,2014-07-17,Modern Daily #7299592,modern,modern-daily-7299592,modern-daily-7299592-2014-07-17
4,1,"Emrakul, the Aeons Torn",,Creatures,3,1,UW Tron,McWinSauce,179 tix,$ 588,240865,2014-07-17,Modern Daily #7299592,modern,modern-daily-7299592,modern-daily-7299592-2014-07-17
6,1,Condescend,,Spells,3,1,UW Tron,McWinSauce,179 tix,$ 588,240865,2014-07-17,Modern Daily #7299592,modern,modern-daily-7299592,modern-daily-7299592-2014-07-17
7,4,Path to Exile,,Spells,3,1,UW Tron,McWinSauce,179 tix,$ 588,240865,2014-07-17,Modern Daily #7299592,modern,modern-daily-7299592,modern-daily-7299592-2014-07-17
8,3,Remand,,Spells,3,1,UW Tron,McWinSauce,179 tix,$ 588,240865,2014-07-17,Modern Daily #7299592,modern,modern-daily-7299592,modern-daily-7299592-2014-07-17
9,1,Sphinx's Revelation,,Spells,3,1,UW Tron,McWinSauce,179 tix,$ 588,240865,2014-07-17,Modern Daily #7299592,modern,modern-daily-7299592,modern-daily-7299592-2014-07-17
10,4,Thirst for Knowledge,,Spells,3,1,UW Tron,McWinSauce,179 tix,$ 588,240865,2014-07-17,Modern Daily #7299592,modern,modern-daily-7299592,modern-daily-7299592-2014-07-17
11,1,Timely Reinforcements,,Spells,3,1,UW Tron,McWinSauce,179 tix,$ 588,240865,2014-07-17,Modern Daily #7299592,modern,modern-daily-7299592,modern-daily-7299592-2014-07-17
12,1,Day of Judgment,,Spells,3,1,UW Tron,McWinSauce,179 tix,$ 588,240865,2014-07-17,Modern Daily #7299592,modern,modern-daily-7299592,modern-daily-7299592-2014-07-17
13,4,Gifts Ungiven,,Spells,3,1,UW Tron,McWinSauce,179 tix,$ 588,240865,2014-07-17,Modern Daily #7299592,modern,modern-daily-7299592,modern-daily-7299592-2014-07-17
14,1,Supreme Verdict,,Spells,3,1,UW Tron,McWinSauce,179 tix,$ 588,240865,2014-07-17,Modern Daily #7299592,modern,modern-daily-7299592,modern-daily-7299592-2014-07-17
15,1,Wrath of God,,Spells,3,1,UW Tron,McWinSauce,179 tix,$ 588,240865,2014-07-17,Modern Daily #7299592,modern,modern-daily-7299592,modern-daily-7299592-2014-07-17
16,1,Unburial Rites,,Spells,3,1,UW Tron,McWinSauce,179 tix,$ 588,240865,2014-07-17,Modern Daily #7299592,modern,modern-daily-7299592,modern-daily-7299592-2014-07-17
18,2,Expedition Map,,Artifacts,3,1,UW Tron,McWinSauce,179 tix,$ 588,240865,2014-07-17,Modern Daily #7299592,modern,modern-daily-7299592,modern-daily-7299592-2014-07-17
19,4,Azorius Signet,,Artifacts,3,1,UW Tron,McWinSauce,179 tix,$ 588,240865,2014-07-17,Modern Daily #7299592,modern,modern-daily-7299592,modern-daily-7299592-2014-07-17
20,1,Batterskull,,Artifacts,3,1,UW Tron,McWinSauce,179 tix,$ 588,240865,2014-07-17,Modern Daily #7299592,modern,modern-daily-7299592,modern-daily-7299592-2014-07-17
22,1,Detention Sphere,,Enchantments,3,1,UW Tron,McWinSauce,179 tix,$ 588,240865,2014-07-17,Modern Daily #7299592,modern,modern-daily-7299592,modern-daily-7299592-2014-07-17
24,4,Celestial Colonnade,,Lands,3,1,UW Tron,McWinSauce,179 tix,$ 588,240865,2014-07-17,Modern Daily #7299592,modern,modern-daily-7299592,modern-daily-7299592-2014-07-17
25,1,Ghost Quarter,,Lands,3,1,UW Tron,McWinSauce,179 tix,$ 588,240865,2014-07-17,Modern Daily #7299592,modern,modern-daily-7299592,modern-daily-7299592-2014-07-17
26,3,Hallowed Fountain,,Lands,3,1,UW Tron,McWinSauce,179 tix,$ 588,240865,2014-07-17,Modern Daily #7299592,modern,modern-daily-7299592,modern-daily-7299592-2014-07-17
27,1,Island,,Lands,3,1,UW Tron,McWinSauce,179 tix,$ 588,240865,2014-07-17,Modern Daily #7299592,modern,modern-daily-7299592,modern-daily-7299592-2014-07-17
28,1,Plains,,Lands,3,1,UW Tron,McWinSauce,179 tix,$ 588,240865,2014-07-17,Modern Daily #7299592,modern,modern-daily-7299592,modern-daily-7299592-2014-07-17
29,3,Seachrome Coast,,Lands,3,1,UW Tron,McWinSauce,179 tix,$ 588,240865,2014-07-17,Modern Daily #7299592,modern,modern-daily-7299592,modern-daily-7299592-2014-07-17
30,1,Snow-Covered Island,,Lands,3,1,UW Tron,McWinSauce,179 tix,$ 588,240865,2014-07-17,Modern Daily #7299592,modern,modern-daily-7299592,modern-daily-7299592-2014-07-17
31,4,Urza's Mine,,Lands,3,1,UW Tron,McWinSauce,179 tix,$ 588,240865,2014-07-17,Modern Daily #7299592,modern,modern-daily-7299592,modern-daily-7299592-2014-07-17
32,4,Urza's Power Plant,,Lands,3,1,UW Tron,McWinSauce,179 tix,$ 588,240865,2014-07-17,Modern Daily #7299592,modern,modern-daily-7299592,modern-daily-7299592-2014-07-17
33,4,Urza's Tower,,Lands,3,1,UW Tron,McWinSauce,179 tix,$ 588,240865,2014-07-17,Modern Daily #7299592,modern,modern-daily-7299592,modern-daily-7299592-2014-07-17
35,2,Dispel,,Sideboard,3,1,UW Tron,McWinSauce,179 tix,$ 588,240865,2014-07-17,Modern Daily #7299592,modern,modern-daily-7299592,modern-daily-7299592-2014-07-17
36,1,Grafdigger's Cage,,Sideboard,3,1,UW Tron,McWinSauce,179 tix,$ 588,240865,2014-07-17,Modern Daily #7299592,modern,modern-daily-7299592,modern-daily-7299592-2014-07-17
37,2,Porphyry Nodes,,Sideboard,3,1,UW Tron,McWinSauce,179 tix,$ 588,240865,2014-07-17,Modern Daily #7299592,modern,modern-daily-7299592,modern-daily-7299592-2014-07-17
38,2,Celestial Purge,,Sideboard,3,1,UW Tron,McWinSauce,179 tix,$ 588,240865,2014-07-17,Modern Daily #7299592,modern,modern-daily-7299592,modern-daily-7299592-2014-07-17
39,1,Disenchant,,Sideboard,3,1,UW Tron,McWinSauce,179 tix,$ 588,240865,2014-07-17,Modern Daily #7299592,modern,modern-daily-7299592,modern-daily-7299592-2014-07-17
40,1,Negate,,Sideboard,3,1,UW Tron,McWinSauce,179 tix,$ 588,240865,2014-07-17,Modern Daily #7299592,modern,modern-daily-7299592,modern-daily-7299592-2014-07-17
41,1,Torpor Orb,,Sideboard,3,1,UW Tron,McWinSauce,179 tix,$ 588,240865,2014-07-17,Modern Daily #7299592,modern,modern-daily-7299592,modern-daily-7299592-2014-07-17
42,3,Ghostly Prison,,Sideboard,3,1,UW Tron,McWinSauce,179 tix,$ 588,240865,2014-07-17,Modern Daily #7299592,modern,modern-daily-7299592,modern-daily-7299592-2014-07-17
43,1,Timely Reinforcements,,Sideboard,3,1,UW Tron,McWinSauce,179 tix,$ 588,240865,2014-07-17,Modern Daily #7299592,modern,modern-daily-7299592,modern-daily-7299592-2014-07-17
44,1,Mindbreak Trap,,Sideboard,3,1,UW Tron,McWinSauce,179 tix,$ 588,240865,2014-07-17,Modern Daily #7299592,modern,modern-daily-7299592,modern-daily-7299592-2014-07-17
1,4,Snapcaster Mage,,Creatures,3,1,UWR Delver,Androod,299 tix,"$ 1,254",240873,2014-07-17,Modern Daily #7299592,modern,modern-daily-7299592,modern-daily-7299592-2014-07-17
2,4,Spellstutter Sprite,,Creatures,3,1,UWR Delver,Androod,299 tix,"$ 1,254",240873,2014-07-17,Modern Daily #7299592,modern,modern-daily-7299592,modern-daily-7299592-2014-07-17
3,2,Aven Mindcensor,,Creatures,3,1,UWR Delver,Androod,299 tix,"$ 1,254",240873,2014-07-17,Modern Daily #7299592,modern,modern-daily-7299592,modern-daily-7299592-2014-07-17
4,2,Vendilion Clique,,Creatures,3,1,UWR Delver,Androod,299 tix,"$ 1,254",240873,2014-07-17,Modern Daily #7299592,modern,modern-daily-7299592,modern-daily-7299592-2014-07-17
5,1,"Keranos, God of Storms",,Creatures,3,1,UWR Delver,Androod,299 tix,"$ 1,254",240873,2014-07-17,Modern Daily #7299592,modern,modern-daily-7299592,modern-daily-7299592-2014-07-17
6,1,Stormbreath Dragon,,Creatures,3,1,UWR Delver,Androod,299 tix,"$ 1,254",240873,2014-07-17,Modern Daily #7299592,modern,modern-daily-7299592,modern-daily-7299592-2014-07-17
8,1,Burst Lightning,,Spells,3,1,UWR Delver,Androod,299 tix,"$ 1,254",240873,2014-07-17,Modern Daily #7299592,modern,modern-daily-7299592,modern-daily-7299592-2014-07-17
9,4,Lightning Bolt,,Spells,3,1,UWR Delver,Androod,299 tix,"$ 1,254",240873,2014-07-17,Modern Daily #7299592,modern,modern-daily-7299592,modern-daily-7299592-2014-07-17
10,3,Path to Exile,,Spells,3,1,UWR Delver,Androod,299 tix,"$ 1,254",240873,2014-07-17,Modern Daily #7299592,modern,modern-daily-7299592,modern-daily-7299592-2014-07-17
11,4,Spell Snare,,Spells,3,1,UWR Delver,Androod,299 tix,"$ 1,254",240873,2014-07-17,Modern Daily #7299592,modern,modern-daily-7299592,modern-daily-7299592-2014-07-17
12,4,Lightning Helix,,Spells,3,1,UWR Delver,Androod,299 tix,"$ 1,254",240873,2014-07-17,Modern Daily #7299592,modern,modern-daily-7299592,modern-daily-7299592-2014-07-17
13,1,Think Twice,,Spells,3,1,UWR Delver,Androod,299 tix,"$ 1,254",240873,2014-07-17,Modern Daily #7299592,modern,modern-daily-7299592,modern-daily-7299592-2014-07-17
14,3,Cryptic Command,,Spells,3,1,UWR Delver,Androod,299 tix,"$ 1,254",240873,2014-07-17,Modern Daily #7299592,modern,modern-daily-7299592,modern-daily-7299592-2014-07-17
16,3,Arid Mesa,,Lands,3,1,UWR Delver,Androod,299 tix,"$ 1,254",240873,2014-07-17,Modern Daily #7299592,modern,modern-daily-7299592,modern-daily-7299592-2014-07-17
17,2,Celestial Colonnade,,Lands,3,1,UWR Delver,Androod,299 tix,"$ 1,254",240873,2014-07-17,Modern Daily #7299592,modern,modern-daily-7299592,modern-daily-7299592-2014-07-17
18,1,Desolate Lighthouse,,Lands,3,1,UWR Delver,Androod,299 tix,"$ 1,254",240873,2014-07-17,Modern Daily #7299592,modern,modern-daily-7299592,modern-daily-7299592-2014-07-17
19,2,Hallowed Fountain,,Lands,3,1,UWR Delver,Androod,299 tix,"$ 1,254",240873,2014-07-17,Modern Daily #7299592,modern,modern-daily-7299592,modern-daily-7299592-2014-07-17
20,2,Island,,Lands,3,1,UWR Delver,Androod,299 tix,"$ 1,254",240873,2014-07-17,Modern Daily #7299592,modern,modern-daily-7299592,modern-daily-7299592-2014-07-17
21,1,Misty Rainforest,,Lands,3,1,UWR Delver,Androod,299 tix,"$ 1,254",240873,2014-07-17,Modern Daily #7299592,modern,modern-daily-7299592,modern-daily-7299592-2014-07-17
22,1,Mountain,,Lands,3,1,UWR Delver,Androod,299 tix,"$ 1,254",240873,2014-07-17,Modern Daily #7299592,modern,modern-daily-7299592,modern-daily-7299592-2014-07-17
23,3,Mutavault,,Lands,3,1,UWR Delver,Androod,299 tix,"$ 1,254",240873,2014-07-17,Modern Daily #7299592,modern,modern-daily-7299592,modern-daily-7299592-2014-07-17
24,1,Plains,,Lands,3,1,UWR Delver,Androod,299 tix,"$ 1,254",240873,2014-07-17,Modern Daily #7299592,modern,modern-daily-7299592,modern-daily-7299592-2014-07-17
25,1,Sacred Foundry,,Lands,3,1,UWR Delver,Androod,299 tix,"$ 1,254",240873,2014-07-17,Modern Daily #7299592,modern,modern-daily-7299592,modern-daily-7299592-2014-07-17
26,4,Scalding Tarn,,Lands,3,1,UWR Delver,Androod,299 tix,"$ 1,254",240873,2014-07-17,Modern Daily #7299592,modern,modern-daily-7299592,modern-daily-7299592-2014-07-17
27,3,Steam Vents,,Lands,3,1,UWR Delver,Androod,299 tix,"$ 1,254",240873,2014-07-17,Modern Daily #7299592,modern,modern-daily-7299592,modern-daily-7299592-2014-07-17
28,1,Temple of Enlightenment,,Lands,3,1,UWR Delver,Androod,299 tix,"$ 1,254",240873,2014-07-17,Modern Daily #7299592,modern,modern-daily-7299592,modern-daily-7299592-2014-07-17
29,1,Temple of Epiphany,,Lands,3,1,UWR Delver,Androod,299 tix,"$ 1,254",240873,2014-07-17,Modern Daily #7299592,modern,modern-daily-7299592,modern-daily-7299592-2014-07-17
31,2,Wear & Tear,,Sideboard,3,1,UWR Delver,Androod,299 tix,"$ 1,254",240873,2014-07-17,Modern Daily #7299592,modern,modern-daily-7299592,modern-daily-7299592-2014-07-17
32,2,Magma Spray,,Sideboard,3,1,UWR Delver,Androod,299 tix,"$ 1,254",240873,2014-07-17,Modern Daily #7299592,modern,modern-daily-7299592,modern-daily-7299592-2014-07-17
33,1,Celestial Purge,,Sideboard,3,1,UWR Delver,Androod,299 tix,"$ 1,254",240873,2014-07-17,Modern Daily #7299592,modern,modern-daily-7299592,modern-daily-7299592-2014-07-17
34,2,Negate,,Sideboard,3,1,UWR Delver,Androod,299 tix,"$ 1,254",240873,2014-07-17,Modern Daily #7299592,modern,modern-daily-7299592,modern-daily-7299592-2014-07-17
35,2,Spellskite,,Sideboard,3,1,UWR Delver,Androod,299 tix,"$ 1,254",240873,2014-07-17,Modern Daily #7299592,modern,modern-daily-7299592,modern-daily-7299592-2014-07-17
36,1,Detention Sphere,,Sideboard,3,1,UWR Delver,Androod,299 tix,"$ 1,254",240873,2014-07-17,Modern Daily #7299592,modern,modern-daily-7299592,modern-daily-7299592-2014-07-17
37,1,Izzet Staticaster,,Sideboard,3,1,UWR Delver,Androod,299 tix,"$ 1,254",240873,2014-07-17,Modern Daily #7299592,modern,modern-daily-7299592,modern-daily-7299592-2014-07-17
38,3,Sowing Salt,,Sideboard,3,1,UWR Delver,Androod,299 tix,"$ 1,254",240873,2014-07-17,Modern Daily #7299592,modern,modern-daily-7299592,modern-daily-7299592-2014-07-17
39,1,Stormbreath Dragon,,Sideboard,3,1,UWR Delver,Androod,299 tix,"$ 1,254",240873,2014-07-17,Modern Daily #7299592,modern,modern-daily-7299592,modern-daily-7299592-2014-07-17
1,3,Memnite,,Creatures,4,0,Affinity,Metric_Blindness,393 tix,$ 937,240767,2014-07-16,Modern Daily #7283195,modern,modern-daily-7283195,modern-daily-7283195-2014-07-16
2,4,Ornithopter,,Creatures,4,0,Affinity,Metric_Blindness,393 tix,$ 937,240767,2014-07-16,Modern Daily #7283195,modern,modern-daily-7283195,modern-daily-7283195-2014-07-16
3,4,Signal Pest,,Creatures,4,0,Affinity,Metric_Blindness,393 tix,$ 937,240767,2014-07-16,Modern Daily #7283195,modern,modern-daily-7283195,modern-daily-7283195-2014-07-16
4,4,Arcbound Ravager,,Creatures,4,0,Affinity,Metric_Blindness,393 tix,$ 937,240767,2014-07-16,Modern Daily #7283195,modern,modern-daily-7283195,modern-daily-7283195-2014-07-16
5,4,Steel Overseer,,Creatures,4,0,Affinity,Metric_Blindness,393 tix,$ 937,240767,2014-07-16,Modern Daily #7283195,modern,modern-daily-7283195,modern-daily-7283195-2014-07-16
6,4,Vault Skirge,,Creatures,4,0,Affinity,Metric_Blindness,393 tix,$ 937,240767,2014-07-16,Modern Daily #7283195,modern,modern-daily-7283195,modern-daily-7283195-2014-07-16
7,2,Etched Champion,,Creatures,4,0,Affinity,Metric_Blindness,393 tix,$ 937,240767,2014-07-16,Modern Daily #7283195,modern,modern-daily-7283195,modern-daily-7283195-2014-07-16
8,2,Master of Etherium,,Creatures,4,0,Affinity,Metric_Blindness,393 tix,$ 937,240767,2014-07-16,Modern Daily #7283195,modern,modern-daily-7283195,modern-daily-7283195-2014-07-16
10,2,Galvanic Blast,,Spells,4,0,Affinity,Metric_Blindness,393 tix,$ 937,240767,2014-07-16,Modern Daily #7283195,modern,modern-daily-7283195,modern-daily-7283195-2014-07-16
11,2,Thoughtcast,,Spells,4,0,Affinity,Metric_Blindness,393 tix,$ 937,240767,2014-07-16,Modern Daily #7283195,modern,modern-daily-7283195,modern-daily-7283195-2014-07-16
13,4,Mox Opal,,Artifacts,4,0,Affinity,Metric_Blindness,393 tix,$ 937,240767,2014-07-16,Modern Daily #7283195,modern,modern-daily-7283195,modern-daily-7283195-2014-07-16
14,1,Welding Jar,,Artifacts,4,0,Affinity,Metric_Blindness,393 tix,$ 937,240767,2014-07-16,Modern Daily #7283195,modern,modern-daily-7283195,modern-daily-7283195-2014-07-16
15,4,Springleaf Drum,,Artifacts,4,0,Affinity,Metric_Blindness,393 tix,$ 937,240767,2014-07-16,Modern Daily #7283195,modern,modern-daily-7283195,modern-daily-7283195-2014-07-16
16,4,Cranial Plating,,Artifacts,4,0,Affinity,Metric_Blindness,393 tix,$ 937,240767,2014-07-16,Modern Daily #7283195,modern,modern-daily-7283195,modern-daily-7283195-2014-07-16
18,4,Blinkmoth Nexus,,Lands,4,0,Affinity,Metric_Blindness,393 tix,$ 937,240767,2014-07-16,Modern Daily #7283195,modern,modern-daily-7283195,modern-daily-7283195-2014-07-16
19,4,Darksteel Citadel,,Lands,4,0,Affinity,Metric_Blindness,393 tix,$ 937,240767,2014-07-16,Modern Daily #7283195,modern,modern-daily-7283195,modern-daily-7283195-2014-07-16
20,3,Glimmervoid,,Lands,4,0,Affinity,Metric_Blindness,393 tix,$ 937,240767,2014-07-16,Modern Daily #7283195,modern,modern-daily-7283195,modern-daily-7283195-2014-07-16
21,4,Inkmoth Nexus,,Lands,4,0,Affinity,Metric_Blindness,393 tix,$ 937,240767,2014-07-16,Modern Daily #7283195,modern,modern-daily-7283195,modern-daily-7283195-2014-07-16
22,1,Island,,Lands,4,0,Affinity,Metric_Blindness,393 tix,$ 937,240767,2014-07-16,Modern Daily #7283195,modern,modern-daily-7283195,modern-daily-7283195-2014-07-16
24,1,Wear & Tear,,Sideboard,4,0,Affinity,Metric_Blindness,393 tix,$ 937,240767,2014-07-16,Modern Daily #7283195,modern,modern-daily-7283195,modern-daily-7283195-2014-07-16
25,1,Grafdigger's Cage,,Sideboard,4,0,Affinity,Metric_Blindness,393 tix,$ 937,240767,2014-07-16,Modern Daily #7283195,modern,modern-daily-7283195,modern-daily-7283195-2014-07-16
26,2,Thoughtseize,,Sideboard,4,0,Affinity,Metric_Blindness,393 tix,$ 937,240767,2014-07-16,Modern Daily #7283195,modern,modern-daily-7283195,modern-daily-7283195-2014-07-16
27,3,Ancient Grudge,,Sideboard,4,0,Affinity,Metric_Blindness,393 tix,$ 937,240767,2014-07-16,Modern Daily #7283195,modern,modern-daily-7283195,modern-daily-7283195-2014-07-16
28,2,Spellskite,,Sideboard,4,0,Affinity,Metric_Blindness,393 tix,$ 937,240767,2014-07-16,Modern Daily #7283195,modern,modern-daily-7283195,modern-daily-7283195-2014-07-16
29,2,Unified Will,,Sideboard,4,0,Affinity,Metric_Blindness,393 tix,$ 937,240767,2014-07-16,Modern Daily #7283195,modern,modern-daily-7283195,modern-daily-7283195-2014-07-16
30,1,Blood Moon,,Sideboard,4,0,Affinity,Metric_Blindness,393 tix,$ 937,240767,2014-07-16,Modern Daily #7283195,modern,modern-daily-7283195,modern-daily-7283195-2014-07-16
31,1,Dismember,,Sideboard,4,0,Affinity,Metric_Blindness,393 tix,$ 937,240767,2014-07-16,Modern Daily #7283195,modern,modern-daily-7283195,modern-daily-7283195-2014-07-16
32,1,Etched Champion,,Sideboard,4,0,Affinity,Metric_Blindness,393 tix,$ 937,240767,2014-07-16,Modern Daily #7283195,modern,modern-daily-7283195,modern-daily-7283195-2014-07-16
33,1,Rule of Law,,Sideboard,4,0,Affinity,Metric_Blindness,393 tix,$ 937,240767,2014-07-16,Modern Daily #7283195,modern,modern-daily-7283195,modern-daily-7283195-2014-07-16
1,3,Memnite,,Creatures,4,0,Affinity,Diem4x,385 tix,$ 938,240769,2014-07-16,Modern Daily #7283195,modern,modern-daily-7283195,modern-daily-7283195-2014-07-16
2,4,Ornithopter,,Creatures,4,0,Affinity,Diem4x,385 tix,$ 938,240769,2014-07-16,Modern Daily #7283195,modern,modern-daily-7283195,modern-daily-7283195-2014-07-16
3,4,Signal Pest,,Creatures,4,0,Affinity,Diem4x,385 tix,$ 938,240769,2014-07-16,Modern Daily #7283195,modern,modern-daily-7283195,modern-daily-7283195-2014-07-16
4,4,Arcbound Ravager,,Creatures,4,0,Affinity,Diem4x,385 tix,$ 938,240769,2014-07-16,Modern Daily #7283195,modern,modern-daily-7283195,modern-daily-7283195-2014-07-16
5,4,Steel Overseer,,Creatures,4,0,Affinity,Diem4x,385 tix,$ 938,240769,2014-07-16,Modern Daily #7283195,modern,modern-daily-7283195,modern-daily-7283195-2014-07-16
6,4,Vault Skirge,,Creatures,4,0,Affinity,Diem4x,385 tix,$ 938,240769,2014-07-16,Modern Daily #7283195,modern,modern-daily-7283195,modern-daily-7283195-2014-07-16
7,2,Etched Champion,,Creatures,4,0,Affinity,Diem4x,385 tix,$ 938,240769,2014-07-16,Modern Daily #7283195,modern,modern-daily-7283195,modern-daily-7283195-2014-07-16
8,2,Master of Etherium,,Creatures,4,0,Affinity,Diem4x,385 tix,$ 938,240769,2014-07-16,Modern Daily #7283195,modern,modern-daily-7283195,modern-daily-7283195-2014-07-16
10,2,Galvanic Blast,,Spells,4,0,Affinity,Diem4x,385 tix,$ 938,240769,2014-07-16,Modern Daily #7283195,modern,modern-daily-7283195,modern-daily-7283195-2014-07-16
11,2,Thoughtcast,,Spells,4,0,Affinity,Diem4x,385 tix,$ 938,240769,2014-07-16,Modern Daily #7283195,modern,modern-daily-7283195,modern-daily-7283195-2014-07-16
13,4,Mox Opal,,Artifacts,4,0,Affinity,Diem4x,385 tix,$ 938,240769,2014-07-16,Modern Daily #7283195,modern,modern-daily-7283195,modern-daily-7283195-2014-07-16
14,4,Springleaf Drum,,Artifacts,4,0,Affinity,Diem4x,385 tix,$ 938,240769,2014-07-16,Modern Daily #7283195,modern,modern-daily-7283195,modern-daily-7283195-2014-07-16
15,4,Cranial Plating,,Artifacts,4,0,Affinity,Diem4x,385 tix,$ 938,240769,2014-07-16,Modern Daily #7283195,modern,modern-daily-7283195,modern-daily-7283195-2014-07-16
17,4,Blinkmoth Nexus,,Lands,4,0,Affinity,Diem4x,385 tix,$ 938,240769,2014-07-16,Modern Daily #7283195,modern,modern-daily-7283195,modern-daily-7283195-2014-07-16
18,4,Darksteel Citadel,,Lands,4,0,Affinity,Diem4x,385 tix,$ 938,240769,2014-07-16,Modern Daily #7283195,modern,modern-daily-7283195,modern-daily-7283195-2014-07-16
19,4,Glimmervoid,,Lands,4,0,Affinity,Diem4x,385 tix,$ 938,240769,2014-07-16,Modern Daily #7283195,modern,modern-daily-7283195,modern-daily-7283195-2014-07-16
20,4,Inkmoth Nexus,,Lands,4,0,Affinity,Diem4x,385 tix,$ 938,240769,2014-07-16,Modern Daily #7283195,modern,modern-daily-7283195,modern-daily-7283195-2014-07-16
21,1,Island,,Lands,4,0,Affinity,Diem4x,385 tix,$ 938,240769,2014-07-16,Modern Daily #7283195,modern,modern-daily-7283195,modern-daily-7283195-2014-07-16
23,1,Grafdigger's Cage,,Sideboard,4,0,Affinity,Diem4x,385 tix,$ 938,240769,2014-07-16,Modern Daily #7283195,modern,modern-daily-7283195,modern-daily-7283195-2014-07-16
24,1,Gut Shot,,Sideboard,4,0,Affinity,Diem4x,385 tix,$ 938,240769,2014-07-16,Modern Daily #7283195,modern,modern-daily-7283195,modern-daily-7283195-2014-07-16
25,2,Thoughtseize,,Sideboard,4,0,Affinity,Diem4x,385 tix,$ 938,240769,2014-07-16,Modern Daily #7283195,modern,modern-daily-7283195,modern-daily-7283195-2014-07-16
26,2,Ancient Grudge,,Sideboard,4,0,Affinity,Diem4x,385 tix,$ 938,240769,2014-07-16,Modern Daily #7283195,modern,modern-daily-7283195,modern-daily-7283195-2014-07-16
27,2,Spellskite,,Sideboard,4,0,Affinity,Diem4x,385 tix,$ 938,240769,2014-07-16,Modern Daily #7283195,modern,modern-daily-7283195,modern-daily-7283195-2014-07-16
28,1,Torpor Orb,,Sideboard,4,0,Affinity,Diem4x,385 tix,$ 938,240769,2014-07-16,Modern Daily #7283195,modern,modern-daily-7283195,modern-daily-7283195-2014-07-16
29,1,Whipflare,,Sideboard,4,0,Affinity,Diem4x,385 tix,$ 938,240769,2014-07-16,Modern Daily #7283195,modern,modern-daily-7283195,modern-daily-7283195-2014-07-16
30,1,Choke,,Sideboard,4,0,Affinity,Diem4x,385 tix,$ 938,240769,2014-07-16,Modern Daily #7283195,modern,modern-daily-7283195,modern-daily-7283195-2014-07-16
31,2,Dismember,,Sideboard,4,0,Affinity,Diem4x,385 tix,$ 938,240769,2014-07-16,Modern Daily #7283195,modern,modern-daily-7283195,modern-daily-7283195-2014-07-16
32,2,Etched Champion,,Sideboard,4,0,Affinity,Diem4x,385 tix,$ 938,240769,2014-07-16,Modern Daily #7283195,modern,modern-daily-7283195,modern-daily-7283195-2014-07-16
1,2,Birds of Paradise,,Creatures,4,0,Infect,jakers1016,230 tix,$ 560,240768,2014-07-16,Modern Daily #7283195,modern,modern-daily-7283195,modern-daily-7283195-2014-07-16
2,4,Glistener Elf,,Creatures,4,0,Infect,jakers1016,230 tix,$ 560,240768,2014-07-16,Modern Daily #7283195,modern,modern-daily-7283195,modern-daily-7283195-2014-07-16
3,4,Noble Hierarch,,Creatures,4,0,Infect,jakers1016,230 tix,$ 560,240768,2014-07-16,Modern Daily #7283195,modern,modern-daily-7283195,modern-daily-7283195-2014-07-16
4,4,Blighted Agent,,Creatures,4,0,Infect,jakers1016,230 tix,$ 560,240768,2014-07-16,Modern Daily #7283195,modern,modern-daily-7283195,modern-daily-7283195-2014-07-16
5,2,Viridian Corrupter,,Creatures,4,0,Infect,jakers1016,230 tix,$ 560,240768,2014-07-16,Modern Daily #7283195,modern,modern-daily-7283195,modern-daily-7283195-2014-07-16
7,2,Gitaxian Probe,,Spells,4,0,Infect,jakers1016,230 tix,$ 560,240768,2014-07-16,Modern Daily #7283195,modern,modern-daily-7283195,modern-daily-7283195-2014-07-16
8,4,Groundswell,,Spells,4,0,Infect,jakers1016,230 tix,$ 560,240768,2014-07-16,Modern Daily #7283195,modern,modern-daily-7283195,modern-daily-7283195-2014-07-16
9,4,Might of Old Krosa,,Spells,4,0,Infect,jakers1016,230 tix,$ 560,240768,2014-07-16,Modern Daily #7283195,modern,modern-daily-7283195,modern-daily-7283195-2014-07-16
10,4,Mutagenic Growth,,Spells,4,0,Infect,jakers1016,230 tix,$ 560,240768,2014-07-16,Modern Daily #7283195,modern,modern-daily-7283195,modern-daily-7283195-2014-07-16
11,4,Vines of Vastwood,,Spells,4,0,Infect,jakers1016,230 tix,$ 560,240768,2014-07-16,Modern Daily #7283195,modern,modern-daily-7283195,modern-daily-7283195-2014-07-16
12,3,Apostle's Blessing,,Spells,4,0,Infect,jakers1016,230 tix,$ 560,240768,2014-07-16,Modern Daily #7283195,modern,modern-daily-7283195,modern-daily-7283195-2014-07-16
13,2,Sylvan Scrying,,Spells,4,0,Infect,jakers1016,230 tix,$ 560,240768,2014-07-16,Modern Daily #7283195,modern,modern-daily-7283195,modern-daily-7283195-2014-07-16
15,2,Wild Defiance,,Enchantments,4,0,Infect,jakers1016,230 tix,$ 560,240768,2014-07-16,Modern Daily #7283195,modern,modern-daily-7283195,modern-daily-7283195-2014-07-16
17,3,Breeding Pool,,Lands,4,0,Infect,jakers1016,230 tix,$ 560,240768,2014-07-16,Modern Daily #7283195,modern,modern-daily-7283195,modern-daily-7283195-2014-07-16
18,3,Forest,,Lands,4,0,Infect,jakers1016,230 tix,$ 560,240768,2014-07-16,Modern Daily #7283195,modern,modern-daily-7283195,modern-daily-7283195-2014-07-16
19,4,Inkmoth Nexus,,Lands,4,0,Infect,jakers1016,230 tix,$ 560,240768,2014-07-16,Modern Daily #7283195,modern,modern-daily-7283195,modern-daily-7283195-2014-07-16
20,3,Misty Rainforest,,Lands,4,0,Infect,jakers1016,230 tix,$ 560,240768,2014-07-16,Modern Daily #7283195,modern,modern-daily-7283195,modern-daily-7283195-2014-07-16
21,2,Pendelhaven,,Lands,4,0,Infect,jakers1016,230 tix,$ 560,240768,2014-07-16,Modern Daily #7283195,modern,modern-daily-7283195,modern-daily-7283195-2014-07-16
22,4,Verdant Catacombs,,Lands,4,0,Infect,jakers1016,230 tix,$ 560,240768,2014-07-16,Modern Daily #7283195,modern,modern-daily-7283195,modern-daily-7283195-2014-07-16
24,3,Nature's Claim,,Sideboard,4,0,Infect,jakers1016,230 tix,$ 560,240768,2014-07-16,Modern Daily #7283195,modern,modern-daily-7283195,modern-daily-7283195-2014-07-16
25,3,Spell Pierce,,Sideboard,4,0,Infect,jakers1016,230 tix,$ 560,240768,2014-07-16,Modern Daily #7283195,modern,modern-daily-7283195,modern-daily-7283195-2014-07-16
26,2,Twisted Image,,Sideboard,4,0,Infect,jakers1016,230 tix,$ 560,240768,2014-07-16,Modern Daily #7283195,modern,modern-daily-7283195,modern-daily-7283195-2014-07-16
27,2,Negate,,Sideboard,4,0,Infect,jakers1016,230 tix,$ 560,240768,2014-07-16,Modern Daily #7283195,modern,modern-daily-7283195,modern-daily-7283195-2014-07-16
28,3,Dismember,,Sideboard,4,0,Infect,jakers1016,230 tix,$ 560,240768,2014-07-16,Modern Daily #7283195,modern,modern-daily-7283195,modern-daily-7283195-2014-07-16
29,1,Wild Defiance,,Sideboard,4,0,Infect,jakers1016,230 tix,$ 560,240768,2014-07-16,Modern Daily #7283195,modern,modern-daily-7283195,modern-daily-7283195-2014-07-16
30,1,Creeping Corrosion,,Sideboard,4,0,Infect,jakers1016,230 tix,$ 560,240768,2014-07-16,Modern Daily #7283195,modern,modern-daily-7283195,modern-daily-7283195-2014-07-16
1,4,Glistener Elf,,Creatures,4,0,Infect,Boydjw2,60 tix,$ 132,240770,2014-07-16,Modern Daily #7283195,modern,modern-daily-7283195,modern-daily-7283195-2014-07-16
2,4,Ichorclaw Myr,,Creatures,4,0,Infect,Boydjw2,60 tix,$ 132,240770,2014-07-16,Modern Daily #7283195,modern,modern-daily-7283195,modern-daily-7283195-2014-07-16
3,2,Necropede,,Creatures,4,0,Infect,Boydjw2,60 tix,$ 132,240770,2014-07-16,Modern Daily #7283195,modern,modern-daily-7283195,modern-daily-7283195-2014-07-16
5,4,Giant Growth,,Spells,4,0,Infect,Boydjw2,60 tix,$ 132,240770,2014-07-16,Modern Daily #7283195,modern,modern-daily-7283195,modern-daily-7283195-2014-07-16
6,4,Groundswell,,Spells,4,0,Infect,Boydjw2,60 tix,$ 132,240770,2014-07-16,Modern Daily #7283195,modern,modern-daily-7283195,modern-daily-7283195-2014-07-16
7,4,Mutagenic Growth,,Spells,4,0,Infect,Boydjw2,60 tix,$ 132,240770,2014-07-16,Modern Daily #7283195,modern,modern-daily-7283195,modern-daily-7283195-2014-07-16
8,4,Vines of Vastwood,,Spells,4,0,Infect,Boydjw2,60 tix,$ 132,240770,2014-07-16,Modern Daily #7283195,modern,modern-daily-7283195,modern-daily-7283195-2014-07-16
9,4,Apostle's Blessing,,Spells,4,0,Infect,Boydjw2,60 tix,$ 132,240770,2014-07-16,Modern Daily #7283195,modern,modern-daily-7283195,modern-daily-7283195-2014-07-16
10,2,Sylvan Scrying,,Spells,4,0,Infect,Boydjw2,60 tix,$ 132,240770,2014-07-16,Modern Daily #7283195,modern,modern-daily-7283195,modern-daily-7283195-2014-07-16
11,2,Dismember,,Spells,4,0,Infect,Boydjw2,60 tix,$ 132,240770,2014-07-16,Modern Daily #7283195,modern,modern-daily-7283195,modern-daily-7283195-2014-07-16
13,4,Rancor,,Enchantments,4,0,Infect,Boydjw2,60 tix,$ 132,240770,2014-07-16,Modern Daily #7283195,modern,modern-daily-7283195,modern-daily-7283195-2014-07-16
15,4,Cathedral of War,,Lands,4,0,Infect,Boydjw2,60 tix,$ 132,240770,2014-07-16,Modern Daily #7283195,modern,modern-daily-7283195,modern-daily-7283195-2014-07-16
16,13,Forest,,Lands,4,0,Infect,Boydjw2,60 tix,$ 132,240770,2014-07-16,Modern Daily #7283195,modern,modern-daily-7283195,modern-daily-7283195-2014-07-16
17,4,Inkmoth Nexus,,Lands,4,0,Infect,Boydjw2,60 tix,$ 132,240770,2014-07-16,Modern Daily #7283195,modern,modern-daily-7283195,modern-daily-7283195-2014-07-16
18,1,Pendelhaven,,Lands,4,0,Infect,Boydjw2,60 tix,$ 132,240770,2014-07-16,Modern Daily #7283195,modern,modern-daily-7283195,modern-daily-7283195-2014-07-16
20,1,Forest,,Sideboard,4,0,Infect,Boydjw2,60 tix,$ 132,240770,2014-07-16,Modern Daily #7283195,modern,modern-daily-7283195,modern-daily-7283195-2014-07-16
21,4,Tormod's Crypt,,Sideboard,4,0,Infect,Boydjw2,60 tix,$ 132,240770,2014-07-16,Modern Daily #7283195,modern,modern-daily-7283195,modern-daily-7283195-2014-07-16
22,2,Guttural Response,,Sideboard,4,0,Infect,Boydjw2,60 tix,$ 132,240770,2014-07-16,Modern Daily #7283195,modern,modern-daily-7283195,modern-daily-7283195-2014-07-16
23,4,Nature's Claim,,Sideboard,4,0,Infect,Boydjw2,60 tix,$ 132,240770,2014-07-16,Modern Daily #7283195,modern,modern-daily-7283195,modern-daily-7283195-2014-07-16
24,2,Sylvan Scrying,,Sideboard,4,0,Infect,Boydjw2,60 tix,$ 132,240770,2014-07-16,Modern Daily #7283195,modern,modern-daily-7283195,modern-daily-7283195-2014-07-16
25,1,Dismember,,Sideboard,4,0,Infect,Boydjw2,60 tix,$ 132,240770,2014-07-16,Modern Daily #7283195,modern,modern-daily-7283195,modern-daily-7283195-2014-07-16
26,1,Creeping Corrosion,,Sideboard,4,0,Infect,Boydjw2,60 tix,$ 132,240770,2014-07-16,Modern Daily #7283195,modern,modern-daily-7283195,modern-daily-7283195-2014-07-16
1,4,Snapcaster Mage,,Creatures,4,0,Splinter Twin,zeuth,432 tix,"$ 1,393",240766,2014-07-16,Modern Daily #7283195,modern,modern-daily-7283195,modern-daily-7283195-2014-07-16
2,3,Spellskite,,Creatures,4,0,Splinter Twin,zeuth,432 tix,"$ 1,393",240766,2014-07-16,Modern Daily #7283195,modern,modern-daily-7283195,modern-daily-7283195-2014-07-16
3,4,Deceiver Exarch,,Creatures,4,0,Splinter Twin,zeuth,432 tix,"$ 1,393",240766,2014-07-16,Modern Daily #7283195,modern,modern-daily-7283195,modern-daily-7283195-2014-07-16
4,2,Pestermite,,Creatures,4,0,Splinter Twin,zeuth,432 tix,"$ 1,393",240766,2014-07-16,Modern Daily #7283195,modern,modern-daily-7283195,modern-daily-7283195-2014-07-16
5,2,Vendilion Clique,,Creatures,4,0,Splinter Twin,zeuth,432 tix,"$ 1,393",240766,2014-07-16,Modern Daily #7283195,modern,modern-daily-7283195,modern-daily-7283195-2014-07-16
7,2,Flame Slash,,Spells,4,0,Splinter Twin,zeuth,432 tix,"$ 1,393",240766,2014-07-16,Modern Daily #7283195,modern,modern-daily-7283195,modern-daily-7283195-2014-07-16
8,4,Lightning Bolt,,Spells,4,0,Splinter Twin,zeuth,432 tix,"$ 1,393",240766,2014-07-16,Modern Daily #7283195,modern,modern-daily-7283195,modern-daily-7283195-2014-07-16
9,4,Serum Visions,,Spells,4,0,Splinter Twin,zeuth,432 tix,"$ 1,393",240766,2014-07-16,Modern Daily #7283195,modern,modern-daily-7283195,modern-daily-7283195-2014-07-16
10,4,Remand,,Spells,4,0,Splinter Twin,zeuth,432 tix,"$ 1,393",240766,2014-07-16,Modern Daily #7283195,modern,modern-daily-7283195,modern-daily-7283195-2014-07-16
11,2,Electrolyze,,Spells,4,0,Splinter Twin,zeuth,432 tix,"$ 1,393",240766,2014-07-16,Modern Daily #7283195,modern,modern-daily-7283195,modern-daily-7283195-2014-07-16
12,2,Cryptic Command,,Spells,4,0,Splinter Twin,zeuth,432 tix,"$ 1,393",240766,2014-07-16,Modern Daily #7283195,modern,modern-daily-7283195,modern-daily-7283195-2014-07-16
14,4,Splinter Twin,,Enchantments,4,0,Splinter Twin,zeuth,432 tix,"$ 1,393",240766,2014-07-16,Modern Daily #7283195,modern,modern-daily-7283195,modern-daily-7283195-2014-07-16
16,2,Desolate Lighthouse,,Lands,4,0,Splinter Twin,zeuth,432 tix,"$ 1,393",240766,2014-07-16,Modern Daily #7283195,modern,modern-daily-7283195,modern-daily-7283195-2014-07-16
17,4,Island,,Lands,4,0,Splinter Twin,zeuth,432 tix,"$ 1,393",240766,2014-07-16,Modern Daily #7283195,modern,modern-daily-7283195,modern-daily-7283195-2014-07-16
18,4,Misty Rainforest,,Lands,4,0,Splinter Twin,zeuth,432 tix,"$ 1,393",240766,2014-07-16,Modern Daily #7283195,modern,modern-daily-7283195,modern-daily-7283195-2014-07-16
19,1,Mountain,,Lands,4,0,Splinter Twin,zeuth,432 tix,"$ 1,393",240766,2014-07-16,Modern Daily #7283195,modern,modern-daily-7283195,modern-daily-7283195-2014-07-16
20,4,Scalding Tarn,,Lands,4,0,Splinter Twin,zeuth,432 tix,"$ 1,393",240766,2014-07-16,Modern Daily #7283195,modern,modern-daily-7283195,modern-daily-7283195-2014-07-16
21,3,Steam Vents,,Lands,4,0,Splinter Twin,zeuth,432 tix,"$ 1,393",240766,2014-07-16,Modern Daily #7283195,modern,modern-daily-7283195,modern-daily-7283195-2014-07-16
22,1,Stomping Ground,,Lands,4,0,Splinter Twin,zeuth,432 tix,"$ 1,393",240766,2014-07-16,Modern Daily #7283195,modern,modern-daily-7283195,modern-daily-7283195-2014-07-16
23,4,Sulfur Falls,,Lands,4,0,Splinter Twin,zeuth,432 tix,"$ 1,393",240766,2014-07-16,Modern Daily #7283195,modern,modern-daily-7283195,modern-daily-7283195-2014-07-16
25,3,Engineered Explosives,,Sideboard,4,0,Splinter Twin,zeuth,432 tix,"$ 1,393",240766,2014-07-16,Modern Daily #7283195,modern,modern-daily-7283195,modern-daily-7283195-2014-07-16
26,3,Dispel,,Sideboard,4,0,Splinter Twin,zeuth,432 tix,"$ 1,393",240766,2014-07-16,Modern Daily #7283195,modern,modern-daily-7283195,modern-daily-7283195-2014-07-16
27,2,Ancient Grudge,,Sideboard,4,0,Splinter Twin,zeuth,432 tix,"$ 1,393",240766,2014-07-16,Modern Daily #7283195,modern,modern-daily-7283195,modern-daily-7283195-2014-07-16
28,4,Spreading Seas,,Sideboard,4,0,Splinter Twin,zeuth,432 tix,"$ 1,393",240766,2014-07-16,Modern Daily #7283195,modern,modern-daily-7283195,modern-daily-7283195-2014-07-16
29,3,Blood Moon,,Sideboard,4,0,Splinter Twin,zeuth,432 tix,"$ 1,393",240766,2014-07-16,Modern Daily #7283195,modern,modern-daily-7283195,modern-daily-7283195-2014-07-16
1,4,Dryad Militant,,Creatures,4,0,Stompy,challinan,59 tix,$ 140,240765,2014-07-16,Modern Daily #7283195,modern,modern-daily-7283195,modern-daily-7283195-2014-07-16
2,4,Experiment One,,Creatures,4,0,Stompy,challinan,59 tix,$ 140,240765,2014-07-16,Modern Daily #7283195,modern,modern-daily-7283195,modern-daily-7283195-2014-07-16
3,3,Kalonian Tusker,,Creatures,4,0,Stompy,challinan,59 tix,$ 140,240765,2014-07-16,Modern Daily #7283195,modern,modern-daily-7283195,modern-daily-7283195-2014-07-16
4,3,Scavenging Ooze,,Creatures,4,0,Stompy,challinan,59 tix,$ 140,240765,2014-07-16,Modern Daily #7283195,modern,modern-daily-7283195,modern-daily-7283195-2014-07-16
5,4,Strangleroot Geist,,Creatures,4,0,Stompy,challinan,59 tix,$ 140,240765,2014-07-16,Modern Daily #7283195,modern,modern-daily-7283195,modern-daily-7283195-2014-07-16
6,1,Dungrove Elder,,Creatures,4,0,Stompy,challinan,59 tix,$ 140,240765,2014-07-16,Modern Daily #7283195,modern,modern-daily-7283195,modern-daily-7283195-2014-07-16
7,4,Leatherback Baloth,,Creatures,4,0,Stompy,challinan,59 tix,$ 140,240765,2014-07-16,Modern Daily #7283195,modern,modern-daily-7283195,modern-daily-7283195-2014-07-16
8,1,"Thrun, the Last Troll",,Creatures,4,0,Stompy,challinan,59 tix,$ 140,240765,2014-07-16,Modern Daily #7283195,modern,modern-daily-7283195,modern-daily-7283195-2014-07-16
10,1,Garruk Relentless,,Planeswalkers,4,0,Stompy,challinan,59 tix,$ 140,240765,2014-07-16,Modern Daily #7283195,modern,modern-daily-7283195,modern-daily-7283195-2014-07-16
11,1,"Garruk, Primal Hunter",,Planeswalkers,4,0,Stompy,challinan,59 tix,$ 140,240765,2014-07-16,Modern Daily #7283195,modern,modern-daily-7283195,modern-daily-7283195-2014-07-16
13,2,Mutagenic Growth,,Spells,4,0,Stompy,challinan,59 tix,$ 140,240765,2014-07-16,Modern Daily #7283195,modern,modern-daily-7283195,modern-daily-7283195-2014-07-16
14,3,Vines of Vastwood,,Spells,4,0,Stompy,challinan,59 tix,$ 140,240765,2014-07-16,Modern Daily #7283195,modern,modern-daily-7283195,modern-daily-7283195-2014-07-16
15,2,Beast Within,,Spells,4,0,Stompy,challinan,59 tix,$ 140,240765,2014-07-16,Modern Daily #7283195,modern,modern-daily-7283195,modern-daily-7283195-2014-07-16
16,2,Dismember,,Spells,4,0,Stompy,challinan,59 tix,$ 140,240765,2014-07-16,Modern Daily #7283195,modern,modern-daily-7283195,modern-daily-7283195-2014-07-16
18,3,Rancor,,Enchantments,4,0,Stompy,challinan,59 tix,$ 140,240765,2014-07-16,Modern Daily #7283195,modern,modern-daily-7283195,modern-daily-7283195-2014-07-16
20,21,Forest,,Lands,4,0,Stompy,challinan,59 tix,$ 140,240765,2014-07-16,Modern Daily #7283195,modern,modern-daily-7283195,modern-daily-7283195-2014-07-16
21,1,Treetop Village,,Lands,4,0,Stompy,challinan,59 tix,$ 140,240765,2014-07-16,Modern Daily #7283195,modern,modern-daily-7283195,modern-daily-7283195-2014-07-16
23,1,Relic of Progenitus,,Sideboard,4,0,Stompy,challinan,59 tix,$ 140,240765,2014-07-16,Modern Daily #7283195,modern,modern-daily-7283195,modern-daily-7283195-2014-07-16
24,2,Back to Nature,,Sideboard,4,0,Stompy,challinan,59 tix,$ 140,240765,2014-07-16,Modern Daily #7283195,modern,modern-daily-7283195,modern-daily-7283195-2014-07-16
25,1,Ratchet Bomb,,Sideboard,4,0,Stompy,challinan,59 tix,$ 140,240765,2014-07-16,Modern Daily #7283195,modern,modern-daily-7283195,modern-daily-7283195-2014-07-16
26,1,Torpor Orb,,Sideboard,4,0,Stompy,challinan,59 tix,$ 140,240765,2014-07-16,Modern Daily #7283195,modern,modern-daily-7283195,modern-daily-7283195-2014-07-16
27,1,Bow of Nylea,,Sideboard,4,0,Stompy,challinan,59 tix,$ 140,240765,2014-07-16,Modern Daily #7283195,modern,modern-daily-7283195,modern-daily-7283195-2014-07-16
28,2,Choke,,Sideboard,4,0,Stompy,challinan,59 tix,$ 140,240765,2014-07-16,Modern Daily #7283195,modern,modern-daily-7283195,modern-daily-7283195-2014-07-16
29,1,Kitchen Finks,,Sideboard,4,0,Stompy,challinan,59 tix,$ 140,240765,2014-07-16,Modern Daily #7283195,modern,modern-daily-7283195,modern-daily-7283195-2014-07-16
30,2,Krosan Grip,,Sideboard,4,0,Stompy,challinan,59 tix,$ 140,240765,2014-07-16,Modern Daily #7283195,modern,modern-daily-7283195,modern-daily-7283195-2014-07-16
31,1,Sword of Light and Shadow,,Sideboard,4,0,Stompy,challinan,59 tix,$ 140,240765,2014-07-16,Modern Daily #7283195,modern,modern-daily-7283195,modern-daily-7283195-2014-07-16
32,1,Creeping Corrosion,,Sideboard,4,0,Stompy,challinan,59 tix,$ 140,240765,2014-07-16,Modern Daily #7283195,modern,modern-daily-7283195,modern-daily-7283195-2014-07-16
33,2,Obstinate Baloth,,Sideboard,4,0,Stompy,challinan,59 tix,$ 140,240765,2014-07-16,Modern Daily #7283195,modern,modern-daily-7283195,modern-daily-7283195-2014-07-16
1,3,Memnite,,Creatures,3,1,Affinity,NakayamaKnight,364 tix,$ 845,240778,2014-07-16,Modern Daily #7283195,modern,modern-daily-7283195,modern-daily-7283195-2014-07-16
2,4,Ornithopter,,Creatures,3,1,Affinity,NakayamaKnight,364 tix,$ 845,240778,2014-07-16,Modern Daily #7283195,modern,modern-daily-7283195,modern-daily-7283195-2014-07-16
3,3,Signal Pest,,Creatures,3,1,Affinity,NakayamaKnight,364 tix,$ 845,240778,2014-07-16,Modern Daily #7283195,modern,modern-daily-7283195,modern-daily-7283195-2014-07-16
4,2,Arcbound Ravager,,Creatures,3,1,Affinity,NakayamaKnight,364 tix,$ 845,240778,2014-07-16,Modern Daily #7283195,modern,modern-daily-7283195,modern-daily-7283195-2014-07-16
5,1,Spellskite,,Creatures,3,1,Affinity,NakayamaKnight,364 tix,$ 845,240778,2014-07-16,Modern Daily #7283195,modern,modern-daily-7283195,modern-daily-7283195-2014-07-16
6,1,Steel Overseer,,Creatures,3,1,Affinity,NakayamaKnight,364 tix,$ 845,240778,2014-07-16,Modern Daily #7283195,modern,modern-daily-7283195,modern-daily-7283195-2014-07-16
7,4,Vault Skirge,,Creatures,3,1,Affinity,NakayamaKnight,364 tix,$ 845,240778,2014-07-16,Modern Daily #7283195,modern,modern-daily-7283195,modern-daily-7283195-2014-07-16
8,3,Etched Champion,,Creatures,3,1,Affinity,NakayamaKnight,364 tix,$ 845,240778,2014-07-16,Modern Daily #7283195,modern,modern-daily-7283195,modern-daily-7283195-2014-07-16
9,3,Master of Etherium,,Creatures,3,1,Affinity,NakayamaKnight,364 tix,$ 845,240778,2014-07-16,Modern Daily #7283195,modern,modern-daily-7283195,modern-daily-7283195-2014-07-16
11,3,"Tezzeret, Agent of Bolas",,Planeswalkers,3,1,Affinity,NakayamaKnight,364 tix,$ 845,240778,2014-07-16,Modern Daily #7283195,modern,modern-daily-7283195,modern-daily-7283195-2014-07-16
13,2,Galvanic Blast,,Spells,3,1,Affinity,NakayamaKnight,364 tix,$ 845,240778,2014-07-16,Modern Daily #7283195,modern,modern-daily-7283195,modern-daily-7283195-2014-07-16
14,2,Thoughtseize,,Spells,3,1,Affinity,NakayamaKnight,364 tix,$ 845,240778,2014-07-16,Modern Daily #7283195,modern,modern-daily-7283195,modern-daily-7283195-2014-07-16
15,1,Thoughtcast,,Spells,3,1,Affinity,NakayamaKnight,364 tix,$ 845,240778,2014-07-16,Modern Daily #7283195,modern,modern-daily-7283195,modern-daily-7283195-2014-07-16
17,4,Mox Opal,,Artifacts,3,1,Affinity,NakayamaKnight,364 tix,$ 845,240778,2014-07-16,Modern Daily #7283195,modern,modern-daily-7283195,modern-daily-7283195-2014-07-16
18,4,Springleaf Drum,,Artifacts,3,1,Affinity,NakayamaKnight,364 tix,$ 845,240778,2014-07-16,Modern Daily #7283195,modern,modern-daily-7283195,modern-daily-7283195-2014-07-16
19,4,Cranial Plating,,Artifacts,3,1,Affinity,NakayamaKnight,364 tix,$ 845,240778,2014-07-16,Modern Daily #7283195,modern,modern-daily-7283195,modern-daily-7283195-2014-07-16
21,4,Blinkmoth Nexus,,Lands,3,1,Affinity,NakayamaKnight,364 tix,$ 845,240778,2014-07-16,Modern Daily #7283195,modern,modern-daily-7283195,modern-daily-7283195-2014-07-16
22,4,Darksteel Citadel,,Lands,3,1,Affinity,NakayamaKnight,364 tix,$ 845,240778,2014-07-16,Modern Daily #7283195,modern,modern-daily-7283195,modern-daily-7283195-2014-07-16
23,3,Glimmervoid,,Lands,3,1,Affinity,NakayamaKnight,364 tix,$ 845,240778,2014-07-16,Modern Daily #7283195,modern,modern-daily-7283195,modern-daily-7283195-2014-07-16
24,1,Shivan Reef,,Lands,3,1,Affinity,NakayamaKnight,364 tix,$ 845,240778,2014-07-16,Modern Daily #7283195,modern,modern-daily-7283195,modern-daily-7283195-2014-07-16
25,1,Sulfurous Springs,,Lands,3,1,Affinity,NakayamaKnight,364 tix,$ 845,240778,2014-07-16,Modern Daily #7283195,modern,modern-daily-7283195,modern-daily-7283195-2014-07-16
26,1,Swamp,,Lands,3,1,Affinity,NakayamaKnight,364 tix,$ 845,240778,2014-07-16,Modern Daily #7283195,modern,modern-daily-7283195,modern-daily-7283195-2014-07-16
27,2,Underground River,,Lands,3,1,Affinity,NakayamaKnight,364 tix,$ 845,240778,2014-07-16,Modern Daily #7283195,modern,modern-daily-7283195,modern-daily-7283195-2014-07-16
29,2,Slaughter Pact,,Sideboard,3,1,Affinity,NakayamaKnight,364 tix,$ 845,240778,2014-07-16,Modern Daily #7283195,modern,modern-daily-7283195,modern-daily-7283195-2014-07-16
30,1,Grafdigger's Cage,,Sideboard,3,1,Affinity,NakayamaKnight,364 tix,$ 845,240778,2014-07-16,Modern Daily #7283195,modern,modern-daily-7283195,modern-daily-7283195-2014-07-16
31,1,Illness in the Ranks,,Sideboard,3,1,Affinity,NakayamaKnight,364 tix,$ 845,240778,2014-07-16,Modern Daily #7283195,modern,modern-daily-7283195,modern-daily-7283195-2014-07-16
32,3,Relic of Progenitus,,Sideboard,3,1,Affinity,NakayamaKnight,364 tix,$ 845,240778,2014-07-16,Modern Daily #7283195,modern,modern-daily-7283195,modern-daily-7283195-2014-07-16
33,1,Spell Pierce,,Sideboard,3,1,Affinity,NakayamaKnight,364 tix,$ 845,240778,2014-07-16,Modern Daily #7283195,modern,modern-daily-7283195,modern-daily-7283195-2014-07-16
34,2,Thoughtseize,,Sideboard,3,1,Affinity,NakayamaKnight,364 tix,$ 845,240778,2014-07-16,Modern Daily #7283195,modern,modern-daily-7283195,modern-daily-7283195-2014-07-16
35,2,Ancient Grudge,,Sideboard,3,1,Affinity,NakayamaKnight,364 tix,$ 845,240778,2014-07-16,Modern Daily #7283195,modern,modern-daily-7283195,modern-daily-7283195-2014-07-16
36,2,Torpor Orb,,Sideboard,3,1,Affinity,NakayamaKnight,364 tix,$ 845,240778,2014-07-16,Modern Daily #7283195,modern,modern-daily-7283195,modern-daily-7283195-2014-07-16
37,1,Blood Moon,,Sideboard,3,1,Affinity,NakayamaKnight,364 tix,$ 845,240778,2014-07-16,Modern Daily #7283195,modern,modern-daily-7283195,modern-daily-7283195-2014-07-16
1,2,Memnite,,Creatures,3,1,Affinity,WhiteStripe,400 tix,$ 968,240785,2014-07-16,Modern Daily #7283195,modern,modern-daily-7283195,modern-daily-7283195-2014-07-16
2,4,Ornithopter,,Creatures,3,1,Affinity,WhiteStripe,400 tix,$ 968,240785,2014-07-16,Modern Daily #7283195,modern,modern-daily-7283195,modern-daily-7283195-2014-07-16
3,4,Signal Pest,,Creatures,3,1,Affinity,WhiteStripe,400 tix,$ 968,240785,2014-07-16,Modern Daily #7283195,modern,modern-daily-7283195,modern-daily-7283195-2014-07-16
4,4,Arcbound Ravager,,Creatures,3,1,Affinity,WhiteStripe,400 tix,$ 968,240785,2014-07-16,Modern Daily #7283195,modern,modern-daily-7283195,modern-daily-7283195-2014-07-16
5,4,Steel Overseer,,Creatures,3,1,Affinity,WhiteStripe,400 tix,$ 968,240785,2014-07-16,Modern Daily #7283195,modern,modern-daily-7283195,modern-daily-7283195-2014-07-16
6,4,Vault Skirge,,Creatures,3,1,Affinity,WhiteStripe,400 tix,$ 968,240785,2014-07-16,Modern Daily #7283195,modern,modern-daily-7283195,modern-daily-7283195-2014-07-16
7,3,Etched Champion,,Creatures,3,1,Affinity,WhiteStripe,400 tix,$ 968,240785,2014-07-16,Modern Daily #7283195,modern,modern-daily-7283195,modern-daily-7283195-2014-07-16
8,1,Master of Etherium,,Creatures,3,1,Affinity,WhiteStripe,400 tix,$ 968,240785,2014-07-16,Modern Daily #7283195,modern,modern-daily-7283195,modern-daily-7283195-2014-07-16
10,2,Thoughtseize,,Spells,3,1,Affinity,WhiteStripe,400 tix,$ 968,240785,2014-07-16,Modern Daily #7283195,modern,modern-daily-7283195,modern-daily-7283195-2014-07-16
11,2,Thoughtcast,,Spells,3,1,Affinity,WhiteStripe,400 tix,$ 968,240785,2014-07-16,Modern Daily #7283195,modern,modern-daily-7283195,modern-daily-7283195-2014-07-16
13,4,Mox Opal,,Artifacts,3,1,Affinity,WhiteStripe,400 tix,$ 968,240785,2014-07-16,Modern Daily #7283195,modern,modern-daily-7283195,modern-daily-7283195-2014-07-16
14,1,Welding Jar,,Artifacts,3,1,Affinity,WhiteStripe,400 tix,$ 968,240785,2014-07-16,Modern Daily #7283195,modern,modern-daily-7283195,modern-daily-7283195-2014-07-16
15,4,Springleaf Drum,,Artifacts,3,1,Affinity,WhiteStripe,400 tix,$ 968,240785,2014-07-16,Modern Daily #7283195,modern,modern-daily-7283195,modern-daily-7283195-2014-07-16
16,4,Cranial Plating,,Artifacts,3,1,Affinity,WhiteStripe,400 tix,$ 968,240785,2014-07-16,Modern Daily #7283195,modern,modern-daily-7283195,modern-daily-7283195-2014-07-16
18,4,Blinkmoth Nexus,,Lands,3,1,Affinity,WhiteStripe,400 tix,$ 968,240785,2014-07-16,Modern Daily #7283195,modern,modern-daily-7283195,modern-daily-7283195-2014-07-16
19,4,Darksteel Citadel,,Lands,3,1,Affinity,WhiteStripe,400 tix,$ 968,240785,2014-07-16,Modern Daily #7283195,modern,modern-daily-7283195,modern-daily-7283195-2014-07-16
20,4,Glimmervoid,,Lands,3,1,Affinity,WhiteStripe,400 tix,$ 968,240785,2014-07-16,Modern Daily #7283195,modern,modern-daily-7283195,modern-daily-7283195-2014-07-16
21,4,Inkmoth Nexus,,Lands,3,1,Affinity,WhiteStripe,400 tix,$ 968,240785,2014-07-16,Modern Daily #7283195,modern,modern-daily-7283195,modern-daily-7283195-2014-07-16
22,1,Island,,Lands,3,1,Affinity,WhiteStripe,400 tix,$ 968,240785,2014-07-16,Modern Daily #7283195,modern,modern-daily-7283195,modern-daily-7283195-2014-07-16
24,1,Tormod's Crypt,,Sideboard,3,1,Affinity,WhiteStripe,400 tix,$ 968,240785,2014-07-16,Modern Daily #7283195,modern,modern-daily-7283195,modern-daily-7283195-2014-07-16
25,1,Grafdigger's Cage,,Sideboard,3,1,Affinity,WhiteStripe,400 tix,$ 968,240785,2014-07-16,Modern Daily #7283195,modern,modern-daily-7283195,modern-daily-7283195-2014-07-16
26,1,Gut Shot,,Sideboard,3,1,Affinity,WhiteStripe,400 tix,$ 968,240785,2014-07-16,Modern Daily #7283195,modern,modern-daily-7283195,modern-daily-7283195-2014-07-16
27,1,Thoughtseize,,Sideboard,3,1,Affinity,WhiteStripe,400 tix,$ 968,240785,2014-07-16,Modern Daily #7283195,modern,modern-daily-7283195,modern-daily-7283195-2014-07-16
28,2,Ancient Grudge,,Sideboard,3,1,Affinity,WhiteStripe,400 tix,$ 968,240785,2014-07-16,Modern Daily #7283195,modern,modern-daily-7283195,modern-daily-7283195-2014-07-16
29,2,Spellskite,,Sideboard,3,1,Affinity,WhiteStripe,400 tix,$ 968,240785,2014-07-16,Modern Daily #7283195,modern,modern-daily-7283195,modern-daily-7283195-2014-07-16
30,2,Whipflare,,Sideboard,3,1,Affinity,WhiteStripe,400 tix,$ 968,240785,2014-07-16,Modern Daily #7283195,modern,modern-daily-7283195,modern-daily-7283195-2014-07-16
31,1,Blood Moon,,Sideboard,3,1,Affinity,WhiteStripe,400 tix,$ 968,240785,2014-07-16,Modern Daily #7283195,modern,modern-daily-7283195,modern-daily-7283195-2014-07-16
32,1,Dismember,,Sideboard,3,1,Affinity,WhiteStripe,400 tix,$ 968,240785,2014-07-16,Modern Daily #7283195,modern,modern-daily-7283195,modern-daily-7283195-2014-07-16
33,1,Etched Champion,,Sideboard,3,1,Affinity,WhiteStripe,400 tix,$ 968,240785,2014-07-16,Modern Daily #7283195,modern,modern-daily-7283195,modern-daily-7283195-2014-07-16
34,1,Master of Etherium,,Sideboard,3,1,Affinity,WhiteStripe,400 tix,$ 968,240785,2014-07-16,Modern Daily #7283195,modern,modern-daily-7283195,modern-daily-7283195-2014-07-16
35,1,Rule of Law,,Sideboard,3,1,Affinity,WhiteStripe,400 tix,$ 968,240785,2014-07-16,Modern Daily #7283195,modern,modern-daily-7283195,modern-daily-7283195-2014-07-16
1,2,Memnite,,Creatures,3,1,Affinity,djbmppwns,331 tix,$ 821,240793,2014-07-16,Modern Daily #7283195,modern,modern-daily-7283195,modern-daily-7283195-2014-07-16
2,4,Ornithopter,,Creatures,3,1,Affinity,djbmppwns,331 tix,$ 821,240793,2014-07-16,Modern Daily #7283195,modern,modern-daily-7283195,modern-daily-7283195-2014-07-16
3,4,Signal Pest,,Creatures,3,1,Affinity,djbmppwns,331 tix,$ 821,240793,2014-07-16,Modern Daily #7283195,modern,modern-daily-7283195,modern-daily-7283195-2014-07-16
4,4,Arcbound Ravager,,Creatures,3,1,Affinity,djbmppwns,331 tix,$ 821,240793,2014-07-16,Modern Daily #7283195,modern,modern-daily-7283195,modern-daily-7283195-2014-07-16
5,1,Spellskite,,Creatures,3,1,Affinity,djbmppwns,331 tix,$ 821,240793,2014-07-16,Modern Daily #7283195,modern,modern-daily-7283195,modern-daily-7283195-2014-07-16
6,3,Steel Overseer,,Creatures,3,1,Affinity,djbmppwns,331 tix,$ 821,240793,2014-07-16,Modern Daily #7283195,modern,modern-daily-7283195,modern-daily-7283195-2014-07-16
7,4,Vault Skirge,,Creatures,3,1,Affinity,djbmppwns,331 tix,$ 821,240793,2014-07-16,Modern Daily #7283195,modern,modern-daily-7283195,modern-daily-7283195-2014-07-16
8,3,Etched Champion,,Creatures,3,1,Affinity,djbmppwns,331 tix,$ 821,240793,2014-07-16,Modern Daily #7283195,modern,modern-daily-7283195,modern-daily-7283195-2014-07-16
9,2,Master of Etherium,,Creatures,3,1,Affinity,djbmppwns,331 tix,$ 821,240793,2014-07-16,Modern Daily #7283195,modern,modern-daily-7283195,modern-daily-7283195-2014-07-16
11,3,Galvanic Blast,,Spells,3,1,Affinity,djbmppwns,331 tix,$ 821,240793,2014-07-16,Modern Daily #7283195,modern,modern-daily-7283195,modern-daily-7283195-2014-07-16
12,2,Thoughtcast,,Spells,3,1,Affinity,djbmppwns,331 tix,$ 821,240793,2014-07-16,Modern Daily #7283195,modern,modern-daily-7283195,modern-daily-7283195-2014-07-16
14,3,Mox Opal,,Artifacts,3,1,Affinity,djbmppwns,331 tix,$ 821,240793,2014-07-16,Modern Daily #7283195,modern,modern-daily-7283195,modern-daily-7283195-2014-07-16
15,4,Springleaf Drum,,Artifacts,3,1,Affinity,djbmppwns,331 tix,$ 821,240793,2014-07-16,Modern Daily #7283195,modern,modern-daily-7283195,modern-daily-7283195-2014-07-16
16,4,Cranial Plating,,Artifacts,3,1,Affinity,djbmppwns,331 tix,$ 821,240793,2014-07-16,Modern Daily #7283195,modern,modern-daily-7283195,modern-daily-7283195-2014-07-16
18,4,Blinkmoth Nexus,,Lands,3,1,Affinity,djbmppwns,331 tix,$ 821,240793,2014-07-16,Modern Daily #7283195,modern,modern-daily-7283195,modern-daily-7283195-2014-07-16
19,4,Darksteel Citadel,,Lands,3,1,Affinity,djbmppwns,331 tix,$ 821,240793,2014-07-16,Modern Daily #7283195,modern,modern-daily-7283195,modern-daily-7283195-2014-07-16
20,3,Glimmervoid,,Lands,3,1,Affinity,djbmppwns,331 tix,$ 821,240793,2014-07-16,Modern Daily #7283195,modern,modern-daily-7283195,modern-daily-7283195-2014-07-16
21,4,Inkmoth Nexus,,Lands,3,1,Affinity,djbmppwns,331 tix,$ 821,240793,2014-07-16,Modern Daily #7283195,modern,modern-daily-7283195,modern-daily-7283195-2014-07-16
22,1,Island,,Lands,3,1,Affinity,djbmppwns,331 tix,$ 821,240793,2014-07-16,Modern Daily #7283195,modern,modern-daily-7283195,modern-daily-7283195-2014-07-16
23,1,Mountain,,Lands,3,1,Affinity,djbmppwns,331 tix,$ 821,240793,2014-07-16,Modern Daily #7283195,modern,modern-daily-7283195,modern-daily-7283195-2014-07-16
25,1,Tormod's Crypt,,Sideboard,3,1,Affinity,djbmppwns,331 tix,$ 821,240793,2014-07-16,Modern Daily #7283195,modern,modern-daily-7283195,modern-daily-7283195-2014-07-16
26,1,Wear & Tear,,Sideboard,3,1,Affinity,djbmppwns,331 tix,$ 821,240793,2014-07-16,Modern Daily #7283195,modern,modern-daily-7283195,modern-daily-7283195-2014-07-16
27,1,Grafdigger's Cage,,Sideboard,3,1,Affinity,djbmppwns,331 tix,$ 821,240793,2014-07-16,Modern Daily #7283195,modern,modern-daily-7283195,modern-daily-7283195-2014-07-16
28,1,Illness in the Ranks,,Sideboard,3,1,Affinity,djbmppwns,331 tix,$ 821,240793,2014-07-16,Modern Daily #7283195,modern,modern-daily-7283195,modern-daily-7283195-2014-07-16
29,1,Swan Song,,Sideboard,3,1,Affinity,djbmppwns,331 tix,$ 821,240793,2014-07-16,Modern Daily #7283195,modern,modern-daily-7283195,modern-daily-7283195-2014-07-16
30,2,Thoughtseize,,Sideboard,3,1,Affinity,djbmppwns,331 tix,$ 821,240793,2014-07-16,Modern Daily #7283195,modern,modern-daily-7283195,modern-daily-7283195-2014-07-16
31,2,Ancient Grudge,,Sideboard,3,1,Affinity,djbmppwns,331 tix,$ 821,240793,2014-07-16,Modern Daily #7283195,modern,modern-daily-7283195,modern-daily-7283195-2014-07-16
32,1,Spellskite,,Sideboard,3,1,Affinity,djbmppwns,331 tix,$ 821,240793,2014-07-16,Modern Daily #7283195,modern,modern-daily-7283195,modern-daily-7283195-2014-07-16
33,1,Torpor Orb,,Sideboard,3,1,Affinity,djbmppwns,331 tix,$ 821,240793,2014-07-16,Modern Daily #7283195,modern,modern-daily-7283195,modern-daily-7283195-2014-07-16
34,1,Whipflare,,Sideboard,3,1,Affinity,djbmppwns,331 tix,$ 821,240793,2014-07-16,Modern Daily #7283195,modern,modern-daily-7283195,modern-daily-7283195-2014-07-16
35,1,Blood Moon,,Sideboard,3,1,Affinity,djbmppwns,331 tix,$ 821,240793,2014-07-16,Modern Daily #7283195,modern,modern-daily-7283195,modern-daily-7283195-2014-07-16
36,1,Dismember,,Sideboard,3,1,Affinity,djbmppwns,331 tix,$ 821,240793,2014-07-16,Modern Daily #7283195,modern,modern-daily-7283195,modern-daily-7283195-2014-07-16
37,1,Etched Champion,,Sideboard,3,1,Affinity,djbmppwns,331 tix,$ 821,240793,2014-07-16,Modern Daily #7283195,modern,modern-daily-7283195,modern-daily-7283195-2014-07-16
1,2,Memnite,,Creatures,3,1,Affinity,Simo94,378 tix,$ 915,240797,2014-07-16,Modern Daily #7283195,modern,modern-daily-7283195,modern-daily-7283195-2014-07-16
2,4,Ornithopter,,Creatures,3,1,Affinity,Simo94,378 tix,$ 915,240797,2014-07-16,Modern Daily #7283195,modern,modern-daily-7283195,modern-daily-7283195-2014-07-16
3,4,Signal Pest,,Creatures,3,1,Affinity,Simo94,378 tix,$ 915,240797,2014-07-16,Modern Daily #7283195,modern,modern-daily-7283195,modern-daily-7283195-2014-07-16
4,4,Arcbound Ravager,,Creatures,3,1,Affinity,Simo94,378 tix,$ 915,240797,2014-07-16,Modern Daily #7283195,modern,modern-daily-7283195,modern-daily-7283195-2014-07-16
5,4,Steel Overseer,,Creatures,3,1,Affinity,Simo94,378 tix,$ 915,240797,2014-07-16,Modern Daily #7283195,modern,modern-daily-7283195,modern-daily-7283195-2014-07-16
6,4,Vault Skirge,,Creatures,3,1,Affinity,Simo94,378 tix,$ 915,240797,2014-07-16,Modern Daily #7283195,modern,modern-daily-7283195,modern-daily-7283195-2014-07-16
7,2,Etched Champion,,Creatures,3,1,Affinity,Simo94,378 tix,$ 915,240797,2014-07-16,Modern Daily #7283195,modern,modern-daily-7283195,modern-daily-7283195-2014-07-16
8,2,Master of Etherium,,Creatures,3,1,Affinity,Simo94,378 tix,$ 915,240797,2014-07-16,Modern Daily #7283195,modern,modern-daily-7283195,modern-daily-7283195-2014-07-16
10,3,Galvanic Blast,,Spells,3,1,Affinity,Simo94,378 tix,$ 915,240797,2014-07-16,Modern Daily #7283195,modern,modern-daily-7283195,modern-daily-7283195-2014-07-16
11,2,Thoughtcast,,Spells,3,1,Affinity,Simo94,378 tix,$ 915,240797,2014-07-16,Modern Daily #7283195,modern,modern-daily-7283195,modern-daily-7283195-2014-07-16
13,4,Mox Opal,,Artifacts,3,1,Affinity,Simo94,378 tix,$ 915,240797,2014-07-16,Modern Daily #7283195,modern,modern-daily-7283195,modern-daily-7283195-2014-07-16
14,1,Welding Jar,,Artifacts,3,1,Affinity,Simo94,378 tix,$ 915,240797,2014-07-16,Modern Daily #7283195,modern,modern-daily-7283195,modern-daily-7283195-2014-07-16
15,4,Springleaf Drum,,Artifacts,3,1,Affinity,Simo94,378 tix,$ 915,240797,2014-07-16,Modern Daily #7283195,modern,modern-daily-7283195,modern-daily-7283195-2014-07-16
16,4,Cranial Plating,,Artifacts,3,1,Affinity,Simo94,378 tix,$ 915,240797,2014-07-16,Modern Daily #7283195,modern,modern-daily-7283195,modern-daily-7283195-2014-07-16
18,4,Blinkmoth Nexus,,Lands,3,1,Affinity,Simo94,378 tix,$ 915,240797,2014-07-16,Modern Daily #7283195,modern,modern-daily-7283195,modern-daily-7283195-2014-07-16
19,4,Darksteel Citadel,,Lands,3,1,Affinity,Simo94,378 tix,$ 915,240797,2014-07-16,Modern Daily #7283195,modern,modern-daily-7283195,modern-daily-7283195-2014-07-16
20,3,Glimmervoid,,Lands,3,1,Affinity,Simo94,378 tix,$ 915,240797,2014-07-16,Modern Daily #7283195,modern,modern-daily-7283195,modern-daily-7283195-2014-07-16
21,4,Inkmoth Nexus,,Lands,3,1,Affinity,Simo94,378 tix,$ 915,240797,2014-07-16,Modern Daily #7283195,modern,modern-daily-7283195,modern-daily-7283195-2014-07-16
22,1,Island,,Lands,3,1,Affinity,Simo94,378 tix,$ 915,240797,2014-07-16,Modern Daily #7283195,modern,modern-daily-7283195,modern-daily-7283195-2014-07-16
24,1,Grafdigger's Cage,,Sideboard,3,1,Affinity,Simo94,378 tix,$ 915,240797,2014-07-16,Modern Daily #7283195,modern,modern-daily-7283195,modern-daily-7283195-2014-07-16
25,2,Spell Pierce,,Sideboard,3,1,Affinity,Simo94,378 tix,$ 915,240797,2014-07-16,Modern Daily #7283195,modern,modern-daily-7283195,modern-daily-7283195-2014-07-16
26,2,Thoughtseize,,Sideboard,3,1,Affinity,Simo94,378 tix,$ 915,240797,2014-07-16,Modern Daily #7283195,modern,modern-daily-7283195,modern-daily-7283195-2014-07-16
27,3,Ancient Grudge,,Sideboard,3,1,Affinity,Simo94,378 tix,$ 915,240797,2014-07-16,Modern Daily #7283195,modern,modern-daily-7283195,modern-daily-7283195-2014-07-16
28,2,Spellskite,,Sideboard,3,1,Affinity,Simo94,378 tix,$ 915,240797,2014-07-16,Modern Daily #7283195,modern,modern-daily-7283195,modern-daily-7283195-2014-07-16
29,1,Torpor Orb,,Sideboard,3,1,Affinity,Simo94,378 tix,$ 915,240797,2014-07-16,Modern Daily #7283195,modern,modern-daily-7283195,modern-daily-7283195-2014-07-16
30,1,Whipflare,,Sideboard,3,1,Affinity,Simo94,378 tix,$ 915,240797,2014-07-16,Modern Daily #7283195,modern,modern-daily-7283195,modern-daily-7283195-2014-07-16
31,1,Dismember,,Sideboard,3,1,Affinity,Simo94,378 tix,$ 915,240797,2014-07-16,Modern Daily #7283195,modern,modern-daily-7283195,modern-daily-7283195-2014-07-16
32,2,Etched Champion,,Sideboard,3,1,Affinity,Simo94,378 tix,$ 915,240797,2014-07-16,Modern Daily #7283195,modern,modern-daily-7283195,modern-daily-7283195-2014-07-16
1,4,Goblin Guide,,Creatures,3,1,Boros Burn,AndersSW,49 tix,$ 302,240773,2014-07-16,Modern Daily #7283195,modern,modern-daily-7283195,modern-daily-7283195-2014-07-16
3,4,Lava Spike,,Spells,3,1,Boros Burn,AndersSW,49 tix,$ 302,240773,2014-07-16,Modern Daily #7283195,modern,modern-daily-7283195,modern-daily-7283195-2014-07-16
4,4,Lightning Bolt,,Spells,3,1,Boros Burn,AndersSW,49 tix,$ 302,240773,2014-07-16,Modern Daily #7283195,modern,modern-daily-7283195,modern-daily-7283195-2014-07-16
5,4,Shard Volley,,Spells,3,1,Boros Burn,AndersSW,49 tix,$ 302,240773,2014-07-16,Modern Daily #7283195,modern,modern-daily-7283195,modern-daily-7283195-2014-07-16
6,4,Boros Charm,,Spells,3,1,Boros Burn,AndersSW,49 tix,$ 302,240773,2014-07-16,Modern Daily #7283195,modern,modern-daily-7283195,modern-daily-7283195-2014-07-16
7,4,Lightning Helix,,Spells,3,1,Boros Burn,AndersSW,49 tix,$ 302,240773,2014-07-16,Modern Daily #7283195,modern,modern-daily-7283195,modern-daily-7283195-2014-07-16
8,4,Searing Blaze,,Spells,3,1,Boros Burn,AndersSW,49 tix,$ 302,240773,2014-07-16,Modern Daily #7283195,modern,modern-daily-7283195,modern-daily-7283195-2014-07-16
9,4,Skullcrack,,Spells,3,1,Boros Burn,AndersSW,49 tix,$ 302,240773,2014-07-16,Modern Daily #7283195,modern,modern-daily-7283195,modern-daily-7283195-2014-07-16
10,4,Flames of the Blood Hand,,Spells,3,1,Boros Burn,AndersSW,49 tix,$ 302,240773,2014-07-16,Modern Daily #7283195,modern,modern-daily-7283195,modern-daily-7283195-2014-07-16
11,4,Rift Bolt,,Spells,3,1,Boros Burn,AndersSW,49 tix,$ 302,240773,2014-07-16,Modern Daily #7283195,modern,modern-daily-7283195,modern-daily-7283195-2014-07-16
13,1,Arid Mesa,,Lands,3,1,Boros Burn,AndersSW,49 tix,$ 302,240773,2014-07-16,Modern Daily #7283195,modern,modern-daily-7283195,modern-daily-7283195-2014-07-16
14,3,Battlefield Forge,,Lands,3,1,Boros Burn,AndersSW,49 tix,$ 302,240773,2014-07-16,Modern Daily #7283195,modern,modern-daily-7283195,modern-daily-7283195-2014-07-16
15,4,Clifftop Retreat,,Lands,3,1,Boros Burn,AndersSW,49 tix,$ 302,240773,2014-07-16,Modern Daily #7283195,modern,modern-daily-7283195,modern-daily-7283195-2014-07-16
16,8,Mountain,,Lands,3,1,Boros Burn,AndersSW,49 tix,$ 302,240773,2014-07-16,Modern Daily #7283195,modern,modern-daily-7283195,modern-daily-7283195-2014-07-16
17,4,Sacred Foundry,,Lands,3,1,Boros Burn,AndersSW,49 tix,$ 302,240773,2014-07-16,Modern Daily #7283195,modern,modern-daily-7283195,modern-daily-7283195-2014-07-16
19,2,Combust,,Sideboard,3,1,Boros Burn,AndersSW,49 tix,$ 302,240773,2014-07-16,Modern Daily #7283195,modern,modern-daily-7283195,modern-daily-7283195-2014-07-16
20,2,Dragon's Claw,,Sideboard,3,1,Boros Burn,AndersSW,49 tix,$ 302,240773,2014-07-16,Modern Daily #7283195,modern,modern-daily-7283195,modern-daily-7283195-2014-07-16
21,3,Searing Blood,,Sideboard,3,1,Boros Burn,AndersSW,49 tix,$ 302,240773,2014-07-16,Modern Daily #7283195,modern,modern-daily-7283195,modern-daily-7283195-2014-07-16
22,4,Smash to Smithereens,,Sideboard,3,1,Boros Burn,AndersSW,49 tix,$ 302,240773,2014-07-16,Modern Daily #7283195,modern,modern-daily-7283195,modern-daily-7283195-2014-07-16
23,2,Sudden Shock,,Sideboard,3,1,Boros Burn,AndersSW,49 tix,$ 302,240773,2014-07-16,Modern Daily #7283195,modern,modern-daily-7283195,modern-daily-7283195-2014-07-16
24,2,Tempest of Light,,Sideboard,3,1,Boros Burn,AndersSW,49 tix,$ 302,240773,2014-07-16,Modern Daily #7283195,modern,modern-daily-7283195,modern-daily-7283195-2014-07-16
1,4,Goblin Guide,,Creatures,3,1,Burn,Hocking,88 tix,$ 255,240772,2014-07-16,Modern Daily #7283195,modern,modern-daily-7283195,modern-daily-7283195-2014-07-16
2,2,Spark Elemental,,Creatures,3,1,Burn,Hocking,88 tix,$ 255,240772,2014-07-16,Modern Daily #7283195,modern,modern-daily-7283195,modern-daily-7283195-2014-07-16
3,4,Eidolon of the Great Revel,,Creatures,3,1,Burn,Hocking,88 tix,$ 255,240772,2014-07-16,Modern Daily #7283195,modern,modern-daily-7283195,modern-daily-7283195-2014-07-16
4,4,Hellspark Elemental,,Creatures,3,1,Burn,Hocking,88 tix,$ 255,240772,2014-07-16,Modern Daily #7283195,modern,modern-daily-7283195,modern-daily-7283195-2014-07-16
6,4,Lava Spike,,Spells,3,1,Burn,Hocking,88 tix,$ 255,240772,2014-07-16,Modern Daily #7283195,modern,modern-daily-7283195,modern-daily-7283195-2014-07-16
7,4,Lightning Bolt,,Spells,3,1,Burn,Hocking,88 tix,$ 255,240772,2014-07-16,Modern Daily #7283195,modern,modern-daily-7283195,modern-daily-7283195-2014-07-16
8,3,Shard Volley,,Spells,3,1,Burn,Hocking,88 tix,$ 255,240772,2014-07-16,Modern Daily #7283195,modern,modern-daily-7283195,modern-daily-7283195-2014-07-16
9,4,Searing Blaze,,Spells,3,1,Burn,Hocking,88 tix,$ 255,240772,2014-07-16,Modern Daily #7283195,modern,modern-daily-7283195,modern-daily-7283195-2014-07-16
10,4,Skullcrack,,Spells,3,1,Burn,Hocking,88 tix,$ 255,240772,2014-07-16,Modern Daily #7283195,modern,modern-daily-7283195,modern-daily-7283195-2014-07-16
11,4,Flames of the Blood Hand,,Spells,3,1,Burn,Hocking,88 tix,$ 255,240772,2014-07-16,Modern Daily #7283195,modern,modern-daily-7283195,modern-daily-7283195-2014-07-16
12,4,Rift Bolt,,Spells,3,1,Burn,Hocking,88 tix,$ 255,240772,2014-07-16,Modern Daily #7283195,modern,modern-daily-7283195,modern-daily-7283195-2014-07-16
14,19,Mountain,,Lands,3,1,Burn,Hocking,88 tix,$ 255,240772,2014-07-16,Modern Daily #7283195,modern,modern-daily-7283195,modern-daily-7283195-2014-07-16
16,2,Relic of Progenitus,,Sideboard,3,1,Burn,Hocking,88 tix,$ 255,240772,2014-07-16,Modern Daily #7283195,modern,modern-daily-7283195,modern-daily-7283195-2014-07-16
17,4,Shattering Spree,,Sideboard,3,1,Burn,Hocking,88 tix,$ 255,240772,2014-07-16,Modern Daily #7283195,modern,modern-daily-7283195,modern-daily-7283195-2014-07-16
18,2,Combust,,Sideboard,3,1,Burn,Hocking,88 tix,$ 255,240772,2014-07-16,Modern Daily #7283195,modern,modern-daily-7283195,modern-daily-7283195-2014-07-16
19,2,Dragon's Claw,,Sideboard,3,1,Burn,Hocking,88 tix,$ 255,240772,2014-07-16,Modern Daily #7283195,modern,modern-daily-7283195,modern-daily-7283195-2014-07-16
20,2,Pyroclasm,,Sideboard,3,1,Burn,Hocking,88 tix,$ 255,240772,2014-07-16,Modern Daily #7283195,modern,modern-daily-7283195,modern-daily-7283195-2014-07-16
21,1,Smash to Smithereens,,Sideboard,3,1,Burn,Hocking,88 tix,$ 255,240772,2014-07-16,Modern Daily #7283195,modern,modern-daily-7283195,modern-daily-7283195-2014-07-16
22,2,Molten Rain,,Sideboard,3,1,Burn,Hocking,88 tix,$ 255,240772,2014-07-16,Modern Daily #7283195,modern,modern-daily-7283195,modern-daily-7283195-2014-07-16
1,4,Goblin Guide,,Creatures,3,1,Burn,bigdunka,82 tix,$ 196,240780,2014-07-16,Modern Daily #7283195,modern,modern-daily-7283195,modern-daily-7283195-2014-07-16
2,4,Eidolon of the Great Revel,,Creatures,3,1,Burn,bigdunka,82 tix,$ 196,240780,2014-07-16,Modern Daily #7283195,modern,modern-daily-7283195,modern-daily-7283195-2014-07-16
3,4,Hellspark Elemental,,Creatures,3,1,Burn,bigdunka,82 tix,$ 196,240780,2014-07-16,Modern Daily #7283195,modern,modern-daily-7283195,modern-daily-7283195-2014-07-16
5,4,Lava Spike,,Spells,3,1,Burn,bigdunka,82 tix,$ 196,240780,2014-07-16,Modern Daily #7283195,modern,modern-daily-7283195,modern-daily-7283195-2014-07-16
6,4,Lightning Bolt,,Spells,3,1,Burn,bigdunka,82 tix,$ 196,240780,2014-07-16,Modern Daily #7283195,modern,modern-daily-7283195,modern-daily-7283195-2014-07-16
7,3,Shard Volley,,Spells,3,1,Burn,bigdunka,82 tix,$ 196,240780,2014-07-16,Modern Daily #7283195,modern,modern-daily-7283195,modern-daily-7283195-2014-07-16
8,2,Magma Jet,,Spells,3,1,Burn,bigdunka,82 tix,$ 196,240780,2014-07-16,Modern Daily #7283195,modern,modern-daily-7283195,modern-daily-7283195-2014-07-16
9,3,Searing Blaze,,Spells,3,1,Burn,bigdunka,82 tix,$ 196,240780,2014-07-16,Modern Daily #7283195,modern,modern-daily-7283195,modern-daily-7283195-2014-07-16
10,4,Skullcrack,,Spells,3,1,Burn,bigdunka,82 tix,$ 196,240780,2014-07-16,Modern Daily #7283195,modern,modern-daily-7283195,modern-daily-7283195-2014-07-16
11,4,Flames of the Blood Hand,,Spells,3,1,Burn,bigdunka,82 tix,$ 196,240780,2014-07-16,Modern Daily #7283195,modern,modern-daily-7283195,modern-daily-7283195-2014-07-16
12,4,Rift Bolt,,Spells,3,1,Burn,bigdunka,82 tix,$ 196,240780,2014-07-16,Modern Daily #7283195,modern,modern-daily-7283195,modern-daily-7283195-2014-07-16
14,20,Mountain,,Lands,3,1,Burn,bigdunka,82 tix,$ 196,240780,2014-07-16,Modern Daily #7283195,modern,modern-daily-7283195,modern-daily-7283195-2014-07-16
16,2,Relic of Progenitus,,Sideboard,3,1,Burn,bigdunka,82 tix,$ 196,240780,2014-07-16,Modern Daily #7283195,modern,modern-daily-7283195,modern-daily-7283195-2014-07-16
17,3,Combust,,Sideboard,3,1,Burn,bigdunka,82 tix,$ 196,240780,2014-07-16,Modern Daily #7283195,modern,modern-daily-7283195,modern-daily-7283195-2014-07-16
18,2,Dragon's Claw,,Sideboard,3,1,Burn,bigdunka,82 tix,$ 196,240780,2014-07-16,Modern Daily #7283195,modern,modern-daily-7283195,modern-daily-7283195-2014-07-16
19,2,Searing Blood,,Sideboard,3,1,Burn,bigdunka,82 tix,$ 196,240780,2014-07-16,Modern Daily #7283195,modern,modern-daily-7283195,modern-daily-7283195-2014-07-16
20,3,Smash to Smithereens,,Sideboard,3,1,Burn,bigdunka,82 tix,$ 196,240780,2014-07-16,Modern Daily #7283195,modern,modern-daily-7283195,modern-daily-7283195-2014-07-16
21,3,Molten Rain,,Sideboard,3,1,Burn,bigdunka,82 tix,$ 196,240780,2014-07-16,Modern Daily #7283195,modern,modern-daily-7283195,modern-daily-7283195-2014-07-16
1,4,Noble Hierarch,,Creatures,3,1,GW Hatebears,CharlieTheBananaKing,432 tix,$ 803,240775,2014-07-16,Modern Daily #7283195,modern,modern-daily-7283195,modern-daily-7283195-2014-07-16
2,4,Leonin Arbiter,,Creatures,3,1,GW Hatebears,CharlieTheBananaKing,432 tix,$ 803,240775,2014-07-16,Modern Daily #7283195,modern,modern-daily-7283195,modern-daily-7283195-2014-07-16
3,3,Scavenging Ooze,,Creatures,3,1,GW Hatebears,CharlieTheBananaKing,432 tix,$ 803,240775,2014-07-16,Modern Daily #7283195,modern,modern-daily-7283195,modern-daily-7283195-2014-07-16
4,3,"Thalia, Guardian of Thraben",,Creatures,3,1,GW Hatebears,CharlieTheBananaKing,432 tix,$ 803,240775,2014-07-16,Modern Daily #7283195,modern,modern-daily-7283195,modern-daily-7283195-2014-07-16
5,3,Aven Mindcensor,,Creatures,3,1,GW Hatebears,CharlieTheBananaKing,432 tix,$ 803,240775,2014-07-16,Modern Daily #7283195,modern,modern-daily-7283195,modern-daily-7283195-2014-07-16
6,4,Blade Splicer,,Creatures,3,1,GW Hatebears,CharlieTheBananaKing,432 tix,$ 803,240775,2014-07-16,Modern Daily #7283195,modern,modern-daily-7283195,modern-daily-7283195-2014-07-16
7,4,Flickerwisp,,Creatures,3,1,GW Hatebears,CharlieTheBananaKing,432 tix,$ 803,240775,2014-07-16,Modern Daily #7283195,modern,modern-daily-7283195,modern-daily-7283195-2014-07-16
8,1,"Linvala, Keeper of Silence",,Creatures,3,1,GW Hatebears,CharlieTheBananaKing,432 tix,$ 803,240775,2014-07-16,Modern Daily #7283195,modern,modern-daily-7283195,modern-daily-7283195-2014-07-16
9,4,Restoration Angel,,Creatures,3,1,GW Hatebears,CharlieTheBananaKing,432 tix,$ 803,240775,2014-07-16,Modern Daily #7283195,modern,modern-daily-7283195,modern-daily-7283195-2014-07-16
11,4,Path to Exile,,Spells,3,1,GW Hatebears,CharlieTheBananaKing,432 tix,$ 803,240775,2014-07-16,Modern Daily #7283195,modern,modern-daily-7283195,modern-daily-7283195-2014-07-16
13,4,Aether Vial,,Artifacts,3,1,GW Hatebears,CharlieTheBananaKing,432 tix,$ 803,240775,2014-07-16,Modern Daily #7283195,modern,modern-daily-7283195,modern-daily-7283195-2014-07-16
15,1,Eiganjo Castle,,Lands,3,1,GW Hatebears,CharlieTheBananaKing,432 tix,$ 803,240775,2014-07-16,Modern Daily #7283195,modern,modern-daily-7283195,modern-daily-7283195-2014-07-16
16,1,Forest,,Lands,3,1,GW Hatebears,CharlieTheBananaKing,432 tix,$ 803,240775,2014-07-16,Modern Daily #7283195,modern,modern-daily-7283195,modern-daily-7283195-2014-07-16
17,2,Gavony Township,,Lands,3,1,GW Hatebears,CharlieTheBananaKing,432 tix,$ 803,240775,2014-07-16,Modern Daily #7283195,modern,modern-daily-7283195,modern-daily-7283195-2014-07-16
18,4,Ghost Quarter,,Lands,3,1,GW Hatebears,CharlieTheBananaKing,432 tix,$ 803,240775,2014-07-16,Modern Daily #7283195,modern,modern-daily-7283195,modern-daily-7283195-2014-07-16
19,4,Horizon Canopy,,Lands,3,1,GW Hatebears,CharlieTheBananaKing,432 tix,$ 803,240775,2014-07-16,Modern Daily #7283195,modern,modern-daily-7283195,modern-daily-7283195-2014-07-16
20,2,Plains,,Lands,3,1,GW Hatebears,CharlieTheBananaKing,432 tix,$ 803,240775,2014-07-16,Modern Daily #7283195,modern,modern-daily-7283195,modern-daily-7283195-2014-07-16
21,4,Razorverge Thicket,,Lands,3,1,GW Hatebears,CharlieTheBananaKing,432 tix,$ 803,240775,2014-07-16,Modern Daily #7283195,modern,modern-daily-7283195,modern-daily-7283195-2014-07-16
22,4,Temple Garden,,Lands,3,1,GW Hatebears,CharlieTheBananaKing,432 tix,$ 803,240775,2014-07-16,Modern Daily #7283195,modern,modern-daily-7283195,modern-daily-7283195-2014-07-16
24,1,Sunlance,,Sideboard,3,1,GW Hatebears,CharlieTheBananaKing,432 tix,$ 803,240775,2014-07-16,Modern Daily #7283195,modern,modern-daily-7283195,modern-daily-7283195-2014-07-16
25,1,Gaddock Teeg,,Sideboard,3,1,GW Hatebears,CharlieTheBananaKing,432 tix,$ 803,240775,2014-07-16,Modern Daily #7283195,modern,modern-daily-7283195,modern-daily-7283195-2014-07-16
26,2,Mark of Asylum,,Sideboard,3,1,GW Hatebears,CharlieTheBananaKing,432 tix,$ 803,240775,2014-07-16,Modern Daily #7283195,modern,modern-daily-7283195,modern-daily-7283195-2014-07-16
27,1,Qasali Pridemage,,Sideboard,3,1,GW Hatebears,CharlieTheBananaKing,432 tix,$ 803,240775,2014-07-16,Modern Daily #7283195,modern,modern-daily-7283195,modern-daily-7283195-2014-07-16
28,4,Stony Silence,,Sideboard,3,1,GW Hatebears,CharlieTheBananaKing,432 tix,$ 803,240775,2014-07-16,Modern Daily #7283195,modern,modern-daily-7283195,modern-daily-7283195-2014-07-16
29,2,Choke,,Sideboard,3,1,GW Hatebears,CharlieTheBananaKing,432 tix,$ 803,240775,2014-07-16,Modern Daily #7283195,modern,modern-daily-7283195,modern-daily-7283195-2014-07-16
30,2,Crucible of Worlds,,Sideboard,3,1,GW Hatebears,CharlieTheBananaKing,432 tix,$ 803,240775,2014-07-16,Modern Daily #7283195,modern,modern-daily-7283195,modern-daily-7283195-2014-07-16
31,1,Dismember,,Sideboard,3,1,GW Hatebears,CharlieTheBananaKing,432 tix,$ 803,240775,2014-07-16,Modern Daily #7283195,modern,modern-daily-7283195,modern-daily-7283195-2014-07-16
32,1,"Linvala, Keeper of Silence",,Sideboard,3,1,GW Hatebears,CharlieTheBananaKing,432 tix,$ 803,240775,2014-07-16,Modern Daily #7283195,modern,modern-daily-7283195,modern-daily-7283195-2014-07-16
1,4,Dark Confidant,,Creatures,3,1,Junk,LalauWBA,541 tix,"$ 1,786",240771,2014-07-16,Modern Daily #7283195,modern,modern-daily-7283195,modern-daily-7283195-2014-07-16
2,3,Scavenging Ooze,,Creatures,3,1,Junk,LalauWBA,541 tix,"$ 1,786",240771,2014-07-16,Modern Daily #7283195,modern,modern-daily-7283195,modern-daily-7283195-2014-07-16
3,4,Tarmogoyf,,Creatures,3,1,Junk,LalauWBA,541 tix,"$ 1,786",240771,2014-07-16,Modern Daily #7283195,modern,modern-daily-7283195,modern-daily-7283195-2014-07-16
4,2,Courser of Kruphix,,Creatures,3,1,Junk,LalauWBA,541 tix,"$ 1,786",240771,2014-07-16,Modern Daily #7283195,modern,modern-daily-7283195,modern-daily-7283195-2014-07-16
5,1,"Thrun, the Last Troll",,Creatures,3,1,Junk,LalauWBA,541 tix,"$ 1,786",240771,2014-07-16,Modern Daily #7283195,modern,modern-daily-7283195,modern-daily-7283195-2014-07-16
7,4,Liliana of the Veil,,Planeswalkers,3,1,Junk,LalauWBA,541 tix,"$ 1,786",240771,2014-07-16,Modern Daily #7283195,modern,modern-daily-7283195,modern-daily-7283195-2014-07-16
9,2,Slaughter Pact,,Spells,3,1,Junk,LalauWBA,541 tix,"$ 1,786",240771,2014-07-16,Modern Daily #7283195,modern,modern-daily-7283195,modern-daily-7283195-2014-07-16
10,4,Inquisition of Kozilek,,Spells,3,1,Junk,LalauWBA,541 tix,"$ 1,786",240771,2014-07-16,Modern Daily #7283195,modern,modern-daily-7283195,modern-daily-7283195-2014-07-16
11,4,Thoughtseize,,Spells,3,1,Junk,LalauWBA,541 tix,"$ 1,786",240771,2014-07-16,Modern Daily #7283195,modern,modern-daily-7283195,modern-daily-7283195-2014-07-16
12,4,Abrupt Decay,,Spells,3,1,Junk,LalauWBA,541 tix,"$ 1,786",240771,2014-07-16,Modern Daily #7283195,modern,modern-daily-7283195,modern-daily-7283195-2014-07-16
13,1,Dismember,,Spells,3,1,Junk,LalauWBA,541 tix,"$ 1,786",240771,2014-07-16,Modern Daily #7283195,modern,modern-daily-7283195,modern-daily-7283195-2014-07-16
14,2,Maelstrom Pulse,,Spells,3,1,Junk,LalauWBA,541 tix,"$ 1,786",240771,2014-07-16,Modern Daily #7283195,modern,modern-daily-7283195,modern-daily-7283195-2014-07-16
16,1,Forest,,Lands,3,1,Junk,LalauWBA,541 tix,"$ 1,786",240771,2014-07-16,Modern Daily #7283195,modern,modern-daily-7283195,modern-daily-7283195-2014-07-16
17,3,Marsh Flats,,Lands,3,1,Junk,LalauWBA,541 tix,"$ 1,786",240771,2014-07-16,Modern Daily #7283195,modern,modern-daily-7283195,modern-daily-7283195-2014-07-16
18,2,Overgrown Tomb,,Lands,3,1,Junk,LalauWBA,541 tix,"$ 1,786",240771,2014-07-16,Modern Daily #7283195,modern,modern-daily-7283195,modern-daily-7283195-2014-07-16
19,3,Swamp,,Lands,3,1,Junk,LalauWBA,541 tix,"$ 1,786",240771,2014-07-16,Modern Daily #7283195,modern,modern-daily-7283195,modern-daily-7283195-2014-07-16
20,4,Tectonic Edge,,Lands,3,1,Junk,LalauWBA,541 tix,"$ 1,786",240771,2014-07-16,Modern Daily #7283195,modern,modern-daily-7283195,modern-daily-7283195-2014-07-16
21,4,Treetop Village,,Lands,3,1,Junk,LalauWBA,541 tix,"$ 1,786",240771,2014-07-16,Modern Daily #7283195,modern,modern-daily-7283195,modern-daily-7283195-2014-07-16
22,1,"Urborg, Tomb of Yawgmoth",,Lands,3,1,Junk,LalauWBA,541 tix,"$ 1,786",240771,2014-07-16,Modern Daily #7283195,modern,modern-daily-7283195,modern-daily-7283195-2014-07-16
23,4,Verdant Catacombs,,Lands,3,1,Junk,LalauWBA,541 tix,"$ 1,786",240771,2014-07-16,Modern Daily #7283195,modern,modern-daily-7283195,modern-daily-7283195-2014-07-16
24,3,Woodland Cemetery,,Lands,3,1,Junk,LalauWBA,541 tix,"$ 1,786",240771,2014-07-16,Modern Daily #7283195,modern,modern-daily-7283195,modern-daily-7283195-2014-07-16
26,2,Grafdigger's Cage,,Sideboard,3,1,Junk,LalauWBA,541 tix,"$ 1,786",240771,2014-07-16,Modern Daily #7283195,modern,modern-daily-7283195,modern-daily-7283195-2014-07-16
27,2,Drown in Sorrow,,Sideboard,3,1,Junk,LalauWBA,541 tix,"$ 1,786",240771,2014-07-16,Modern Daily #7283195,modern,modern-daily-7283195,modern-daily-7283195-2014-07-16
28,1,Phyrexian Arena,,Sideboard,3,1,Junk,LalauWBA,541 tix,"$ 1,786",240771,2014-07-16,Modern Daily #7283195,modern,modern-daily-7283195,modern-daily-7283195-2014-07-16
29,3,Rain of Tears,,Sideboard,3,1,Junk,LalauWBA,541 tix,"$ 1,786",240771,2014-07-16,Modern Daily #7283195,modern,modern-daily-7283195,modern-daily-7283195-2014-07-16
30,2,Creeping Corrosion,,Sideboard,3,1,Junk,LalauWBA,541 tix,"$ 1,786",240771,2014-07-16,Modern Daily #7283195,modern,modern-daily-7283195,modern-daily-7283195-2014-07-16
31,2,Obstinate Baloth,,Sideboard,3,1,Junk,LalauWBA,541 tix,"$ 1,786",240771,2014-07-16,Modern Daily #7283195,modern,modern-daily-7283195,modern-daily-7283195-2014-07-16
32,2,Skinrender,,Sideboard,3,1,Junk,LalauWBA,541 tix,"$ 1,786",240771,2014-07-16,Modern Daily #7283195,modern,modern-daily-7283195,modern-daily-7283195-2014-07-16
33,1,"Thrun, the Last Troll",,Sideboard,3,1,Junk,LalauWBA,541 tix,"$ 1,786",240771,2014-07-16,Modern Daily #7283195,modern,modern-daily-7283195,modern-daily-7283195-2014-07-16
1,4,Dark Confidant,,Creatures,3,1,Junk,StylinChris,635 tix,"$ 2,013",240784,2014-07-16,Modern Daily #7283195,modern,modern-daily-7283195,modern-daily-7283195-2014-07-16
2,3,Scavenging Ooze,,Creatures,3,1,Junk,StylinChris,635 tix,"$ 2,013",240784,2014-07-16,Modern Daily #7283195,modern,modern-daily-7283195,modern-daily-7283195-2014-07-16
3,4,Tarmogoyf,,Creatures,3,1,Junk,StylinChris,635 tix,"$ 2,013",240784,2014-07-16,Modern Daily #7283195,modern,modern-daily-7283195,modern-daily-7283195-2014-07-16
5,4,Liliana of the Veil,,Planeswalkers,3,1,Junk,StylinChris,635 tix,"$ 2,013",240784,2014-07-16,Modern Daily #7283195,modern,modern-daily-7283195,modern-daily-7283195-2014-07-16
7,1,Slaughter Pact,,Spells,3,1,Junk,StylinChris,635 tix,"$ 2,013",240784,2014-07-16,Modern Daily #7283195,modern,modern-daily-7283195,modern-daily-7283195-2014-07-16
8,3,Inquisition of Kozilek,,Spells,3,1,Junk,StylinChris,635 tix,"$ 2,013",240784,2014-07-16,Modern Daily #7283195,modern,modern-daily-7283195,modern-daily-7283195-2014-07-16
9,1,Path to Exile,,Spells,3,1,Junk,StylinChris,635 tix,"$ 2,013",240784,2014-07-16,Modern Daily #7283195,modern,modern-daily-7283195,modern-daily-7283195-2014-07-16
10,4,Thoughtseize,,Spells,3,1,Junk,StylinChris,635 tix,"$ 2,013",240784,2014-07-16,Modern Daily #7283195,modern,modern-daily-7283195,modern-daily-7283195-2014-07-16
11,4,Abrupt Decay,,Spells,3,1,Junk,StylinChris,635 tix,"$ 2,013",240784,2014-07-16,Modern Daily #7283195,modern,modern-daily-7283195,modern-daily-7283195-2014-07-16
12,2,Dismember,,Spells,3,1,Junk,StylinChris,635 tix,"$ 2,013",240784,2014-07-16,Modern Daily #7283195,modern,modern-daily-7283195,modern-daily-7283195-2014-07-16
13,3,Lingering Souls,,Spells,3,1,Junk,StylinChris,635 tix,"$ 2,013",240784,2014-07-16,Modern Daily #7283195,modern,modern-daily-7283195,modern-daily-7283195-2014-07-16
14,2,Maelstrom Pulse,,Spells,3,1,Junk,StylinChris,635 tix,"$ 2,013",240784,2014-07-16,Modern Daily #7283195,modern,modern-daily-7283195,modern-daily-7283195-2014-07-16
16,1,Forest,,Lands,3,1,Junk,StylinChris,635 tix,"$ 2,013",240784,2014-07-16,Modern Daily #7283195,modern,modern-daily-7283195,modern-daily-7283195-2014-07-16
17,1,Godless Shrine,,Lands,3,1,Junk,StylinChris,635 tix,"$ 2,013",240784,2014-07-16,Modern Daily #7283195,modern,modern-daily-7283195,modern-daily-7283195-2014-07-16
18,4,Marsh Flats,,Lands,3,1,Junk,StylinChris,635 tix,"$ 2,013",240784,2014-07-16,Modern Daily #7283195,modern,modern-daily-7283195,modern-daily-7283195-2014-07-16
19,2,Overgrown Tomb,,Lands,3,1,Junk,StylinChris,635 tix,"$ 2,013",240784,2014-07-16,Modern Daily #7283195,modern,modern-daily-7283195,modern-daily-7283195-2014-07-16
20,2,Stirring Wildwood,,Lands,3,1,Junk,StylinChris,635 tix,"$ 2,013",240784,2014-07-16,Modern Daily #7283195,modern,modern-daily-7283195,modern-daily-7283195-2014-07-16
21,2,Swamp,,Lands,3,1,Junk,StylinChris,635 tix,"$ 2,013",240784,2014-07-16,Modern Daily #7283195,modern,modern-daily-7283195,modern-daily-7283195-2014-07-16
22,4,Tectonic Edge,,Lands,3,1,Junk,StylinChris,635 tix,"$ 2,013",240784,2014-07-16,Modern Daily #7283195,modern,modern-daily-7283195,modern-daily-7283195-2014-07-16
23,1,Temple Garden,,Lands,3,1,Junk,StylinChris,635 tix,"$ 2,013",240784,2014-07-16,Modern Daily #7283195,modern,modern-daily-7283195,modern-daily-7283195-2014-07-16
24,2,Treetop Village,,Lands,3,1,Junk,StylinChris,635 tix,"$ 2,013",240784,2014-07-16,Modern Daily #7283195,modern,modern-daily-7283195,modern-daily-7283195-2014-07-16
25,1,Twilight Mire,,Lands,3,1,Junk,StylinChris,635 tix,"$ 2,013",240784,2014-07-16,Modern Daily #7283195,modern,modern-daily-7283195,modern-daily-7283195-2014-07-16
26,1,"Urborg, Tomb of Yawgmoth",,Lands,3,1,Junk,StylinChris,635 tix,"$ 2,013",240784,2014-07-16,Modern Daily #7283195,modern,modern-daily-7283195,modern-daily-7283195-2014-07-16
27,4,Verdant Catacombs,,Lands,3,1,Junk,StylinChris,635 tix,"$ 2,013",240784,2014-07-16,Modern Daily #7283195,modern,modern-daily-7283195,modern-daily-7283195-2014-07-16
29,1,Engineered Explosives,,Sideboard,3,1,Junk,StylinChris,635 tix,"$ 2,013",240784,2014-07-16,Modern Daily #7283195,modern,modern-daily-7283195,modern-daily-7283195-2014-07-16
30,2,Grafdigger's Cage,,Sideboard,3,1,Junk,StylinChris,635 tix,"$ 2,013",240784,2014-07-16,Modern Daily #7283195,modern,modern-daily-7283195,modern-daily-7283195-2014-07-16
31,1,Spellskite,,Sideboard,3,1,Junk,StylinChris,635 tix,"$ 2,013",240784,2014-07-16,Modern Daily #7283195,modern,modern-daily-7283195,modern-daily-7283195-2014-07-16
32,2,Stony Silence,,Sideboard,3,1,Junk,StylinChris,635 tix,"$ 2,013",240784,2014-07-16,Modern Daily #7283195,modern,modern-daily-7283195,modern-daily-7283195-2014-07-16
33,1,Aven Mindcensor,,Sideboard,3,1,Junk,StylinChris,635 tix,"$ 2,013",240784,2014-07-16,Modern Daily #7283195,modern,modern-daily-7283195,modern-daily-7283195-2014-07-16
34,3,Fulminator Mage,,Sideboard,3,1,Junk,StylinChris,635 tix,"$ 2,013",240784,2014-07-16,Modern Daily #7283195,modern,modern-daily-7283195,modern-daily-7283195-2014-07-16
35,2,Creeping Corrosion,,Sideboard,3,1,Junk,StylinChris,635 tix,"$ 2,013",240784,2014-07-16,Modern Daily #7283195,modern,modern-daily-7283195,modern-daily-7283195-2014-07-16
36,2,Obstinate Baloth,,Sideboard,3,1,Junk,StylinChris,635 tix,"$ 2,013",240784,2014-07-16,Modern Daily #7283195,modern,modern-daily-7283195,modern-daily-7283195-2014-07-16
37,1,Batterskull,,Sideboard,3,1,Junk,StylinChris,635 tix,"$ 2,013",240784,2014-07-16,Modern Daily #7283195,modern,modern-daily-7283195,modern-daily-7283195-2014-07-16
1,4,Birds of Paradise,,Creatures,3,1,Melira Pod,angry_sheep,283 tix,$ 860,240776,2014-07-16,Modern Daily #7283195,modern,modern-daily-7283195,modern-daily-7283195-2014-07-16
2,3,Noble Hierarch,,Creatures,3,1,Melira Pod,angry_sheep,283 tix,$ 860,240776,2014-07-16,Modern Daily #7283195,modern,modern-daily-7283195,modern-daily-7283195-2014-07-16
3,1,Viscera Seer,,Creatures,3,1,Melira Pod,angry_sheep,283 tix,$ 860,240776,2014-07-16,Modern Daily #7283195,modern,modern-daily-7283195,modern-daily-7283195-2014-07-16
4,1,"Melira, Sylvok Outcast",,Creatures,3,1,Melira Pod,angry_sheep,283 tix,$ 860,240776,2014-07-16,Modern Daily #7283195,modern,modern-daily-7283195,modern-daily-7283195-2014-07-16
5,1,Qasali Pridemage,,Creatures,3,1,Melira Pod,angry_sheep,283 tix,$ 860,240776,2014-07-16,Modern Daily #7283195,modern,modern-daily-7283195,modern-daily-7283195-2014-07-16
6,1,Scavenging Ooze,,Creatures,3,1,Melira Pod,angry_sheep,283 tix,$ 860,240776,2014-07-16,Modern Daily #7283195,modern,modern-daily-7283195,modern-daily-7283195-2014-07-16
7,1,Spellskite,,Creatures,3,1,Melira Pod,angry_sheep,283 tix,$ 860,240776,2014-07-16,Modern Daily #7283195,modern,modern-daily-7283195,modern-daily-7283195-2014-07-16
8,3,Voice of Resurgence,,Creatures,3,1,Melira Pod,angry_sheep,283 tix,$ 860,240776,2014-07-16,Modern Daily #7283195,modern,modern-daily-7283195,modern-daily-7283195-2014-07-16
9,1,Wall of Roots,,Creatures,3,1,Melira Pod,angry_sheep,283 tix,$ 860,240776,2014-07-16,Modern Daily #7283195,modern,modern-daily-7283195,modern-daily-7283195-2014-07-16
10,1,Eternal Witness,,Creatures,3,1,Melira Pod,angry_sheep,283 tix,$ 860,240776,2014-07-16,Modern Daily #7283195,modern,modern-daily-7283195,modern-daily-7283195-2014-07-16
11,4,Kitchen Finks,,Creatures,3,1,Melira Pod,angry_sheep,283 tix,$ 860,240776,2014-07-16,Modern Daily #7283195,modern,modern-daily-7283195,modern-daily-7283195-2014-07-16
12,1,Orzhov Pontiff,,Creatures,3,1,Melira Pod,angry_sheep,283 tix,$ 860,240776,2014-07-16,Modern Daily #7283195,modern,modern-daily-7283195,modern-daily-7283195-2014-07-16
13,1,Sin Collector,,Creatures,3,1,Melira Pod,angry_sheep,283 tix,$ 860,240776,2014-07-16,Modern Daily #7283195,modern,modern-daily-7283195,modern-daily-7283195-2014-07-16
14,1,"Linvala, Keeper of Silence",,Creatures,3,1,Melira Pod,angry_sheep,283 tix,$ 860,240776,2014-07-16,Modern Daily #7283195,modern,modern-daily-7283195,modern-daily-7283195-2014-07-16
15,1,Murderous Redcap,,Creatures,3,1,Melira Pod,angry_sheep,283 tix,$ 860,240776,2014-07-16,Modern Daily #7283195,modern,modern-daily-7283195,modern-daily-7283195-2014-07-16
16,1,Ranger of Eos,,Creatures,3,1,Melira Pod,angry_sheep,283 tix,$ 860,240776,2014-07-16,Modern Daily #7283195,modern,modern-daily-7283195,modern-daily-7283195-2014-07-16
17,1,Restoration Angel,,Creatures,3,1,Melira Pod,angry_sheep,283 tix,$ 860,240776,2014-07-16,Modern Daily #7283195,modern,modern-daily-7283195,modern-daily-7283195-2014-07-16
18,1,Reveillark,,Creatures,3,1,Melira Pod,angry_sheep,283 tix,$ 860,240776,2014-07-16,Modern Daily #7283195,modern,modern-daily-7283195,modern-daily-7283195-2014-07-16
19,1,Shriekmaw,,Creatures,3,1,Melira Pod,angry_sheep,283 tix,$ 860,240776,2014-07-16,Modern Daily #7283195,modern,modern-daily-7283195,modern-daily-7283195-2014-07-16
21,2,Abrupt Decay,,Spells,3,1,Melira Pod,angry_sheep,283 tix,$ 860,240776,2014-07-16,Modern Daily #7283195,modern,modern-daily-7283195,modern-daily-7283195-2014-07-16
22,2,Chord of Calling,,Spells,3,1,Melira Pod,angry_sheep,283 tix,$ 860,240776,2014-07-16,Modern Daily #7283195,modern,modern-daily-7283195,modern-daily-7283195-2014-07-16
24,4,Birthing Pod,,Artifacts,3,1,Melira Pod,angry_sheep,283 tix,$ 860,240776,2014-07-16,Modern Daily #7283195,modern,modern-daily-7283195,modern-daily-7283195-2014-07-16
26,3,Forest,,Lands,3,1,Melira Pod,angry_sheep,283 tix,$ 860,240776,2014-07-16,Modern Daily #7283195,modern,modern-daily-7283195,modern-daily-7283195-2014-07-16
27,3,Gavony Township,,Lands,3,1,Melira Pod,angry_sheep,283 tix,$ 860,240776,2014-07-16,Modern Daily #7283195,modern,modern-daily-7283195,modern-daily-7283195-2014-07-16
28,1,Godless Shrine,,Lands,3,1,Melira Pod,angry_sheep,283 tix,$ 860,240776,2014-07-16,Modern Daily #7283195,modern,modern-daily-7283195,modern-daily-7283195-2014-07-16
29,1,Marsh Flats,,Lands,3,1,Melira Pod,angry_sheep,283 tix,$ 860,240776,2014-07-16,Modern Daily #7283195,modern,modern-daily-7283195,modern-daily-7283195-2014-07-16
30,4,Misty Rainforest,,Lands,3,1,Melira Pod,angry_sheep,283 tix,$ 860,240776,2014-07-16,Modern Daily #7283195,modern,modern-daily-7283195,modern-daily-7283195-2014-07-16
31,2,Overgrown Tomb,,Lands,3,1,Melira Pod,angry_sheep,283 tix,$ 860,240776,2014-07-16,Modern Daily #7283195,modern,modern-daily-7283195,modern-daily-7283195-2014-07-16
32,3,Razorverge Thicket,,Lands,3,1,Melira Pod,angry_sheep,283 tix,$ 860,240776,2014-07-16,Modern Daily #7283195,modern,modern-daily-7283195,modern-daily-7283195-2014-07-16
33,1,Swamp,,Lands,3,1,Melira Pod,angry_sheep,283 tix,$ 860,240776,2014-07-16,Modern Daily #7283195,modern,modern-daily-7283195,modern-daily-7283195-2014-07-16
34,1,Temple Garden,,Lands,3,1,Melira Pod,angry_sheep,283 tix,$ 860,240776,2014-07-16,Modern Daily #7283195,modern,modern-daily-7283195,modern-daily-7283195-2014-07-16
35,3,Verdant Catacombs,,Lands,3,1,Melira Pod,angry_sheep,283 tix,$ 860,240776,2014-07-16,Modern Daily #7283195,modern,modern-daily-7283195,modern-daily-7283195-2014-07-16
36,1,Woodland Cemetery,,Lands,3,1,Melira Pod,angry_sheep,283 tix,$ 860,240776,2014-07-16,Modern Daily #7283195,modern,modern-daily-7283195,modern-daily-7283195-2014-07-16
38,4,Thoughtseize,,Sideboard,3,1,Melira Pod,angry_sheep,283 tix,$ 860,240776,2014-07-16,Modern Daily #7283195,modern,modern-daily-7283195,modern-daily-7283195-2014-07-16
39,1,Abrupt Decay,,Sideboard,3,1,Melira Pod,angry_sheep,283 tix,$ 860,240776,2014-07-16,Modern Daily #7283195,modern,modern-daily-7283195,modern-daily-7283195-2014-07-16
40,1,"Kataki, War's Wage",,Sideboard,3,1,Melira Pod,angry_sheep,283 tix,$ 860,240776,2014-07-16,Modern Daily #7283195,modern,modern-daily-7283195,modern-daily-7283195-2014-07-16
41,1,Scavenging Ooze,,Sideboard,3,1,Melira Pod,angry_sheep,283 tix,$ 860,240776,2014-07-16,Modern Daily #7283195,modern,modern-daily-7283195,modern-daily-7283195-2014-07-16
42,2,Dismember,,Sideboard,3,1,Melira Pod,angry_sheep,283 tix,$ 860,240776,2014-07-16,Modern Daily #7283195,modern,modern-daily-7283195,modern-daily-7283195-2014-07-16
43,1,Harmonic Sliver,,Sideboard,3,1,Melira Pod,angry_sheep,283 tix,$ 860,240776,2014-07-16,Modern Daily #7283195,modern,modern-daily-7283195,modern-daily-7283195-2014-07-16
44,1,Orzhov Pontiff,,Sideboard,3,1,Melira Pod,angry_sheep,283 tix,$ 860,240776,2014-07-16,Modern Daily #7283195,modern,modern-daily-7283195,modern-daily-7283195-2014-07-16
45,1,Sin Collector,,Sideboard,3,1,Melira Pod,angry_sheep,283 tix,$ 860,240776,2014-07-16,Modern Daily #7283195,modern,modern-daily-7283195,modern-daily-7283195-2014-07-16
46,1,Entomber Exarch,,Sideboard,3,1,Melira Pod,angry_sheep,283 tix,$ 860,240776,2014-07-16,Modern Daily #7283195,modern,modern-daily-7283195,modern-daily-7283195-2014-07-16
47,1,"Thrun, the Last Troll",,Sideboard,3,1,Melira Pod,angry_sheep,283 tix,$ 860,240776,2014-07-16,Modern Daily #7283195,modern,modern-daily-7283195,modern-daily-7283195-2014-07-16
48,1,"Sigarda, Host of Herons",,Sideboard,3,1,Melira Pod,angry_sheep,283 tix,$ 860,240776,2014-07-16,Modern Daily #7283195,modern,modern-daily-7283195,modern-daily-7283195-2014-07-16
1,4,Birds of Paradise,,Creatures,3,1,Melira Pod,bobjackson,258 tix,$ 837,240777,2014-07-16,Modern Daily #7283195,modern,modern-daily-7283195,modern-daily-7283195-2014-07-16
2,3,Noble Hierarch,,Creatures,3,1,Melira Pod,bobjackson,258 tix,$ 837,240777,2014-07-16,Modern Daily #7283195,modern,modern-daily-7283195,modern-daily-7283195-2014-07-16
3,1,Qasali Pridemage,,Creatures,3,1,Melira Pod,bobjackson,258 tix,$ 837,240777,2014-07-16,Modern Daily #7283195,modern,modern-daily-7283195,modern-daily-7283195-2014-07-16
4,1,Scavenging Ooze,,Creatures,3,1,Melira Pod,bobjackson,258 tix,$ 837,240777,2014-07-16,Modern Daily #7283195,modern,modern-daily-7283195,modern-daily-7283195-2014-07-16
5,1,Spellskite,,Creatures,3,1,Melira Pod,bobjackson,258 tix,$ 837,240777,2014-07-16,Modern Daily #7283195,modern,modern-daily-7283195,modern-daily-7283195-2014-07-16
6,2,Voice of Resurgence,,Creatures,3,1,Melira Pod,bobjackson,258 tix,$ 837,240777,2014-07-16,Modern Daily #7283195,modern,modern-daily-7283195,modern-daily-7283195-2014-07-16
7,1,Wall of Roots,,Creatures,3,1,Melira Pod,bobjackson,258 tix,$ 837,240777,2014-07-16,Modern Daily #7283195,modern,modern-daily-7283195,modern-daily-7283195-2014-07-16
8,1,Aven Mindcensor,,Creatures,3,1,Melira Pod,bobjackson,258 tix,$ 837,240777,2014-07-16,Modern Daily #7283195,modern,modern-daily-7283195,modern-daily-7283195-2014-07-16
9,1,Eternal Witness,,Creatures,3,1,Melira Pod,bobjackson,258 tix,$ 837,240777,2014-07-16,Modern Daily #7283195,modern,modern-daily-7283195,modern-daily-7283195-2014-07-16
10,1,Harmonic Sliver,,Creatures,3,1,Melira Pod,bobjackson,258 tix,$ 837,240777,2014-07-16,Modern Daily #7283195,modern,modern-daily-7283195,modern-daily-7283195-2014-07-16
11,1,Kitchen Finks,,Creatures,3,1,Melira Pod,bobjackson,258 tix,$ 837,240777,2014-07-16,Modern Daily #7283195,modern,modern-daily-7283195,modern-daily-7283195-2014-07-16
12,1,Orzhov Pontiff,,Creatures,3,1,Melira Pod,bobjackson,258 tix,$ 837,240777,2014-07-16,Modern Daily #7283195,modern,modern-daily-7283195,modern-daily-7283195-2014-07-16
13,1,Sin Collector,,Creatures,3,1,Melira Pod,bobjackson,258 tix,$ 837,240777,2014-07-16,Modern Daily #7283195,modern,modern-daily-7283195,modern-daily-7283195-2014-07-16
14,1,Spike Feeder,,Creatures,3,1,Melira Pod,bobjackson,258 tix,$ 837,240777,2014-07-16,Modern Daily #7283195,modern,modern-daily-7283195,modern-daily-7283195-2014-07-16
15,1,"Linvala, Keeper of Silence",,Creatures,3,1,Melira Pod,bobjackson,258 tix,$ 837,240777,2014-07-16,Modern Daily #7283195,modern,modern-daily-7283195,modern-daily-7283195-2014-07-16
16,1,Murderous Redcap,,Creatures,3,1,Melira Pod,bobjackson,258 tix,$ 837,240777,2014-07-16,Modern Daily #7283195,modern,modern-daily-7283195,modern-daily-7283195-2014-07-16
17,1,Restoration Angel,,Creatures,3,1,Melira Pod,bobjackson,258 tix,$ 837,240777,2014-07-16,Modern Daily #7283195,modern,modern-daily-7283195,modern-daily-7283195-2014-07-16
18,1,Archangel of Thune,,Creatures,3,1,Melira Pod,bobjackson,258 tix,$ 837,240777,2014-07-16,Modern Daily #7283195,modern,modern-daily-7283195,modern-daily-7283195-2014-07-16
19,1,Reveillark,,Creatures,3,1,Melira Pod,bobjackson,258 tix,$ 837,240777,2014-07-16,Modern Daily #7283195,modern,modern-daily-7283195,modern-daily-7283195-2014-07-16
20,1,Shriekmaw,,Creatures,3,1,Melira Pod,bobjackson,258 tix,$ 837,240777,2014-07-16,Modern Daily #7283195,modern,modern-daily-7283195,modern-daily-7283195-2014-07-16
22,3,Thoughtseize,,Spells,3,1,Melira Pod,bobjackson,258 tix,$ 837,240777,2014-07-16,Modern Daily #7283195,modern,modern-daily-7283195,modern-daily-7283195-2014-07-16
23,2,Abrupt Decay,,Spells,3,1,Melira Pod,bobjackson,258 tix,$ 837,240777,2014-07-16,Modern Daily #7283195,modern,modern-daily-7283195,modern-daily-7283195-2014-07-16
24,2,Chord of Calling,,Spells,3,1,Melira Pod,bobjackson,258 tix,$ 837,240777,2014-07-16,Modern Daily #7283195,modern,modern-daily-7283195,modern-daily-7283195-2014-07-16
26,4,Birthing Pod,,Artifacts,3,1,Melira Pod,bobjackson,258 tix,$ 837,240777,2014-07-16,Modern Daily #7283195,modern,modern-daily-7283195,modern-daily-7283195-2014-07-16
28,3,Forest,,Lands,3,1,Melira Pod,bobjackson,258 tix,$ 837,240777,2014-07-16,Modern Daily #7283195,modern,modern-daily-7283195,modern-daily-7283195-2014-07-16
29,3,Gavony Township,,Lands,3,1,Melira Pod,bobjackson,258 tix,$ 837,240777,2014-07-16,Modern Daily #7283195,modern,modern-daily-7283195,modern-daily-7283195-2014-07-16
30,1,Godless Shrine,,Lands,3,1,Melira Pod,bobjackson,258 tix,$ 837,240777,2014-07-16,Modern Daily #7283195,modern,modern-daily-7283195,modern-daily-7283195-2014-07-16
31,2,Marsh Flats,,Lands,3,1,Melira Pod,bobjackson,258 tix,$ 837,240777,2014-07-16,Modern Daily #7283195,modern,modern-daily-7283195,modern-daily-7283195-2014-07-16
32,2,Misty Rainforest,,Lands,3,1,Melira Pod,bobjackson,258 tix,$ 837,240777,2014-07-16,Modern Daily #7283195,modern,modern-daily-7283195,modern-daily-7283195-2014-07-16
33,2,Overgrown Tomb,,Lands,3,1,Melira Pod,bobjackson,258 tix,$ 837,240777,2014-07-16,Modern Daily #7283195,modern,modern-daily-7283195,modern-daily-7283195-2014-07-16
34,3,Razorverge Thicket,,Lands,3,1,Melira Pod,bobjackson,258 tix,$ 837,240777,2014-07-16,Modern Daily #7283195,modern,modern-daily-7283195,modern-daily-7283195-2014-07-16
35,1,Swamp,,Lands,3,1,Melira Pod,bobjackson,258 tix,$ 837,240777,2014-07-16,Modern Daily #7283195,modern,modern-daily-7283195,modern-daily-7283195-2014-07-16
36,1,Temple Garden,,Lands,3,1,Melira Pod,bobjackson,258 tix,$ 837,240777,2014-07-16,Modern Daily #7283195,modern,modern-daily-7283195,modern-daily-7283195-2014-07-16
37,4,Verdant Catacombs,,Lands,3,1,Melira Pod,bobjackson,258 tix,$ 837,240777,2014-07-16,Modern Daily #7283195,modern,modern-daily-7283195,modern-daily-7283195-2014-07-16
38,1,Woodland Cemetery,,Lands,3,1,Melira Pod,bobjackson,258 tix,$ 837,240777,2014-07-16,Modern Daily #7283195,modern,modern-daily-7283195,modern-daily-7283195-2014-07-16
40,1,Slaughter Pact,,Sideboard,3,1,Melira Pod,bobjackson,258 tix,$ 837,240777,2014-07-16,Modern Daily #7283195,modern,modern-daily-7283195,modern-daily-7283195-2014-07-16
41,1,Thoughtseize,,Sideboard,3,1,Melira Pod,bobjackson,258 tix,$ 837,240777,2014-07-16,Modern Daily #7283195,modern,modern-daily-7283195,modern-daily-7283195-2014-07-16
42,1,Abrupt Decay,,Sideboard,3,1,Melira Pod,bobjackson,258 tix,$ 837,240777,2014-07-16,Modern Daily #7283195,modern,modern-daily-7283195,modern-daily-7283195-2014-07-16
43,1,Ethersworn Canonist,,Sideboard,3,1,Melira Pod,bobjackson,258 tix,$ 837,240777,2014-07-16,Modern Daily #7283195,modern,modern-daily-7283195,modern-daily-7283195-2014-07-16
44,1,Qasali Pridemage,,Sideboard,3,1,Melira Pod,bobjackson,258 tix,$ 837,240777,2014-07-16,Modern Daily #7283195,modern,modern-daily-7283195,modern-daily-7283195-2014-07-16
45,2,Dismember,,Sideboard,3,1,Melira Pod,bobjackson,258 tix,$ 837,240777,2014-07-16,Modern Daily #7283195,modern,modern-daily-7283195,modern-daily-7283195-2014-07-16
46,2,Lingering Souls,,Sideboard,3,1,Melira Pod,bobjackson,258 tix,$ 837,240777,2014-07-16,Modern Daily #7283195,modern,modern-daily-7283195,modern-daily-7283195-2014-07-16
47,1,Sin Collector,,Sideboard,3,1,Melira Pod,bobjackson,258 tix,$ 837,240777,2014-07-16,Modern Daily #7283195,modern,modern-daily-7283195,modern-daily-7283195-2014-07-16
48,1,Creeping Corrosion,,Sideboard,3,1,Melira Pod,bobjackson,258 tix,$ 837,240777,2014-07-16,Modern Daily #7283195,modern,modern-daily-7283195,modern-daily-7283195-2014-07-16
49,1,Entomber Exarch,,Sideboard,3,1,Melira Pod,bobjackson,258 tix,$ 837,240777,2014-07-16,Modern Daily #7283195,modern,modern-daily-7283195,modern-daily-7283195-2014-07-16
50,1,Obstinate Baloth,,Sideboard,3,1,Melira Pod,bobjackson,258 tix,$ 837,240777,2014-07-16,Modern Daily #7283195,modern,modern-daily-7283195,modern-daily-7283195-2014-07-16
51,1,"Thrun, the Last Troll",,Sideboard,3,1,Melira Pod,bobjackson,258 tix,$ 837,240777,2014-07-16,Modern Daily #7283195,modern,modern-daily-7283195,modern-daily-7283195-2014-07-16
52,1,"Sigarda, Host of Herons",,Sideboard,3,1,Melira Pod,bobjackson,258 tix,$ 837,240777,2014-07-16,Modern Daily #7283195,modern,modern-daily-7283195,modern-daily-7283195-2014-07-16
1,4,Birds of Paradise,,Creatures,3,1,Melira Pod,YellowGatorade,285 tix,$ 860,240779,2014-07-16,Modern Daily #7283195,modern,modern-daily-7283195,modern-daily-7283195-2014-07-16
2,3,Noble Hierarch,,Creatures,3,1,Melira Pod,YellowGatorade,285 tix,$ 860,240779,2014-07-16,Modern Daily #7283195,modern,modern-daily-7283195,modern-daily-7283195-2014-07-16
3,1,Viscera Seer,,Creatures,3,1,Melira Pod,YellowGatorade,285 tix,$ 860,240779,2014-07-16,Modern Daily #7283195,modern,modern-daily-7283195,modern-daily-7283195-2014-07-16
4,1,"Melira, Sylvok Outcast",,Creatures,3,1,Melira Pod,YellowGatorade,285 tix,$ 860,240779,2014-07-16,Modern Daily #7283195,modern,modern-daily-7283195,modern-daily-7283195-2014-07-16
5,1,Qasali Pridemage,,Creatures,3,1,Melira Pod,YellowGatorade,285 tix,$ 860,240779,2014-07-16,Modern Daily #7283195,modern,modern-daily-7283195,modern-daily-7283195-2014-07-16
6,1,Scavenging Ooze,,Creatures,3,1,Melira Pod,YellowGatorade,285 tix,$ 860,240779,2014-07-16,Modern Daily #7283195,modern,modern-daily-7283195,modern-daily-7283195-2014-07-16
7,1,Spellskite,,Creatures,3,1,Melira Pod,YellowGatorade,285 tix,$ 860,240779,2014-07-16,Modern Daily #7283195,modern,modern-daily-7283195,modern-daily-7283195-2014-07-16
8,3,Voice of Resurgence,,Creatures,3,1,Melira Pod,YellowGatorade,285 tix,$ 860,240779,2014-07-16,Modern Daily #7283195,modern,modern-daily-7283195,modern-daily-7283195-2014-07-16
9,1,Wall of Roots,,Creatures,3,1,Melira Pod,YellowGatorade,285 tix,$ 860,240779,2014-07-16,Modern Daily #7283195,modern,modern-daily-7283195,modern-daily-7283195-2014-07-16
10,1,Eternal Witness,,Creatures,3,1,Melira Pod,YellowGatorade,285 tix,$ 860,240779,2014-07-16,Modern Daily #7283195,modern,modern-daily-7283195,modern-daily-7283195-2014-07-16
11,4,Kitchen Finks,,Creatures,3,1,Melira Pod,YellowGatorade,285 tix,$ 860,240779,2014-07-16,Modern Daily #7283195,modern,modern-daily-7283195,modern-daily-7283195-2014-07-16
12,1,Orzhov Pontiff,,Creatures,3,1,Melira Pod,YellowGatorade,285 tix,$ 860,240779,2014-07-16,Modern Daily #7283195,modern,modern-daily-7283195,modern-daily-7283195-2014-07-16
13,1,Sin Collector,,Creatures,3,1,Melira Pod,YellowGatorade,285 tix,$ 860,240779,2014-07-16,Modern Daily #7283195,modern,modern-daily-7283195,modern-daily-7283195-2014-07-16
14,1,"Linvala, Keeper of Silence",,Creatures,3,1,Melira Pod,YellowGatorade,285 tix,$ 860,240779,2014-07-16,Modern Daily #7283195,modern,modern-daily-7283195,modern-daily-7283195-2014-07-16
15,1,Murderous Redcap,,Creatures,3,1,Melira Pod,YellowGatorade,285 tix,$ 860,240779,2014-07-16,Modern Daily #7283195,modern,modern-daily-7283195,modern-daily-7283195-2014-07-16
16,1,Ranger of Eos,,Creatures,3,1,Melira Pod,YellowGatorade,285 tix,$ 860,240779,2014-07-16,Modern Daily #7283195,modern,modern-daily-7283195,modern-daily-7283195-2014-07-16
17,1,Restoration Angel,,Creatures,3,1,Melira Pod,YellowGatorade,285 tix,$ 860,240779,2014-07-16,Modern Daily #7283195,modern,modern-daily-7283195,modern-daily-7283195-2014-07-16
18,1,Reveillark,,Creatures,3,1,Melira Pod,YellowGatorade,285 tix,$ 860,240779,2014-07-16,Modern Daily #7283195,modern,modern-daily-7283195,modern-daily-7283195-2014-07-16
19,1,Shriekmaw,,Creatures,3,1,Melira Pod,YellowGatorade,285 tix,$ 860,240779,2014-07-16,Modern Daily #7283195,modern,modern-daily-7283195,modern-daily-7283195-2014-07-16
21,2,Abrupt Decay,,Spells,3,1,Melira Pod,YellowGatorade,285 tix,$ 860,240779,2014-07-16,Modern Daily #7283195,modern,modern-daily-7283195,modern-daily-7283195-2014-07-16
22,2,Chord of Calling,,Spells,3,1,Melira Pod,YellowGatorade,285 tix,$ 860,240779,2014-07-16,Modern Daily #7283195,modern,modern-daily-7283195,modern-daily-7283195-2014-07-16
24,4,Birthing Pod,,Artifacts,3,1,Melira Pod,YellowGatorade,285 tix,$ 860,240779,2014-07-16,Modern Daily #7283195,modern,modern-daily-7283195,modern-daily-7283195-2014-07-16
26,3,Forest,,Lands,3,1,Melira Pod,YellowGatorade,285 tix,$ 860,240779,2014-07-16,Modern Daily #7283195,modern,modern-daily-7283195,modern-daily-7283195-2014-07-16
27,3,Gavony Township,,Lands,3,1,Melira Pod,YellowGatorade,285 tix,$ 860,240779,2014-07-16,Modern Daily #7283195,modern,modern-daily-7283195,modern-daily-7283195-2014-07-16
28,1,Godless Shrine,,Lands,3,1,Melira Pod,YellowGatorade,285 tix,$ 860,240779,2014-07-16,Modern Daily #7283195,modern,modern-daily-7283195,modern-daily-7283195-2014-07-16
29,4,Misty Rainforest,,Lands,3,1,Melira Pod,YellowGatorade,285 tix,$ 860,240779,2014-07-16,Modern Daily #7283195,modern,modern-daily-7283195,modern-daily-7283195-2014-07-16
30,2,Overgrown Tomb,,Lands,3,1,Melira Pod,YellowGatorade,285 tix,$ 860,240779,2014-07-16,Modern Daily #7283195,modern,modern-daily-7283195,modern-daily-7283195-2014-07-16
31,3,Razorverge Thicket,,Lands,3,1,Melira Pod,YellowGatorade,285 tix,$ 860,240779,2014-07-16,Modern Daily #7283195,modern,modern-daily-7283195,modern-daily-7283195-2014-07-16
32,1,Swamp,,Lands,3,1,Melira Pod,YellowGatorade,285 tix,$ 860,240779,2014-07-16,Modern Daily #7283195,modern,modern-daily-7283195,modern-daily-7283195-2014-07-16
33,1,Temple Garden,,Lands,3,1,Melira Pod,YellowGatorade,285 tix,$ 860,240779,2014-07-16,Modern Daily #7283195,modern,modern-daily-7283195,modern-daily-7283195-2014-07-16
34,4,Verdant Catacombs,,Lands,3,1,Melira Pod,YellowGatorade,285 tix,$ 860,240779,2014-07-16,Modern Daily #7283195,modern,modern-daily-7283195,modern-daily-7283195-2014-07-16
35,1,Woodland Cemetery,,Lands,3,1,Melira Pod,YellowGatorade,285 tix,$ 860,240779,2014-07-16,Modern Daily #7283195,modern,modern-daily-7283195,modern-daily-7283195-2014-07-16
37,4,Thoughtseize,,Sideboard,3,1,Melira Pod,YellowGatorade,285 tix,$ 860,240779,2014-07-16,Modern Daily #7283195,modern,modern-daily-7283195,modern-daily-7283195-2014-07-16
38,1,Abrupt Decay,,Sideboard,3,1,Melira Pod,YellowGatorade,285 tix,$ 860,240779,2014-07-16,Modern Daily #7283195,modern,modern-daily-7283195,modern-daily-7283195-2014-07-16
39,1,"Kataki, War's Wage",,Sideboard,3,1,Melira Pod,YellowGatorade,285 tix,$ 860,240779,2014-07-16,Modern Daily #7283195,modern,modern-daily-7283195,modern-daily-7283195-2014-07-16
40,1,Scavenging Ooze,,Sideboard,3,1,Melira Pod,YellowGatorade,285 tix,$ 860,240779,2014-07-16,Modern Daily #7283195,modern,modern-daily-7283195,modern-daily-7283195-2014-07-16
41,1,Aven Mindcensor,,Sideboard,3,1,Melira Pod,YellowGatorade,285 tix,$ 860,240779,2014-07-16,Modern Daily #7283195,modern,modern-daily-7283195,modern-daily-7283195-2014-07-16
42,2,Dismember,,Sideboard,3,1,Melira Pod,YellowGatorade,285 tix,$ 860,240779,2014-07-16,Modern Daily #7283195,modern,modern-daily-7283195,modern-daily-7283195-2014-07-16
43,1,Harmonic Sliver,,Sideboard,3,1,Melira Pod,YellowGatorade,285 tix,$ 860,240779,2014-07-16,Modern Daily #7283195,modern,modern-daily-7283195,modern-daily-7283195-2014-07-16
44,1,Sin Collector,,Sideboard,3,1,Melira Pod,YellowGatorade,285 tix,$ 860,240779,2014-07-16,Modern Daily #7283195,modern,modern-daily-7283195,modern-daily-7283195-2014-07-16
45,1,Entomber Exarch,,Sideboard,3,1,Melira Pod,YellowGatorade,285 tix,$ 860,240779,2014-07-16,Modern Daily #7283195,modern,modern-daily-7283195,modern-daily-7283195-2014-07-16
46,1,Obstinate Baloth,,Sideboard,3,1,Melira Pod,YellowGatorade,285 tix,$ 860,240779,2014-07-16,Modern Daily #7283195,modern,modern-daily-7283195,modern-daily-7283195-2014-07-16
47,1,"Thrun, the Last Troll",,Sideboard,3,1,Melira Pod,YellowGatorade,285 tix,$ 860,240779,2014-07-16,Modern Daily #7283195,modern,modern-daily-7283195,modern-daily-7283195-2014-07-16
1,4,Birds of Paradise,,Creatures,3,1,Melira Pod,Dasklumpital,238 tix,$ 789,240783,2014-07-16,Modern Daily #7283195,modern,modern-daily-7283195,modern-daily-7283195-2014-07-16
2,2,Noble Hierarch,,Creatures,3,1,Melira Pod,Dasklumpital,238 tix,$ 789,240783,2014-07-16,Modern Daily #7283195,modern,modern-daily-7283195,modern-daily-7283195-2014-07-16
3,1,Qasali Pridemage,,Creatures,3,1,Melira Pod,Dasklumpital,238 tix,$ 789,240783,2014-07-16,Modern Daily #7283195,modern,modern-daily-7283195,modern-daily-7283195-2014-07-16
4,1,Scavenging Ooze,,Creatures,3,1,Melira Pod,Dasklumpital,238 tix,$ 789,240783,2014-07-16,Modern Daily #7283195,modern,modern-daily-7283195,modern-daily-7283195-2014-07-16
5,2,Voice of Resurgence,,Creatures,3,1,Melira Pod,Dasklumpital,238 tix,$ 789,240783,2014-07-16,Modern Daily #7283195,modern,modern-daily-7283195,modern-daily-7283195-2014-07-16
6,1,Wall of Omens,,Creatures,3,1,Melira Pod,Dasklumpital,238 tix,$ 789,240783,2014-07-16,Modern Daily #7283195,modern,modern-daily-7283195,modern-daily-7283195-2014-07-16
7,2,Wall of Roots,,Creatures,3,1,Melira Pod,Dasklumpital,238 tix,$ 789,240783,2014-07-16,Modern Daily #7283195,modern,modern-daily-7283195,modern-daily-7283195-2014-07-16
8,2,Courser of Kruphix,,Creatures,3,1,Melira Pod,Dasklumpital,238 tix,$ 789,240783,2014-07-16,Modern Daily #7283195,modern,modern-daily-7283195,modern-daily-7283195-2014-07-16
9,1,Eternal Witness,,Creatures,3,1,Melira Pod,Dasklumpital,238 tix,$ 789,240783,2014-07-16,Modern Daily #7283195,modern,modern-daily-7283195,modern-daily-7283195-2014-07-16
10,1,Kitchen Finks,,Creatures,3,1,Melira Pod,Dasklumpital,238 tix,$ 789,240783,2014-07-16,Modern Daily #7283195,modern,modern-daily-7283195,modern-daily-7283195-2014-07-16
11,1,Orzhov Pontiff,,Creatures,3,1,Melira Pod,Dasklumpital,238 tix,$ 789,240783,2014-07-16,Modern Daily #7283195,modern,modern-daily-7283195,modern-daily-7283195-2014-07-16
12,1,Sin Collector,,Creatures,3,1,Melira Pod,Dasklumpital,238 tix,$ 789,240783,2014-07-16,Modern Daily #7283195,modern,modern-daily-7283195,modern-daily-7283195-2014-07-16
13,1,Spike Feeder,,Creatures,3,1,Melira Pod,Dasklumpital,238 tix,$ 789,240783,2014-07-16,Modern Daily #7283195,modern,modern-daily-7283195,modern-daily-7283195-2014-07-16
14,1,"Linvala, Keeper of Silence",,Creatures,3,1,Melira Pod,Dasklumpital,238 tix,$ 789,240783,2014-07-16,Modern Daily #7283195,modern,modern-daily-7283195,modern-daily-7283195-2014-07-16
15,1,Murderous Redcap,,Creatures,3,1,Melira Pod,Dasklumpital,238 tix,$ 789,240783,2014-07-16,Modern Daily #7283195,modern,modern-daily-7283195,modern-daily-7283195-2014-07-16
16,1,Nekrataal,,Creatures,3,1,Melira Pod,Dasklumpital,238 tix,$ 789,240783,2014-07-16,Modern Daily #7283195,modern,modern-daily-7283195,modern-daily-7283195-2014-07-16
17,1,Restoration Angel,,Creatures,3,1,Melira Pod,Dasklumpital,238 tix,$ 789,240783,2014-07-16,Modern Daily #7283195,modern,modern-daily-7283195,modern-daily-7283195-2014-07-16
18,1,Archangel of Thune,,Creatures,3,1,Melira Pod,Dasklumpital,238 tix,$ 789,240783,2014-07-16,Modern Daily #7283195,modern,modern-daily-7283195,modern-daily-7283195-2014-07-16
19,1,Reveillark,,Creatures,3,1,Melira Pod,Dasklumpital,238 tix,$ 789,240783,2014-07-16,Modern Daily #7283195,modern,modern-daily-7283195,modern-daily-7283195-2014-07-16
21,3,Thoughtseize,,Spells,3,1,Melira Pod,Dasklumpital,238 tix,$ 789,240783,2014-07-16,Modern Daily #7283195,modern,modern-daily-7283195,modern-daily-7283195-2014-07-16
22,1,Abrupt Decay,,Spells,3,1,Melira Pod,Dasklumpital,238 tix,$ 789,240783,2014-07-16,Modern Daily #7283195,modern,modern-daily-7283195,modern-daily-7283195-2014-07-16
23,2,Chord of Calling,,Spells,3,1,Melira Pod,Dasklumpital,238 tix,$ 789,240783,2014-07-16,Modern Daily #7283195,modern,modern-daily-7283195,modern-daily-7283195-2014-07-16
24,1,Dismember,,Spells,3,1,Melira Pod,Dasklumpital,238 tix,$ 789,240783,2014-07-16,Modern Daily #7283195,modern,modern-daily-7283195,modern-daily-7283195-2014-07-16
26,4,Birthing Pod,,Artifacts,3,1,Melira Pod,Dasklumpital,238 tix,$ 789,240783,2014-07-16,Modern Daily #7283195,modern,modern-daily-7283195,modern-daily-7283195-2014-07-16
28,3,Forest,,Lands,3,1,Melira Pod,Dasklumpital,238 tix,$ 789,240783,2014-07-16,Modern Daily #7283195,modern,modern-daily-7283195,modern-daily-7283195-2014-07-16
29,3,Gavony Township,,Lands,3,1,Melira Pod,Dasklumpital,238 tix,$ 789,240783,2014-07-16,Modern Daily #7283195,modern,modern-daily-7283195,modern-daily-7283195-2014-07-16
30,1,Godless Shrine,,Lands,3,1,Melira Pod,Dasklumpital,238 tix,$ 789,240783,2014-07-16,Modern Daily #7283195,modern,modern-daily-7283195,modern-daily-7283195-2014-07-16
31,2,Marsh Flats,,Lands,3,1,Melira Pod,Dasklumpital,238 tix,$ 789,240783,2014-07-16,Modern Daily #7283195,modern,modern-daily-7283195,modern-daily-7283195-2014-07-16
32,2,Misty Rainforest,,Lands,3,1,Melira Pod,Dasklumpital,238 tix,$ 789,240783,2014-07-16,Modern Daily #7283195,modern,modern-daily-7283195,modern-daily-7283195-2014-07-16
33,2,Overgrown Tomb,,Lands,3,1,Melira Pod,Dasklumpital,238 tix,$ 789,240783,2014-07-16,Modern Daily #7283195,modern,modern-daily-7283195,modern-daily-7283195-2014-07-16
34,3,Razorverge Thicket,,Lands,3,1,Melira Pod,Dasklumpital,238 tix,$ 789,240783,2014-07-16,Modern Daily #7283195,modern,modern-daily-7283195,modern-daily-7283195-2014-07-16
35,1,Swamp,,Lands,3,1,Melira Pod,Dasklumpital,238 tix,$ 789,240783,2014-07-16,Modern Daily #7283195,modern,modern-daily-7283195,modern-daily-7283195-2014-07-16
36,1,Temple Garden,,Lands,3,1,Melira Pod,Dasklumpital,238 tix,$ 789,240783,2014-07-16,Modern Daily #7283195,modern,modern-daily-7283195,modern-daily-7283195-2014-07-16
37,4,Verdant Catacombs,,Lands,3,1,Melira Pod,Dasklumpital,238 tix,$ 789,240783,2014-07-16,Modern Daily #7283195,modern,modern-daily-7283195,modern-daily-7283195-2014-07-16
38,1,Woodland Cemetery,,Lands,3,1,Melira Pod,Dasklumpital,238 tix,$ 789,240783,2014-07-16,Modern Daily #7283195,modern,modern-daily-7283195,modern-daily-7283195-2014-07-16
40,1,Burrenton Forge-Tender,,Sideboard,3,1,Melira Pod,Dasklumpital,238 tix,$ 789,240783,2014-07-16,Modern Daily #7283195,modern,modern-daily-7283195,modern-daily-7283195-2014-07-16
41,1,Thoughtseize,,Sideboard,3,1,Melira Pod,Dasklumpital,238 tix,$ 789,240783,2014-07-16,Modern Daily #7283195,modern,modern-daily-7283195,modern-daily-7283195-2014-07-16
42,1,Abrupt Decay,,Sideboard,3,1,Melira Pod,Dasklumpital,238 tix,$ 789,240783,2014-07-16,Modern Daily #7283195,modern,modern-daily-7283195,modern-daily-7283195-2014-07-16
43,1,"Kataki, War's Wage",,Sideboard,3,1,Melira Pod,Dasklumpital,238 tix,$ 789,240783,2014-07-16,Modern Daily #7283195,modern,modern-daily-7283195,modern-daily-7283195-2014-07-16
44,1,Spellskite,,Sideboard,3,1,Melira Pod,Dasklumpital,238 tix,$ 789,240783,2014-07-16,Modern Daily #7283195,modern,modern-daily-7283195,modern-daily-7283195-2014-07-16
45,1,Aven Mindcensor,,Sideboard,3,1,Melira Pod,Dasklumpital,238 tix,$ 789,240783,2014-07-16,Modern Daily #7283195,modern,modern-daily-7283195,modern-daily-7283195-2014-07-16
46,1,Dismember,,Sideboard,3,1,Melira Pod,Dasklumpital,238 tix,$ 789,240783,2014-07-16,Modern Daily #7283195,modern,modern-daily-7283195,modern-daily-7283195-2014-07-16
47,1,Eidolon of Rhetoric,,Sideboard,3,1,Melira Pod,Dasklumpital,238 tix,$ 789,240783,2014-07-16,Modern Daily #7283195,modern,modern-daily-7283195,modern-daily-7283195-2014-07-16
48,1,Harmonic Sliver,,Sideboard,3,1,Melira Pod,Dasklumpital,238 tix,$ 789,240783,2014-07-16,Modern Daily #7283195,modern,modern-daily-7283195,modern-daily-7283195-2014-07-16
49,2,Lingering Souls,,Sideboard,3,1,Melira Pod,Dasklumpital,238 tix,$ 789,240783,2014-07-16,Modern Daily #7283195,modern,modern-daily-7283195,modern-daily-7283195-2014-07-16
50,1,Creeping Corrosion,,Sideboard,3,1,Melira Pod,Dasklumpital,238 tix,$ 789,240783,2014-07-16,Modern Daily #7283195,modern,modern-daily-7283195,modern-daily-7283195-2014-07-16
51,1,Entomber Exarch,,Sideboard,3,1,Melira Pod,Dasklumpital,238 tix,$ 789,240783,2014-07-16,Modern Daily #7283195,modern,modern-daily-7283195,modern-daily-7283195-2014-07-16
52,1,Obstinate Baloth,,Sideboard,3,1,Melira Pod,Dasklumpital,238 tix,$ 789,240783,2014-07-16,Modern Daily #7283195,modern,modern-daily-7283195,modern-daily-7283195-2014-07-16
53,1,Acidic Slime,,Sideboard,3,1,Melira Pod,Dasklumpital,238 tix,$ 789,240783,2014-07-16,Modern Daily #7283195,modern,modern-daily-7283195,modern-daily-7283195-2014-07-16
1,4,Birds of Paradise,,Creatures,3,1,Melira Pod,Raven423,268 tix,$ 876,240787,2014-07-16,Modern Daily #7283195,modern,modern-daily-7283195,modern-daily-7283195-2014-07-16
2,3,Noble Hierarch,,Creatures,3,1,Melira Pod,Raven423,268 tix,$ 876,240787,2014-07-16,Modern Daily #7283195,modern,modern-daily-7283195,modern-daily-7283195-2014-07-16
3,1,Viscera Seer,,Creatures,3,1,Melira Pod,Raven423,268 tix,$ 876,240787,2014-07-16,Modern Daily #7283195,modern,modern-daily-7283195,modern-daily-7283195-2014-07-16
4,1,"Melira, Sylvok Outcast",,Creatures,3,1,Melira Pod,Raven423,268 tix,$ 876,240787,2014-07-16,Modern Daily #7283195,modern,modern-daily-7283195,modern-daily-7283195-2014-07-16
5,1,Qasali Pridemage,,Creatures,3,1,Melira Pod,Raven423,268 tix,$ 876,240787,2014-07-16,Modern Daily #7283195,modern,modern-daily-7283195,modern-daily-7283195-2014-07-16
6,1,Scavenging Ooze,,Creatures,3,1,Melira Pod,Raven423,268 tix,$ 876,240787,2014-07-16,Modern Daily #7283195,modern,modern-daily-7283195,modern-daily-7283195-2014-07-16
7,1,Spellskite,,Creatures,3,1,Melira Pod,Raven423,268 tix,$ 876,240787,2014-07-16,Modern Daily #7283195,modern,modern-daily-7283195,modern-daily-7283195-2014-07-16
8,3,Voice of Resurgence,,Creatures,3,1,Melira Pod,Raven423,268 tix,$ 876,240787,2014-07-16,Modern Daily #7283195,modern,modern-daily-7283195,modern-daily-7283195-2014-07-16
9,1,Wall of Roots,,Creatures,3,1,Melira Pod,Raven423,268 tix,$ 876,240787,2014-07-16,Modern Daily #7283195,modern,modern-daily-7283195,modern-daily-7283195-2014-07-16
10,1,Eternal Witness,,Creatures,3,1,Melira Pod,Raven423,268 tix,$ 876,240787,2014-07-16,Modern Daily #7283195,modern,modern-daily-7283195,modern-daily-7283195-2014-07-16
11,2,Kitchen Finks,,Creatures,3,1,Melira Pod,Raven423,268 tix,$ 876,240787,2014-07-16,Modern Daily #7283195,modern,modern-daily-7283195,modern-daily-7283195-2014-07-16
12,1,Orzhov Pontiff,,Creatures,3,1,Melira Pod,Raven423,268 tix,$ 876,240787,2014-07-16,Modern Daily #7283195,modern,modern-daily-7283195,modern-daily-7283195-2014-07-16
13,1,Sin Collector,,Creatures,3,1,Melira Pod,Raven423,268 tix,$ 876,240787,2014-07-16,Modern Daily #7283195,modern,modern-daily-7283195,modern-daily-7283195-2014-07-16
14,1,Spike Feeder,,Creatures,3,1,Melira Pod,Raven423,268 tix,$ 876,240787,2014-07-16,Modern Daily #7283195,modern,modern-daily-7283195,modern-daily-7283195-2014-07-16
15,1,"Linvala, Keeper of Silence",,Creatures,3,1,Melira Pod,Raven423,268 tix,$ 876,240787,2014-07-16,Modern Daily #7283195,modern,modern-daily-7283195,modern-daily-7283195-2014-07-16
16,1,Murderous Redcap,,Creatures,3,1,Melira Pod,Raven423,268 tix,$ 876,240787,2014-07-16,Modern Daily #7283195,modern,modern-daily-7283195,modern-daily-7283195-2014-07-16
17,1,Ranger of Eos,,Creatures,3,1,Melira Pod,Raven423,268 tix,$ 876,240787,2014-07-16,Modern Daily #7283195,modern,modern-daily-7283195,modern-daily-7283195-2014-07-16
18,1,Restoration Angel,,Creatures,3,1,Melira Pod,Raven423,268 tix,$ 876,240787,2014-07-16,Modern Daily #7283195,modern,modern-daily-7283195,modern-daily-7283195-2014-07-16
19,1,Archangel of Thune,,Creatures,3,1,Melira Pod,Raven423,268 tix,$ 876,240787,2014-07-16,Modern Daily #7283195,modern,modern-daily-7283195,modern-daily-7283195-2014-07-16
20,1,Reveillark,,Creatures,3,1,Melira Pod,Raven423,268 tix,$ 876,240787,2014-07-16,Modern Daily #7283195,modern,modern-daily-7283195,modern-daily-7283195-2014-07-16
21,1,Shriekmaw,,Creatures,3,1,Melira Pod,Raven423,268 tix,$ 876,240787,2014-07-16,Modern Daily #7283195,modern,modern-daily-7283195,modern-daily-7283195-2014-07-16
23,2,Abrupt Decay,,Spells,3,1,Melira Pod,Raven423,268 tix,$ 876,240787,2014-07-16,Modern Daily #7283195,modern,modern-daily-7283195,modern-daily-7283195-2014-07-16
24,2,Chord of Calling,,Spells,3,1,Melira Pod,Raven423,268 tix,$ 876,240787,2014-07-16,Modern Daily #7283195,modern,modern-daily-7283195,modern-daily-7283195-2014-07-16
26,4,Birthing Pod,,Artifacts,3,1,Melira Pod,Raven423,268 tix,$ 876,240787,2014-07-16,Modern Daily #7283195,modern,modern-daily-7283195,modern-daily-7283195-2014-07-16
28,3,Forest,,Lands,3,1,Melira Pod,Raven423,268 tix,$ 876,240787,2014-07-16,Modern Daily #7283195,modern,modern-daily-7283195,modern-daily-7283195-2014-07-16
29,3,Gavony Township,,Lands,3,1,Melira Pod,Raven423,268 tix,$ 876,240787,2014-07-16,Modern Daily #7283195,modern,modern-daily-7283195,modern-daily-7283195-2014-07-16
30,1,Godless Shrine,,Lands,3,1,Melira Pod,Raven423,268 tix,$ 876,240787,2014-07-16,Modern Daily #7283195,modern,modern-daily-7283195,modern-daily-7283195-2014-07-16
31,4,Misty Rainforest,,Lands,3,1,Melira Pod,Raven423,268 tix,$ 876,240787,2014-07-16,Modern Daily #7283195,modern,modern-daily-7283195,modern-daily-7283195-2014-07-16
32,2,Overgrown Tomb,,Lands,3,1,Melira Pod,Raven423,268 tix,$ 876,240787,2014-07-16,Modern Daily #7283195,modern,modern-daily-7283195,modern-daily-7283195-2014-07-16
33,4,Razorverge Thicket,,Lands,3,1,Melira Pod,Raven423,268 tix,$ 876,240787,2014-07-16,Modern Daily #7283195,modern,modern-daily-7283195,modern-daily-7283195-2014-07-16
34,1,Swamp,,Lands,3,1,Melira Pod,Raven423,268 tix,$ 876,240787,2014-07-16,Modern Daily #7283195,modern,modern-daily-7283195,modern-daily-7283195-2014-07-16
35,1,Temple Garden,,Lands,3,1,Melira Pod,Raven423,268 tix,$ 876,240787,2014-07-16,Modern Daily #7283195,modern,modern-daily-7283195,modern-daily-7283195-2014-07-16
36,4,Verdant Catacombs,,Lands,3,1,Melira Pod,Raven423,268 tix,$ 876,240787,2014-07-16,Modern Daily #7283195,modern,modern-daily-7283195,modern-daily-7283195-2014-07-16
38,2,Slaughter Pact,,Sideboard,3,1,Melira Pod,Raven423,268 tix,$ 876,240787,2014-07-16,Modern Daily #7283195,modern,modern-daily-7283195,modern-daily-7283195-2014-07-16
39,4,Thoughtseize,,Sideboard,3,1,Melira Pod,Raven423,268 tix,$ 876,240787,2014-07-16,Modern Daily #7283195,modern,modern-daily-7283195,modern-daily-7283195-2014-07-16
40,1,Dismember,,Sideboard,3,1,Melira Pod,Raven423,268 tix,$ 876,240787,2014-07-16,Modern Daily #7283195,modern,modern-daily-7283195,modern-daily-7283195-2014-07-16
41,1,Harmonic Sliver,,Sideboard,3,1,Melira Pod,Raven423,268 tix,$ 876,240787,2014-07-16,Modern Daily #7283195,modern,modern-daily-7283195,modern-daily-7283195-2014-07-16
42,2,Lingering Souls,,Sideboard,3,1,Melira Pod,Raven423,268 tix,$ 876,240787,2014-07-16,Modern Daily #7283195,modern,modern-daily-7283195,modern-daily-7283195-2014-07-16
43,1,Orzhov Pontiff,,Sideboard,3,1,Melira Pod,Raven423,268 tix,$ 876,240787,2014-07-16,Modern Daily #7283195,modern,modern-daily-7283195,modern-daily-7283195-2014-07-16
44,1,Sin Collector,,Sideboard,3,1,Melira Pod,Raven423,268 tix,$ 876,240787,2014-07-16,Modern Daily #7283195,modern,modern-daily-7283195,modern-daily-7283195-2014-07-16
45,1,Entomber Exarch,,Sideboard,3,1,Melira Pod,Raven423,268 tix,$ 876,240787,2014-07-16,Modern Daily #7283195,modern,modern-daily-7283195,modern-daily-7283195-2014-07-16
46,1,"Thrun, the Last Troll",,Sideboard,3,1,Melira Pod,Raven423,268 tix,$ 876,240787,2014-07-16,Modern Daily #7283195,modern,modern-daily-7283195,modern-daily-7283195-2014-07-16
47,1,"Sigarda, Host of Herons",,Sideboard,3,1,Melira Pod,Raven423,268 tix,$ 876,240787,2014-07-16,Modern Daily #7283195,modern,modern-daily-7283195,modern-daily-7283195-2014-07-16
1,4,Birds of Paradise,,Creatures,3,1,Melira Pod,Trite,281 tix,$ 882,240788,2014-07-16,Modern Daily #7283195,modern,modern-daily-7283195,modern-daily-7283195-2014-07-16
2,3,Noble Hierarch,,Creatures,3,1,Melira Pod,Trite,281 tix,$ 882,240788,2014-07-16,Modern Daily #7283195,modern,modern-daily-7283195,modern-daily-7283195-2014-07-16
3,1,Viscera Seer,,Creatures,3,1,Melira Pod,Trite,281 tix,$ 882,240788,2014-07-16,Modern Daily #7283195,modern,modern-daily-7283195,modern-daily-7283195-2014-07-16
4,1,"Melira, Sylvok Outcast",,Creatures,3,1,Melira Pod,Trite,281 tix,$ 882,240788,2014-07-16,Modern Daily #7283195,modern,modern-daily-7283195,modern-daily-7283195-2014-07-16
5,1,Qasali Pridemage,,Creatures,3,1,Melira Pod,Trite,281 tix,$ 882,240788,2014-07-16,Modern Daily #7283195,modern,modern-daily-7283195,modern-daily-7283195-2014-07-16
6,1,Scavenging Ooze,,Creatures,3,1,Melira Pod,Trite,281 tix,$ 882,240788,2014-07-16,Modern Daily #7283195,modern,modern-daily-7283195,modern-daily-7283195-2014-07-16
7,1,Spellskite,,Creatures,3,1,Melira Pod,Trite,281 tix,$ 882,240788,2014-07-16,Modern Daily #7283195,modern,modern-daily-7283195,modern-daily-7283195-2014-07-16
8,2,Voice of Resurgence,,Creatures,3,1,Melira Pod,Trite,281 tix,$ 882,240788,2014-07-16,Modern Daily #7283195,modern,modern-daily-7283195,modern-daily-7283195-2014-07-16
9,1,Wall of Roots,,Creatures,3,1,Melira Pod,Trite,281 tix,$ 882,240788,2014-07-16,Modern Daily #7283195,modern,modern-daily-7283195,modern-daily-7283195-2014-07-16
10,1,Eternal Witness,,Creatures,3,1,Melira Pod,Trite,281 tix,$ 882,240788,2014-07-16,Modern Daily #7283195,modern,modern-daily-7283195,modern-daily-7283195-2014-07-16
11,3,Kitchen Finks,,Creatures,3,1,Melira Pod,Trite,281 tix,$ 882,240788,2014-07-16,Modern Daily #7283195,modern,modern-daily-7283195,modern-daily-7283195-2014-07-16
12,1,Orzhov Pontiff,,Creatures,3,1,Melira Pod,Trite,281 tix,$ 882,240788,2014-07-16,Modern Daily #7283195,modern,modern-daily-7283195,modern-daily-7283195-2014-07-16
13,1,Sin Collector,,Creatures,3,1,Melira Pod,Trite,281 tix,$ 882,240788,2014-07-16,Modern Daily #7283195,modern,modern-daily-7283195,modern-daily-7283195-2014-07-16
14,1,Spike Feeder,,Creatures,3,1,Melira Pod,Trite,281 tix,$ 882,240788,2014-07-16,Modern Daily #7283195,modern,modern-daily-7283195,modern-daily-7283195-2014-07-16
15,1,"Linvala, Keeper of Silence",,Creatures,3,1,Melira Pod,Trite,281 tix,$ 882,240788,2014-07-16,Modern Daily #7283195,modern,modern-daily-7283195,modern-daily-7283195-2014-07-16
16,1,Murderous Redcap,,Creatures,3,1,Melira Pod,Trite,281 tix,$ 882,240788,2014-07-16,Modern Daily #7283195,modern,modern-daily-7283195,modern-daily-7283195-2014-07-16
17,1,Ranger of Eos,,Creatures,3,1,Melira Pod,Trite,281 tix,$ 882,240788,2014-07-16,Modern Daily #7283195,modern,modern-daily-7283195,modern-daily-7283195-2014-07-16
18,1,Archangel of Thune,,Creatures,3,1,Melira Pod,Trite,281 tix,$ 882,240788,2014-07-16,Modern Daily #7283195,modern,modern-daily-7283195,modern-daily-7283195-2014-07-16
19,1,Reveillark,,Creatures,3,1,Melira Pod,Trite,281 tix,$ 882,240788,2014-07-16,Modern Daily #7283195,modern,modern-daily-7283195,modern-daily-7283195-2014-07-16
20,1,Shriekmaw,,Creatures,3,1,Melira Pod,Trite,281 tix,$ 882,240788,2014-07-16,Modern Daily #7283195,modern,modern-daily-7283195,modern-daily-7283195-2014-07-16
22,2,Abrupt Decay,,Spells,3,1,Melira Pod,Trite,281 tix,$ 882,240788,2014-07-16,Modern Daily #7283195,modern,modern-daily-7283195,modern-daily-7283195-2014-07-16
23,3,Chord of Calling,,Spells,3,1,Melira Pod,Trite,281 tix,$ 882,240788,2014-07-16,Modern Daily #7283195,modern,modern-daily-7283195,modern-daily-7283195-2014-07-16
25,4,Birthing Pod,,Artifacts,3,1,Melira Pod,Trite,281 tix,$ 882,240788,2014-07-16,Modern Daily #7283195,modern,modern-daily-7283195,modern-daily-7283195-2014-07-16
27,3,Forest,,Lands,3,1,Melira Pod,Trite,281 tix,$ 882,240788,2014-07-16,Modern Daily #7283195,modern,modern-daily-7283195,modern-daily-7283195-2014-07-16
28,3,Gavony Township,,Lands,3,1,Melira Pod,Trite,281 tix,$ 882,240788,2014-07-16,Modern Daily #7283195,modern,modern-daily-7283195,modern-daily-7283195-2014-07-16
29,1,Godless Shrine,,Lands,3,1,Melira Pod,Trite,281 tix,$ 882,240788,2014-07-16,Modern Daily #7283195,modern,modern-daily-7283195,modern-daily-7283195-2014-07-16
30,4,Misty Rainforest,,Lands,3,1,Melira Pod,Trite,281 tix,$ 882,240788,2014-07-16,Modern Daily #7283195,modern,modern-daily-7283195,modern-daily-7283195-2014-07-16
31,2,Overgrown Tomb,,Lands,3,1,Melira Pod,Trite,281 tix,$ 882,240788,2014-07-16,Modern Daily #7283195,modern,modern-daily-7283195,modern-daily-7283195-2014-07-16
32,3,Razorverge Thicket,,Lands,3,1,Melira Pod,Trite,281 tix,$ 882,240788,2014-07-16,Modern Daily #7283195,modern,modern-daily-7283195,modern-daily-7283195-2014-07-16
33,1,Swamp,,Lands,3,1,Melira Pod,Trite,281 tix,$ 882,240788,2014-07-16,Modern Daily #7283195,modern,modern-daily-7283195,modern-daily-7283195-2014-07-16
34,2,Temple Garden,,Lands,3,1,Melira Pod,Trite,281 tix,$ 882,240788,2014-07-16,Modern Daily #7283195,modern,modern-daily-7283195,modern-daily-7283195-2014-07-16
35,4,Verdant Catacombs,,Lands,3,1,Melira Pod,Trite,281 tix,$ 882,240788,2014-07-16,Modern Daily #7283195,modern,modern-daily-7283195,modern-daily-7283195-2014-07-16
37,4,Thoughtseize,,Sideboard,3,1,Melira Pod,Trite,281 tix,$ 882,240788,2014-07-16,Modern Daily #7283195,modern,modern-daily-7283195,modern-daily-7283195-2014-07-16
38,1,Abrupt Decay,,Sideboard,3,1,Melira Pod,Trite,281 tix,$ 882,240788,2014-07-16,Modern Daily #7283195,modern,modern-daily-7283195,modern-daily-7283195-2014-07-16
39,1,"Kataki, War's Wage",,Sideboard,3,1,Melira Pod,Trite,281 tix,$ 882,240788,2014-07-16,Modern Daily #7283195,modern,modern-daily-7283195,modern-daily-7283195-2014-07-16
40,1,Scavenging Ooze,,Sideboard,3,1,Melira Pod,Trite,281 tix,$ 882,240788,2014-07-16,Modern Daily #7283195,modern,modern-daily-7283195,modern-daily-7283195-2014-07-16
41,1,Aven Mindcensor,,Sideboard,3,1,Melira Pod,Trite,281 tix,$ 882,240788,2014-07-16,Modern Daily #7283195,modern,modern-daily-7283195,modern-daily-7283195-2014-07-16
42,2,Dismember,,Sideboard,3,1,Melira Pod,Trite,281 tix,$ 882,240788,2014-07-16,Modern Daily #7283195,modern,modern-daily-7283195,modern-daily-7283195-2014-07-16
43,1,Harmonic Sliver,,Sideboard,3,1,Melira Pod,Trite,281 tix,$ 882,240788,2014-07-16,Modern Daily #7283195,modern,modern-daily-7283195,modern-daily-7283195-2014-07-16
44,1,Lingering Souls,,Sideboard,3,1,Melira Pod,Trite,281 tix,$ 882,240788,2014-07-16,Modern Daily #7283195,modern,modern-daily-7283195,modern-daily-7283195-2014-07-16
45,1,Entomber Exarch,,Sideboard,3,1,Melira Pod,Trite,281 tix,$ 882,240788,2014-07-16,Modern Daily #7283195,modern,modern-daily-7283195,modern-daily-7283195-2014-07-16
46,1,"Thrun, the Last Troll",,Sideboard,3,1,Melira Pod,Trite,281 tix,$ 882,240788,2014-07-16,Modern Daily #7283195,modern,modern-daily-7283195,modern-daily-7283195-2014-07-16
47,1,"Sigarda, Host of Herons",,Sideboard,3,1,Melira Pod,Trite,281 tix,$ 882,240788,2014-07-16,Modern Daily #7283195,modern,modern-daily-7283195,modern-daily-7283195-2014-07-16
1,1,Avacyn's Pilgrim,,Creatures,3,1,Melira Pod,nagamonium,238 tix,$ 838,240789,2014-07-16,Modern Daily #7283195,modern,modern-daily-7283195,modern-daily-7283195-2014-07-16
2,4,Birds of Paradise,,Creatures,3,1,Melira Pod,nagamonium,238 tix,$ 838,240789,2014-07-16,Modern Daily #7283195,modern,modern-daily-7283195,modern-daily-7283195-2014-07-16
3,2,Noble Hierarch,,Creatures,3,1,Melira Pod,nagamonium,238 tix,$ 838,240789,2014-07-16,Modern Daily #7283195,modern,modern-daily-7283195,modern-daily-7283195-2014-07-16
4,1,Viscera Seer,,Creatures,3,1,Melira Pod,nagamonium,238 tix,$ 838,240789,2014-07-16,Modern Daily #7283195,modern,modern-daily-7283195,modern-daily-7283195-2014-07-16
5,1,"Melira, Sylvok Outcast",,Creatures,3,1,Melira Pod,nagamonium,238 tix,$ 838,240789,2014-07-16,Modern Daily #7283195,modern,modern-daily-7283195,modern-daily-7283195-2014-07-16
6,1,Qasali Pridemage,,Creatures,3,1,Melira Pod,nagamonium,238 tix,$ 838,240789,2014-07-16,Modern Daily #7283195,modern,modern-daily-7283195,modern-daily-7283195-2014-07-16
7,1,Scavenging Ooze,,Creatures,3,1,Melira Pod,nagamonium,238 tix,$ 838,240789,2014-07-16,Modern Daily #7283195,modern,modern-daily-7283195,modern-daily-7283195-2014-07-16
8,1,Spellskite,,Creatures,3,1,Melira Pod,nagamonium,238 tix,$ 838,240789,2014-07-16,Modern Daily #7283195,modern,modern-daily-7283195,modern-daily-7283195-2014-07-16
9,2,Voice of Resurgence,,Creatures,3,1,Melira Pod,nagamonium,238 tix,$ 838,240789,2014-07-16,Modern Daily #7283195,modern,modern-daily-7283195,modern-daily-7283195-2014-07-16
10,1,Wall of Roots,,Creatures,3,1,Melira Pod,nagamonium,238 tix,$ 838,240789,2014-07-16,Modern Daily #7283195,modern,modern-daily-7283195,modern-daily-7283195-2014-07-16
11,1,Eternal Witness,,Creatures,3,1,Melira Pod,nagamonium,238 tix,$ 838,240789,2014-07-16,Modern Daily #7283195,modern,modern-daily-7283195,modern-daily-7283195-2014-07-16
12,4,Kitchen Finks,,Creatures,3,1,Melira Pod,nagamonium,238 tix,$ 838,240789,2014-07-16,Modern Daily #7283195,modern,modern-daily-7283195,modern-daily-7283195-2014-07-16
13,1,Orzhov Pontiff,,Creatures,3,1,Melira Pod,nagamonium,238 tix,$ 838,240789,2014-07-16,Modern Daily #7283195,modern,modern-daily-7283195,modern-daily-7283195-2014-07-16
14,1,Spike Feeder,,Creatures,3,1,Melira Pod,nagamonium,238 tix,$ 838,240789,2014-07-16,Modern Daily #7283195,modern,modern-daily-7283195,modern-daily-7283195-2014-07-16
15,1,"Linvala, Keeper of Silence",,Creatures,3,1,Melira Pod,nagamonium,238 tix,$ 838,240789,2014-07-16,Modern Daily #7283195,modern,modern-daily-7283195,modern-daily-7283195-2014-07-16
16,1,Murderous Redcap,,Creatures,3,1,Melira Pod,nagamonium,238 tix,$ 838,240789,2014-07-16,Modern Daily #7283195,modern,modern-daily-7283195,modern-daily-7283195-2014-07-16
17,1,Ranger of Eos,,Creatures,3,1,Melira Pod,nagamonium,238 tix,$ 838,240789,2014-07-16,Modern Daily #7283195,modern,modern-daily-7283195,modern-daily-7283195-2014-07-16
18,1,Restoration Angel,,Creatures,3,1,Melira Pod,nagamonium,238 tix,$ 838,240789,2014-07-16,Modern Daily #7283195,modern,modern-daily-7283195,modern-daily-7283195-2014-07-16
19,1,Archangel of Thune,,Creatures,3,1,Melira Pod,nagamonium,238 tix,$ 838,240789,2014-07-16,Modern Daily #7283195,modern,modern-daily-7283195,modern-daily-7283195-2014-07-16
20,1,Reveillark,,Creatures,3,1,Melira Pod,nagamonium,238 tix,$ 838,240789,2014-07-16,Modern Daily #7283195,modern,modern-daily-7283195,modern-daily-7283195-2014-07-16
21,1,Shriekmaw,,Creatures,3,1,Melira Pod,nagamonium,238 tix,$ 838,240789,2014-07-16,Modern Daily #7283195,modern,modern-daily-7283195,modern-daily-7283195-2014-07-16
23,2,Abrupt Decay,,Spells,3,1,Melira Pod,nagamonium,238 tix,$ 838,240789,2014-07-16,Modern Daily #7283195,modern,modern-daily-7283195,modern-daily-7283195-2014-07-16
24,2,Chord of Calling,,Spells,3,1,Melira Pod,nagamonium,238 tix,$ 838,240789,2014-07-16,Modern Daily #7283195,modern,modern-daily-7283195,modern-daily-7283195-2014-07-16
26,4,Birthing Pod,,Artifacts,3,1,Melira Pod,nagamonium,238 tix,$ 838,240789,2014-07-16,Modern Daily #7283195,modern,modern-daily-7283195,modern-daily-7283195-2014-07-16
28,3,Forest,,Lands,3,1,Melira Pod,nagamonium,238 tix,$ 838,240789,2014-07-16,Modern Daily #7283195,modern,modern-daily-7283195,modern-daily-7283195-2014-07-16
29,3,Gavony Township,,Lands,3,1,Melira Pod,nagamonium,238 tix,$ 838,240789,2014-07-16,Modern Daily #7283195,modern,modern-daily-7283195,modern-daily-7283195-2014-07-16
30,1,Godless Shrine,,Lands,3,1,Melira Pod,nagamonium,238 tix,$ 838,240789,2014-07-16,Modern Daily #7283195,modern,modern-daily-7283195,modern-daily-7283195-2014-07-16
31,4,Marsh Flats,,Lands,3,1,Melira Pod,nagamonium,238 tix,$ 838,240789,2014-07-16,Modern Daily #7283195,modern,modern-daily-7283195,modern-daily-7283195-2014-07-16
32,2,Overgrown Tomb,,Lands,3,1,Melira Pod,nagamonium,238 tix,$ 838,240789,2014-07-16,Modern Daily #7283195,modern,modern-daily-7283195,modern-daily-7283195-2014-07-16
33,3,Razorverge Thicket,,Lands,3,1,Melira Pod,nagamonium,238 tix,$ 838,240789,2014-07-16,Modern Daily #7283195,modern,modern-daily-7283195,modern-daily-7283195-2014-07-16
34,1,Swamp,,Lands,3,1,Melira Pod,nagamonium,238 tix,$ 838,240789,2014-07-16,Modern Daily #7283195,modern,modern-daily-7283195,modern-daily-7283195-2014-07-16
35,2,Temple Garden,,Lands,3,1,Melira Pod,nagamonium,238 tix,$ 838,240789,2014-07-16,Modern Daily #7283195,modern,modern-daily-7283195,modern-daily-7283195-2014-07-16
36,4,Verdant Catacombs,,Lands,3,1,Melira Pod,nagamonium,238 tix,$ 838,240789,2014-07-16,Modern Daily #7283195,modern,modern-daily-7283195,modern-daily-7283195-2014-07-16
38,4,Thoughtseize,,Sideboard,3,1,Melira Pod,nagamonium,238 tix,$ 838,240789,2014-07-16,Modern Daily #7283195,modern,modern-daily-7283195,modern-daily-7283195-2014-07-16
39,1,Abrupt Decay,,Sideboard,3,1,Melira Pod,nagamonium,238 tix,$ 838,240789,2014-07-16,Modern Daily #7283195,modern,modern-daily-7283195,modern-daily-7283195-2014-07-16
40,1,Scavenging Ooze,,Sideboard,3,1,Melira Pod,nagamonium,238 tix,$ 838,240789,2014-07-16,Modern Daily #7283195,modern,modern-daily-7283195,modern-daily-7283195-2014-07-16
41,1,Aven Mindcensor,,Sideboard,3,1,Melira Pod,nagamonium,238 tix,$ 838,240789,2014-07-16,Modern Daily #7283195,modern,modern-daily-7283195,modern-daily-7283195-2014-07-16
42,2,Dismember,,Sideboard,3,1,Melira Pod,nagamonium,238 tix,$ 838,240789,2014-07-16,Modern Daily #7283195,modern,modern-daily-7283195,modern-daily-7283195-2014-07-16
43,1,Harmonic Sliver,,Sideboard,3,1,Melira Pod,nagamonium,238 tix,$ 838,240789,2014-07-16,Modern Daily #7283195,modern,modern-daily-7283195,modern-daily-7283195-2014-07-16
44,1,Orzhov Pontiff,,Sideboard,3,1,Melira Pod,nagamonium,238 tix,$ 838,240789,2014-07-16,Modern Daily #7283195,modern,modern-daily-7283195,modern-daily-7283195-2014-07-16
45,2,Sin Collector,,Sideboard,3,1,Melira Pod,nagamonium,238 tix,$ 838,240789,2014-07-16,Modern Daily #7283195,modern,modern-daily-7283195,modern-daily-7283195-2014-07-16
46,1,Entomber Exarch,,Sideboard,3,1,Melira Pod,nagamonium,238 tix,$ 838,240789,2014-07-16,Modern Daily #7283195,modern,modern-daily-7283195,modern-daily-7283195-2014-07-16
47,1,"Thrun, the Last Troll",,Sideboard,3,1,Melira Pod,nagamonium,238 tix,$ 838,240789,2014-07-16,Modern Daily #7283195,modern,modern-daily-7283195,modern-daily-7283195-2014-07-16
1,4,Birds of Paradise,,Creatures,3,1,Melira Pod,Trumpetman,259 tix,$ 864,240795,2014-07-16,Modern Daily #7283195,modern,modern-daily-7283195,modern-daily-7283195-2014-07-16
2,2,Noble Hierarch,,Creatures,3,1,Melira Pod,Trumpetman,259 tix,$ 864,240795,2014-07-16,Modern Daily #7283195,modern,modern-daily-7283195,modern-daily-7283195-2014-07-16
3,1,Viscera Seer,,Creatures,3,1,Melira Pod,Trumpetman,259 tix,$ 864,240795,2014-07-16,Modern Daily #7283195,modern,modern-daily-7283195,modern-daily-7283195-2014-07-16
4,1,"Melira, Sylvok Outcast",,Creatures,3,1,Melira Pod,Trumpetman,259 tix,$ 864,240795,2014-07-16,Modern Daily #7283195,modern,modern-daily-7283195,modern-daily-7283195-2014-07-16
5,1,Qasali Pridemage,,Creatures,3,1,Melira Pod,Trumpetman,259 tix,$ 864,240795,2014-07-16,Modern Daily #7283195,modern,modern-daily-7283195,modern-daily-7283195-2014-07-16
6,1,Scavenging Ooze,,Creatures,3,1,Melira Pod,Trumpetman,259 tix,$ 864,240795,2014-07-16,Modern Daily #7283195,modern,modern-daily-7283195,modern-daily-7283195-2014-07-16
7,1,Spellskite,,Creatures,3,1,Melira Pod,Trumpetman,259 tix,$ 864,240795,2014-07-16,Modern Daily #7283195,modern,modern-daily-7283195,modern-daily-7283195-2014-07-16
8,3,Voice of Resurgence,,Creatures,3,1,Melira Pod,Trumpetman,259 tix,$ 864,240795,2014-07-16,Modern Daily #7283195,modern,modern-daily-7283195,modern-daily-7283195-2014-07-16
9,2,Wall of Roots,,Creatures,3,1,Melira Pod,Trumpetman,259 tix,$ 864,240795,2014-07-16,Modern Daily #7283195,modern,modern-daily-7283195,modern-daily-7283195-2014-07-16
10,1,Eternal Witness,,Creatures,3,1,Melira Pod,Trumpetman,259 tix,$ 864,240795,2014-07-16,Modern Daily #7283195,modern,modern-daily-7283195,modern-daily-7283195-2014-07-16
11,3,Kitchen Finks,,Creatures,3,1,Melira Pod,Trumpetman,259 tix,$ 864,240795,2014-07-16,Modern Daily #7283195,modern,modern-daily-7283195,modern-daily-7283195-2014-07-16
12,1,Orzhov Pontiff,,Creatures,3,1,Melira Pod,Trumpetman,259 tix,$ 864,240795,2014-07-16,Modern Daily #7283195,modern,modern-daily-7283195,modern-daily-7283195-2014-07-16
13,1,Sin Collector,,Creatures,3,1,Melira Pod,Trumpetman,259 tix,$ 864,240795,2014-07-16,Modern Daily #7283195,modern,modern-daily-7283195,modern-daily-7283195-2014-07-16
14,1,"Linvala, Keeper of Silence",,Creatures,3,1,Melira Pod,Trumpetman,259 tix,$ 864,240795,2014-07-16,Modern Daily #7283195,modern,modern-daily-7283195,modern-daily-7283195-2014-07-16
15,1,Murderous Redcap,,Creatures,3,1,Melira Pod,Trumpetman,259 tix,$ 864,240795,2014-07-16,Modern Daily #7283195,modern,modern-daily-7283195,modern-daily-7283195-2014-07-16
16,1,Phyrexian Metamorph,,Creatures,3,1,Melira Pod,Trumpetman,259 tix,$ 864,240795,2014-07-16,Modern Daily #7283195,modern,modern-daily-7283195,modern-daily-7283195-2014-07-16
17,1,Ranger of Eos,,Creatures,3,1,Melira Pod,Trumpetman,259 tix,$ 864,240795,2014-07-16,Modern Daily #7283195,modern,modern-daily-7283195,modern-daily-7283195-2014-07-16
18,1,Reveillark,,Creatures,3,1,Melira Pod,Trumpetman,259 tix,$ 864,240795,2014-07-16,Modern Daily #7283195,modern,modern-daily-7283195,modern-daily-7283195-2014-07-16
19,1,Shriekmaw,,Creatures,3,1,Melira Pod,Trumpetman,259 tix,$ 864,240795,2014-07-16,Modern Daily #7283195,modern,modern-daily-7283195,modern-daily-7283195-2014-07-16
21,2,Abrupt Decay,,Spells,3,1,Melira Pod,Trumpetman,259 tix,$ 864,240795,2014-07-16,Modern Daily #7283195,modern,modern-daily-7283195,modern-daily-7283195-2014-07-16
22,3,Chord of Calling,,Spells,3,1,Melira Pod,Trumpetman,259 tix,$ 864,240795,2014-07-16,Modern Daily #7283195,modern,modern-daily-7283195,modern-daily-7283195-2014-07-16
24,4,Birthing Pod,,Artifacts,3,1,Melira Pod,Trumpetman,259 tix,$ 864,240795,2014-07-16,Modern Daily #7283195,modern,modern-daily-7283195,modern-daily-7283195-2014-07-16
26,3,Forest,,Lands,3,1,Melira Pod,Trumpetman,259 tix,$ 864,240795,2014-07-16,Modern Daily #7283195,modern,modern-daily-7283195,modern-daily-7283195-2014-07-16
27,3,Gavony Township,,Lands,3,1,Melira Pod,Trumpetman,259 tix,$ 864,240795,2014-07-16,Modern Daily #7283195,modern,modern-daily-7283195,modern-daily-7283195-2014-07-16
28,1,Godless Shrine,,Lands,3,1,Melira Pod,Trumpetman,259 tix,$ 864,240795,2014-07-16,Modern Daily #7283195,modern,modern-daily-7283195,modern-daily-7283195-2014-07-16
29,4,Misty Rainforest,,Lands,3,1,Melira Pod,Trumpetman,259 tix,$ 864,240795,2014-07-16,Modern Daily #7283195,modern,modern-daily-7283195,modern-daily-7283195-2014-07-16
30,2,Overgrown Tomb,,Lands,3,1,Melira Pod,Trumpetman,259 tix,$ 864,240795,2014-07-16,Modern Daily #7283195,modern,modern-daily-7283195,modern-daily-7283195-2014-07-16
31,3,Razorverge Thicket,,Lands,3,1,Melira Pod,Trumpetman,259 tix,$ 864,240795,2014-07-16,Modern Daily #7283195,modern,modern-daily-7283195,modern-daily-7283195-2014-07-16
32,1,Swamp,,Lands,3,1,Melira Pod,Trumpetman,259 tix,$ 864,240795,2014-07-16,Modern Daily #7283195,modern,modern-daily-7283195,modern-daily-7283195-2014-07-16
33,1,Temple Garden,,Lands,3,1,Melira Pod,Trumpetman,259 tix,$ 864,240795,2014-07-16,Modern Daily #7283195,modern,modern-daily-7283195,modern-daily-7283195-2014-07-16
34,4,Verdant Catacombs,,Lands,3,1,Melira Pod,Trumpetman,259 tix,$ 864,240795,2014-07-16,Modern Daily #7283195,modern,modern-daily-7283195,modern-daily-7283195-2014-07-16
35,1,Woodland Cemetery,,Lands,3,1,Melira Pod,Trumpetman,259 tix,$ 864,240795,2014-07-16,Modern Daily #7283195,modern,modern-daily-7283195,modern-daily-7283195-2014-07-16
37,4,Thoughtseize,,Sideboard,3,1,Melira Pod,Trumpetman,259 tix,$ 864,240795,2014-07-16,Modern Daily #7283195,modern,modern-daily-7283195,modern-daily-7283195-2014-07-16
38,1,"Kataki, War's Wage",,Sideboard,3,1,Melira Pod,Trumpetman,259 tix,$ 864,240795,2014-07-16,Modern Daily #7283195,modern,modern-daily-7283195,modern-daily-7283195-2014-07-16
39,1,Scavenging Ooze,,Sideboard,3,1,Melira Pod,Trumpetman,259 tix,$ 864,240795,2014-07-16,Modern Daily #7283195,modern,modern-daily-7283195,modern-daily-7283195-2014-07-16
40,3,Dismember,,Sideboard,3,1,Melira Pod,Trumpetman,259 tix,$ 864,240795,2014-07-16,Modern Daily #7283195,modern,modern-daily-7283195,modern-daily-7283195-2014-07-16
41,1,Eidolon of Rhetoric,,Sideboard,3,1,Melira Pod,Trumpetman,259 tix,$ 864,240795,2014-07-16,Modern Daily #7283195,modern,modern-daily-7283195,modern-daily-7283195-2014-07-16
42,1,Harmonic Sliver,,Sideboard,3,1,Melira Pod,Trumpetman,259 tix,$ 864,240795,2014-07-16,Modern Daily #7283195,modern,modern-daily-7283195,modern-daily-7283195-2014-07-16
43,1,Orzhov Pontiff,,Sideboard,3,1,Melira Pod,Trumpetman,259 tix,$ 864,240795,2014-07-16,Modern Daily #7283195,modern,modern-daily-7283195,modern-daily-7283195-2014-07-16
44,1,Sin Collector,,Sideboard,3,1,Melira Pod,Trumpetman,259 tix,$ 864,240795,2014-07-16,Modern Daily #7283195,modern,modern-daily-7283195,modern-daily-7283195-2014-07-16
45,1,Entomber Exarch,,Sideboard,3,1,Melira Pod,Trumpetman,259 tix,$ 864,240795,2014-07-16,Modern Daily #7283195,modern,modern-daily-7283195,modern-daily-7283195-2014-07-16
46,1,"Linvala, Keeper of Silence",,Sideboard,3,1,Melira Pod,Trumpetman,259 tix,$ 864,240795,2014-07-16,Modern Daily #7283195,modern,modern-daily-7283195,modern-daily-7283195-2014-07-16
1,4,Goblin Guide,,Creatures,3,1,R,AlejandroAArenas,121 tix,$ 354,240782,2014-07-16,Modern Daily #7283195,modern,modern-daily-7283195,modern-daily-7283195-2014-07-16
2,4,Spark Elemental,,Creatures,3,1,R,AlejandroAArenas,121 tix,$ 354,240782,2014-07-16,Modern Daily #7283195,modern,modern-daily-7283195,modern-daily-7283195-2014-07-16
3,4,Eidolon of the Great Revel,,Creatures,3,1,R,AlejandroAArenas,121 tix,$ 354,240782,2014-07-16,Modern Daily #7283195,modern,modern-daily-7283195,modern-daily-7283195-2014-07-16
5,4,Lava Spike,,Spells,3,1,R,AlejandroAArenas,121 tix,$ 354,240782,2014-07-16,Modern Daily #7283195,modern,modern-daily-7283195,modern-daily-7283195-2014-07-16
6,4,Lightning Bolt,,Spells,3,1,R,AlejandroAArenas,121 tix,$ 354,240782,2014-07-16,Modern Daily #7283195,modern,modern-daily-7283195,modern-daily-7283195-2014-07-16
7,4,Shard Volley,,Spells,3,1,R,AlejandroAArenas,121 tix,$ 354,240782,2014-07-16,Modern Daily #7283195,modern,modern-daily-7283195,modern-daily-7283195-2014-07-16
8,2,Searing Blaze,,Spells,3,1,R,AlejandroAArenas,121 tix,$ 354,240782,2014-07-16,Modern Daily #7283195,modern,modern-daily-7283195,modern-daily-7283195-2014-07-16
9,2,Searing Blood,,Spells,3,1,R,AlejandroAArenas,121 tix,$ 354,240782,2014-07-16,Modern Daily #7283195,modern,modern-daily-7283195,modern-daily-7283195-2014-07-16
10,4,Skullcrack,,Spells,3,1,R,AlejandroAArenas,121 tix,$ 354,240782,2014-07-16,Modern Daily #7283195,modern,modern-daily-7283195,modern-daily-7283195-2014-07-16
11,4,Flames of the Blood Hand,,Spells,3,1,R,AlejandroAArenas,121 tix,$ 354,240782,2014-07-16,Modern Daily #7283195,modern,modern-daily-7283195,modern-daily-7283195-2014-07-16
12,4,Rift Bolt,,Spells,3,1,R,AlejandroAArenas,121 tix,$ 354,240782,2014-07-16,Modern Daily #7283195,modern,modern-daily-7283195,modern-daily-7283195-2014-07-16
14,4,Arid Mesa,,Lands,3,1,R,AlejandroAArenas,121 tix,$ 354,240782,2014-07-16,Modern Daily #7283195,modern,modern-daily-7283195,modern-daily-7283195-2014-07-16
15,16,Mountain,,Lands,3,1,R,AlejandroAArenas,121 tix,$ 354,240782,2014-07-16,Modern Daily #7283195,modern,modern-daily-7283195,modern-daily-7283195-2014-07-16
17,2,Relic of Progenitus,,Sideboard,3,1,R,AlejandroAArenas,121 tix,$ 354,240782,2014-07-16,Modern Daily #7283195,modern,modern-daily-7283195,modern-daily-7283195-2014-07-16
18,2,Combust,,Sideboard,3,1,R,AlejandroAArenas,121 tix,$ 354,240782,2014-07-16,Modern Daily #7283195,modern,modern-daily-7283195,modern-daily-7283195-2014-07-16
19,2,Searing Blood,,Sideboard,3,1,R,AlejandroAArenas,121 tix,$ 354,240782,2014-07-16,Modern Daily #7283195,modern,modern-daily-7283195,modern-daily-7283195-2014-07-16
20,4,Smash to Smithereens,,Sideboard,3,1,R,AlejandroAArenas,121 tix,$ 354,240782,2014-07-16,Modern Daily #7283195,modern,modern-daily-7283195,modern-daily-7283195-2014-07-16
21,1,Spellskite,,Sideboard,3,1,R,AlejandroAArenas,121 tix,$ 354,240782,2014-07-16,Modern Daily #7283195,modern,modern-daily-7283195,modern-daily-7283195-2014-07-16
22,1,Anger of the Gods,,Sideboard,3,1,R,AlejandroAArenas,121 tix,$ 354,240782,2014-07-16,Modern Daily #7283195,modern,modern-daily-7283195,modern-daily-7283195-2014-07-16
23,3,Molten Rain,,Sideboard,3,1,R,AlejandroAArenas,121 tix,$ 354,240782,2014-07-16,Modern Daily #7283195,modern,modern-daily-7283195,modern-daily-7283195-2014-07-16
1,4,Sakura-Tribe Elder,,Creatures,3,1,Scapeshift,Derayler,268 tix,"$ 1,064",240791,2014-07-16,Modern Daily #7283195,modern,modern-daily-7283195,modern-daily-7283195-2014-07-16
2,2,Snapcaster Mage,,Creatures,3,1,Scapeshift,Derayler,268 tix,"$ 1,064",240791,2014-07-16,Modern Daily #7283195,modern,modern-daily-7283195,modern-daily-7283195-2014-07-16
4,1,Gigadrowse,,Spells,3,1,Scapeshift,Derayler,268 tix,"$ 1,064",240791,2014-07-16,Modern Daily #7283195,modern,modern-daily-7283195,modern-daily-7283195-2014-07-16
5,2,Lightning Bolt,,Spells,3,1,Scapeshift,Derayler,268 tix,"$ 1,064",240791,2014-07-16,Modern Daily #7283195,modern,modern-daily-7283195,modern-daily-7283195-2014-07-16
6,1,Repeal,,Spells,3,1,Scapeshift,Derayler,268 tix,"$ 1,064",240791,2014-07-16,Modern Daily #7283195,modern,modern-daily-7283195,modern-daily-7283195-2014-07-16
7,3,Farseek,,Spells,3,1,Scapeshift,Derayler,268 tix,"$ 1,064",240791,2014-07-16,Modern Daily #7283195,modern,modern-daily-7283195,modern-daily-7283195-2014-07-16
8,1,Izzet Charm,,Spells,3,1,Scapeshift,Derayler,268 tix,"$ 1,064",240791,2014-07-16,Modern Daily #7283195,modern,modern-daily-7283195,modern-daily-7283195-2014-07-16
9,3,Peer Through Depths,,Spells,3,1,Scapeshift,Derayler,268 tix,"$ 1,064",240791,2014-07-16,Modern Daily #7283195,modern,modern-daily-7283195,modern-daily-7283195-2014-07-16
10,4,Remand,,Spells,3,1,Scapeshift,Derayler,268 tix,"$ 1,064",240791,2014-07-16,Modern Daily #7283195,modern,modern-daily-7283195,modern-daily-7283195-2014-07-16
11,2,Electrolyze,,Spells,3,1,Scapeshift,Derayler,268 tix,"$ 1,064",240791,2014-07-16,Modern Daily #7283195,modern,modern-daily-7283195,modern-daily-7283195-2014-07-16
12,4,Search for Tomorrow,,Spells,3,1,Scapeshift,Derayler,268 tix,"$ 1,064",240791,2014-07-16,Modern Daily #7283195,modern,modern-daily-7283195,modern-daily-7283195-2014-07-16
13,4,Cryptic Command,,Spells,3,1,Scapeshift,Derayler,268 tix,"$ 1,064",240791,2014-07-16,Modern Daily #7283195,modern,modern-daily-7283195,modern-daily-7283195-2014-07-16
14,4,Scapeshift,,Spells,3,1,Scapeshift,Derayler,268 tix,"$ 1,064",240791,2014-07-16,Modern Daily #7283195,modern,modern-daily-7283195,modern-daily-7283195-2014-07-16
16,2,Breeding Pool,,Lands,3,1,Scapeshift,Derayler,268 tix,"$ 1,064",240791,2014-07-16,Modern Daily #7283195,modern,modern-daily-7283195,modern-daily-7283195-2014-07-16
17,2,Flooded Grove,,Lands,3,1,Scapeshift,Derayler,268 tix,"$ 1,064",240791,2014-07-16,Modern Daily #7283195,modern,modern-daily-7283195,modern-daily-7283195-2014-07-16
18,2,Forest,,Lands,3,1,Scapeshift,Derayler,268 tix,"$ 1,064",240791,2014-07-16,Modern Daily #7283195,modern,modern-daily-7283195,modern-daily-7283195-2014-07-16
19,3,Island,,Lands,3,1,Scapeshift,Derayler,268 tix,"$ 1,064",240791,2014-07-16,Modern Daily #7283195,modern,modern-daily-7283195,modern-daily-7283195-2014-07-16
20,4,Misty Rainforest,,Lands,3,1,Scapeshift,Derayler,268 tix,"$ 1,064",240791,2014-07-16,Modern Daily #7283195,modern,modern-daily-7283195,modern-daily-7283195-2014-07-16
21,2,Mountain,,Lands,3,1,Scapeshift,Derayler,268 tix,"$ 1,064",240791,2014-07-16,Modern Daily #7283195,modern,modern-daily-7283195,modern-daily-7283195-2014-07-16
22,4,Steam Vents,,Lands,3,1,Scapeshift,Derayler,268 tix,"$ 1,064",240791,2014-07-16,Modern Daily #7283195,modern,modern-daily-7283195,modern-daily-7283195-2014-07-16
23,4,Stomping Ground,,Lands,3,1,Scapeshift,Derayler,268 tix,"$ 1,064",240791,2014-07-16,Modern Daily #7283195,modern,modern-daily-7283195,modern-daily-7283195-2014-07-16
24,2,"Valakut, the Molten Pinnacle",,Lands,3,1,Scapeshift,Derayler,268 tix,"$ 1,064",240791,2014-07-16,Modern Daily #7283195,modern,modern-daily-7283195,modern-daily-7283195-2014-07-16
26,1,Engineered Explosives,,Sideboard,3,1,Scapeshift,Derayler,268 tix,"$ 1,064",240791,2014-07-16,Modern Daily #7283195,modern,modern-daily-7283195,modern-daily-7283195-2014-07-16
27,1,Gigadrowse,,Sideboard,3,1,Scapeshift,Derayler,268 tix,"$ 1,064",240791,2014-07-16,Modern Daily #7283195,modern,modern-daily-7283195,modern-daily-7283195-2014-07-16
28,2,Nature's Claim,,Sideboard,3,1,Scapeshift,Derayler,268 tix,"$ 1,064",240791,2014-07-16,Modern Daily #7283195,modern,modern-daily-7283195,modern-daily-7283195-2014-07-16
29,1,Swan Song,,Sideboard,3,1,Scapeshift,Derayler,268 tix,"$ 1,064",240791,2014-07-16,Modern Daily #7283195,modern,modern-daily-7283195,modern-daily-7283195-2014-07-16
30,1,Negate,,Sideboard,3,1,Scapeshift,Derayler,268 tix,"$ 1,064",240791,2014-07-16,Modern Daily #7283195,modern,modern-daily-7283195,modern-daily-7283195-2014-07-16
31,1,Counterflux,,Sideboard,3,1,Scapeshift,Derayler,268 tix,"$ 1,064",240791,2014-07-16,Modern Daily #7283195,modern,modern-daily-7283195,modern-daily-7283195-2014-07-16
32,3,Obstinate Baloth,,Sideboard,3,1,Scapeshift,Derayler,268 tix,"$ 1,064",240791,2014-07-16,Modern Daily #7283195,modern,modern-daily-7283195,modern-daily-7283195-2014-07-16
33,2,Shatterstorm,,Sideboard,3,1,Scapeshift,Derayler,268 tix,"$ 1,064",240791,2014-07-16,Modern Daily #7283195,modern,modern-daily-7283195,modern-daily-7283195-2014-07-16
34,1,Inferno Titan,,Sideboard,3,1,Scapeshift,Derayler,268 tix,"$ 1,064",240791,2014-07-16,Modern Daily #7283195,modern,modern-daily-7283195,modern-daily-7283195-2014-07-16
35,2,Wurmcoil Engine,,Sideboard,3,1,Scapeshift,Derayler,268 tix,"$ 1,064",240791,2014-07-16,Modern Daily #7283195,modern,modern-daily-7283195,modern-daily-7283195-2014-07-16
1,2,Grim Lavamancer,,Creatures,3,1,Splinter Twin,_GMac_,392 tix,"$ 1,242",240786,2014-07-16,Modern Daily #7283195,modern,modern-daily-7283195,modern-daily-7283195-2014-07-16
2,3,Snapcaster Mage,,Creatures,3,1,Splinter Twin,_GMac_,392 tix,"$ 1,242",240786,2014-07-16,Modern Daily #7283195,modern,modern-daily-7283195,modern-daily-7283195-2014-07-16
3,2,Deceiver Exarch,,Creatures,3,1,Splinter Twin,_GMac_,392 tix,"$ 1,242",240786,2014-07-16,Modern Daily #7283195,modern,modern-daily-7283195,modern-daily-7283195-2014-07-16
4,4,Pestermite,,Creatures,3,1,Splinter Twin,_GMac_,392 tix,"$ 1,242",240786,2014-07-16,Modern Daily #7283195,modern,modern-daily-7283195,modern-daily-7283195-2014-07-16
5,2,Vendilion Clique,,Creatures,3,1,Splinter Twin,_GMac_,392 tix,"$ 1,242",240786,2014-07-16,Modern Daily #7283195,modern,modern-daily-7283195,modern-daily-7283195-2014-07-16
6,1,"Keranos, God of Storms",,Creatures,3,1,Splinter Twin,_GMac_,392 tix,"$ 1,242",240786,2014-07-16,Modern Daily #7283195,modern,modern-daily-7283195,modern-daily-7283195-2014-07-16
8,1,Dispel,,Spells,3,1,Splinter Twin,_GMac_,392 tix,"$ 1,242",240786,2014-07-16,Modern Daily #7283195,modern,modern-daily-7283195,modern-daily-7283195-2014-07-16
9,2,Flame Slash,,Spells,3,1,Splinter Twin,_GMac_,392 tix,"$ 1,242",240786,2014-07-16,Modern Daily #7283195,modern,modern-daily-7283195,modern-daily-7283195-2014-07-16
10,4,Lightning Bolt,,Spells,3,1,Splinter Twin,_GMac_,392 tix,"$ 1,242",240786,2014-07-16,Modern Daily #7283195,modern,modern-daily-7283195,modern-daily-7283195-2014-07-16
11,4,Serum Visions,,Spells,3,1,Splinter Twin,_GMac_,392 tix,"$ 1,242",240786,2014-07-16,Modern Daily #7283195,modern,modern-daily-7283195,modern-daily-7283195-2014-07-16
12,4,Remand,,Spells,3,1,Splinter Twin,_GMac_,392 tix,"$ 1,242",240786,2014-07-16,Modern Daily #7283195,modern,modern-daily-7283195,modern-daily-7283195-2014-07-16
13,2,Electrolyze,,Spells,3,1,Splinter Twin,_GMac_,392 tix,"$ 1,242",240786,2014-07-16,Modern Daily #7283195,modern,modern-daily-7283195,modern-daily-7283195-2014-07-16
14,2,Cryptic Command,,Spells,3,1,Splinter Twin,_GMac_,392 tix,"$ 1,242",240786,2014-07-16,Modern Daily #7283195,modern,modern-daily-7283195,modern-daily-7283195-2014-07-16
16,4,Splinter Twin,,Enchantments,3,1,Splinter Twin,_GMac_,392 tix,"$ 1,242",240786,2014-07-16,Modern Daily #7283195,modern,modern-daily-7283195,modern-daily-7283195-2014-07-16
18,1,Arid Mesa,,Lands,3,1,Splinter Twin,_GMac_,392 tix,"$ 1,242",240786,2014-07-16,Modern Daily #7283195,modern,modern-daily-7283195,modern-daily-7283195-2014-07-16
19,1,Desolate Lighthouse,,Lands,3,1,Splinter Twin,_GMac_,392 tix,"$ 1,242",240786,2014-07-16,Modern Daily #7283195,modern,modern-daily-7283195,modern-daily-7283195-2014-07-16
20,6,Island,,Lands,3,1,Splinter Twin,_GMac_,392 tix,"$ 1,242",240786,2014-07-16,Modern Daily #7283195,modern,modern-daily-7283195,modern-daily-7283195-2014-07-16
21,3,Misty Rainforest,,Lands,3,1,Splinter Twin,_GMac_,392 tix,"$ 1,242",240786,2014-07-16,Modern Daily #7283195,modern,modern-daily-7283195,modern-daily-7283195-2014-07-16
22,1,Mountain,,Lands,3,1,Splinter Twin,_GMac_,392 tix,"$ 1,242",240786,2014-07-16,Modern Daily #7283195,modern,modern-daily-7283195,modern-daily-7283195-2014-07-16
23,4,Scalding Tarn,,Lands,3,1,Splinter Twin,_GMac_,392 tix,"$ 1,242",240786,2014-07-16,Modern Daily #7283195,modern,modern-daily-7283195,modern-daily-7283195-2014-07-16
24,3,Steam Vents,,Lands,3,1,Splinter Twin,_GMac_,392 tix,"$ 1,242",240786,2014-07-16,Modern Daily #7283195,modern,modern-daily-7283195,modern-daily-7283195-2014-07-16
25,1,Stomping Ground,,Lands,3,1,Splinter Twin,_GMac_,392 tix,"$ 1,242",240786,2014-07-16,Modern Daily #7283195,modern,modern-daily-7283195,modern-daily-7283195-2014-07-16
26,3,Sulfur Falls,,Lands,3,1,Splinter Twin,_GMac_,392 tix,"$ 1,242",240786,2014-07-16,Modern Daily #7283195,modern,modern-daily-7283195,modern-daily-7283195-2014-07-16
28,2,Engineered Explosives,,Sideboard,3,1,Splinter Twin,_GMac_,392 tix,"$ 1,242",240786,2014-07-16,Modern Daily #7283195,modern,modern-daily-7283195,modern-daily-7283195-2014-07-16
29,2,Dispel,,Sideboard,3,1,Splinter Twin,_GMac_,392 tix,"$ 1,242",240786,2014-07-16,Modern Daily #7283195,modern,modern-daily-7283195,modern-daily-7283195-2014-07-16
30,3,Relic of Progenitus,,Sideboard,3,1,Splinter Twin,_GMac_,392 tix,"$ 1,242",240786,2014-07-16,Modern Daily #7283195,modern,modern-daily-7283195,modern-daily-7283195-2014-07-16
31,2,Ancient Grudge,,Sideboard,3,1,Splinter Twin,_GMac_,392 tix,"$ 1,242",240786,2014-07-16,Modern Daily #7283195,modern,modern-daily-7283195,modern-daily-7283195-2014-07-16
32,3,Blood Moon,,Sideboard,3,1,Splinter Twin,_GMac_,392 tix,"$ 1,242",240786,2014-07-16,Modern Daily #7283195,modern,modern-daily-7283195,modern-daily-7283195-2014-07-16
33,1,Counterflux,,Sideboard,3,1,Splinter Twin,_GMac_,392 tix,"$ 1,242",240786,2014-07-16,Modern Daily #7283195,modern,modern-daily-7283195,modern-daily-7283195-2014-07-16
34,1,Batterskull,,Sideboard,3,1,Splinter Twin,_GMac_,392 tix,"$ 1,242",240786,2014-07-16,Modern Daily #7283195,modern,modern-daily-7283195,modern-daily-7283195-2014-07-16
35,1,"Keranos, God of Storms",,Sideboard,3,1,Splinter Twin,_GMac_,392 tix,"$ 1,242",240786,2014-07-16,Modern Daily #7283195,modern,modern-daily-7283195,modern-daily-7283195-2014-07-16
1,4,Tidehollow Sculler,,Creatures,3,1,Tokens,xii1,99 tix,$ 332,240796,2014-07-16,Modern Daily #7283195,modern,modern-daily-7283195,modern-daily-7283195-2014-07-16
2,2,Hero of Bladehold,,Creatures,3,1,Tokens,xii1,99 tix,$ 332,240796,2014-07-16,Modern Daily #7283195,modern,modern-daily-7283195,modern-daily-7283195-2014-07-16
4,1,"Sorin, Lord of Innistrad",,Planeswalkers,3,1,Tokens,xii1,99 tix,$ 332,240796,2014-07-16,Modern Daily #7283195,modern,modern-daily-7283195,modern-daily-7283195-2014-07-16
6,2,Disfigure,,Spells,3,1,Tokens,xii1,99 tix,$ 332,240796,2014-07-16,Modern Daily #7283195,modern,modern-daily-7283195,modern-daily-7283195-2014-07-16
7,4,Inquisition of Kozilek,,Spells,3,1,Tokens,xii1,99 tix,$ 332,240796,2014-07-16,Modern Daily #7283195,modern,modern-daily-7283195,modern-daily-7283195-2014-07-16
8,4,Path to Exile,,Spells,3,1,Tokens,xii1,99 tix,$ 332,240796,2014-07-16,Modern Daily #7283195,modern,modern-daily-7283195,modern-daily-7283195-2014-07-16
9,2,Thoughtseize,,Spells,3,1,Tokens,xii1,99 tix,$ 332,240796,2014-07-16,Modern Daily #7283195,modern,modern-daily-7283195,modern-daily-7283195-2014-07-16
10,3,Zealous Persecution,,Spells,3,1,Tokens,xii1,99 tix,$ 332,240796,2014-07-16,Modern Daily #7283195,modern,modern-daily-7283195,modern-daily-7283195-2014-07-16
11,4,Lingering Souls,,Spells,3,1,Tokens,xii1,99 tix,$ 332,240796,2014-07-16,Modern Daily #7283195,modern,modern-daily-7283195,modern-daily-7283195-2014-07-16
12,4,Midnight Haunting,,Spells,3,1,Tokens,xii1,99 tix,$ 332,240796,2014-07-16,Modern Daily #7283195,modern,modern-daily-7283195,modern-daily-7283195-2014-07-16
14,3,Bitterblossom,,Enchantments,3,1,Tokens,xii1,99 tix,$ 332,240796,2014-07-16,Modern Daily #7283195,modern,modern-daily-7283195,modern-daily-7283195-2014-07-16
15,4,Intangible Virtue,,Enchantments,3,1,Tokens,xii1,99 tix,$ 332,240796,2014-07-16,Modern Daily #7283195,modern,modern-daily-7283195,modern-daily-7283195-2014-07-16
17,4,Caves of Koilos,,Lands,3,1,Tokens,xii1,99 tix,$ 332,240796,2014-07-16,Modern Daily #7283195,modern,modern-daily-7283195,modern-daily-7283195-2014-07-16
18,4,Godless Shrine,,Lands,3,1,Tokens,xii1,99 tix,$ 332,240796,2014-07-16,Modern Daily #7283195,modern,modern-daily-7283195,modern-daily-7283195-2014-07-16
19,3,Isolated Chapel,,Lands,3,1,Tokens,xii1,99 tix,$ 332,240796,2014-07-16,Modern Daily #7283195,modern,modern-daily-7283195,modern-daily-7283195-2014-07-16
20,3,Plains,,Lands,3,1,Tokens,xii1,99 tix,$ 332,240796,2014-07-16,Modern Daily #7283195,modern,modern-daily-7283195,modern-daily-7283195-2014-07-16
21,6,Swamp,,Lands,3,1,Tokens,xii1,99 tix,$ 332,240796,2014-07-16,Modern Daily #7283195,modern,modern-daily-7283195,modern-daily-7283195-2014-07-16
22,3,Windbrisk Heights,,Lands,3,1,Tokens,xii1,99 tix,$ 332,240796,2014-07-16,Modern Daily #7283195,modern,modern-daily-7283195,modern-daily-7283195-2014-07-16
24,3,Burrenton Forge-Tender,,Sideboard,3,1,Tokens,xii1,99 tix,$ 332,240796,2014-07-16,Modern Daily #7283195,modern,modern-daily-7283195,modern-daily-7283195-2014-07-16
25,2,Duress,,Sideboard,3,1,Tokens,xii1,99 tix,$ 332,240796,2014-07-16,Modern Daily #7283195,modern,modern-daily-7283195,modern-daily-7283195-2014-07-16
26,1,Disenchant,,Sideboard,3,1,Tokens,xii1,99 tix,$ 332,240796,2014-07-16,Modern Daily #7283195,modern,modern-daily-7283195,modern-daily-7283195-2014-07-16
27,3,Rest in Peace,,Sideboard,3,1,Tokens,xii1,99 tix,$ 332,240796,2014-07-16,Modern Daily #7283195,modern,modern-daily-7283195,modern-daily-7283195-2014-07-16
28,2,Stony Silence,,Sideboard,3,1,Tokens,xii1,99 tix,$ 332,240796,2014-07-16,Modern Daily #7283195,modern,modern-daily-7283195,modern-daily-7283195-2014-07-16
29,2,Torpor Orb,,Sideboard,3,1,Tokens,xii1,99 tix,$ 332,240796,2014-07-16,Modern Daily #7283195,modern,modern-daily-7283195,modern-daily-7283195-2014-07-16
30,2,Aven Mindcensor,,Sideboard,3,1,Tokens,xii1,99 tix,$ 332,240796,2014-07-16,Modern Daily #7283195,modern,modern-daily-7283195,modern-daily-7283195-2014-07-16
1,2,Treasure Mage,,Creatures,3,1,UW Tron,Kaslan,110 tix,$ 477,240792,2014-07-16,Modern Daily #7283195,modern,modern-daily-7283195,modern-daily-7283195-2014-07-16
2,3,Solemn Simulacrum,,Creatures,3,1,UW Tron,Kaslan,110 tix,$ 477,240792,2014-07-16,Modern Daily #7283195,modern,modern-daily-7283195,modern-daily-7283195-2014-07-16
3,1,Wurmcoil Engine,,Creatures,3,1,UW Tron,Kaslan,110 tix,$ 477,240792,2014-07-16,Modern Daily #7283195,modern,modern-daily-7283195,modern-daily-7283195-2014-07-16
4,1,"Elesh Norn, Grand Cenobite",,Creatures,3,1,UW Tron,Kaslan,110 tix,$ 477,240792,2014-07-16,Modern Daily #7283195,modern,modern-daily-7283195,modern-daily-7283195-2014-07-16
5,1,"Iona, Shield of Emeria",,Creatures,3,1,UW Tron,Kaslan,110 tix,$ 477,240792,2014-07-16,Modern Daily #7283195,modern,modern-daily-7283195,modern-daily-7283195-2014-07-16
7,3,Path to Exile,,Spells,3,1,UW Tron,Kaslan,110 tix,$ 477,240792,2014-07-16,Modern Daily #7283195,modern,modern-daily-7283195,modern-daily-7283195-2014-07-16
8,4,Remand,,Spells,3,1,UW Tron,Kaslan,110 tix,$ 477,240792,2014-07-16,Modern Daily #7283195,modern,modern-daily-7283195,modern-daily-7283195-2014-07-16
9,4,Thirst for Knowledge,,Spells,3,1,UW Tron,Kaslan,110 tix,$ 477,240792,2014-07-16,Modern Daily #7283195,modern,modern-daily-7283195,modern-daily-7283195-2014-07-16
10,4,Gifts Ungiven,,Spells,3,1,UW Tron,Kaslan,110 tix,$ 477,240792,2014-07-16,Modern Daily #7283195,modern,modern-daily-7283195,modern-daily-7283195-2014-07-16
11,1,Unburial Rites,,Spells,3,1,UW Tron,Kaslan,110 tix,$ 477,240792,2014-07-16,Modern Daily #7283195,modern,modern-daily-7283195,modern-daily-7283195-2014-07-16
13,4,Expedition Map,,Artifacts,3,1,UW Tron,Kaslan,110 tix,$ 477,240792,2014-07-16,Modern Daily #7283195,modern,modern-daily-7283195,modern-daily-7283195-2014-07-16
14,3,Azorius Signet,,Artifacts,3,1,UW Tron,Kaslan,110 tix,$ 477,240792,2014-07-16,Modern Daily #7283195,modern,modern-daily-7283195,modern-daily-7283195-2014-07-16
15,2,Talisman of Progress,,Artifacts,3,1,UW Tron,Kaslan,110 tix,$ 477,240792,2014-07-16,Modern Daily #7283195,modern,modern-daily-7283195,modern-daily-7283195-2014-07-16
16,1,Oblivion Stone,,Artifacts,3,1,UW Tron,Kaslan,110 tix,$ 477,240792,2014-07-16,Modern Daily #7283195,modern,modern-daily-7283195,modern-daily-7283195-2014-07-16
17,1,Batterskull,,Artifacts,3,1,UW Tron,Kaslan,110 tix,$ 477,240792,2014-07-16,Modern Daily #7283195,modern,modern-daily-7283195,modern-daily-7283195-2014-07-16
18,1,Mindslaver,,Artifacts,3,1,UW Tron,Kaslan,110 tix,$ 477,240792,2014-07-16,Modern Daily #7283195,modern,modern-daily-7283195,modern-daily-7283195-2014-07-16
20,1,Academy Ruins,,Lands,3,1,UW Tron,Kaslan,110 tix,$ 477,240792,2014-07-16,Modern Daily #7283195,modern,modern-daily-7283195,modern-daily-7283195-2014-07-16
21,1,Celestial Colonnade,,Lands,3,1,UW Tron,Kaslan,110 tix,$ 477,240792,2014-07-16,Modern Daily #7283195,modern,modern-daily-7283195,modern-daily-7283195-2014-07-16
22,1,Ghost Quarter,,Lands,3,1,UW Tron,Kaslan,110 tix,$ 477,240792,2014-07-16,Modern Daily #7283195,modern,modern-daily-7283195,modern-daily-7283195-2014-07-16
23,1,Glacial Fortress,,Lands,3,1,UW Tron,Kaslan,110 tix,$ 477,240792,2014-07-16,Modern Daily #7283195,modern,modern-daily-7283195,modern-daily-7283195-2014-07-16
24,2,Hallowed Fountain,,Lands,3,1,UW Tron,Kaslan,110 tix,$ 477,240792,2014-07-16,Modern Daily #7283195,modern,modern-daily-7283195,modern-daily-7283195-2014-07-16
25,4,Island,,Lands,3,1,UW Tron,Kaslan,110 tix,$ 477,240792,2014-07-16,Modern Daily #7283195,modern,modern-daily-7283195,modern-daily-7283195-2014-07-16
26,1,Plains,,Lands,3,1,UW Tron,Kaslan,110 tix,$ 477,240792,2014-07-16,Modern Daily #7283195,modern,modern-daily-7283195,modern-daily-7283195-2014-07-16
27,1,Tectonic Edge,,Lands,3,1,UW Tron,Kaslan,110 tix,$ 477,240792,2014-07-16,Modern Daily #7283195,modern,modern-daily-7283195,modern-daily-7283195-2014-07-16
28,4,Urza's Mine,,Lands,3,1,UW Tron,Kaslan,110 tix,$ 477,240792,2014-07-16,Modern Daily #7283195,modern,modern-daily-7283195,modern-daily-7283195-2014-07-16
29,4,Urza's Power Plant,,Lands,3,1,UW Tron,Kaslan,110 tix,$ 477,240792,2014-07-16,Modern Daily #7283195,modern,modern-daily-7283195,modern-daily-7283195-2014-07-16
30,4,Urza's Tower,,Lands,3,1,UW Tron,Kaslan,110 tix,$ 477,240792,2014-07-16,Modern Daily #7283195,modern,modern-daily-7283195,modern-daily-7283195-2014-07-16
32,2,Dispel,,Sideboard,3,1,UW Tron,Kaslan,110 tix,$ 477,240792,2014-07-16,Modern Daily #7283195,modern,modern-daily-7283195,modern-daily-7283195-2014-07-16
33,1,Path to Exile,,Sideboard,3,1,UW Tron,Kaslan,110 tix,$ 477,240792,2014-07-16,Modern Daily #7283195,modern,modern-daily-7283195,modern-daily-7283195-2014-07-16
34,1,Negate,,Sideboard,3,1,UW Tron,Kaslan,110 tix,$ 477,240792,2014-07-16,Modern Daily #7283195,modern,modern-daily-7283195,modern-daily-7283195-2014-07-16
35,1,Snapcaster Mage,,Sideboard,3,1,UW Tron,Kaslan,110 tix,$ 477,240792,2014-07-16,Modern Daily #7283195,modern,modern-daily-7283195,modern-daily-7283195-2014-07-16
36,3,Squelch,,Sideboard,3,1,UW Tron,Kaslan,110 tix,$ 477,240792,2014-07-16,Modern Daily #7283195,modern,modern-daily-7283195,modern-daily-7283195-2014-07-16
37,2,Aven Mindcensor,,Sideboard,3,1,UW Tron,Kaslan,110 tix,$ 477,240792,2014-07-16,Modern Daily #7283195,modern,modern-daily-7283195,modern-daily-7283195-2014-07-16
38,1,Crucible of Worlds,,Sideboard,3,1,UW Tron,Kaslan,110 tix,$ 477,240792,2014-07-16,Modern Daily #7283195,modern,modern-daily-7283195,modern-daily-7283195-2014-07-16
39,3,Timely Reinforcements,,Sideboard,3,1,UW Tron,Kaslan,110 tix,$ 477,240792,2014-07-16,Modern Daily #7283195,modern,modern-daily-7283195,modern-daily-7283195-2014-07-16
40,1,Terastodon,,Sideboard,3,1,UW Tron,Kaslan,110 tix,$ 477,240792,2014-07-16,Modern Daily #7283195,modern,modern-daily-7283195,modern-daily-7283195-2014-07-16
1,4,Snapcaster Mage,,Creatures,3,1,UWR Control,RaptureReady,340 tix,"$ 1,320",240781,2014-07-16,Modern Daily #7283195,modern,modern-daily-7283195,modern-daily-7283195-2014-07-16
2,4,Geist of Saint Traft,,Creatures,3,1,UWR Control,RaptureReady,340 tix,"$ 1,320",240781,2014-07-16,Modern Daily #7283195,modern,modern-daily-7283195,modern-daily-7283195-2014-07-16
3,2,Vendilion Clique,,Creatures,3,1,UWR Control,RaptureReady,340 tix,"$ 1,320",240781,2014-07-16,Modern Daily #7283195,modern,modern-daily-7283195,modern-daily-7283195-2014-07-16
4,2,Restoration Angel,,Creatures,3,1,UWR Control,RaptureReady,340 tix,"$ 1,320",240781,2014-07-16,Modern Daily #7283195,modern,modern-daily-7283195,modern-daily-7283195-2014-07-16
5,1,"Keranos, God of Storms",,Creatures,3,1,UWR Control,RaptureReady,340 tix,"$ 1,320",240781,2014-07-16,Modern Daily #7283195,modern,modern-daily-7283195,modern-daily-7283195-2014-07-16
7,1,Forked Bolt,,Spells,3,1,UWR Control,RaptureReady,340 tix,"$ 1,320",240781,2014-07-16,Modern Daily #7283195,modern,modern-daily-7283195,modern-daily-7283195-2014-07-16
8,4,Lightning Bolt,,Spells,3,1,UWR Control,RaptureReady,340 tix,"$ 1,320",240781,2014-07-16,Modern Daily #7283195,modern,modern-daily-7283195,modern-daily-7283195-2014-07-16
9,4,Path to Exile,,Spells,3,1,UWR Control,RaptureReady,340 tix,"$ 1,320",240781,2014-07-16,Modern Daily #7283195,modern,modern-daily-7283195,modern-daily-7283195-2014-07-16
10,4,Lightning Helix,,Spells,3,1,UWR Control,RaptureReady,340 tix,"$ 1,320",240781,2014-07-16,Modern Daily #7283195,modern,modern-daily-7283195,modern-daily-7283195-2014-07-16
11,2,Mana Leak,,Spells,3,1,UWR Control,RaptureReady,340 tix,"$ 1,320",240781,2014-07-16,Modern Daily #7283195,modern,modern-daily-7283195,modern-daily-7283195-2014-07-16
12,3,Remand,,Spells,3,1,UWR Control,RaptureReady,340 tix,"$ 1,320",240781,2014-07-16,Modern Daily #7283195,modern,modern-daily-7283195,modern-daily-7283195-2014-07-16
13,2,Electrolyze,,Spells,3,1,UWR Control,RaptureReady,340 tix,"$ 1,320",240781,2014-07-16,Modern Daily #7283195,modern,modern-daily-7283195,modern-daily-7283195-2014-07-16
14,2,Cryptic Command,,Spells,3,1,UWR Control,RaptureReady,340 tix,"$ 1,320",240781,2014-07-16,Modern Daily #7283195,modern,modern-daily-7283195,modern-daily-7283195-2014-07-16
16,3,Arid Mesa,,Lands,3,1,UWR Control,RaptureReady,340 tix,"$ 1,320",240781,2014-07-16,Modern Daily #7283195,modern,modern-daily-7283195,modern-daily-7283195-2014-07-16
17,4,Celestial Colonnade,,Lands,3,1,UWR Control,RaptureReady,340 tix,"$ 1,320",240781,2014-07-16,Modern Daily #7283195,modern,modern-daily-7283195,modern-daily-7283195-2014-07-16
18,1,Eiganjo Castle,,Lands,3,1,UWR Control,RaptureReady,340 tix,"$ 1,320",240781,2014-07-16,Modern Daily #7283195,modern,modern-daily-7283195,modern-daily-7283195-2014-07-16
19,2,Ghost Quarter,,Lands,3,1,UWR Control,RaptureReady,340 tix,"$ 1,320",240781,2014-07-16,Modern Daily #7283195,modern,modern-daily-7283195,modern-daily-7283195-2014-07-16
20,2,Hallowed Fountain,,Lands,3,1,UWR Control,RaptureReady,340 tix,"$ 1,320",240781,2014-07-16,Modern Daily #7283195,modern,modern-daily-7283195,modern-daily-7283195-2014-07-16
21,2,Island,,Lands,3,1,UWR Control,RaptureReady,340 tix,"$ 1,320",240781,2014-07-16,Modern Daily #7283195,modern,modern-daily-7283195,modern-daily-7283195-2014-07-16
22,1,Mountain,,Lands,3,1,UWR Control,RaptureReady,340 tix,"$ 1,320",240781,2014-07-16,Modern Daily #7283195,modern,modern-daily-7283195,modern-daily-7283195-2014-07-16
23,1,Plains,,Lands,3,1,UWR Control,RaptureReady,340 tix,"$ 1,320",240781,2014-07-16,Modern Daily #7283195,modern,modern-daily-7283195,modern-daily-7283195-2014-07-16
24,1,Sacred Foundry,,Lands,3,1,UWR Control,RaptureReady,340 tix,"$ 1,320",240781,2014-07-16,Modern Daily #7283195,modern,modern-daily-7283195,modern-daily-7283195-2014-07-16
25,4,Scalding Tarn,,Lands,3,1,UWR Control,RaptureReady,340 tix,"$ 1,320",240781,2014-07-16,Modern Daily #7283195,modern,modern-daily-7283195,modern-daily-7283195-2014-07-16
26,2,Steam Vents,,Lands,3,1,UWR Control,RaptureReady,340 tix,"$ 1,320",240781,2014-07-16,Modern Daily #7283195,modern,modern-daily-7283195,modern-daily-7283195-2014-07-16
27,1,Sulfur Falls,,Lands,3,1,UWR Control,RaptureReady,340 tix,"$ 1,320",240781,2014-07-16,Modern Daily #7283195,modern,modern-daily-7283195,modern-daily-7283195-2014-07-16
28,1,Tectonic Edge,,Lands,3,1,UWR Control,RaptureReady,340 tix,"$ 1,320",240781,2014-07-16,Modern Daily #7283195,modern,modern-daily-7283195,modern-daily-7283195-2014-07-16
30,1,Wear & Tear,,Sideboard,3,1,UWR Control,RaptureReady,340 tix,"$ 1,320",240781,2014-07-16,Modern Daily #7283195,modern,modern-daily-7283195,modern-daily-7283195-2014-07-16
31,1,Dispel,,Sideboard,3,1,UWR Control,RaptureReady,340 tix,"$ 1,320",240781,2014-07-16,Modern Daily #7283195,modern,modern-daily-7283195,modern-daily-7283195-2014-07-16
32,2,Pillar of Flame,,Sideboard,3,1,UWR Control,RaptureReady,340 tix,"$ 1,320",240781,2014-07-16,Modern Daily #7283195,modern,modern-daily-7283195,modern-daily-7283195-2014-07-16
33,1,Relic of Progenitus,,Sideboard,3,1,UWR Control,RaptureReady,340 tix,"$ 1,320",240781,2014-07-16,Modern Daily #7283195,modern,modern-daily-7283195,modern-daily-7283195-2014-07-16
34,1,Celestial Purge,,Sideboard,3,1,UWR Control,RaptureReady,340 tix,"$ 1,320",240781,2014-07-16,Modern Daily #7283195,modern,modern-daily-7283195,modern-daily-7283195-2014-07-16
35,1,Stony Silence,,Sideboard,3,1,UWR Control,RaptureReady,340 tix,"$ 1,320",240781,2014-07-16,Modern Daily #7283195,modern,modern-daily-7283195,modern-daily-7283195-2014-07-16
36,1,Anger of the Gods,,Sideboard,3,1,UWR Control,RaptureReady,340 tix,"$ 1,320",240781,2014-07-16,Modern Daily #7283195,modern,modern-daily-7283195,modern-daily-7283195-2014-07-16
37,1,Aven Mindcensor,,Sideboard,3,1,UWR Control,RaptureReady,340 tix,"$ 1,320",240781,2014-07-16,Modern Daily #7283195,modern,modern-daily-7283195,modern-daily-7283195-2014-07-16
38,2,Counterflux,,Sideboard,3,1,UWR Control,RaptureReady,340 tix,"$ 1,320",240781,2014-07-16,Modern Daily #7283195,modern,modern-daily-7283195,modern-daily-7283195-2014-07-16
39,1,Izzet Staticaster,,Sideboard,3,1,UWR Control,RaptureReady,340 tix,"$ 1,320",240781,2014-07-16,Modern Daily #7283195,modern,modern-daily-7283195,modern-daily-7283195-2014-07-16
40,1,Sword of Feast and Famine,,Sideboard,3,1,UWR Control,RaptureReady,340 tix,"$ 1,320",240781,2014-07-16,Modern Daily #7283195,modern,modern-daily-7283195,modern-daily-7283195-2014-07-16
41,1,Sowing Salt,,Sideboard,3,1,UWR Control,RaptureReady,340 tix,"$ 1,320",240781,2014-07-16,Modern Daily #7283195,modern,modern-daily-7283195,modern-daily-7283195-2014-07-16
42,1,Batterskull,,Sideboard,3,1,UWR Control,RaptureReady,340 tix,"$ 1,320",240781,2014-07-16,Modern Daily #7283195,modern,modern-daily-7283195,modern-daily-7283195-2014-07-16
1,4,Snapcaster Mage,,Creatures,3,1,UWR Control,AntzzzOnALog,313 tix,"$ 1,350",240790,2014-07-16,Modern Daily #7283195,modern,modern-daily-7283195,modern-daily-7283195-2014-07-16
2,1,Vendilion Clique,,Creatures,3,1,UWR Control,AntzzzOnALog,313 tix,"$ 1,350",240790,2014-07-16,Modern Daily #7283195,modern,modern-daily-7283195,modern-daily-7283195-2014-07-16
4,1,Ajani Vengeant,,Planeswalkers,3,1,UWR Control,AntzzzOnALog,313 tix,"$ 1,350",240790,2014-07-16,Modern Daily #7283195,modern,modern-daily-7283195,modern-daily-7283195-2014-07-16
6,4,Lightning Bolt,,Spells,3,1,UWR Control,AntzzzOnALog,313 tix,"$ 1,350",240790,2014-07-16,Modern Daily #7283195,modern,modern-daily-7283195,modern-daily-7283195-2014-07-16
7,3,Path to Exile,,Spells,3,1,UWR Control,AntzzzOnALog,313 tix,"$ 1,350",240790,2014-07-16,Modern Daily #7283195,modern,modern-daily-7283195,modern-daily-7283195-2014-07-16
8,2,Spell Snare,,Spells,3,1,UWR Control,AntzzzOnALog,313 tix,"$ 1,350",240790,2014-07-16,Modern Daily #7283195,modern,modern-daily-7283195,modern-daily-7283195-2014-07-16
9,2,Lightning Helix,,Spells,3,1,UWR Control,AntzzzOnALog,313 tix,"$ 1,350",240790,2014-07-16,Modern Daily #7283195,modern,modern-daily-7283195,modern-daily-7283195-2014-07-16
10,2,Mana Leak,,Spells,3,1,UWR Control,AntzzzOnALog,313 tix,"$ 1,350",240790,2014-07-16,Modern Daily #7283195,modern,modern-daily-7283195,modern-daily-7283195-2014-07-16
11,2,Remand,,Spells,3,1,UWR Control,AntzzzOnALog,313 tix,"$ 1,350",240790,2014-07-16,Modern Daily #7283195,modern,modern-daily-7283195,modern-daily-7283195-2014-07-16
12,1,Shadow of Doubt,,Spells,3,1,UWR Control,AntzzzOnALog,313 tix,"$ 1,350",240790,2014-07-16,Modern Daily #7283195,modern,modern-daily-7283195,modern-daily-7283195-2014-07-16
13,4,Electrolyze,,Spells,3,1,UWR Control,AntzzzOnALog,313 tix,"$ 1,350",240790,2014-07-16,Modern Daily #7283195,modern,modern-daily-7283195,modern-daily-7283195-2014-07-16
14,2,Sphinx's Revelation,,Spells,3,1,UWR Control,AntzzzOnALog,313 tix,"$ 1,350",240790,2014-07-16,Modern Daily #7283195,modern,modern-daily-7283195,modern-daily-7283195-2014-07-16
15,4,Cryptic Command,,Spells,3,1,UWR Control,AntzzzOnALog,313 tix,"$ 1,350",240790,2014-07-16,Modern Daily #7283195,modern,modern-daily-7283195,modern-daily-7283195-2014-07-16
16,2,Wrath of God,,Spells,3,1,UWR Control,AntzzzOnALog,313 tix,"$ 1,350",240790,2014-07-16,Modern Daily #7283195,modern,modern-daily-7283195,modern-daily-7283195-2014-07-16
18,3,Arid Mesa,,Lands,3,1,UWR Control,AntzzzOnALog,313 tix,"$ 1,350",240790,2014-07-16,Modern Daily #7283195,modern,modern-daily-7283195,modern-daily-7283195-2014-07-16
19,4,Celestial Colonnade,,Lands,3,1,UWR Control,AntzzzOnALog,313 tix,"$ 1,350",240790,2014-07-16,Modern Daily #7283195,modern,modern-daily-7283195,modern-daily-7283195-2014-07-16
20,2,Hallowed Fountain,,Lands,3,1,UWR Control,AntzzzOnALog,313 tix,"$ 1,350",240790,2014-07-16,Modern Daily #7283195,modern,modern-daily-7283195,modern-daily-7283195-2014-07-16
21,3,Island,,Lands,3,1,UWR Control,AntzzzOnALog,313 tix,"$ 1,350",240790,2014-07-16,Modern Daily #7283195,modern,modern-daily-7283195,modern-daily-7283195-2014-07-16
22,1,Mountain,,Lands,3,1,UWR Control,AntzzzOnALog,313 tix,"$ 1,350",240790,2014-07-16,Modern Daily #7283195,modern,modern-daily-7283195,modern-daily-7283195-2014-07-16
23,1,Plains,,Lands,3,1,UWR Control,AntzzzOnALog,313 tix,"$ 1,350",240790,2014-07-16,Modern Daily #7283195,modern,modern-daily-7283195,modern-daily-7283195-2014-07-16
24,1,Sacred Foundry,,Lands,3,1,UWR Control,AntzzzOnALog,313 tix,"$ 1,350",240790,2014-07-16,Modern Daily #7283195,modern,modern-daily-7283195,modern-daily-7283195-2014-07-16
25,4,Scalding Tarn,,Lands,3,1,UWR Control,AntzzzOnALog,313 tix,"$ 1,350",240790,2014-07-16,Modern Daily #7283195,modern,modern-daily-7283195,modern-daily-7283195-2014-07-16
26,2,Steam Vents,,Lands,3,1,UWR Control,AntzzzOnALog,313 tix,"$ 1,350",240790,2014-07-16,Modern Daily #7283195,modern,modern-daily-7283195,modern-daily-7283195-2014-07-16
27,2,Sulfur Falls,,Lands,3,1,UWR Control,AntzzzOnALog,313 tix,"$ 1,350",240790,2014-07-16,Modern Daily #7283195,modern,modern-daily-7283195,modern-daily-7283195-2014-07-16
28,3,Tectonic Edge,,Lands,3,1,UWR Control,AntzzzOnALog,313 tix,"$ 1,350",240790,2014-07-16,Modern Daily #7283195,modern,modern-daily-7283195,modern-daily-7283195-2014-07-16
30,1,Wear & Tear,,Sideboard,3,1,UWR Control,AntzzzOnALog,313 tix,"$ 1,350",240790,2014-07-16,Modern Daily #7283195,modern,modern-daily-7283195,modern-daily-7283195-2014-07-16
31,3,Dispel,,Sideboard,3,1,UWR Control,AntzzzOnALog,313 tix,"$ 1,350",240790,2014-07-16,Modern Daily #7283195,modern,modern-daily-7283195,modern-daily-7283195-2014-07-16
32,2,Relic of Progenitus,,Sideboard,3,1,UWR Control,AntzzzOnALog,313 tix,"$ 1,350",240790,2014-07-16,Modern Daily #7283195,modern,modern-daily-7283195,modern-daily-7283195-2014-07-16
33,2,Celestial Purge,,Sideboard,3,1,UWR Control,AntzzzOnALog,313 tix,"$ 1,350",240790,2014-07-16,Modern Daily #7283195,modern,modern-daily-7283195,modern-daily-7283195-2014-07-16
34,2,Stony Silence,,Sideboard,3,1,UWR Control,AntzzzOnALog,313 tix,"$ 1,350",240790,2014-07-16,Modern Daily #7283195,modern,modern-daily-7283195,modern-daily-7283195-2014-07-16
35,1,Aven Mindcensor,,Sideboard,3,1,UWR Control,AntzzzOnALog,313 tix,"$ 1,350",240790,2014-07-16,Modern Daily #7283195,modern,modern-daily-7283195,modern-daily-7283195-2014-07-16
36,1,Counterflux,,Sideboard,3,1,UWR Control,AntzzzOnALog,313 tix,"$ 1,350",240790,2014-07-16,Modern Daily #7283195,modern,modern-daily-7283195,modern-daily-7283195-2014-07-16
37,1,Crucible of Worlds,,Sideboard,3,1,UWR Control,AntzzzOnALog,313 tix,"$ 1,350",240790,2014-07-16,Modern Daily #7283195,modern,modern-daily-7283195,modern-daily-7283195-2014-07-16
38,1,Izzet Staticaster,,Sideboard,3,1,UWR Control,AntzzzOnALog,313 tix,"$ 1,350",240790,2014-07-16,Modern Daily #7283195,modern,modern-daily-7283195,modern-daily-7283195-2014-07-16
39,1,Timely Reinforcements,,Sideboard,3,1,UWR Control,AntzzzOnALog,313 tix,"$ 1,350",240790,2014-07-16,Modern Daily #7283195,modern,modern-daily-7283195,modern-daily-7283195-2014-07-16
1,2,Snapcaster Mage,,Creatures,3,1,WUBRG,toor_,311 tix,"$ 1,116",240794,2014-07-16,Modern Daily #7283195,modern,modern-daily-7283195,modern-daily-7283195-2014-07-16
2,3,Wall of Omens,,Creatures,3,1,WUBRG,toor_,311 tix,"$ 1,116",240794,2014-07-16,Modern Daily #7283195,modern,modern-daily-7283195,modern-daily-7283195-2014-07-16
3,2,Vendilion Clique,,Creatures,3,1,WUBRG,toor_,311 tix,"$ 1,116",240794,2014-07-16,Modern Daily #7283195,modern,modern-daily-7283195,modern-daily-7283195-2014-07-16
4,3,Restoration Angel,,Creatures,3,1,WUBRG,toor_,311 tix,"$ 1,116",240794,2014-07-16,Modern Daily #7283195,modern,modern-daily-7283195,modern-daily-7283195-2014-07-16
5,1,"Elesh Norn, Grand Cenobite",,Creatures,3,1,WUBRG,toor_,311 tix,"$ 1,116",240794,2014-07-16,Modern Daily #7283195,modern,modern-daily-7283195,modern-daily-7283195-2014-07-16
7,3,Lightning Bolt,,Spells,3,1,WUBRG,toor_,311 tix,"$ 1,116",240794,2014-07-16,Modern Daily #7283195,modern,modern-daily-7283195,modern-daily-7283195-2014-07-16
8,1,Mana Tithe,,Spells,3,1,WUBRG,toor_,311 tix,"$ 1,116",240794,2014-07-16,Modern Daily #7283195,modern,modern-daily-7283195,modern-daily-7283195-2014-07-16
9,3,Path to Exile,,Spells,3,1,WUBRG,toor_,311 tix,"$ 1,116",240794,2014-07-16,Modern Daily #7283195,modern,modern-daily-7283195,modern-daily-7283195-2014-07-16
10,2,Spell Snare,,Spells,3,1,WUBRG,toor_,311 tix,"$ 1,116",240794,2014-07-16,Modern Daily #7283195,modern,modern-daily-7283195,modern-daily-7283195-2014-07-16
11,1,Izzet Charm,,Spells,3,1,WUBRG,toor_,311 tix,"$ 1,116",240794,2014-07-16,Modern Daily #7283195,modern,modern-daily-7283195,modern-daily-7283195-2014-07-16
12,2,Lightning Helix,,Spells,3,1,WUBRG,toor_,311 tix,"$ 1,116",240794,2014-07-16,Modern Daily #7283195,modern,modern-daily-7283195,modern-daily-7283195-2014-07-16
13,2,Mana Leak,,Spells,3,1,WUBRG,toor_,311 tix,"$ 1,116",240794,2014-07-16,Modern Daily #7283195,modern,modern-daily-7283195,modern-daily-7283195-2014-07-16
14,1,Negate,,Spells,3,1,WUBRG,toor_,311 tix,"$ 1,116",240794,2014-07-16,Modern Daily #7283195,modern,modern-daily-7283195,modern-daily-7283195-2014-07-16
15,1,Remand,,Spells,3,1,WUBRG,toor_,311 tix,"$ 1,116",240794,2014-07-16,Modern Daily #7283195,modern,modern-daily-7283195,modern-daily-7283195-2014-07-16
16,2,Electrolyze,,Spells,3,1,WUBRG,toor_,311 tix,"$ 1,116",240794,2014-07-16,Modern Daily #7283195,modern,modern-daily-7283195,modern-daily-7283195-2014-07-16
17,4,Gifts Ungiven,,Spells,3,1,WUBRG,toor_,311 tix,"$ 1,116",240794,2014-07-16,Modern Daily #7283195,modern,modern-daily-7283195,modern-daily-7283195-2014-07-16
18,1,Unburial Rites,,Spells,3,1,WUBRG,toor_,311 tix,"$ 1,116",240794,2014-07-16,Modern Daily #7283195,modern,modern-daily-7283195,modern-daily-7283195-2014-07-16
20,4,Arid Mesa,,Lands,3,1,WUBRG,toor_,311 tix,"$ 1,116",240794,2014-07-16,Modern Daily #7283195,modern,modern-daily-7283195,modern-daily-7283195-2014-07-16
21,1,Blood Crypt,,Lands,3,1,WUBRG,toor_,311 tix,"$ 1,116",240794,2014-07-16,Modern Daily #7283195,modern,modern-daily-7283195,modern-daily-7283195-2014-07-16
22,4,Celestial Colonnade,,Lands,3,1,WUBRG,toor_,311 tix,"$ 1,116",240794,2014-07-16,Modern Daily #7283195,modern,modern-daily-7283195,modern-daily-7283195-2014-07-16
23,1,Desolate Lighthouse,,Lands,3,1,WUBRG,toor_,311 tix,"$ 1,116",240794,2014-07-16,Modern Daily #7283195,modern,modern-daily-7283195,modern-daily-7283195-2014-07-16
24,1,Glacial Fortress,,Lands,3,1,WUBRG,toor_,311 tix,"$ 1,116",240794,2014-07-16,Modern Daily #7283195,modern,modern-daily-7283195,modern-daily-7283195-2014-07-16
25,1,Hallowed Fountain,,Lands,3,1,WUBRG,toor_,311 tix,"$ 1,116",240794,2014-07-16,Modern Daily #7283195,modern,modern-daily-7283195,modern-daily-7283195-2014-07-16
26,2,Island,,Lands,3,1,WUBRG,toor_,311 tix,"$ 1,116",240794,2014-07-16,Modern Daily #7283195,modern,modern-daily-7283195,modern-daily-7283195-2014-07-16
27,1,Mountain,,Lands,3,1,WUBRG,toor_,311 tix,"$ 1,116",240794,2014-07-16,Modern Daily #7283195,modern,modern-daily-7283195,modern-daily-7283195-2014-07-16
28,1,Plains,,Lands,3,1,WUBRG,toor_,311 tix,"$ 1,116",240794,2014-07-16,Modern Daily #7283195,modern,modern-daily-7283195,modern-daily-7283195-2014-07-16
29,1,Sacred Foundry,,Lands,3,1,WUBRG,toor_,311 tix,"$ 1,116",240794,2014-07-16,Modern Daily #7283195,modern,modern-daily-7283195,modern-daily-7283195-2014-07-16
30,4,Scalding Tarn,,Lands,3,1,WUBRG,toor_,311 tix,"$ 1,116",240794,2014-07-16,Modern Daily #7283195,modern,modern-daily-7283195,modern-daily-7283195-2014-07-16
31,2,Steam Vents,,Lands,3,1,WUBRG,toor_,311 tix,"$ 1,116",240794,2014-07-16,Modern Daily #7283195,modern,modern-daily-7283195,modern-daily-7283195-2014-07-16
32,3,Tectonic Edge,,Lands,3,1,WUBRG,toor_,311 tix,"$ 1,116",240794,2014-07-16,Modern Daily #7283195,modern,modern-daily-7283195,modern-daily-7283195-2014-07-16
34,2,Wear & Tear,,Sideboard,3,1,WUBRG,toor_,311 tix,"$ 1,116",240794,2014-07-16,Modern Daily #7283195,modern,modern-daily-7283195,modern-daily-7283195-2014-07-16
35,1,Dispel,,Sideboard,3,1,WUBRG,toor_,311 tix,"$ 1,116",240794,2014-07-16,Modern Daily #7283195,modern,modern-daily-7283195,modern-daily-7283195-2014-07-16
36,2,Celestial Purge,,Sideboard,3,1,WUBRG,toor_,311 tix,"$ 1,116",240794,2014-07-16,Modern Daily #7283195,modern,modern-daily-7283195,modern-daily-7283195-2014-07-16
37,1,Negate,,Sideboard,3,1,WUBRG,toor_,311 tix,"$ 1,116",240794,2014-07-16,Modern Daily #7283195,modern,modern-daily-7283195,modern-daily-7283195-2014-07-16
38,1,Aven Mindcensor,,Sideboard,3,1,WUBRG,toor_,311 tix,"$ 1,116",240794,2014-07-16,Modern Daily #7283195,modern,modern-daily-7283195,modern-daily-7283195-2014-07-16
39,1,Counterflux,,Sideboard,3,1,WUBRG,toor_,311 tix,"$ 1,116",240794,2014-07-16,Modern Daily #7283195,modern,modern-daily-7283195,modern-daily-7283195-2014-07-16
40,1,Timely Reinforcements,,Sideboard,3,1,WUBRG,toor_,311 tix,"$ 1,116",240794,2014-07-16,Modern Daily #7283195,modern,modern-daily-7283195,modern-daily-7283195-2014-07-16
41,1,Shatterstorm,,Sideboard,3,1,WUBRG,toor_,311 tix,"$ 1,116",240794,2014-07-16,Modern Daily #7283195,modern,modern-daily-7283195,modern-daily-7283195-2014-07-16
42,1,Wrath of God,,Sideboard,3,1,WUBRG,toor_,311 tix,"$ 1,116",240794,2014-07-16,Modern Daily #7283195,modern,modern-daily-7283195,modern-daily-7283195-2014-07-16
43,1,Batterskull,,Sideboard,3,1,WUBRG,toor_,311 tix,"$ 1,116",240794,2014-07-16,Modern Daily #7283195,modern,modern-daily-7283195,modern-daily-7283195-2014-07-16
44,1,Hallowed Burial,,Sideboard,3,1,WUBRG,toor_,311 tix,"$ 1,116",240794,2014-07-16,Modern Daily #7283195,modern,modern-daily-7283195,modern-daily-7283195-2014-07-16
45,1,"Keranos, God of Storms",,Sideboard,3,1,WUBRG,toor_,311 tix,"$ 1,116",240794,2014-07-16,Modern Daily #7283195,modern,modern-daily-7283195,modern-daily-7283195-2014-07-16
46,1,Terastodon,,Sideboard,3,1,WUBRG,toor_,311 tix,"$ 1,116",240794,2014-07-16,Modern Daily #7283195,modern,modern-daily-7283195,modern-daily-7283195-2014-07-16
1,4,Delver of Secrets,,Creatures,3,1,WUR,Baba123,203 tix,$ 754,240774,2014-07-16,Modern Daily #7283195,modern,modern-daily-7283195,modern-daily-7283195-2014-07-16
2,4,Figure of Destiny,,Creatures,3,1,WUR,Baba123,203 tix,$ 754,240774,2014-07-16,Modern Daily #7283195,modern,modern-daily-7283195,modern-daily-7283195-2014-07-16
3,4,Geist of Saint Traft,,Creatures,3,1,WUR,Baba123,203 tix,$ 754,240774,2014-07-16,Modern Daily #7283195,modern,modern-daily-7283195,modern-daily-7283195-2014-07-16
5,4,Gitaxian Probe,,Spells,3,1,WUR,Baba123,203 tix,$ 754,240774,2014-07-16,Modern Daily #7283195,modern,modern-daily-7283195,modern-daily-7283195-2014-07-16
6,4,Lightning Bolt,,Spells,3,1,WUR,Baba123,203 tix,$ 754,240774,2014-07-16,Modern Daily #7283195,modern,modern-daily-7283195,modern-daily-7283195-2014-07-16
7,4,Mana Tithe,,Spells,3,1,WUR,Baba123,203 tix,$ 754,240774,2014-07-16,Modern Daily #7283195,modern,modern-daily-7283195,modern-daily-7283195-2014-07-16
8,4,Path to Exile,,Spells,3,1,WUR,Baba123,203 tix,$ 754,240774,2014-07-16,Modern Daily #7283195,modern,modern-daily-7283195,modern-daily-7283195-2014-07-16
9,4,Serum Visions,,Spells,3,1,WUR,Baba123,203 tix,$ 754,240774,2014-07-16,Modern Daily #7283195,modern,modern-daily-7283195,modern-daily-7283195-2014-07-16
10,2,Spell Pierce,,Spells,3,1,WUR,Baba123,203 tix,$ 754,240774,2014-07-16,Modern Daily #7283195,modern,modern-daily-7283195,modern-daily-7283195-2014-07-16
11,2,Spell Snare,,Spells,3,1,WUR,Baba123,203 tix,$ 754,240774,2014-07-16,Modern Daily #7283195,modern,modern-daily-7283195,modern-daily-7283195-2014-07-16
12,2,Deprive,,Spells,3,1,WUR,Baba123,203 tix,$ 754,240774,2014-07-16,Modern Daily #7283195,modern,modern-daily-7283195,modern-daily-7283195-2014-07-16
13,4,Mana Leak,,Spells,3,1,WUR,Baba123,203 tix,$ 754,240774,2014-07-16,Modern Daily #7283195,modern,modern-daily-7283195,modern-daily-7283195-2014-07-16
15,4,Arid Mesa,,Lands,3,1,WUR,Baba123,203 tix,$ 754,240774,2014-07-16,Modern Daily #7283195,modern,modern-daily-7283195,modern-daily-7283195-2014-07-16
16,3,Hallowed Fountain,,Lands,3,1,WUR,Baba123,203 tix,$ 754,240774,2014-07-16,Modern Daily #7283195,modern,modern-daily-7283195,modern-daily-7283195-2014-07-16
17,1,Island,,Lands,3,1,WUR,Baba123,203 tix,$ 754,240774,2014-07-16,Modern Daily #7283195,modern,modern-daily-7283195,modern-daily-7283195-2014-07-16
18,1,Misty Rainforest,,Lands,3,1,WUR,Baba123,203 tix,$ 754,240774,2014-07-16,Modern Daily #7283195,modern,modern-daily-7283195,modern-daily-7283195-2014-07-16
19,1,Mountain,,Lands,3,1,WUR,Baba123,203 tix,$ 754,240774,2014-07-16,Modern Daily #7283195,modern,modern-daily-7283195,modern-daily-7283195-2014-07-16
20,1,Plains,,Lands,3,1,WUR,Baba123,203 tix,$ 754,240774,2014-07-16,Modern Daily #7283195,modern,modern-daily-7283195,modern-daily-7283195-2014-07-16
21,4,Scalding Tarn,,Lands,3,1,WUR,Baba123,203 tix,$ 754,240774,2014-07-16,Modern Daily #7283195,modern,modern-daily-7283195,modern-daily-7283195-2014-07-16
22,3,Steam Vents,,Lands,3,1,WUR,Baba123,203 tix,$ 754,240774,2014-07-16,Modern Daily #7283195,modern,modern-daily-7283195,modern-daily-7283195-2014-07-16
24,2,Wear & Tear,,Sideboard,3,1,WUR,Baba123,203 tix,$ 754,240774,2014-07-16,Modern Daily #7283195,modern,modern-daily-7283195,modern-daily-7283195-2014-07-16
25,2,Forked Bolt,,Sideboard,3,1,WUR,Baba123,203 tix,$ 754,240774,2014-07-16,Modern Daily #7283195,modern,modern-daily-7283195,modern-daily-7283195-2014-07-16
26,2,Grafdigger's Cage,,Sideboard,3,1,WUR,Baba123,203 tix,$ 754,240774,2014-07-16,Modern Daily #7283195,modern,modern-daily-7283195,modern-daily-7283195-2014-07-16
27,1,Spell Pierce,,Sideboard,3,1,WUR,Baba123,203 tix,$ 754,240774,2014-07-16,Modern Daily #7283195,modern,modern-daily-7283195,modern-daily-7283195-2014-07-16
28,2,Spell Snare,,Sideboard,3,1,WUR,Baba123,203 tix,$ 754,240774,2014-07-16,Modern Daily #7283195,modern,modern-daily-7283195,modern-daily-7283195-2014-07-16
29,3,Boros Charm,,Sideboard,3,1,WUR,Baba123,203 tix,$ 754,240774,2014-07-16,Modern Daily #7283195,modern,modern-daily-7283195,modern-daily-7283195-2014-07-16
30,3,Anger of the Gods,,Sideboard,3,1,WUR,Baba123,203 tix,$ 754,240774,2014-07-16,Modern Daily #7283195,modern,modern-daily-7283195,modern-daily-7283195-2014-07-16
1,3,Memnite,,Creatures,4,0,Affinity,coldmind,381 tix,$ 935,240667,2014-07-15,Modern Daily #7283187,modern,modern-daily-7283187,modern-daily-7283187-2014-07-15
2,4,Ornithopter,,Creatures,4,0,Affinity,coldmind,381 tix,$ 935,240667,2014-07-15,Modern Daily #7283187,modern,modern-daily-7283187,modern-daily-7283187-2014-07-15
3,4,Signal Pest,,Creatures,4,0,Affinity,coldmind,381 tix,$ 935,240667,2014-07-15,Modern Daily #7283187,modern,modern-daily-7283187,modern-daily-7283187-2014-07-15
4,4,Arcbound Ravager,,Creatures,4,0,Affinity,coldmind,381 tix,$ 935,240667,2014-07-15,Modern Daily #7283187,modern,modern-daily-7283187,modern-daily-7283187-2014-07-15
5,4,Steel Overseer,,Creatures,4,0,Affinity,coldmind,381 tix,$ 935,240667,2014-07-15,Modern Daily #7283187,modern,modern-daily-7283187,modern-daily-7283187-2014-07-15
6,4,Vault Skirge,,Creatures,4,0,Affinity,coldmind,381 tix,$ 935,240667,2014-07-15,Modern Daily #7283187,modern,modern-daily-7283187,modern-daily-7283187-2014-07-15
7,2,Etched Champion,,Creatures,4,0,Affinity,coldmind,381 tix,$ 935,240667,2014-07-15,Modern Daily #7283187,modern,modern-daily-7283187,modern-daily-7283187-2014-07-15
8,2,Master of Etherium,,Creatures,4,0,Affinity,coldmind,381 tix,$ 935,240667,2014-07-15,Modern Daily #7283187,modern,modern-daily-7283187,modern-daily-7283187-2014-07-15
10,2,Galvanic Blast,,Spells,4,0,Affinity,coldmind,381 tix,$ 935,240667,2014-07-15,Modern Daily #7283187,modern,modern-daily-7283187,modern-daily-7283187-2014-07-15
11,2,Thoughtcast,,Spells,4,0,Affinity,coldmind,381 tix,$ 935,240667,2014-07-15,Modern Daily #7283187,modern,modern-daily-7283187,modern-daily-7283187-2014-07-15
13,4,Mox Opal,,Artifacts,4,0,Affinity,coldmind,381 tix,$ 935,240667,2014-07-15,Modern Daily #7283187,modern,modern-daily-7283187,modern-daily-7283187-2014-07-15
14,1,Welding Jar,,Artifacts,4,0,Affinity,coldmind,381 tix,$ 935,240667,2014-07-15,Modern Daily #7283187,modern,modern-daily-7283187,modern-daily-7283187-2014-07-15
15,3,Springleaf Drum,,Artifacts,4,0,Affinity,coldmind,381 tix,$ 935,240667,2014-07-15,Modern Daily #7283187,modern,modern-daily-7283187,modern-daily-7283187-2014-07-15
16,4,Cranial Plating,,Artifacts,4,0,Affinity,coldmind,381 tix,$ 935,240667,2014-07-15,Modern Daily #7283187,modern,modern-daily-7283187,modern-daily-7283187-2014-07-15
18,4,Blinkmoth Nexus,,Lands,4,0,Affinity,coldmind,381 tix,$ 935,240667,2014-07-15,Modern Daily #7283187,modern,modern-daily-7283187,modern-daily-7283187-2014-07-15
19,4,Darksteel Citadel,,Lands,4,0,Affinity,coldmind,381 tix,$ 935,240667,2014-07-15,Modern Daily #7283187,modern,modern-daily-7283187,modern-daily-7283187-2014-07-15
20,4,Glimmervoid,,Lands,4,0,Affinity,coldmind,381 tix,$ 935,240667,2014-07-15,Modern Daily #7283187,modern,modern-daily-7283187,modern-daily-7283187-2014-07-15
21,4,Inkmoth Nexus,,Lands,4,0,Affinity,coldmind,381 tix,$ 935,240667,2014-07-15,Modern Daily #7283187,modern,modern-daily-7283187,modern-daily-7283187-2014-07-15
22,1,Island,,Lands,4,0,Affinity,coldmind,381 tix,$ 935,240667,2014-07-15,Modern Daily #7283187,modern,modern-daily-7283187,modern-daily-7283187-2014-07-15
24,1,Grafdigger's Cage,,Sideboard,4,0,Affinity,coldmind,381 tix,$ 935,240667,2014-07-15,Modern Daily #7283187,modern,modern-daily-7283187,modern-daily-7283187-2014-07-15
25,1,Gut Shot,,Sideboard,4,0,Affinity,coldmind,381 tix,$ 935,240667,2014-07-15,Modern Daily #7283187,modern,modern-daily-7283187,modern-daily-7283187-2014-07-15
26,1,Illness in the Ranks,,Sideboard,4,0,Affinity,coldmind,381 tix,$ 935,240667,2014-07-15,Modern Daily #7283187,modern,modern-daily-7283187,modern-daily-7283187-2014-07-15
27,2,Thoughtseize,,Sideboard,4,0,Affinity,coldmind,381 tix,$ 935,240667,2014-07-15,Modern Daily #7283187,modern,modern-daily-7283187,modern-daily-7283187-2014-07-15
28,2,Ancient Grudge,,Sideboard,4,0,Affinity,coldmind,381 tix,$ 935,240667,2014-07-15,Modern Daily #7283187,modern,modern-daily-7283187,modern-daily-7283187-2014-07-15
29,2,Spellskite,,Sideboard,4,0,Affinity,coldmind,381 tix,$ 935,240667,2014-07-15,Modern Daily #7283187,modern,modern-daily-7283187,modern-daily-7283187-2014-07-15
30,1,Torpor Orb,,Sideboard,4,0,Affinity,coldmind,381 tix,$ 935,240667,2014-07-15,Modern Daily #7283187,modern,modern-daily-7283187,modern-daily-7283187-2014-07-15
31,1,Whipflare,,Sideboard,4,0,Affinity,coldmind,381 tix,$ 935,240667,2014-07-15,Modern Daily #7283187,modern,modern-daily-7283187,modern-daily-7283187-2014-07-15
32,1,Choke,,Sideboard,4,0,Affinity,coldmind,381 tix,$ 935,240667,2014-07-15,Modern Daily #7283187,modern,modern-daily-7283187,modern-daily-7283187-2014-07-15
33,1,Dismember,,Sideboard,4,0,Affinity,coldmind,381 tix,$ 935,240667,2014-07-15,Modern Daily #7283187,modern,modern-daily-7283187,modern-daily-7283187-2014-07-15
34,2,Etched Champion,,Sideboard,4,0,Affinity,coldmind,381 tix,$ 935,240667,2014-07-15,Modern Daily #7283187,modern,modern-daily-7283187,modern-daily-7283187-2014-07-15
1,3,"Azusa, Lost but Seeking",,Creatures,4,0,Amulet Bloom,LordCommanderSnow,210 tix,$ 571,240669,2014-07-15,Modern Daily #7283187,modern,modern-daily-7283187,modern-daily-7283187-2014-07-15
2,4,Primeval Titan,,Creatures,4,0,Amulet Bloom,LordCommanderSnow,210 tix,$ 571,240669,2014-07-15,Modern Daily #7283187,modern,modern-daily-7283187,modern-daily-7283187-2014-07-15
4,2,Pact of Negation,,Spells,4,0,Amulet Bloom,LordCommanderSnow,210 tix,$ 571,240669,2014-07-15,Modern Daily #7283187,modern,modern-daily-7283187,modern-daily-7283187-2014-07-15
5,1,Slaughter Pact,,Spells,4,0,Amulet Bloom,LordCommanderSnow,210 tix,$ 571,240669,2014-07-15,Modern Daily #7283187,modern,modern-daily-7283187,modern-daily-7283187-2014-07-15
6,4,Summoner's Pact,,Spells,4,0,Amulet Bloom,LordCommanderSnow,210 tix,$ 571,240669,2014-07-15,Modern Daily #7283187,modern,modern-daily-7283187,modern-daily-7283187-2014-07-15
7,4,Ancient Stirrings,,Spells,4,0,Amulet Bloom,LordCommanderSnow,210 tix,$ 571,240669,2014-07-15,Modern Daily #7283187,modern,modern-daily-7283187,modern-daily-7283187-2014-07-15
8,4,Serum Visions,,Spells,4,0,Amulet Bloom,LordCommanderSnow,210 tix,$ 571,240669,2014-07-15,Modern Daily #7283187,modern,modern-daily-7283187,modern-daily-7283187-2014-07-15
9,4,Summer Bloom,,Spells,4,0,Amulet Bloom,LordCommanderSnow,210 tix,$ 571,240669,2014-07-15,Modern Daily #7283187,modern,modern-daily-7283187,modern-daily-7283187-2014-07-15
11,4,Amulet of Vigor,,Artifacts,4,0,Amulet Bloom,LordCommanderSnow,210 tix,$ 571,240669,2014-07-15,Modern Daily #7283187,modern,modern-daily-7283187,modern-daily-7283187-2014-07-15
13,3,Hive Mind,,Enchantments,4,0,Amulet Bloom,LordCommanderSnow,210 tix,$ 571,240669,2014-07-15,Modern Daily #7283187,modern,modern-daily-7283187,modern-daily-7283187-2014-07-15
15,1,Boros Garrison,,Lands,4,0,Amulet Bloom,LordCommanderSnow,210 tix,$ 571,240669,2014-07-15,Modern Daily #7283187,modern,modern-daily-7283187,modern-daily-7283187-2014-07-15
16,1,Cavern of Souls,,Lands,4,0,Amulet Bloom,LordCommanderSnow,210 tix,$ 571,240669,2014-07-15,Modern Daily #7283187,modern,modern-daily-7283187,modern-daily-7283187-2014-07-15
17,1,Forest,,Lands,4,0,Amulet Bloom,LordCommanderSnow,210 tix,$ 571,240669,2014-07-15,Modern Daily #7283187,modern,modern-daily-7283187,modern-daily-7283187-2014-07-15
18,3,Gemstone Mine,,Lands,4,0,Amulet Bloom,LordCommanderSnow,210 tix,$ 571,240669,2014-07-15,Modern Daily #7283187,modern,modern-daily-7283187,modern-daily-7283187-2014-07-15
19,1,Golgari Rot Farm,,Lands,4,0,Amulet Bloom,LordCommanderSnow,210 tix,$ 571,240669,2014-07-15,Modern Daily #7283187,modern,modern-daily-7283187,modern-daily-7283187-2014-07-15
20,3,Gruul Turf,,Lands,4,0,Amulet Bloom,LordCommanderSnow,210 tix,$ 571,240669,2014-07-15,Modern Daily #7283187,modern,modern-daily-7283187,modern-daily-7283187-2014-07-15
21,1,Kabira Crossroads,,Lands,4,0,Amulet Bloom,LordCommanderSnow,210 tix,$ 571,240669,2014-07-15,Modern Daily #7283187,modern,modern-daily-7283187,modern-daily-7283187-2014-07-15
22,1,Khalni Garden,,Lands,4,0,Amulet Bloom,LordCommanderSnow,210 tix,$ 571,240669,2014-07-15,Modern Daily #7283187,modern,modern-daily-7283187,modern-daily-7283187-2014-07-15
23,1,Selesnya Sanctuary,,Lands,4,0,Amulet Bloom,LordCommanderSnow,210 tix,$ 571,240669,2014-07-15,Modern Daily #7283187,modern,modern-daily-7283187,modern-daily-7283187-2014-07-15
24,4,Simic Growth Chamber,,Lands,4,0,Amulet Bloom,LordCommanderSnow,210 tix,$ 571,240669,2014-07-15,Modern Daily #7283187,modern,modern-daily-7283187,modern-daily-7283187-2014-07-15
25,1,Slayers' Stronghold,,Lands,4,0,Amulet Bloom,LordCommanderSnow,210 tix,$ 571,240669,2014-07-15,Modern Daily #7283187,modern,modern-daily-7283187,modern-daily-7283187-2014-07-15
26,1,"Sunhome, Fortress of the Legion",,Lands,4,0,Amulet Bloom,LordCommanderSnow,210 tix,$ 571,240669,2014-07-15,Modern Daily #7283187,modern,modern-daily-7283187,modern-daily-7283187-2014-07-15
27,1,Temple of Mystery,,Lands,4,0,Amulet Bloom,LordCommanderSnow,210 tix,$ 571,240669,2014-07-15,Modern Daily #7283187,modern,modern-daily-7283187,modern-daily-7283187-2014-07-15
28,3,Tendo Ice Bridge,,Lands,4,0,Amulet Bloom,LordCommanderSnow,210 tix,$ 571,240669,2014-07-15,Modern Daily #7283187,modern,modern-daily-7283187,modern-daily-7283187-2014-07-15
29,3,Tolaria West,,Lands,4,0,Amulet Bloom,LordCommanderSnow,210 tix,$ 571,240669,2014-07-15,Modern Daily #7283187,modern,modern-daily-7283187,modern-daily-7283187-2014-07-15
30,1,Vesuva,,Lands,4,0,Amulet Bloom,LordCommanderSnow,210 tix,$ 571,240669,2014-07-15,Modern Daily #7283187,modern,modern-daily-7283187,modern-daily-7283187-2014-07-15
32,1,Bojuka Bog,,Sideboard,4,0,Amulet Bloom,LordCommanderSnow,210 tix,$ 571,240669,2014-07-15,Modern Daily #7283187,modern,modern-daily-7283187,modern-daily-7283187-2014-07-15
33,1,Chalice of the Void,,Sideboard,4,0,Amulet Bloom,LordCommanderSnow,210 tix,$ 571,240669,2014-07-15,Modern Daily #7283187,modern,modern-daily-7283187,modern-daily-7283187-2014-07-15
34,1,Engineered Explosives,,Sideboard,4,0,Amulet Bloom,LordCommanderSnow,210 tix,$ 571,240669,2014-07-15,Modern Daily #7283187,modern,modern-daily-7283187,modern-daily-7283187-2014-07-15
35,1,Ghost Quarter,,Sideboard,4,0,Amulet Bloom,LordCommanderSnow,210 tix,$ 571,240669,2014-07-15,Modern Daily #7283187,modern,modern-daily-7283187,modern-daily-7283187-2014-07-15
36,1,Slaughter Pact,,Sideboard,4,0,Amulet Bloom,LordCommanderSnow,210 tix,$ 571,240669,2014-07-15,Modern Daily #7283187,modern,modern-daily-7283187,modern-daily-7283187-2014-07-15
37,1,Pithing Needle,,Sideboard,4,0,Amulet Bloom,LordCommanderSnow,210 tix,$ 571,240669,2014-07-15,Modern Daily #7283187,modern,modern-daily-7283187,modern-daily-7283187-2014-07-15
38,1,Pyroclasm,,Sideboard,4,0,Amulet Bloom,LordCommanderSnow,210 tix,$ 571,240669,2014-07-15,Modern Daily #7283187,modern,modern-daily-7283187,modern-daily-7283187-2014-07-15
39,3,Seal of Primordium,,Sideboard,4,0,Amulet Bloom,LordCommanderSnow,210 tix,$ 571,240669,2014-07-15,Modern Daily #7283187,modern,modern-daily-7283187,modern-daily-7283187-2014-07-15
40,2,Firespout,,Sideboard,4,0,Amulet Bloom,LordCommanderSnow,210 tix,$ 571,240669,2014-07-15,Modern Daily #7283187,modern,modern-daily-7283187,modern-daily-7283187-2014-07-15
41,3,Creeping Corrosion,,Sideboard,4,0,Amulet Bloom,LordCommanderSnow,210 tix,$ 571,240669,2014-07-15,Modern Daily #7283187,modern,modern-daily-7283187,modern-daily-7283187-2014-07-15
1,4,Goblin Guide,,Creatures,4,0,Burn,Hocking,88 tix,$ 255,240665,2014-07-15,Modern Daily #7283187,modern,modern-daily-7283187,modern-daily-7283187-2014-07-15
2,2,Spark Elemental,,Creatures,4,0,Burn,Hocking,88 tix,$ 255,240665,2014-07-15,Modern Daily #7283187,modern,modern-daily-7283187,modern-daily-7283187-2014-07-15
3,4,Eidolon of the Great Revel,,Creatures,4,0,Burn,Hocking,88 tix,$ 255,240665,2014-07-15,Modern Daily #7283187,modern,modern-daily-7283187,modern-daily-7283187-2014-07-15
4,4,Hellspark Elemental,,Creatures,4,0,Burn,Hocking,88 tix,$ 255,240665,2014-07-15,Modern Daily #7283187,modern,modern-daily-7283187,modern-daily-7283187-2014-07-15
6,4,Lava Spike,,Spells,4,0,Burn,Hocking,88 tix,$ 255,240665,2014-07-15,Modern Daily #7283187,modern,modern-daily-7283187,modern-daily-7283187-2014-07-15
7,4,Lightning Bolt,,Spells,4,0,Burn,Hocking,88 tix,$ 255,240665,2014-07-15,Modern Daily #7283187,modern,modern-daily-7283187,modern-daily-7283187-2014-07-15
8,3,Shard Volley,,Spells,4,0,Burn,Hocking,88 tix,$ 255,240665,2014-07-15,Modern Daily #7283187,modern,modern-daily-7283187,modern-daily-7283187-2014-07-15
9,4,Searing Blaze,,Spells,4,0,Burn,Hocking,88 tix,$ 255,240665,2014-07-15,Modern Daily #7283187,modern,modern-daily-7283187,modern-daily-7283187-2014-07-15
10,4,Skullcrack,,Spells,4,0,Burn,Hocking,88 tix,$ 255,240665,2014-07-15,Modern Daily #7283187,modern,modern-daily-7283187,modern-daily-7283187-2014-07-15
11,4,Flames of the Blood Hand,,Spells,4,0,Burn,Hocking,88 tix,$ 255,240665,2014-07-15,Modern Daily #7283187,modern,modern-daily-7283187,modern-daily-7283187-2014-07-15
12,4,Rift Bolt,,Spells,4,0,Burn,Hocking,88 tix,$ 255,240665,2014-07-15,Modern Daily #7283187,modern,modern-daily-7283187,modern-daily-7283187-2014-07-15
14,19,Mountain,,Lands,4,0,Burn,Hocking,88 tix,$ 255,240665,2014-07-15,Modern Daily #7283187,modern,modern-daily-7283187,modern-daily-7283187-2014-07-15
16,2,Relic of Progenitus,,Sideboard,4,0,Burn,Hocking,88 tix,$ 255,240665,2014-07-15,Modern Daily #7283187,modern,modern-daily-7283187,modern-daily-7283187-2014-07-15
17,4,Shattering Spree,,Sideboard,4,0,Burn,Hocking,88 tix,$ 255,240665,2014-07-15,Modern Daily #7283187,modern,modern-daily-7283187,modern-daily-7283187-2014-07-15
18,2,Combust,,Sideboard,4,0,Burn,Hocking,88 tix,$ 255,240665,2014-07-15,Modern Daily #7283187,modern,modern-daily-7283187,modern-daily-7283187-2014-07-15
19,2,Dragon's Claw,,Sideboard,4,0,Burn,Hocking,88 tix,$ 255,240665,2014-07-15,Modern Daily #7283187,modern,modern-daily-7283187,modern-daily-7283187-2014-07-15
20,2,Pyroclasm,,Sideboard,4,0,Burn,Hocking,88 tix,$ 255,240665,2014-07-15,Modern Daily #7283187,modern,modern-daily-7283187,modern-daily-7283187-2014-07-15
21,1,Smash to Smithereens,,Sideboard,4,0,Burn,Hocking,88 tix,$ 255,240665,2014-07-15,Modern Daily #7283187,modern,modern-daily-7283187,modern-daily-7283187-2014-07-15
22,2,Molten Rain,,Sideboard,4,0,Burn,Hocking,88 tix,$ 255,240665,2014-07-15,Modern Daily #7283187,modern,modern-daily-7283187,modern-daily-7283187-2014-07-15
1,4,Goblin Guide,,Creatures,4,0,Burn,UncleDolan,85 tix,$ 208,240666,2014-07-15,Modern Daily #7283187,modern,modern-daily-7283187,modern-daily-7283187-2014-07-15
2,1,Grim Lavamancer,,Creatures,4,0,Burn,UncleDolan,85 tix,$ 208,240666,2014-07-15,Modern Daily #7283187,modern,modern-daily-7283187,modern-daily-7283187-2014-07-15
3,4,Eidolon of the Great Revel,,Creatures,4,0,Burn,UncleDolan,85 tix,$ 208,240666,2014-07-15,Modern Daily #7283187,modern,modern-daily-7283187,modern-daily-7283187-2014-07-15
4,4,Hellspark Elemental,,Creatures,4,0,Burn,UncleDolan,85 tix,$ 208,240666,2014-07-15,Modern Daily #7283187,modern,modern-daily-7283187,modern-daily-7283187-2014-07-15
6,4,Lava Spike,,Spells,4,0,Burn,UncleDolan,85 tix,$ 208,240666,2014-07-15,Modern Daily #7283187,modern,modern-daily-7283187,modern-daily-7283187-2014-07-15
7,4,Lightning Bolt,,Spells,4,0,Burn,UncleDolan,85 tix,$ 208,240666,2014-07-15,Modern Daily #7283187,modern,modern-daily-7283187,modern-daily-7283187-2014-07-15
8,3,Shard Volley,,Spells,4,0,Burn,UncleDolan,85 tix,$ 208,240666,2014-07-15,Modern Daily #7283187,modern,modern-daily-7283187,modern-daily-7283187-2014-07-15
9,4,Searing Blaze,,Spells,4,0,Burn,UncleDolan,85 tix,$ 208,240666,2014-07-15,Modern Daily #7283187,modern,modern-daily-7283187,modern-daily-7283187-2014-07-15
10,4,Skullcrack,,Spells,4,0,Burn,UncleDolan,85 tix,$ 208,240666,2014-07-15,Modern Daily #7283187,modern,modern-daily-7283187,modern-daily-7283187-2014-07-15
11,4,Flames of the Blood Hand,,Spells,4,0,Burn,UncleDolan,85 tix,$ 208,240666,2014-07-15,Modern Daily #7283187,modern,modern-daily-7283187,modern-daily-7283187-2014-07-15
12,4,Rift Bolt,,Spells,4,0,Burn,UncleDolan,85 tix,$ 208,240666,2014-07-15,Modern Daily #7283187,modern,modern-daily-7283187,modern-daily-7283187-2014-07-15
14,20,Mountain,,Lands,4,0,Burn,UncleDolan,85 tix,$ 208,240666,2014-07-15,Modern Daily #7283187,modern,modern-daily-7283187,modern-daily-7283187-2014-07-15
16,3,Relic of Progenitus,,Sideboard,4,0,Burn,UncleDolan,85 tix,$ 208,240666,2014-07-15,Modern Daily #7283187,modern,modern-daily-7283187,modern-daily-7283187-2014-07-15
17,3,Combust,,Sideboard,4,0,Burn,UncleDolan,85 tix,$ 208,240666,2014-07-15,Modern Daily #7283187,modern,modern-daily-7283187,modern-daily-7283187-2014-07-15
18,2,Dragon's Claw,,Sideboard,4,0,Burn,UncleDolan,85 tix,$ 208,240666,2014-07-15,Modern Daily #7283187,modern,modern-daily-7283187,modern-daily-7283187-2014-07-15
19,3,Smash to Smithereens,,Sideboard,4,0,Burn,UncleDolan,85 tix,$ 208,240666,2014-07-15,Modern Daily #7283187,modern,modern-daily-7283187,modern-daily-7283187-2014-07-15
20,1,Anger of the Gods,,Sideboard,4,0,Burn,UncleDolan,85 tix,$ 208,240666,2014-07-15,Modern Daily #7283187,modern,modern-daily-7283187,modern-daily-7283187-2014-07-15
21,3,Molten Rain,,Sideboard,4,0,Burn,UncleDolan,85 tix,$ 208,240666,2014-07-15,Modern Daily #7283187,modern,modern-daily-7283187,modern-daily-7283187-2014-07-15
1,4,Birds of Paradise,,Creatures,4,0,Melira Pod,Trumpetman,259 tix,$ 864,240664,2014-07-15,Modern Daily #7283187,modern,modern-daily-7283187,modern-daily-7283187-2014-07-15
2,2,Noble Hierarch,,Creatures,4,0,Melira Pod,Trumpetman,259 tix,$ 864,240664,2014-07-15,Modern Daily #7283187,modern,modern-daily-7283187,modern-daily-7283187-2014-07-15
3,1,Viscera Seer,,Creatures,4,0,Melira Pod,Trumpetman,259 tix,$ 864,240664,2014-07-15,Modern Daily #7283187,modern,modern-daily-7283187,modern-daily-7283187-2014-07-15
4,1,"Melira, Sylvok Outcast",,Creatures,4,0,Melira Pod,Trumpetman,259 tix,$ 864,240664,2014-07-15,Modern Daily #7283187,modern,modern-daily-7283187,modern-daily-7283187-2014-07-15
5,1,Qasali Pridemage,,Creatures,4,0,Melira Pod,Trumpetman,259 tix,$ 864,240664,2014-07-15,Modern Daily #7283187,modern,modern-daily-7283187,modern-daily-7283187-2014-07-15
6,1,Scavenging Ooze,,Creatures,4,0,Melira Pod,Trumpetman,259 tix,$ 864,240664,2014-07-15,Modern Daily #7283187,modern,modern-daily-7283187,modern-daily-7283187-2014-07-15
7,1,Spellskite,,Creatures,4,0,Melira Pod,Trumpetman,259 tix,$ 864,240664,2014-07-15,Modern Daily #7283187,modern,modern-daily-7283187,modern-daily-7283187-2014-07-15
8,3,Voice of Resurgence,,Creatures,4,0,Melira Pod,Trumpetman,259 tix,$ 864,240664,2014-07-15,Modern Daily #7283187,modern,modern-daily-7283187,modern-daily-7283187-2014-07-15
9,2,Wall of Roots,,Creatures,4,0,Melira Pod,Trumpetman,259 tix,$ 864,240664,2014-07-15,Modern Daily #7283187,modern,modern-daily-7283187,modern-daily-7283187-2014-07-15
10,1,Eternal Witness,,Creatures,4,0,Melira Pod,Trumpetman,259 tix,$ 864,240664,2014-07-15,Modern Daily #7283187,modern,modern-daily-7283187,modern-daily-7283187-2014-07-15
11,3,Kitchen Finks,,Creatures,4,0,Melira Pod,Trumpetman,259 tix,$ 864,240664,2014-07-15,Modern Daily #7283187,modern,modern-daily-7283187,modern-daily-7283187-2014-07-15
12,1,Orzhov Pontiff,,Creatures,4,0,Melira Pod,Trumpetman,259 tix,$ 864,240664,2014-07-15,Modern Daily #7283187,modern,modern-daily-7283187,modern-daily-7283187-2014-07-15
13,1,Sin Collector,,Creatures,4,0,Melira Pod,Trumpetman,259 tix,$ 864,240664,2014-07-15,Modern Daily #7283187,modern,modern-daily-7283187,modern-daily-7283187-2014-07-15
14,1,"Linvala, Keeper of Silence",,Creatures,4,0,Melira Pod,Trumpetman,259 tix,$ 864,240664,2014-07-15,Modern Daily #7283187,modern,modern-daily-7283187,modern-daily-7283187-2014-07-15
15,1,Murderous Redcap,,Creatures,4,0,Melira Pod,Trumpetman,259 tix,$ 864,240664,2014-07-15,Modern Daily #7283187,modern,modern-daily-7283187,modern-daily-7283187-2014-07-15
16,1,Phyrexian Metamorph,,Creatures,4,0,Melira Pod,Trumpetman,259 tix,$ 864,240664,2014-07-15,Modern Daily #7283187,modern,modern-daily-7283187,modern-daily-7283187-2014-07-15
17,1,Ranger of Eos,,Creatures,4,0,Melira Pod,Trumpetman,259 tix,$ 864,240664,2014-07-15,Modern Daily #7283187,modern,modern-daily-7283187,modern-daily-7283187-2014-07-15
18,1,Reveillark,,Creatures,4,0,Melira Pod,Trumpetman,259 tix,$ 864,240664,2014-07-15,Modern Daily #7283187,modern,modern-daily-7283187,modern-daily-7283187-2014-07-15
19,1,Shriekmaw,,Creatures,4,0,Melira Pod,Trumpetman,259 tix,$ 864,240664,2014-07-15,Modern Daily #7283187,modern,modern-daily-7283187,modern-daily-7283187-2014-07-15
21,2,Abrupt Decay,,Spells,4,0,Melira Pod,Trumpetman,259 tix,$ 864,240664,2014-07-15,Modern Daily #7283187,modern,modern-daily-7283187,modern-daily-7283187-2014-07-15
22,3,Chord of Calling,,Spells,4,0,Melira Pod,Trumpetman,259 tix,$ 864,240664,2014-07-15,Modern Daily #7283187,modern,modern-daily-7283187,modern-daily-7283187-2014-07-15
24,4,Birthing Pod,,Artifacts,4,0,Melira Pod,Trumpetman,259 tix,$ 864,240664,2014-07-15,Modern Daily #7283187,modern,modern-daily-7283187,modern-daily-7283187-2014-07-15
26,3,Forest,,Lands,4,0,Melira Pod,Trumpetman,259 tix,$ 864,240664,2014-07-15,Modern Daily #7283187,modern,modern-daily-7283187,modern-daily-7283187-2014-07-15
27,3,Gavony Township,,Lands,4,0,Melira Pod,Trumpetman,259 tix,$ 864,240664,2014-07-15,Modern Daily #7283187,modern,modern-daily-7283187,modern-daily-7283187-2014-07-15
28,1,Godless Shrine,,Lands,4,0,Melira Pod,Trumpetman,259 tix,$ 864,240664,2014-07-15,Modern Daily #7283187,modern,modern-daily-7283187,modern-daily-7283187-2014-07-15
29,4,Misty Rainforest,,Lands,4,0,Melira Pod,Trumpetman,259 tix,$ 864,240664,2014-07-15,Modern Daily #7283187,modern,modern-daily-7283187,modern-daily-7283187-2014-07-15
30,2,Overgrown Tomb,,Lands,4,0,Melira Pod,Trumpetman,259 tix,$ 864,240664,2014-07-15,Modern Daily #7283187,modern,modern-daily-7283187,modern-daily-7283187-2014-07-15
31,3,Razorverge Thicket,,Lands,4,0,Melira Pod,Trumpetman,259 tix,$ 864,240664,2014-07-15,Modern Daily #7283187,modern,modern-daily-7283187,modern-daily-7283187-2014-07-15
32,1,Swamp,,Lands,4,0,Melira Pod,Trumpetman,259 tix,$ 864,240664,2014-07-15,Modern Daily #7283187,modern,modern-daily-7283187,modern-daily-7283187-2014-07-15
33,1,Temple Garden,,Lands,4,0,Melira Pod,Trumpetman,259 tix,$ 864,240664,2014-07-15,Modern Daily #7283187,modern,modern-daily-7283187,modern-daily-7283187-2014-07-15
34,4,Verdant Catacombs,,Lands,4,0,Melira Pod,Trumpetman,259 tix,$ 864,240664,2014-07-15,Modern Daily #7283187,modern,modern-daily-7283187,modern-daily-7283187-2014-07-15
35,1,Woodland Cemetery,,Lands,4,0,Melira Pod,Trumpetman,259 tix,$ 864,240664,2014-07-15,Modern Daily #7283187,modern,modern-daily-7283187,modern-daily-7283187-2014-07-15
37,4,Thoughtseize,,Sideboard,4,0,Melira Pod,Trumpetman,259 tix,$ 864,240664,2014-07-15,Modern Daily #7283187,modern,modern-daily-7283187,modern-daily-7283187-2014-07-15
38,1,"Kataki, War's Wage",,Sideboard,4,0,Melira Pod,Trumpetman,259 tix,$ 864,240664,2014-07-15,Modern Daily #7283187,modern,modern-daily-7283187,modern-daily-7283187-2014-07-15
39,1,Scavenging Ooze,,Sideboard,4,0,Melira Pod,Trumpetman,259 tix,$ 864,240664,2014-07-15,Modern Daily #7283187,modern,modern-daily-7283187,modern-daily-7283187-2014-07-15
40,3,Dismember,,Sideboard,4,0,Melira Pod,Trumpetman,259 tix,$ 864,240664,2014-07-15,Modern Daily #7283187,modern,modern-daily-7283187,modern-daily-7283187-2014-07-15
41,1,Eidolon of Rhetoric,,Sideboard,4,0,Melira Pod,Trumpetman,259 tix,$ 864,240664,2014-07-15,Modern Daily #7283187,modern,modern-daily-7283187,modern-daily-7283187-2014-07-15
42,1,Harmonic Sliver,,Sideboard,4,0,Melira Pod,Trumpetman,259 tix,$ 864,240664,2014-07-15,Modern Daily #7283187,modern,modern-daily-7283187,modern-daily-7283187-2014-07-15
43,1,Orzhov Pontiff,,Sideboard,4,0,Melira Pod,Trumpetman,259 tix,$ 864,240664,2014-07-15,Modern Daily #7283187,modern,modern-daily-7283187,modern-daily-7283187-2014-07-15
44,1,Sin Collector,,Sideboard,4,0,Melira Pod,Trumpetman,259 tix,$ 864,240664,2014-07-15,Modern Daily #7283187,modern,modern-daily-7283187,modern-daily-7283187-2014-07-15
45,1,Entomber Exarch,,Sideboard,4,0,Melira Pod,Trumpetman,259 tix,$ 864,240664,2014-07-15,Modern Daily #7283187,modern,modern-daily-7283187,modern-daily-7283187-2014-07-15
46,1,"Linvala, Keeper of Silence",,Sideboard,4,0,Melira Pod,Trumpetman,259 tix,$ 864,240664,2014-07-15,Modern Daily #7283187,modern,modern-daily-7283187,modern-daily-7283187-2014-07-15
1,4,Sakura-Tribe Elder,,Creatures,4,0,Scapeshift,Cracudo,198 tix,$ 941,240663,2014-07-15,Modern Daily #7283187,modern,modern-daily-7283187,modern-daily-7283187-2014-07-15
2,2,Snapcaster Mage,,Creatures,4,0,Scapeshift,Cracudo,198 tix,$ 941,240663,2014-07-15,Modern Daily #7283187,modern,modern-daily-7283187,modern-daily-7283187-2014-07-15
4,3,Lightning Bolt,,Spells,4,0,Scapeshift,Cracudo,198 tix,$ 941,240663,2014-07-15,Modern Daily #7283187,modern,modern-daily-7283187,modern-daily-7283187-2014-07-15
5,2,Farseek,,Spells,4,0,Scapeshift,Cracudo,198 tix,$ 941,240663,2014-07-15,Modern Daily #7283187,modern,modern-daily-7283187,modern-daily-7283187-2014-07-15
6,3,Izzet Charm,,Spells,4,0,Scapeshift,Cracudo,198 tix,$ 941,240663,2014-07-15,Modern Daily #7283187,modern,modern-daily-7283187,modern-daily-7283187-2014-07-15
7,4,Peer Through Depths,,Spells,4,0,Scapeshift,Cracudo,198 tix,$ 941,240663,2014-07-15,Modern Daily #7283187,modern,modern-daily-7283187,modern-daily-7283187-2014-07-15
8,4,Remand,,Spells,4,0,Scapeshift,Cracudo,198 tix,$ 941,240663,2014-07-15,Modern Daily #7283187,modern,modern-daily-7283187,modern-daily-7283187-2014-07-15
9,1,Electrolyze,,Spells,4,0,Scapeshift,Cracudo,198 tix,$ 941,240663,2014-07-15,Modern Daily #7283187,modern,modern-daily-7283187,modern-daily-7283187-2014-07-15
10,4,Search for Tomorrow,,Spells,4,0,Scapeshift,Cracudo,198 tix,$ 941,240663,2014-07-15,Modern Daily #7283187,modern,modern-daily-7283187,modern-daily-7283187-2014-07-15
11,4,Cryptic Command,,Spells,4,0,Scapeshift,Cracudo,198 tix,$ 941,240663,2014-07-15,Modern Daily #7283187,modern,modern-daily-7283187,modern-daily-7283187-2014-07-15
12,4,Scapeshift,,Spells,4,0,Scapeshift,Cracudo,198 tix,$ 941,240663,2014-07-15,Modern Daily #7283187,modern,modern-daily-7283187,modern-daily-7283187-2014-07-15
14,2,Breeding Pool,,Lands,4,0,Scapeshift,Cracudo,198 tix,$ 941,240663,2014-07-15,Modern Daily #7283187,modern,modern-daily-7283187,modern-daily-7283187-2014-07-15
15,2,Flooded Grove,,Lands,4,0,Scapeshift,Cracudo,198 tix,$ 941,240663,2014-07-15,Modern Daily #7283187,modern,modern-daily-7283187,modern-daily-7283187-2014-07-15
16,2,Forest,,Lands,4,0,Scapeshift,Cracudo,198 tix,$ 941,240663,2014-07-15,Modern Daily #7283187,modern,modern-daily-7283187,modern-daily-7283187-2014-07-15
17,3,Island,,Lands,4,0,Scapeshift,Cracudo,198 tix,$ 941,240663,2014-07-15,Modern Daily #7283187,modern,modern-daily-7283187,modern-daily-7283187-2014-07-15
18,4,Misty Rainforest,,Lands,4,0,Scapeshift,Cracudo,198 tix,$ 941,240663,2014-07-15,Modern Daily #7283187,modern,modern-daily-7283187,modern-daily-7283187-2014-07-15
19,2,Mountain,,Lands,4,0,Scapeshift,Cracudo,198 tix,$ 941,240663,2014-07-15,Modern Daily #7283187,modern,modern-daily-7283187,modern-daily-7283187-2014-07-15
20,4,Steam Vents,,Lands,4,0,Scapeshift,Cracudo,198 tix,$ 941,240663,2014-07-15,Modern Daily #7283187,modern,modern-daily-7283187,modern-daily-7283187-2014-07-15
21,4,Stomping Ground,,Lands,4,0,Scapeshift,Cracudo,198 tix,$ 941,240663,2014-07-15,Modern Daily #7283187,modern,modern-daily-7283187,modern-daily-7283187-2014-07-15
22,2,"Valakut, the Molten Pinnacle",,Lands,4,0,Scapeshift,Cracudo,198 tix,$ 941,240663,2014-07-15,Modern Daily #7283187,modern,modern-daily-7283187,modern-daily-7283187-2014-07-15
24,1,Nature's Claim,,Sideboard,4,0,Scapeshift,Cracudo,198 tix,$ 941,240663,2014-07-15,Modern Daily #7283187,modern,modern-daily-7283187,modern-daily-7283187-2014-07-15
25,2,Combust,,Sideboard,4,0,Scapeshift,Cracudo,198 tix,$ 941,240663,2014-07-15,Modern Daily #7283187,modern,modern-daily-7283187,modern-daily-7283187-2014-07-15
26,2,Anger of the Gods,,Sideboard,4,0,Scapeshift,Cracudo,198 tix,$ 941,240663,2014-07-15,Modern Daily #7283187,modern,modern-daily-7283187,modern-daily-7283187-2014-07-15
27,2,Counterflux,,Sideboard,4,0,Scapeshift,Cracudo,198 tix,$ 941,240663,2014-07-15,Modern Daily #7283187,modern,modern-daily-7283187,modern-daily-7283187-2014-07-15
28,3,Obstinate Baloth,,Sideboard,4,0,Scapeshift,Cracudo,198 tix,$ 941,240663,2014-07-15,Modern Daily #7283187,modern,modern-daily-7283187,modern-daily-7283187-2014-07-15
29,2,Shatterstorm,,Sideboard,4,0,Scapeshift,Cracudo,198 tix,$ 941,240663,2014-07-15,Modern Daily #7283187,modern,modern-daily-7283187,modern-daily-7283187-2014-07-15
30,1,Meloku the Clouded Mirror,,Sideboard,4,0,Scapeshift,Cracudo,198 tix,$ 941,240663,2014-07-15,Modern Daily #7283187,modern,modern-daily-7283187,modern-daily-7283187-2014-07-15
31,2,"Teferi, Mage of Zhalfir",,Sideboard,4,0,Scapeshift,Cracudo,198 tix,$ 941,240663,2014-07-15,Modern Daily #7283187,modern,modern-daily-7283187,modern-daily-7283187-2014-07-15
1,4,Sakura-Tribe Elder,,Creatures,4,0,Scapeshift,_SickDraw,202 tix,$ 871,240668,2014-07-15,Modern Daily #7283187,modern,modern-daily-7283187,modern-daily-7283187-2014-07-15
2,2,Snapcaster Mage,,Creatures,4,0,Scapeshift,_SickDraw,202 tix,$ 871,240668,2014-07-15,Modern Daily #7283187,modern,modern-daily-7283187,modern-daily-7283187-2014-07-15
4,4,Serum Visions,,Spells,4,0,Scapeshift,_SickDraw,202 tix,$ 871,240668,2014-07-15,Modern Daily #7283187,modern,modern-daily-7283187,modern-daily-7283187-2014-07-15
5,2,Spell Snare,,Spells,4,0,Scapeshift,_SickDraw,202 tix,$ 871,240668,2014-07-15,Modern Daily #7283187,modern,modern-daily-7283187,modern-daily-7283187-2014-07-15
6,3,Izzet Charm,,Spells,4,0,Scapeshift,_SickDraw,202 tix,$ 871,240668,2014-07-15,Modern Daily #7283187,modern,modern-daily-7283187,modern-daily-7283187-2014-07-15
7,4,Peer Through Depths,,Spells,4,0,Scapeshift,_SickDraw,202 tix,$ 871,240668,2014-07-15,Modern Daily #7283187,modern,modern-daily-7283187,modern-daily-7283187-2014-07-15
8,4,Remand,,Spells,4,0,Scapeshift,_SickDraw,202 tix,$ 871,240668,2014-07-15,Modern Daily #7283187,modern,modern-daily-7283187,modern-daily-7283187-2014-07-15
9,2,Electrolyze,,Spells,4,0,Scapeshift,_SickDraw,202 tix,$ 871,240668,2014-07-15,Modern Daily #7283187,modern,modern-daily-7283187,modern-daily-7283187-2014-07-15
10,4,Search for Tomorrow,,Spells,4,0,Scapeshift,_SickDraw,202 tix,$ 871,240668,2014-07-15,Modern Daily #7283187,modern,modern-daily-7283187,modern-daily-7283187-2014-07-15
11,3,Cryptic Command,,Spells,4,0,Scapeshift,_SickDraw,202 tix,$ 871,240668,2014-07-15,Modern Daily #7283187,modern,modern-daily-7283187,modern-daily-7283187-2014-07-15
12,4,Scapeshift,,Spells,4,0,Scapeshift,_SickDraw,202 tix,$ 871,240668,2014-07-15,Modern Daily #7283187,modern,modern-daily-7283187,modern-daily-7283187-2014-07-15
14,1,Breeding Pool,,Lands,4,0,Scapeshift,_SickDraw,202 tix,$ 871,240668,2014-07-15,Modern Daily #7283187,modern,modern-daily-7283187,modern-daily-7283187-2014-07-15
15,2,Flooded Grove,,Lands,4,0,Scapeshift,_SickDraw,202 tix,$ 871,240668,2014-07-15,Modern Daily #7283187,modern,modern-daily-7283187,modern-daily-7283187-2014-07-15
16,3,Forest,,Lands,4,0,Scapeshift,_SickDraw,202 tix,$ 871,240668,2014-07-15,Modern Daily #7283187,modern,modern-daily-7283187,modern-daily-7283187-2014-07-15
17,3,Island,,Lands,4,0,Scapeshift,_SickDraw,202 tix,$ 871,240668,2014-07-15,Modern Daily #7283187,modern,modern-daily-7283187,modern-daily-7283187-2014-07-15
18,3,Misty Rainforest,,Lands,4,0,Scapeshift,_SickDraw,202 tix,$ 871,240668,2014-07-15,Modern Daily #7283187,modern,modern-daily-7283187,modern-daily-7283187-2014-07-15
19,2,Mountain,,Lands,4,0,Scapeshift,_SickDraw,202 tix,$ 871,240668,2014-07-15,Modern Daily #7283187,modern,modern-daily-7283187,modern-daily-7283187-2014-07-15
20,4,Steam Vents,,Lands,4,0,Scapeshift,_SickDraw,202 tix,$ 871,240668,2014-07-15,Modern Daily #7283187,modern,modern-daily-7283187,modern-daily-7283187-2014-07-15
21,4,Stomping Ground,,Lands,4,0,Scapeshift,_SickDraw,202 tix,$ 871,240668,2014-07-15,Modern Daily #7283187,modern,modern-daily-7283187,modern-daily-7283187-2014-07-15
22,2,"Valakut, the Molten Pinnacle",,Lands,4,0,Scapeshift,_SickDraw,202 tix,$ 871,240668,2014-07-15,Modern Daily #7283187,modern,modern-daily-7283187,modern-daily-7283187-2014-07-15
24,1,Gigadrowse,,Sideboard,4,0,Scapeshift,_SickDraw,202 tix,$ 871,240668,2014-07-15,Modern Daily #7283187,modern,modern-daily-7283187,modern-daily-7283187-2014-07-15
25,1,Ancient Grudge,,Sideboard,4,0,Scapeshift,_SickDraw,202 tix,$ 871,240668,2014-07-15,Modern Daily #7283187,modern,modern-daily-7283187,modern-daily-7283187-2014-07-15
26,1,Combust,,Sideboard,4,0,Scapeshift,_SickDraw,202 tix,$ 871,240668,2014-07-15,Modern Daily #7283187,modern,modern-daily-7283187,modern-daily-7283187-2014-07-15
27,1,Destructive Revelry,,Sideboard,4,0,Scapeshift,_SickDraw,202 tix,$ 871,240668,2014-07-15,Modern Daily #7283187,modern,modern-daily-7283187,modern-daily-7283187-2014-07-15
28,2,Anger of the Gods,,Sideboard,4,0,Scapeshift,_SickDraw,202 tix,$ 871,240668,2014-07-15,Modern Daily #7283187,modern,modern-daily-7283187,modern-daily-7283187-2014-07-15
29,2,Counterflux,,Sideboard,4,0,Scapeshift,_SickDraw,202 tix,$ 871,240668,2014-07-15,Modern Daily #7283187,modern,modern-daily-7283187,modern-daily-7283187-2014-07-15
30,2,Obstinate Baloth,,Sideboard,4,0,Scapeshift,_SickDraw,202 tix,$ 871,240668,2014-07-15,Modern Daily #7283187,modern,modern-daily-7283187,modern-daily-7283187-2014-07-15
31,2,Shatterstorm,,Sideboard,4,0,Scapeshift,_SickDraw,202 tix,$ 871,240668,2014-07-15,Modern Daily #7283187,modern,modern-daily-7283187,modern-daily-7283187-2014-07-15
32,1,"Keranos, God of Storms",,Sideboard,4,0,Scapeshift,_SickDraw,202 tix,$ 871,240668,2014-07-15,Modern Daily #7283187,modern,modern-daily-7283187,modern-daily-7283187-2014-07-15
33,1,"Teferi, Mage of Zhalfir",,Sideboard,4,0,Scapeshift,_SickDraw,202 tix,$ 871,240668,2014-07-15,Modern Daily #7283187,modern,modern-daily-7283187,modern-daily-7283187-2014-07-15
34,1,Inferno Titan,,Sideboard,4,0,Scapeshift,_SickDraw,202 tix,$ 871,240668,2014-07-15,Modern Daily #7283187,modern,modern-daily-7283187,modern-daily-7283187-2014-07-15
1,2,Memnite,,Creatures,3,1,Affinity,WhiteStripe,395 tix,$ 963,240671,2014-07-15,Modern Daily #7283187,modern,modern-daily-7283187,modern-daily-7283187-2014-07-15
2,4,Ornithopter,,Creatures,3,1,Affinity,WhiteStripe,395 tix,$ 963,240671,2014-07-15,Modern Daily #7283187,modern,modern-daily-7283187,modern-daily-7283187-2014-07-15
3,4,Signal Pest,,Creatures,3,1,Affinity,WhiteStripe,395 tix,$ 963,240671,2014-07-15,Modern Daily #7283187,modern,modern-daily-7283187,modern-daily-7283187-2014-07-15
4,4,Arcbound Ravager,,Creatures,3,1,Affinity,WhiteStripe,395 tix,$ 963,240671,2014-07-15,Modern Daily #7283187,modern,modern-daily-7283187,modern-daily-7283187-2014-07-15
5,4,Steel Overseer,,Creatures,3,1,Affinity,WhiteStripe,395 tix,$ 963,240671,2014-07-15,Modern Daily #7283187,modern,modern-daily-7283187,modern-daily-7283187-2014-07-15
6,4,Vault Skirge,,Creatures,3,1,Affinity,WhiteStripe,395 tix,$ 963,240671,2014-07-15,Modern Daily #7283187,modern,modern-daily-7283187,modern-daily-7283187-2014-07-15
7,3,Etched Champion,,Creatures,3,1,Affinity,WhiteStripe,395 tix,$ 963,240671,2014-07-15,Modern Daily #7283187,modern,modern-daily-7283187,modern-daily-7283187-2014-07-15
8,1,Master of Etherium,,Creatures,3,1,Affinity,WhiteStripe,395 tix,$ 963,240671,2014-07-15,Modern Daily #7283187,modern,modern-daily-7283187,modern-daily-7283187-2014-07-15
10,2,Thoughtseize,,Spells,3,1,Affinity,WhiteStripe,395 tix,$ 963,240671,2014-07-15,Modern Daily #7283187,modern,modern-daily-7283187,modern-daily-7283187-2014-07-15
11,2,Thoughtcast,,Spells,3,1,Affinity,WhiteStripe,395 tix,$ 963,240671,2014-07-15,Modern Daily #7283187,modern,modern-daily-7283187,modern-daily-7283187-2014-07-15
13,4,Mox Opal,,Artifacts,3,1,Affinity,WhiteStripe,395 tix,$ 963,240671,2014-07-15,Modern Daily #7283187,modern,modern-daily-7283187,modern-daily-7283187-2014-07-15
14,1,Welding Jar,,Artifacts,3,1,Affinity,WhiteStripe,395 tix,$ 963,240671,2014-07-15,Modern Daily #7283187,modern,modern-daily-7283187,modern-daily-7283187-2014-07-15
15,4,Springleaf Drum,,Artifacts,3,1,Affinity,WhiteStripe,395 tix,$ 963,240671,2014-07-15,Modern Daily #7283187,modern,modern-daily-7283187,modern-daily-7283187-2014-07-15
16,4,Cranial Plating,,Artifacts,3,1,Affinity,WhiteStripe,395 tix,$ 963,240671,2014-07-15,Modern Daily #7283187,modern,modern-daily-7283187,modern-daily-7283187-2014-07-15
18,4,Blinkmoth Nexus,,Lands,3,1,Affinity,WhiteStripe,395 tix,$ 963,240671,2014-07-15,Modern Daily #7283187,modern,modern-daily-7283187,modern-daily-7283187-2014-07-15
19,4,Darksteel Citadel,,Lands,3,1,Affinity,WhiteStripe,395 tix,$ 963,240671,2014-07-15,Modern Daily #7283187,modern,modern-daily-7283187,modern-daily-7283187-2014-07-15
20,4,Glimmervoid,,Lands,3,1,Affinity,WhiteStripe,395 tix,$ 963,240671,2014-07-15,Modern Daily #7283187,modern,modern-daily-7283187,modern-daily-7283187-2014-07-15
21,4,Inkmoth Nexus,,Lands,3,1,Affinity,WhiteStripe,395 tix,$ 963,240671,2014-07-15,Modern Daily #7283187,modern,modern-daily-7283187,modern-daily-7283187-2014-07-15
22,1,Island,,Lands,3,1,Affinity,WhiteStripe,395 tix,$ 963,240671,2014-07-15,Modern Daily #7283187,modern,modern-daily-7283187,modern-daily-7283187-2014-07-15
24,1,Tormod's Crypt,,Sideboard,3,1,Affinity,WhiteStripe,395 tix,$ 963,240671,2014-07-15,Modern Daily #7283187,modern,modern-daily-7283187,modern-daily-7283187-2014-07-15
25,1,Grafdigger's Cage,,Sideboard,3,1,Affinity,WhiteStripe,395 tix,$ 963,240671,2014-07-15,Modern Daily #7283187,modern,modern-daily-7283187,modern-daily-7283187-2014-07-15
26,1,Gut Shot,,Sideboard,3,1,Affinity,WhiteStripe,395 tix,$ 963,240671,2014-07-15,Modern Daily #7283187,modern,modern-daily-7283187,modern-daily-7283187-2014-07-15
27,2,Ancient Grudge,,Sideboard,3,1,Affinity,WhiteStripe,395 tix,$ 963,240671,2014-07-15,Modern Daily #7283187,modern,modern-daily-7283187,modern-daily-7283187-2014-07-15
28,1,Ethersworn Canonist,,Sideboard,3,1,Affinity,WhiteStripe,395 tix,$ 963,240671,2014-07-15,Modern Daily #7283187,modern,modern-daily-7283187,modern-daily-7283187-2014-07-15
29,2,Spellskite,,Sideboard,3,1,Affinity,WhiteStripe,395 tix,$ 963,240671,2014-07-15,Modern Daily #7283187,modern,modern-daily-7283187,modern-daily-7283187-2014-07-15
30,2,Whipflare,,Sideboard,3,1,Affinity,WhiteStripe,395 tix,$ 963,240671,2014-07-15,Modern Daily #7283187,modern,modern-daily-7283187,modern-daily-7283187-2014-07-15
31,1,Blood Moon,,Sideboard,3,1,Affinity,WhiteStripe,395 tix,$ 963,240671,2014-07-15,Modern Daily #7283187,modern,modern-daily-7283187,modern-daily-7283187-2014-07-15
32,1,Dismember,,Sideboard,3,1,Affinity,WhiteStripe,395 tix,$ 963,240671,2014-07-15,Modern Daily #7283187,modern,modern-daily-7283187,modern-daily-7283187-2014-07-15
33,1,Etched Champion,,Sideboard,3,1,Affinity,WhiteStripe,395 tix,$ 963,240671,2014-07-15,Modern Daily #7283187,modern,modern-daily-7283187,modern-daily-7283187-2014-07-15
34,1,Master of Etherium,,Sideboard,3,1,Affinity,WhiteStripe,395 tix,$ 963,240671,2014-07-15,Modern Daily #7283187,modern,modern-daily-7283187,modern-daily-7283187-2014-07-15
35,1,Rule of Law,,Sideboard,3,1,Affinity,WhiteStripe,395 tix,$ 963,240671,2014-07-15,Modern Daily #7283187,modern,modern-daily-7283187,modern-daily-7283187-2014-07-15
1,2,Snapcaster Mage,,Creatures,3,1,American Twin,sameko,323 tix,"$ 1,185",240677,2014-07-15,Modern Daily #7283187,modern,modern-daily-7283187,modern-daily-7283187-2014-07-15
2,4,Wall of Omens,,Creatures,3,1,American Twin,sameko,323 tix,"$ 1,185",240677,2014-07-15,Modern Daily #7283187,modern,modern-daily-7283187,modern-daily-7283187-2014-07-15
3,4,Deceiver Exarch,,Creatures,3,1,American Twin,sameko,323 tix,"$ 1,185",240677,2014-07-15,Modern Daily #7283187,modern,modern-daily-7283187,modern-daily-7283187-2014-07-15
4,1,Vendilion Clique,,Creatures,3,1,American Twin,sameko,323 tix,"$ 1,185",240677,2014-07-15,Modern Daily #7283187,modern,modern-daily-7283187,modern-daily-7283187-2014-07-15
5,4,Restoration Angel,,Creatures,3,1,American Twin,sameko,323 tix,"$ 1,185",240677,2014-07-15,Modern Daily #7283187,modern,modern-daily-7283187,modern-daily-7283187-2014-07-15
6,2,"Kiki-Jiki, Mirror Breaker",,Creatures,3,1,American Twin,sameko,323 tix,"$ 1,185",240677,2014-07-15,Modern Daily #7283187,modern,modern-daily-7283187,modern-daily-7283187-2014-07-15
8,1,Dispel,,Spells,3,1,American Twin,sameko,323 tix,"$ 1,185",240677,2014-07-15,Modern Daily #7283187,modern,modern-daily-7283187,modern-daily-7283187-2014-07-15
9,4,Lightning Bolt,,Spells,3,1,American Twin,sameko,323 tix,"$ 1,185",240677,2014-07-15,Modern Daily #7283187,modern,modern-daily-7283187,modern-daily-7283187-2014-07-15
10,4,Path to Exile,,Spells,3,1,American Twin,sameko,323 tix,"$ 1,185",240677,2014-07-15,Modern Daily #7283187,modern,modern-daily-7283187,modern-daily-7283187-2014-07-15
11,4,Remand,,Spells,3,1,American Twin,sameko,323 tix,"$ 1,185",240677,2014-07-15,Modern Daily #7283187,modern,modern-daily-7283187,modern-daily-7283187-2014-07-15
12,3,Electrolyze,,Spells,3,1,American Twin,sameko,323 tix,"$ 1,185",240677,2014-07-15,Modern Daily #7283187,modern,modern-daily-7283187,modern-daily-7283187-2014-07-15
14,3,Splinter Twin,,Enchantments,3,1,American Twin,sameko,323 tix,"$ 1,185",240677,2014-07-15,Modern Daily #7283187,modern,modern-daily-7283187,modern-daily-7283187-2014-07-15
16,3,Arid Mesa,,Lands,3,1,American Twin,sameko,323 tix,"$ 1,185",240677,2014-07-15,Modern Daily #7283187,modern,modern-daily-7283187,modern-daily-7283187-2014-07-15
17,1,Cascade Bluffs,,Lands,3,1,American Twin,sameko,323 tix,"$ 1,185",240677,2014-07-15,Modern Daily #7283187,modern,modern-daily-7283187,modern-daily-7283187-2014-07-15
18,4,Celestial Colonnade,,Lands,3,1,American Twin,sameko,323 tix,"$ 1,185",240677,2014-07-15,Modern Daily #7283187,modern,modern-daily-7283187,modern-daily-7283187-2014-07-15
19,1,Hallowed Fountain,,Lands,3,1,American Twin,sameko,323 tix,"$ 1,185",240677,2014-07-15,Modern Daily #7283187,modern,modern-daily-7283187,modern-daily-7283187-2014-07-15
20,2,Island,,Lands,3,1,American Twin,sameko,323 tix,"$ 1,185",240677,2014-07-15,Modern Daily #7283187,modern,modern-daily-7283187,modern-daily-7283187-2014-07-15
21,1,Mountain,,Lands,3,1,American Twin,sameko,323 tix,"$ 1,185",240677,2014-07-15,Modern Daily #7283187,modern,modern-daily-7283187,modern-daily-7283187-2014-07-15
22,1,Plains,,Lands,3,1,American Twin,sameko,323 tix,"$ 1,185",240677,2014-07-15,Modern Daily #7283187,modern,modern-daily-7283187,modern-daily-7283187-2014-07-15
23,2,Sacred Foundry,,Lands,3,1,American Twin,sameko,323 tix,"$ 1,185",240677,2014-07-15,Modern Daily #7283187,modern,modern-daily-7283187,modern-daily-7283187-2014-07-15
24,4,Scalding Tarn,,Lands,3,1,American Twin,sameko,323 tix,"$ 1,185",240677,2014-07-15,Modern Daily #7283187,modern,modern-daily-7283187,modern-daily-7283187-2014-07-15
25,3,Steam Vents,,Lands,3,1,American Twin,sameko,323 tix,"$ 1,185",240677,2014-07-15,Modern Daily #7283187,modern,modern-daily-7283187,modern-daily-7283187-2014-07-15
26,2,Sulfur Falls,,Lands,3,1,American Twin,sameko,323 tix,"$ 1,185",240677,2014-07-15,Modern Daily #7283187,modern,modern-daily-7283187,modern-daily-7283187-2014-07-15
28,1,Engineered Explosives,,Sideboard,3,1,American Twin,sameko,323 tix,"$ 1,185",240677,2014-07-15,Modern Daily #7283187,modern,modern-daily-7283187,modern-daily-7283187-2014-07-15
29,1,Wear & Tear,,Sideboard,3,1,American Twin,sameko,323 tix,"$ 1,185",240677,2014-07-15,Modern Daily #7283187,modern,modern-daily-7283187,modern-daily-7283187-2014-07-15
30,2,Relic of Progenitus,,Sideboard,3,1,American Twin,sameko,323 tix,"$ 1,185",240677,2014-07-15,Modern Daily #7283187,modern,modern-daily-7283187,modern-daily-7283187-2014-07-15
31,1,Celestial Purge,,Sideboard,3,1,American Twin,sameko,323 tix,"$ 1,185",240677,2014-07-15,Modern Daily #7283187,modern,modern-daily-7283187,modern-daily-7283187-2014-07-15
32,1,Negate,,Sideboard,3,1,American Twin,sameko,323 tix,"$ 1,185",240677,2014-07-15,Modern Daily #7283187,modern,modern-daily-7283187,modern-daily-7283187-2014-07-15
33,2,Stony Silence,,Sideboard,3,1,American Twin,sameko,323 tix,"$ 1,185",240677,2014-07-15,Modern Daily #7283187,modern,modern-daily-7283187,modern-daily-7283187-2014-07-15
34,2,Anger of the Gods,,Sideboard,3,1,American Twin,sameko,323 tix,"$ 1,185",240677,2014-07-15,Modern Daily #7283187,modern,modern-daily-7283187,modern-daily-7283187-2014-07-15
35,1,Counterflux,,Sideboard,3,1,American Twin,sameko,323 tix,"$ 1,185",240677,2014-07-15,Modern Daily #7283187,modern,modern-daily-7283187,modern-daily-7283187-2014-07-15
36,1,Izzet Staticaster,,Sideboard,3,1,American Twin,sameko,323 tix,"$ 1,185",240677,2014-07-15,Modern Daily #7283187,modern,modern-daily-7283187,modern-daily-7283187-2014-07-15
37,1,Wrath of God,,Sideboard,3,1,American Twin,sameko,323 tix,"$ 1,185",240677,2014-07-15,Modern Daily #7283187,modern,modern-daily-7283187,modern-daily-7283187-2014-07-15
38,1,"Keranos, God of Storms",,Sideboard,3,1,American Twin,sameko,323 tix,"$ 1,185",240677,2014-07-15,Modern Daily #7283187,modern,modern-daily-7283187,modern-daily-7283187-2014-07-15
39,1,Thundermaw Hellkite,,Sideboard,3,1,American Twin,sameko,323 tix,"$ 1,185",240677,2014-07-15,Modern Daily #7283187,modern,modern-daily-7283187,modern-daily-7283187-2014-07-15
1,4,Auriok Champion,,Creatures,3,1,BW Tokens,Klezmer,150 tix,$ 512,240676,2014-07-15,Modern Daily #7283187,modern,modern-daily-7283187,modern-daily-7283187-2014-07-15
2,2,Mirran Crusader,,Creatures,3,1,BW Tokens,Klezmer,150 tix,$ 512,240676,2014-07-15,Modern Daily #7283187,modern,modern-daily-7283187,modern-daily-7283187-2014-07-15
4,2,Inquisition of Kozilek,,Spells,3,1,BW Tokens,Klezmer,150 tix,$ 512,240676,2014-07-15,Modern Daily #7283187,modern,modern-daily-7283187,modern-daily-7283187-2014-07-15
5,4,Path to Exile,,Spells,3,1,BW Tokens,Klezmer,150 tix,$ 512,240676,2014-07-15,Modern Daily #7283187,modern,modern-daily-7283187,modern-daily-7283187-2014-07-15
6,4,Thoughtseize,,Spells,3,1,BW Tokens,Klezmer,150 tix,$ 512,240676,2014-07-15,Modern Daily #7283187,modern,modern-daily-7283187,modern-daily-7283187-2014-07-15
7,1,Doom Blade,,Spells,3,1,BW Tokens,Klezmer,150 tix,$ 512,240676,2014-07-15,Modern Daily #7283187,modern,modern-daily-7283187,modern-daily-7283187-2014-07-15
8,4,Raise the Alarm,,Spells,3,1,BW Tokens,Klezmer,150 tix,$ 512,240676,2014-07-15,Modern Daily #7283187,modern,modern-daily-7283187,modern-daily-7283187-2014-07-15
9,3,Zealous Persecution,,Spells,3,1,BW Tokens,Klezmer,150 tix,$ 512,240676,2014-07-15,Modern Daily #7283187,modern,modern-daily-7283187,modern-daily-7283187-2014-07-15
10,4,Lingering Souls,,Spells,3,1,BW Tokens,Klezmer,150 tix,$ 512,240676,2014-07-15,Modern Daily #7283187,modern,modern-daily-7283187,modern-daily-7283187-2014-07-15
11,4,Midnight Haunting,,Spells,3,1,BW Tokens,Klezmer,150 tix,$ 512,240676,2014-07-15,Modern Daily #7283187,modern,modern-daily-7283187,modern-daily-7283187-2014-07-15
13,2,Honor of the Pure,,Enchantments,3,1,BW Tokens,Klezmer,150 tix,$ 512,240676,2014-07-15,Modern Daily #7283187,modern,modern-daily-7283187,modern-daily-7283187-2014-07-15
14,3,Intangible Virtue,,Enchantments,3,1,BW Tokens,Klezmer,150 tix,$ 512,240676,2014-07-15,Modern Daily #7283187,modern,modern-daily-7283187,modern-daily-7283187-2014-07-15
16,2,Arid Mesa,,Lands,3,1,BW Tokens,Klezmer,150 tix,$ 512,240676,2014-07-15,Modern Daily #7283187,modern,modern-daily-7283187,modern-daily-7283187-2014-07-15
17,1,Fetid Heath,,Lands,3,1,BW Tokens,Klezmer,150 tix,$ 512,240676,2014-07-15,Modern Daily #7283187,modern,modern-daily-7283187,modern-daily-7283187-2014-07-15
18,4,Godless Shrine,,Lands,3,1,BW Tokens,Klezmer,150 tix,$ 512,240676,2014-07-15,Modern Daily #7283187,modern,modern-daily-7283187,modern-daily-7283187-2014-07-15
19,2,Isolated Chapel,,Lands,3,1,BW Tokens,Klezmer,150 tix,$ 512,240676,2014-07-15,Modern Daily #7283187,modern,modern-daily-7283187,modern-daily-7283187-2014-07-15
20,4,Marsh Flats,,Lands,3,1,BW Tokens,Klezmer,150 tix,$ 512,240676,2014-07-15,Modern Daily #7283187,modern,modern-daily-7283187,modern-daily-7283187-2014-07-15
21,5,Plains,,Lands,3,1,BW Tokens,Klezmer,150 tix,$ 512,240676,2014-07-15,Modern Daily #7283187,modern,modern-daily-7283187,modern-daily-7283187-2014-07-15
22,1,Swamp,,Lands,3,1,BW Tokens,Klezmer,150 tix,$ 512,240676,2014-07-15,Modern Daily #7283187,modern,modern-daily-7283187,modern-daily-7283187-2014-07-15
23,1,Vault of the Archangel,,Lands,3,1,BW Tokens,Klezmer,150 tix,$ 512,240676,2014-07-15,Modern Daily #7283187,modern,modern-daily-7283187,modern-daily-7283187-2014-07-15
24,3,Windbrisk Heights,,Lands,3,1,BW Tokens,Klezmer,150 tix,$ 512,240676,2014-07-15,Modern Daily #7283187,modern,modern-daily-7283187,modern-daily-7283187-2014-07-15
26,2,Burrenton Forge-Tender,,Sideboard,3,1,BW Tokens,Klezmer,150 tix,$ 512,240676,2014-07-15,Modern Daily #7283187,modern,modern-daily-7283187,modern-daily-7283187-2014-07-15
27,2,Duress,,Sideboard,3,1,BW Tokens,Klezmer,150 tix,$ 512,240676,2014-07-15,Modern Daily #7283187,modern,modern-daily-7283187,modern-daily-7283187-2014-07-15
28,1,Relic of Progenitus,,Sideboard,3,1,BW Tokens,Klezmer,150 tix,$ 512,240676,2014-07-15,Modern Daily #7283187,modern,modern-daily-7283187,modern-daily-7283187-2014-07-15
29,1,Luminarch Ascension,,Sideboard,3,1,BW Tokens,Klezmer,150 tix,$ 512,240676,2014-07-15,Modern Daily #7283187,modern,modern-daily-7283187,modern-daily-7283187-2014-07-15
30,1,Runed Halo,,Sideboard,3,1,BW Tokens,Klezmer,150 tix,$ 512,240676,2014-07-15,Modern Daily #7283187,modern,modern-daily-7283187,modern-daily-7283187-2014-07-15
31,3,Stony Silence,,Sideboard,3,1,BW Tokens,Klezmer,150 tix,$ 512,240676,2014-07-15,Modern Daily #7283187,modern,modern-daily-7283187,modern-daily-7283187-2014-07-15
32,2,Sundering Growth,,Sideboard,3,1,BW Tokens,Klezmer,150 tix,$ 512,240676,2014-07-15,Modern Daily #7283187,modern,modern-daily-7283187,modern-daily-7283187-2014-07-15
33,2,Aven Mindcensor,,Sideboard,3,1,BW Tokens,Klezmer,150 tix,$ 512,240676,2014-07-15,Modern Daily #7283187,modern,modern-daily-7283187,modern-daily-7283187-2014-07-15
34,1,Tempest of Light,,Sideboard,3,1,BW Tokens,Klezmer,150 tix,$ 512,240676,2014-07-15,Modern Daily #7283187,modern,modern-daily-7283187,modern-daily-7283187-2014-07-15
1,2,Grim Lavamancer,,Creatures,3,1,Blue Moon,_GMac_,328 tix,"$ 1,190",240682,2014-07-15,Modern Daily #7283187,modern,modern-daily-7283187,modern-daily-7283187-2014-07-15
2,4,Snapcaster Mage,,Creatures,3,1,Blue Moon,_GMac_,328 tix,"$ 1,190",240682,2014-07-15,Modern Daily #7283187,modern,modern-daily-7283187,modern-daily-7283187-2014-07-15
3,2,Vendilion Clique,,Creatures,3,1,Blue Moon,_GMac_,328 tix,"$ 1,190",240682,2014-07-15,Modern Daily #7283187,modern,modern-daily-7283187,modern-daily-7283187-2014-07-15
4,2,"Keranos, God of Storms",,Creatures,3,1,Blue Moon,_GMac_,328 tix,"$ 1,190",240682,2014-07-15,Modern Daily #7283187,modern,modern-daily-7283187,modern-daily-7283187-2014-07-15
6,1,Flame Slash,,Spells,3,1,Blue Moon,_GMac_,328 tix,"$ 1,190",240682,2014-07-15,Modern Daily #7283187,modern,modern-daily-7283187,modern-daily-7283187-2014-07-15
7,4,Lightning Bolt,,Spells,3,1,Blue Moon,_GMac_,328 tix,"$ 1,190",240682,2014-07-15,Modern Daily #7283187,modern,modern-daily-7283187,modern-daily-7283187-2014-07-15
8,1,Pillar of Flame,,Spells,3,1,Blue Moon,_GMac_,328 tix,"$ 1,190",240682,2014-07-15,Modern Daily #7283187,modern,modern-daily-7283187,modern-daily-7283187-2014-07-15
9,3,Serum Visions,,Spells,3,1,Blue Moon,_GMac_,328 tix,"$ 1,190",240682,2014-07-15,Modern Daily #7283187,modern,modern-daily-7283187,modern-daily-7283187-2014-07-15
10,4,Remand,,Spells,3,1,Blue Moon,_GMac_,328 tix,"$ 1,190",240682,2014-07-15,Modern Daily #7283187,modern,modern-daily-7283187,modern-daily-7283187-2014-07-15
11,4,Electrolyze,,Spells,3,1,Blue Moon,_GMac_,328 tix,"$ 1,190",240682,2014-07-15,Modern Daily #7283187,modern,modern-daily-7283187,modern-daily-7283187-2014-07-15
12,4,Cryptic Command,,Spells,3,1,Blue Moon,_GMac_,328 tix,"$ 1,190",240682,2014-07-15,Modern Daily #7283187,modern,modern-daily-7283187,modern-daily-7283187-2014-07-15
14,1,Vedalken Shackles,,Artifacts,3,1,Blue Moon,_GMac_,328 tix,"$ 1,190",240682,2014-07-15,Modern Daily #7283187,modern,modern-daily-7283187,modern-daily-7283187-2014-07-15
15,1,Batterskull,,Artifacts,3,1,Blue Moon,_GMac_,328 tix,"$ 1,190",240682,2014-07-15,Modern Daily #7283187,modern,modern-daily-7283187,modern-daily-7283187-2014-07-15
17,4,Spreading Seas,,Enchantments,3,1,Blue Moon,_GMac_,328 tix,"$ 1,190",240682,2014-07-15,Modern Daily #7283187,modern,modern-daily-7283187,modern-daily-7283187-2014-07-15
19,1,Arid Mesa,,Lands,3,1,Blue Moon,_GMac_,328 tix,"$ 1,190",240682,2014-07-15,Modern Daily #7283187,modern,modern-daily-7283187,modern-daily-7283187-2014-07-15
20,8,Island,,Lands,3,1,Blue Moon,_GMac_,328 tix,"$ 1,190",240682,2014-07-15,Modern Daily #7283187,modern,modern-daily-7283187,modern-daily-7283187-2014-07-15
21,3,Misty Rainforest,,Lands,3,1,Blue Moon,_GMac_,328 tix,"$ 1,190",240682,2014-07-15,Modern Daily #7283187,modern,modern-daily-7283187,modern-daily-7283187-2014-07-15
22,1,Mountain,,Lands,3,1,Blue Moon,_GMac_,328 tix,"$ 1,190",240682,2014-07-15,Modern Daily #7283187,modern,modern-daily-7283187,modern-daily-7283187-2014-07-15
23,4,Scalding Tarn,,Lands,3,1,Blue Moon,_GMac_,328 tix,"$ 1,190",240682,2014-07-15,Modern Daily #7283187,modern,modern-daily-7283187,modern-daily-7283187-2014-07-15
24,3,Steam Vents,,Lands,3,1,Blue Moon,_GMac_,328 tix,"$ 1,190",240682,2014-07-15,Modern Daily #7283187,modern,modern-daily-7283187,modern-daily-7283187-2014-07-15
25,3,Sulfur Falls,,Lands,3,1,Blue Moon,_GMac_,328 tix,"$ 1,190",240682,2014-07-15,Modern Daily #7283187,modern,modern-daily-7283187,modern-daily-7283187-2014-07-15
27,2,Dispel,,Sideboard,3,1,Blue Moon,_GMac_,328 tix,"$ 1,190",240682,2014-07-15,Modern Daily #7283187,modern,modern-daily-7283187,modern-daily-7283187-2014-07-15
28,3,Relic of Progenitus,,Sideboard,3,1,Blue Moon,_GMac_,328 tix,"$ 1,190",240682,2014-07-15,Modern Daily #7283187,modern,modern-daily-7283187,modern-daily-7283187-2014-07-15
29,2,Vandalblast,,Sideboard,3,1,Blue Moon,_GMac_,328 tix,"$ 1,190",240682,2014-07-15,Modern Daily #7283187,modern,modern-daily-7283187,modern-daily-7283187-2014-07-15
30,1,Combust,,Sideboard,3,1,Blue Moon,_GMac_,328 tix,"$ 1,190",240682,2014-07-15,Modern Daily #7283187,modern,modern-daily-7283187,modern-daily-7283187-2014-07-15
31,2,Negate,,Sideboard,3,1,Blue Moon,_GMac_,328 tix,"$ 1,190",240682,2014-07-15,Modern Daily #7283187,modern,modern-daily-7283187,modern-daily-7283187-2014-07-15
32,3,Blood Moon,,Sideboard,3,1,Blue Moon,_GMac_,328 tix,"$ 1,190",240682,2014-07-15,Modern Daily #7283187,modern,modern-daily-7283187,modern-daily-7283187-2014-07-15
33,1,Counterflux,,Sideboard,3,1,Blue Moon,_GMac_,328 tix,"$ 1,190",240682,2014-07-15,Modern Daily #7283187,modern,modern-daily-7283187,modern-daily-7283187-2014-07-15
34,1,Shatterstorm,,Sideboard,3,1,Blue Moon,_GMac_,328 tix,"$ 1,190",240682,2014-07-15,Modern Daily #7283187,modern,modern-daily-7283187,modern-daily-7283187-2014-07-15
1,4,Goblin Guide,,Creatures,3,1,Boros Burn,lime360jr,103 tix,$ 299,240678,2014-07-15,Modern Daily #7283187,modern,modern-daily-7283187,modern-daily-7283187-2014-07-15
2,2,Grim Lavamancer,,Creatures,3,1,Boros Burn,lime360jr,103 tix,$ 299,240678,2014-07-15,Modern Daily #7283187,modern,modern-daily-7283187,modern-daily-7283187-2014-07-15
3,4,Eidolon of the Great Revel,,Creatures,3,1,Boros Burn,lime360jr,103 tix,$ 299,240678,2014-07-15,Modern Daily #7283187,modern,modern-daily-7283187,modern-daily-7283187-2014-07-15
5,4,Lava Spike,,Spells,3,1,Boros Burn,lime360jr,103 tix,$ 299,240678,2014-07-15,Modern Daily #7283187,modern,modern-daily-7283187,modern-daily-7283187-2014-07-15
6,4,Lightning Bolt,,Spells,3,1,Boros Burn,lime360jr,103 tix,$ 299,240678,2014-07-15,Modern Daily #7283187,modern,modern-daily-7283187,modern-daily-7283187-2014-07-15
7,4,Boros Charm,,Spells,3,1,Boros Burn,lime360jr,103 tix,$ 299,240678,2014-07-15,Modern Daily #7283187,modern,modern-daily-7283187,modern-daily-7283187-2014-07-15
8,4,Lightning Helix,,Spells,3,1,Boros Burn,lime360jr,103 tix,$ 299,240678,2014-07-15,Modern Daily #7283187,modern,modern-daily-7283187,modern-daily-7283187-2014-07-15
9,4,Magma Jet,,Spells,3,1,Boros Burn,lime360jr,103 tix,$ 299,240678,2014-07-15,Modern Daily #7283187,modern,modern-daily-7283187,modern-daily-7283187-2014-07-15
10,3,Searing Blaze,,Spells,3,1,Boros Burn,lime360jr,103 tix,$ 299,240678,2014-07-15,Modern Daily #7283187,modern,modern-daily-7283187,modern-daily-7283187-2014-07-15
11,4,Skullcrack,,Spells,3,1,Boros Burn,lime360jr,103 tix,$ 299,240678,2014-07-15,Modern Daily #7283187,modern,modern-daily-7283187,modern-daily-7283187-2014-07-15
12,4,Rift Bolt,,Spells,3,1,Boros Burn,lime360jr,103 tix,$ 299,240678,2014-07-15,Modern Daily #7283187,modern,modern-daily-7283187,modern-daily-7283187-2014-07-15
13,1,Volcanic Fallout,,Spells,3,1,Boros Burn,lime360jr,103 tix,$ 299,240678,2014-07-15,Modern Daily #7283187,modern,modern-daily-7283187,modern-daily-7283187-2014-07-15
15,4,Clifftop Retreat,,Lands,3,1,Boros Burn,lime360jr,103 tix,$ 299,240678,2014-07-15,Modern Daily #7283187,modern,modern-daily-7283187,modern-daily-7283187-2014-07-15
16,10,Mountain,,Lands,3,1,Boros Burn,lime360jr,103 tix,$ 299,240678,2014-07-15,Modern Daily #7283187,modern,modern-daily-7283187,modern-daily-7283187-2014-07-15
17,4,Sacred Foundry,,Lands,3,1,Boros Burn,lime360jr,103 tix,$ 299,240678,2014-07-15,Modern Daily #7283187,modern,modern-daily-7283187,modern-daily-7283187-2014-07-15
19,1,Wear & Tear,,Sideboard,3,1,Boros Burn,lime360jr,103 tix,$ 299,240678,2014-07-15,Modern Daily #7283187,modern,modern-daily-7283187,modern-daily-7283187-2014-07-15
20,1,Path to Exile,,Sideboard,3,1,Boros Burn,lime360jr,103 tix,$ 299,240678,2014-07-15,Modern Daily #7283187,modern,modern-daily-7283187,modern-daily-7283187-2014-07-15
21,3,Combust,,Sideboard,3,1,Boros Burn,lime360jr,103 tix,$ 299,240678,2014-07-15,Modern Daily #7283187,modern,modern-daily-7283187,modern-daily-7283187-2014-07-15
22,2,Rest in Peace,,Sideboard,3,1,Boros Burn,lime360jr,103 tix,$ 299,240678,2014-07-15,Modern Daily #7283187,modern,modern-daily-7283187,modern-daily-7283187-2014-07-15
23,2,Smash to Smithereens,,Sideboard,3,1,Boros Burn,lime360jr,103 tix,$ 299,240678,2014-07-15,Modern Daily #7283187,modern,modern-daily-7283187,modern-daily-7283187-2014-07-15
24,3,Sudden Shock,,Sideboard,3,1,Boros Burn,lime360jr,103 tix,$ 299,240678,2014-07-15,Modern Daily #7283187,modern,modern-daily-7283187,modern-daily-7283187-2014-07-15
25,1,Young Pyromancer,,Sideboard,3,1,Boros Burn,lime360jr,103 tix,$ 299,240678,2014-07-15,Modern Daily #7283187,modern,modern-daily-7283187,modern-daily-7283187-2014-07-15
26,2,Anger of the Gods,,Sideboard,3,1,Boros Burn,lime360jr,103 tix,$ 299,240678,2014-07-15,Modern Daily #7283187,modern,modern-daily-7283187,modern-daily-7283187-2014-07-15
1,4,Goblin Guide,,Creatures,3,1,Burn,pacoelflaco,252 tix,$ 887,240672,2014-07-15,Modern Daily #7283187,modern,modern-daily-7283187,modern-daily-7283187-2014-07-15
2,4,Grim Lavamancer,,Creatures,3,1,Burn,pacoelflaco,252 tix,$ 887,240672,2014-07-15,Modern Daily #7283187,modern,modern-daily-7283187,modern-daily-7283187-2014-07-15
3,2,Mogg Fanatic,,Creatures,3,1,Burn,pacoelflaco,252 tix,$ 887,240672,2014-07-15,Modern Daily #7283187,modern,modern-daily-7283187,modern-daily-7283187-2014-07-15
4,4,Eidolon of the Great Revel,,Creatures,3,1,Burn,pacoelflaco,252 tix,$ 887,240672,2014-07-15,Modern Daily #7283187,modern,modern-daily-7283187,modern-daily-7283187-2014-07-15
6,4,Bump in the Night,,Spells,3,1,Burn,pacoelflaco,252 tix,$ 887,240672,2014-07-15,Modern Daily #7283187,modern,modern-daily-7283187,modern-daily-7283187-2014-07-15
7,4,Lava Spike,,Spells,3,1,Burn,pacoelflaco,252 tix,$ 887,240672,2014-07-15,Modern Daily #7283187,modern,modern-daily-7283187,modern-daily-7283187-2014-07-15
8,4,Lightning Bolt,,Spells,3,1,Burn,pacoelflaco,252 tix,$ 887,240672,2014-07-15,Modern Daily #7283187,modern,modern-daily-7283187,modern-daily-7283187-2014-07-15
9,4,Shard Volley,,Spells,3,1,Burn,pacoelflaco,252 tix,$ 887,240672,2014-07-15,Modern Daily #7283187,modern,modern-daily-7283187,modern-daily-7283187-2014-07-15
10,4,Searing Blaze,,Spells,3,1,Burn,pacoelflaco,252 tix,$ 887,240672,2014-07-15,Modern Daily #7283187,modern,modern-daily-7283187,modern-daily-7283187-2014-07-15
11,3,Skullcrack,,Spells,3,1,Burn,pacoelflaco,252 tix,$ 887,240672,2014-07-15,Modern Daily #7283187,modern,modern-daily-7283187,modern-daily-7283187-2014-07-15
12,4,Rift Bolt,,Spells,3,1,Burn,pacoelflaco,252 tix,$ 887,240672,2014-07-15,Modern Daily #7283187,modern,modern-daily-7283187,modern-daily-7283187-2014-07-15
14,4,Arid Mesa,,Lands,3,1,Burn,pacoelflaco,252 tix,$ 887,240672,2014-07-15,Modern Daily #7283187,modern,modern-daily-7283187,modern-daily-7283187-2014-07-15
15,4,Blackcleave Cliffs,,Lands,3,1,Burn,pacoelflaco,252 tix,$ 887,240672,2014-07-15,Modern Daily #7283187,modern,modern-daily-7283187,modern-daily-7283187-2014-07-15
16,2,Blood Crypt,,Lands,3,1,Burn,pacoelflaco,252 tix,$ 887,240672,2014-07-15,Modern Daily #7283187,modern,modern-daily-7283187,modern-daily-7283187-2014-07-15
17,5,Mountain,,Lands,3,1,Burn,pacoelflaco,252 tix,$ 887,240672,2014-07-15,Modern Daily #7283187,modern,modern-daily-7283187,modern-daily-7283187-2014-07-15
18,4,Scalding Tarn,,Lands,3,1,Burn,pacoelflaco,252 tix,$ 887,240672,2014-07-15,Modern Daily #7283187,modern,modern-daily-7283187,modern-daily-7283187-2014-07-15
20,3,Forked Bolt,,Sideboard,3,1,Burn,pacoelflaco,252 tix,$ 887,240672,2014-07-15,Modern Daily #7283187,modern,modern-daily-7283187,modern-daily-7283187-2014-07-15
21,3,Dragon's Claw,,Sideboard,3,1,Burn,pacoelflaco,252 tix,$ 887,240672,2014-07-15,Modern Daily #7283187,modern,modern-daily-7283187,modern-daily-7283187-2014-07-15
22,2,Searing Blood,,Sideboard,3,1,Burn,pacoelflaco,252 tix,$ 887,240672,2014-07-15,Modern Daily #7283187,modern,modern-daily-7283187,modern-daily-7283187-2014-07-15
23,1,Skullcrack,,Sideboard,3,1,Burn,pacoelflaco,252 tix,$ 887,240672,2014-07-15,Modern Daily #7283187,modern,modern-daily-7283187,modern-daily-7283187-2014-07-15
24,2,Smash to Smithereens,,Sideboard,3,1,Burn,pacoelflaco,252 tix,$ 887,240672,2014-07-15,Modern Daily #7283187,modern,modern-daily-7283187,modern-daily-7283187-2014-07-15
25,3,Dismember,,Sideboard,3,1,Burn,pacoelflaco,252 tix,$ 887,240672,2014-07-15,Modern Daily #7283187,modern,modern-daily-7283187,modern-daily-7283187-2014-07-15
26,1,Flames of the Blood Hand,,Sideboard,3,1,Burn,pacoelflaco,252 tix,$ 887,240672,2014-07-15,Modern Daily #7283187,modern,modern-daily-7283187,modern-daily-7283187-2014-07-15
1,4,Goblin Guide,,Creatures,3,1,Burn,MikeyPaine,81 tix,$ 192,240680,2014-07-15,Modern Daily #7283187,modern,modern-daily-7283187,modern-daily-7283187-2014-07-15
2,4,Eidolon of the Great Revel,,Creatures,3,1,Burn,MikeyPaine,81 tix,$ 192,240680,2014-07-15,Modern Daily #7283187,modern,modern-daily-7283187,modern-daily-7283187-2014-07-15
3,4,Hellspark Elemental,,Creatures,3,1,Burn,MikeyPaine,81 tix,$ 192,240680,2014-07-15,Modern Daily #7283187,modern,modern-daily-7283187,modern-daily-7283187-2014-07-15
5,4,Lava Spike,,Spells,3,1,Burn,MikeyPaine,81 tix,$ 192,240680,2014-07-15,Modern Daily #7283187,modern,modern-daily-7283187,modern-daily-7283187-2014-07-15
6,4,Lightning Bolt,,Spells,3,1,Burn,MikeyPaine,81 tix,$ 192,240680,2014-07-15,Modern Daily #7283187,modern,modern-daily-7283187,modern-daily-7283187-2014-07-15
7,2,Shard Volley,,Spells,3,1,Burn,MikeyPaine,81 tix,$ 192,240680,2014-07-15,Modern Daily #7283187,modern,modern-daily-7283187,modern-daily-7283187-2014-07-15
8,4,Magma Jet,,Spells,3,1,Burn,MikeyPaine,81 tix,$ 192,240680,2014-07-15,Modern Daily #7283187,modern,modern-daily-7283187,modern-daily-7283187-2014-07-15
9,2,Searing Blaze,,Spells,3,1,Burn,MikeyPaine,81 tix,$ 192,240680,2014-07-15,Modern Daily #7283187,modern,modern-daily-7283187,modern-daily-7283187-2014-07-15
10,4,Skullcrack,,Spells,3,1,Burn,MikeyPaine,81 tix,$ 192,240680,2014-07-15,Modern Daily #7283187,modern,modern-daily-7283187,modern-daily-7283187-2014-07-15
11,4,Flames of the Blood Hand,,Spells,3,1,Burn,MikeyPaine,81 tix,$ 192,240680,2014-07-15,Modern Daily #7283187,modern,modern-daily-7283187,modern-daily-7283187-2014-07-15
12,4,Rift Bolt,,Spells,3,1,Burn,MikeyPaine,81 tix,$ 192,240680,2014-07-15,Modern Daily #7283187,modern,modern-daily-7283187,modern-daily-7283187-2014-07-15
14,20,Mountain,,Lands,3,1,Burn,MikeyPaine,81 tix,$ 192,240680,2014-07-15,Modern Daily #7283187,modern,modern-daily-7283187,modern-daily-7283187-2014-07-15
16,2,Relic of Progenitus,,Sideboard,3,1,Burn,MikeyPaine,81 tix,$ 192,240680,2014-07-15,Modern Daily #7283187,modern,modern-daily-7283187,modern-daily-7283187-2014-07-15
17,2,Combust,,Sideboard,3,1,Burn,MikeyPaine,81 tix,$ 192,240680,2014-07-15,Modern Daily #7283187,modern,modern-daily-7283187,modern-daily-7283187-2014-07-15
18,2,Dragon's Claw,,Sideboard,3,1,Burn,MikeyPaine,81 tix,$ 192,240680,2014-07-15,Modern Daily #7283187,modern,modern-daily-7283187,modern-daily-7283187-2014-07-15
19,3,Searing Blood,,Sideboard,3,1,Burn,MikeyPaine,81 tix,$ 192,240680,2014-07-15,Modern Daily #7283187,modern,modern-daily-7283187,modern-daily-7283187-2014-07-15
20,3,Smash to Smithereens,,Sideboard,3,1,Burn,MikeyPaine,81 tix,$ 192,240680,2014-07-15,Modern Daily #7283187,modern,modern-daily-7283187,modern-daily-7283187-2014-07-15
21,2,Molten Rain,,Sideboard,3,1,Burn,MikeyPaine,81 tix,$ 192,240680,2014-07-15,Modern Daily #7283187,modern,modern-daily-7283187,modern-daily-7283187-2014-07-15
1,4,Goblin Guide,,Creatures,3,1,Burn,marea8989,248 tix,$ 936,240694,2014-07-15,Modern Daily #7283187,modern,modern-daily-7283187,modern-daily-7283187-2014-07-15
2,3,Grim Lavamancer,,Creatures,3,1,Burn,marea8989,248 tix,$ 936,240694,2014-07-15,Modern Daily #7283187,modern,modern-daily-7283187,modern-daily-7283187-2014-07-15
3,2,Vexing Devil,,Creatures,3,1,Burn,marea8989,248 tix,$ 936,240694,2014-07-15,Modern Daily #7283187,modern,modern-daily-7283187,modern-daily-7283187-2014-07-15
4,4,Eidolon of the Great Revel,,Creatures,3,1,Burn,marea8989,248 tix,$ 936,240694,2014-07-15,Modern Daily #7283187,modern,modern-daily-7283187,modern-daily-7283187-2014-07-15
6,4,Bump in the Night,,Spells,3,1,Burn,marea8989,248 tix,$ 936,240694,2014-07-15,Modern Daily #7283187,modern,modern-daily-7283187,modern-daily-7283187-2014-07-15
7,4,Lava Spike,,Spells,3,1,Burn,marea8989,248 tix,$ 936,240694,2014-07-15,Modern Daily #7283187,modern,modern-daily-7283187,modern-daily-7283187-2014-07-15
8,4,Lightning Bolt,,Spells,3,1,Burn,marea8989,248 tix,$ 936,240694,2014-07-15,Modern Daily #7283187,modern,modern-daily-7283187,modern-daily-7283187-2014-07-15
9,4,Shard Volley,,Spells,3,1,Burn,marea8989,248 tix,$ 936,240694,2014-07-15,Modern Daily #7283187,modern,modern-daily-7283187,modern-daily-7283187-2014-07-15
10,3,Searing Blaze,,Spells,3,1,Burn,marea8989,248 tix,$ 936,240694,2014-07-15,Modern Daily #7283187,modern,modern-daily-7283187,modern-daily-7283187-2014-07-15
11,4,Skullcrack,,Spells,3,1,Burn,marea8989,248 tix,$ 936,240694,2014-07-15,Modern Daily #7283187,modern,modern-daily-7283187,modern-daily-7283187-2014-07-15
12,4,Rift Bolt,,Spells,3,1,Burn,marea8989,248 tix,$ 936,240694,2014-07-15,Modern Daily #7283187,modern,modern-daily-7283187,modern-daily-7283187-2014-07-15
14,4,Arid Mesa,,Lands,3,1,Burn,marea8989,248 tix,$ 936,240694,2014-07-15,Modern Daily #7283187,modern,modern-daily-7283187,modern-daily-7283187-2014-07-15
15,4,Blackcleave Cliffs,,Lands,3,1,Burn,marea8989,248 tix,$ 936,240694,2014-07-15,Modern Daily #7283187,modern,modern-daily-7283187,modern-daily-7283187-2014-07-15
16,1,Blood Crypt,,Lands,3,1,Burn,marea8989,248 tix,$ 936,240694,2014-07-15,Modern Daily #7283187,modern,modern-daily-7283187,modern-daily-7283187-2014-07-15
17,2,Copperline Gorge,,Lands,3,1,Burn,marea8989,248 tix,$ 936,240694,2014-07-15,Modern Daily #7283187,modern,modern-daily-7283187,modern-daily-7283187-2014-07-15
18,4,Mountain,,Lands,3,1,Burn,marea8989,248 tix,$ 936,240694,2014-07-15,Modern Daily #7283187,modern,modern-daily-7283187,modern-daily-7283187-2014-07-15
19,4,Scalding Tarn,,Lands,3,1,Burn,marea8989,248 tix,$ 936,240694,2014-07-15,Modern Daily #7283187,modern,modern-daily-7283187,modern-daily-7283187-2014-07-15
20,1,Stomping Ground,,Lands,3,1,Burn,marea8989,248 tix,$ 936,240694,2014-07-15,Modern Daily #7283187,modern,modern-daily-7283187,modern-daily-7283187-2014-07-15
22,1,Grim Lavamancer,,Sideboard,3,1,Burn,marea8989,248 tix,$ 936,240694,2014-07-15,Modern Daily #7283187,modern,modern-daily-7283187,modern-daily-7283187-2014-07-15
23,2,Relic of Progenitus,,Sideboard,3,1,Burn,marea8989,248 tix,$ 936,240694,2014-07-15,Modern Daily #7283187,modern,modern-daily-7283187,modern-daily-7283187-2014-07-15
24,4,Destructive Revelry,,Sideboard,3,1,Burn,marea8989,248 tix,$ 936,240694,2014-07-15,Modern Daily #7283187,modern,modern-daily-7283187,modern-daily-7283187-2014-07-15
25,2,Dragon's Claw,,Sideboard,3,1,Burn,marea8989,248 tix,$ 936,240694,2014-07-15,Modern Daily #7283187,modern,modern-daily-7283187,modern-daily-7283187-2014-07-15
26,1,Rakdos Charm,,Sideboard,3,1,Burn,marea8989,248 tix,$ 936,240694,2014-07-15,Modern Daily #7283187,modern,modern-daily-7283187,modern-daily-7283187-2014-07-15
27,1,Searing Blaze,,Sideboard,3,1,Burn,marea8989,248 tix,$ 936,240694,2014-07-15,Modern Daily #7283187,modern,modern-daily-7283187,modern-daily-7283187-2014-07-15
28,2,Searing Blood,,Sideboard,3,1,Burn,marea8989,248 tix,$ 936,240694,2014-07-15,Modern Daily #7283187,modern,modern-daily-7283187,modern-daily-7283187-2014-07-15
29,2,Molten Rain,,Sideboard,3,1,Burn,marea8989,248 tix,$ 936,240694,2014-07-15,Modern Daily #7283187,modern,modern-daily-7283187,modern-daily-7283187-2014-07-15
1,4,Glistener Elf,,Creatures,3,1,Infect,saprolido,64 tix,$ 137,240692,2014-07-15,Modern Daily #7283187,modern,modern-daily-7283187,modern-daily-7283187-2014-07-15
2,4,Ichorclaw Myr,,Creatures,3,1,Infect,saprolido,64 tix,$ 137,240692,2014-07-15,Modern Daily #7283187,modern,modern-daily-7283187,modern-daily-7283187-2014-07-15
3,4,Necropede,,Creatures,3,1,Infect,saprolido,64 tix,$ 137,240692,2014-07-15,Modern Daily #7283187,modern,modern-daily-7283187,modern-daily-7283187-2014-07-15
5,4,Giant Growth,,Spells,3,1,Infect,saprolido,64 tix,$ 137,240692,2014-07-15,Modern Daily #7283187,modern,modern-daily-7283187,modern-daily-7283187-2014-07-15
6,4,Groundswell,,Spells,3,1,Infect,saprolido,64 tix,$ 137,240692,2014-07-15,Modern Daily #7283187,modern,modern-daily-7283187,modern-daily-7283187-2014-07-15
7,4,Mutagenic Growth,,Spells,3,1,Infect,saprolido,64 tix,$ 137,240692,2014-07-15,Modern Daily #7283187,modern,modern-daily-7283187,modern-daily-7283187-2014-07-15
8,4,Vines of Vastwood,,Spells,3,1,Infect,saprolido,64 tix,$ 137,240692,2014-07-15,Modern Daily #7283187,modern,modern-daily-7283187,modern-daily-7283187-2014-07-15
9,4,Apostle's Blessing,,Spells,3,1,Infect,saprolido,64 tix,$ 137,240692,2014-07-15,Modern Daily #7283187,modern,modern-daily-7283187,modern-daily-7283187-2014-07-15
10,2,Dismember,,Spells,3,1,Infect,saprolido,64 tix,$ 137,240692,2014-07-15,Modern Daily #7283187,modern,modern-daily-7283187,modern-daily-7283187-2014-07-15
12,4,Rancor,,Enchantments,3,1,Infect,saprolido,64 tix,$ 137,240692,2014-07-15,Modern Daily #7283187,modern,modern-daily-7283187,modern-daily-7283187-2014-07-15
14,4,Cathedral of War,,Lands,3,1,Infect,saprolido,64 tix,$ 137,240692,2014-07-15,Modern Daily #7283187,modern,modern-daily-7283187,modern-daily-7283187-2014-07-15
15,13,Forest,,Lands,3,1,Infect,saprolido,64 tix,$ 137,240692,2014-07-15,Modern Daily #7283187,modern,modern-daily-7283187,modern-daily-7283187-2014-07-15
16,4,Inkmoth Nexus,,Lands,3,1,Infect,saprolido,64 tix,$ 137,240692,2014-07-15,Modern Daily #7283187,modern,modern-daily-7283187,modern-daily-7283187-2014-07-15
17,1,Pendelhaven,,Lands,3,1,Infect,saprolido,64 tix,$ 137,240692,2014-07-15,Modern Daily #7283187,modern,modern-daily-7283187,modern-daily-7283187-2014-07-15
19,4,Tormod's Crypt,,Sideboard,3,1,Infect,saprolido,64 tix,$ 137,240692,2014-07-15,Modern Daily #7283187,modern,modern-daily-7283187,modern-daily-7283187-2014-07-15
20,2,Guttural Response,,Sideboard,3,1,Infect,saprolido,64 tix,$ 137,240692,2014-07-15,Modern Daily #7283187,modern,modern-daily-7283187,modern-daily-7283187-2014-07-15
21,4,Nature's Claim,,Sideboard,3,1,Infect,saprolido,64 tix,$ 137,240692,2014-07-15,Modern Daily #7283187,modern,modern-daily-7283187,modern-daily-7283187-2014-07-15
22,2,Sylvan Scrying,,Sideboard,3,1,Infect,saprolido,64 tix,$ 137,240692,2014-07-15,Modern Daily #7283187,modern,modern-daily-7283187,modern-daily-7283187-2014-07-15
23,2,Dismember,,Sideboard,3,1,Infect,saprolido,64 tix,$ 137,240692,2014-07-15,Modern Daily #7283187,modern,modern-daily-7283187,modern-daily-7283187-2014-07-15
24,1,Creeping Corrosion,,Sideboard,3,1,Infect,saprolido,64 tix,$ 137,240692,2014-07-15,Modern Daily #7283187,modern,modern-daily-7283187,modern-daily-7283187-2014-07-15
1,4,Dark Confidant,,Creatures,3,1,Junk,30A,593 tix,"$ 1,943",240670,2014-07-15,Modern Daily #7283187,modern,modern-daily-7283187,modern-daily-7283187-2014-07-15
2,3,Scavenging Ooze,,Creatures,3,1,Junk,30A,593 tix,"$ 1,943",240670,2014-07-15,Modern Daily #7283187,modern,modern-daily-7283187,modern-daily-7283187-2014-07-15
3,4,Tarmogoyf,,Creatures,3,1,Junk,30A,593 tix,"$ 1,943",240670,2014-07-15,Modern Daily #7283187,modern,modern-daily-7283187,modern-daily-7283187-2014-07-15
5,4,Liliana of the Veil,,Planeswalkers,3,1,Junk,30A,593 tix,"$ 1,943",240670,2014-07-15,Modern Daily #7283187,modern,modern-daily-7283187,modern-daily-7283187-2014-07-15
7,2,Slaughter Pact,,Spells,3,1,Junk,30A,593 tix,"$ 1,943",240670,2014-07-15,Modern Daily #7283187,modern,modern-daily-7283187,modern-daily-7283187-2014-07-15
8,4,Inquisition of Kozilek,,Spells,3,1,Junk,30A,593 tix,"$ 1,943",240670,2014-07-15,Modern Daily #7283187,modern,modern-daily-7283187,modern-daily-7283187-2014-07-15
9,4,Thoughtseize,,Spells,3,1,Junk,30A,593 tix,"$ 1,943",240670,2014-07-15,Modern Daily #7283187,modern,modern-daily-7283187,modern-daily-7283187-2014-07-15
10,4,Abrupt Decay,,Spells,3,1,Junk,30A,593 tix,"$ 1,943",240670,2014-07-15,Modern Daily #7283187,modern,modern-daily-7283187,modern-daily-7283187-2014-07-15
11,2,Dismember,,Spells,3,1,Junk,30A,593 tix,"$ 1,943",240670,2014-07-15,Modern Daily #7283187,modern,modern-daily-7283187,modern-daily-7283187-2014-07-15
12,3,Lingering Souls,,Spells,3,1,Junk,30A,593 tix,"$ 1,943",240670,2014-07-15,Modern Daily #7283187,modern,modern-daily-7283187,modern-daily-7283187-2014-07-15
13,1,Maelstrom Pulse,,Spells,3,1,Junk,30A,593 tix,"$ 1,943",240670,2014-07-15,Modern Daily #7283187,modern,modern-daily-7283187,modern-daily-7283187-2014-07-15
15,1,Forest,,Lands,3,1,Junk,30A,593 tix,"$ 1,943",240670,2014-07-15,Modern Daily #7283187,modern,modern-daily-7283187,modern-daily-7283187-2014-07-15
16,1,Godless Shrine,,Lands,3,1,Junk,30A,593 tix,"$ 1,943",240670,2014-07-15,Modern Daily #7283187,modern,modern-daily-7283187,modern-daily-7283187-2014-07-15
17,4,Marsh Flats,,Lands,3,1,Junk,30A,593 tix,"$ 1,943",240670,2014-07-15,Modern Daily #7283187,modern,modern-daily-7283187,modern-daily-7283187-2014-07-15
18,2,Overgrown Tomb,,Lands,3,1,Junk,30A,593 tix,"$ 1,943",240670,2014-07-15,Modern Daily #7283187,modern,modern-daily-7283187,modern-daily-7283187-2014-07-15
19,2,Stirring Wildwood,,Lands,3,1,Junk,30A,593 tix,"$ 1,943",240670,2014-07-15,Modern Daily #7283187,modern,modern-daily-7283187,modern-daily-7283187-2014-07-15
20,2,Swamp,,Lands,3,1,Junk,30A,593 tix,"$ 1,943",240670,2014-07-15,Modern Daily #7283187,modern,modern-daily-7283187,modern-daily-7283187-2014-07-15
21,4,Tectonic Edge,,Lands,3,1,Junk,30A,593 tix,"$ 1,943",240670,2014-07-15,Modern Daily #7283187,modern,modern-daily-7283187,modern-daily-7283187-2014-07-15
22,1,Temple Garden,,Lands,3,1,Junk,30A,593 tix,"$ 1,943",240670,2014-07-15,Modern Daily #7283187,modern,modern-daily-7283187,modern-daily-7283187-2014-07-15
23,2,Treetop Village,,Lands,3,1,Junk,30A,593 tix,"$ 1,943",240670,2014-07-15,Modern Daily #7283187,modern,modern-daily-7283187,modern-daily-7283187-2014-07-15
24,1,Twilight Mire,,Lands,3,1,Junk,30A,593 tix,"$ 1,943",240670,2014-07-15,Modern Daily #7283187,modern,modern-daily-7283187,modern-daily-7283187-2014-07-15
25,1,"Urborg, Tomb of Yawgmoth",,Lands,3,1,Junk,30A,593 tix,"$ 1,943",240670,2014-07-15,Modern Daily #7283187,modern,modern-daily-7283187,modern-daily-7283187-2014-07-15
26,4,Verdant Catacombs,,Lands,3,1,Junk,30A,593 tix,"$ 1,943",240670,2014-07-15,Modern Daily #7283187,modern,modern-daily-7283187,modern-daily-7283187-2014-07-15
28,2,Grafdigger's Cage,,Sideboard,3,1,Junk,30A,593 tix,"$ 1,943",240670,2014-07-15,Modern Daily #7283187,modern,modern-daily-7283187,modern-daily-7283187-2014-07-15
29,2,Path to Exile,,Sideboard,3,1,Junk,30A,593 tix,"$ 1,943",240670,2014-07-15,Modern Daily #7283187,modern,modern-daily-7283187,modern-daily-7283187-2014-07-15
30,2,Stony Silence,,Sideboard,3,1,Junk,30A,593 tix,"$ 1,943",240670,2014-07-15,Modern Daily #7283187,modern,modern-daily-7283187,modern-daily-7283187-2014-07-15
31,2,Aven Mindcensor,,Sideboard,3,1,Junk,30A,593 tix,"$ 1,943",240670,2014-07-15,Modern Daily #7283187,modern,modern-daily-7283187,modern-daily-7283187-2014-07-15
32,4,Fulminator Mage,,Sideboard,3,1,Junk,30A,593 tix,"$ 1,943",240670,2014-07-15,Modern Daily #7283187,modern,modern-daily-7283187,modern-daily-7283187-2014-07-15
33,1,Lingering Souls,,Sideboard,3,1,Junk,30A,593 tix,"$ 1,943",240670,2014-07-15,Modern Daily #7283187,modern,modern-daily-7283187,modern-daily-7283187-2014-07-15
34,1,Creeping Corrosion,,Sideboard,3,1,Junk,30A,593 tix,"$ 1,943",240670,2014-07-15,Modern Daily #7283187,modern,modern-daily-7283187,modern-daily-7283187-2014-07-15
35,1,"Thrun, the Last Troll",,Sideboard,3,1,Junk,30A,593 tix,"$ 1,943",240670,2014-07-15,Modern Daily #7283187,modern,modern-daily-7283187,modern-daily-7283187-2014-07-15
1,4,Dark Confidant,,Creatures,3,1,Junk,pikkug,607 tix,"$ 1,951",240679,2014-07-15,Modern Daily #7283187,modern,modern-daily-7283187,modern-daily-7283187-2014-07-15
2,3,Scavenging Ooze,,Creatures,3,1,Junk,pikkug,607 tix,"$ 1,951",240679,2014-07-15,Modern Daily #7283187,modern,modern-daily-7283187,modern-daily-7283187-2014-07-15
3,4,Tarmogoyf,,Creatures,3,1,Junk,pikkug,607 tix,"$ 1,951",240679,2014-07-15,Modern Daily #7283187,modern,modern-daily-7283187,modern-daily-7283187-2014-07-15
5,4,Liliana of the Veil,,Planeswalkers,3,1,Junk,pikkug,607 tix,"$ 1,951",240679,2014-07-15,Modern Daily #7283187,modern,modern-daily-7283187,modern-daily-7283187-2014-07-15
7,2,Slaughter Pact,,Spells,3,1,Junk,pikkug,607 tix,"$ 1,951",240679,2014-07-15,Modern Daily #7283187,modern,modern-daily-7283187,modern-daily-7283187-2014-07-15
8,3,Inquisition of Kozilek,,Spells,3,1,Junk,pikkug,607 tix,"$ 1,951",240679,2014-07-15,Modern Daily #7283187,modern,modern-daily-7283187,modern-daily-7283187-2014-07-15
9,4,Thoughtseize,,Spells,3,1,Junk,pikkug,607 tix,"$ 1,951",240679,2014-07-15,Modern Daily #7283187,modern,modern-daily-7283187,modern-daily-7283187-2014-07-15
10,4,Abrupt Decay,,Spells,3,1,Junk,pikkug,607 tix,"$ 1,951",240679,2014-07-15,Modern Daily #7283187,modern,modern-daily-7283187,modern-daily-7283187-2014-07-15
11,1,Dismember,,Spells,3,1,Junk,pikkug,607 tix,"$ 1,951",240679,2014-07-15,Modern Daily #7283187,modern,modern-daily-7283187,modern-daily-7283187-2014-07-15
12,4,Lingering Souls,,Spells,3,1,Junk,pikkug,607 tix,"$ 1,951",240679,2014-07-15,Modern Daily #7283187,modern,modern-daily-7283187,modern-daily-7283187-2014-07-15
13,2,Maelstrom Pulse,,Spells,3,1,Junk,pikkug,607 tix,"$ 1,951",240679,2014-07-15,Modern Daily #7283187,modern,modern-daily-7283187,modern-daily-7283187-2014-07-15
15,1,Forest,,Lands,3,1,Junk,pikkug,607 tix,"$ 1,951",240679,2014-07-15,Modern Daily #7283187,modern,modern-daily-7283187,modern-daily-7283187-2014-07-15
16,1,Godless Shrine,,Lands,3,1,Junk,pikkug,607 tix,"$ 1,951",240679,2014-07-15,Modern Daily #7283187,modern,modern-daily-7283187,modern-daily-7283187-2014-07-15
17,4,Marsh Flats,,Lands,3,1,Junk,pikkug,607 tix,"$ 1,951",240679,2014-07-15,Modern Daily #7283187,modern,modern-daily-7283187,modern-daily-7283187-2014-07-15
18,2,Overgrown Tomb,,Lands,3,1,Junk,pikkug,607 tix,"$ 1,951",240679,2014-07-15,Modern Daily #7283187,modern,modern-daily-7283187,modern-daily-7283187-2014-07-15
19,2,Stirring Wildwood,,Lands,3,1,Junk,pikkug,607 tix,"$ 1,951",240679,2014-07-15,Modern Daily #7283187,modern,modern-daily-7283187,modern-daily-7283187-2014-07-15
20,2,Swamp,,Lands,3,1,Junk,pikkug,607 tix,"$ 1,951",240679,2014-07-15,Modern Daily #7283187,modern,modern-daily-7283187,modern-daily-7283187-2014-07-15
21,3,Tectonic Edge,,Lands,3,1,Junk,pikkug,607 tix,"$ 1,951",240679,2014-07-15,Modern Daily #7283187,modern,modern-daily-7283187,modern-daily-7283187-2014-07-15
22,1,Temple Garden,,Lands,3,1,Junk,pikkug,607 tix,"$ 1,951",240679,2014-07-15,Modern Daily #7283187,modern,modern-daily-7283187,modern-daily-7283187-2014-07-15
23,3,Treetop Village,,Lands,3,1,Junk,pikkug,607 tix,"$ 1,951",240679,2014-07-15,Modern Daily #7283187,modern,modern-daily-7283187,modern-daily-7283187-2014-07-15
24,1,Twilight Mire,,Lands,3,1,Junk,pikkug,607 tix,"$ 1,951",240679,2014-07-15,Modern Daily #7283187,modern,modern-daily-7283187,modern-daily-7283187-2014-07-15
25,1,"Urborg, Tomb of Yawgmoth",,Lands,3,1,Junk,pikkug,607 tix,"$ 1,951",240679,2014-07-15,Modern Daily #7283187,modern,modern-daily-7283187,modern-daily-7283187-2014-07-15
26,4,Verdant Catacombs,,Lands,3,1,Junk,pikkug,607 tix,"$ 1,951",240679,2014-07-15,Modern Daily #7283187,modern,modern-daily-7283187,modern-daily-7283187-2014-07-15
28,1,Engineered Explosives,,Sideboard,3,1,Junk,pikkug,607 tix,"$ 1,951",240679,2014-07-15,Modern Daily #7283187,modern,modern-daily-7283187,modern-daily-7283187-2014-07-15
29,2,Grafdigger's Cage,,Sideboard,3,1,Junk,pikkug,607 tix,"$ 1,951",240679,2014-07-15,Modern Daily #7283187,modern,modern-daily-7283187,modern-daily-7283187-2014-07-15
30,1,Golgari Charm,,Sideboard,3,1,Junk,pikkug,607 tix,"$ 1,951",240679,2014-07-15,Modern Daily #7283187,modern,modern-daily-7283187,modern-daily-7283187-2014-07-15
31,2,Stony Silence,,Sideboard,3,1,Junk,pikkug,607 tix,"$ 1,951",240679,2014-07-15,Modern Daily #7283187,modern,modern-daily-7283187,modern-daily-7283187-2014-07-15
32,2,Courser of Kruphix,,Sideboard,3,1,Junk,pikkug,607 tix,"$ 1,951",240679,2014-07-15,Modern Daily #7283187,modern,modern-daily-7283187,modern-daily-7283187-2014-07-15
33,2,Fulminator Mage,,Sideboard,3,1,Junk,pikkug,607 tix,"$ 1,951",240679,2014-07-15,Modern Daily #7283187,modern,modern-daily-7283187,modern-daily-7283187-2014-07-15
34,3,Lifebane Zombie,,Sideboard,3,1,Junk,pikkug,607 tix,"$ 1,951",240679,2014-07-15,Modern Daily #7283187,modern,modern-daily-7283187,modern-daily-7283187-2014-07-15
35,1,Creeping Corrosion,,Sideboard,3,1,Junk,pikkug,607 tix,"$ 1,951",240679,2014-07-15,Modern Daily #7283187,modern,modern-daily-7283187,modern-daily-7283187-2014-07-15
36,1,Skinrender,,Sideboard,3,1,Junk,pikkug,607 tix,"$ 1,951",240679,2014-07-15,Modern Daily #7283187,modern,modern-daily-7283187,modern-daily-7283187-2014-07-15
1,4,Dark Confidant,,Creatures,3,1,Junk,inosta,580 tix,"$ 1,859",240695,2014-07-15,Modern Daily #7283187,modern,modern-daily-7283187,modern-daily-7283187-2014-07-15
2,4,Scavenging Ooze,,Creatures,3,1,Junk,inosta,580 tix,"$ 1,859",240695,2014-07-15,Modern Daily #7283187,modern,modern-daily-7283187,modern-daily-7283187-2014-07-15
3,4,Tarmogoyf,,Creatures,3,1,Junk,inosta,580 tix,"$ 1,859",240695,2014-07-15,Modern Daily #7283187,modern,modern-daily-7283187,modern-daily-7283187-2014-07-15
4,3,Fulminator Mage,,Creatures,3,1,Junk,inosta,580 tix,"$ 1,859",240695,2014-07-15,Modern Daily #7283187,modern,modern-daily-7283187,modern-daily-7283187-2014-07-15
5,2,Obstinate Baloth,,Creatures,3,1,Junk,inosta,580 tix,"$ 1,859",240695,2014-07-15,Modern Daily #7283187,modern,modern-daily-7283187,modern-daily-7283187-2014-07-15
7,4,Liliana of the Veil,,Planeswalkers,3,1,Junk,inosta,580 tix,"$ 1,859",240695,2014-07-15,Modern Daily #7283187,modern,modern-daily-7283187,modern-daily-7283187-2014-07-15
9,1,Slaughter Pact,,Spells,3,1,Junk,inosta,580 tix,"$ 1,859",240695,2014-07-15,Modern Daily #7283187,modern,modern-daily-7283187,modern-daily-7283187-2014-07-15
10,4,Inquisition of Kozilek,,Spells,3,1,Junk,inosta,580 tix,"$ 1,859",240695,2014-07-15,Modern Daily #7283187,modern,modern-daily-7283187,modern-daily-7283187-2014-07-15
11,3,Thoughtseize,,Spells,3,1,Junk,inosta,580 tix,"$ 1,859",240695,2014-07-15,Modern Daily #7283187,modern,modern-daily-7283187,modern-daily-7283187-2014-07-15
12,4,Abrupt Decay,,Spells,3,1,Junk,inosta,580 tix,"$ 1,859",240695,2014-07-15,Modern Daily #7283187,modern,modern-daily-7283187,modern-daily-7283187-2014-07-15
13,2,Dismember,,Spells,3,1,Junk,inosta,580 tix,"$ 1,859",240695,2014-07-15,Modern Daily #7283187,modern,modern-daily-7283187,modern-daily-7283187-2014-07-15
14,1,Maelstrom Pulse,,Spells,3,1,Junk,inosta,580 tix,"$ 1,859",240695,2014-07-15,Modern Daily #7283187,modern,modern-daily-7283187,modern-daily-7283187-2014-07-15
16,1,Forest,,Lands,3,1,Junk,inosta,580 tix,"$ 1,859",240695,2014-07-15,Modern Daily #7283187,modern,modern-daily-7283187,modern-daily-7283187-2014-07-15
17,2,Marsh Flats,,Lands,3,1,Junk,inosta,580 tix,"$ 1,859",240695,2014-07-15,Modern Daily #7283187,modern,modern-daily-7283187,modern-daily-7283187-2014-07-15
18,1,Misty Rainforest,,Lands,3,1,Junk,inosta,580 tix,"$ 1,859",240695,2014-07-15,Modern Daily #7283187,modern,modern-daily-7283187,modern-daily-7283187-2014-07-15
19,3,Mutavault,,Lands,3,1,Junk,inosta,580 tix,"$ 1,859",240695,2014-07-15,Modern Daily #7283187,modern,modern-daily-7283187,modern-daily-7283187-2014-07-15
20,4,Overgrown Tomb,,Lands,3,1,Junk,inosta,580 tix,"$ 1,859",240695,2014-07-15,Modern Daily #7283187,modern,modern-daily-7283187,modern-daily-7283187-2014-07-15
21,2,Swamp,,Lands,3,1,Junk,inosta,580 tix,"$ 1,859",240695,2014-07-15,Modern Daily #7283187,modern,modern-daily-7283187,modern-daily-7283187-2014-07-15
22,4,Treetop Village,,Lands,3,1,Junk,inosta,580 tix,"$ 1,859",240695,2014-07-15,Modern Daily #7283187,modern,modern-daily-7283187,modern-daily-7283187-2014-07-15
23,2,Twilight Mire,,Lands,3,1,Junk,inosta,580 tix,"$ 1,859",240695,2014-07-15,Modern Daily #7283187,modern,modern-daily-7283187,modern-daily-7283187-2014-07-15
24,1,"Urborg, Tomb of Yawgmoth",,Lands,3,1,Junk,inosta,580 tix,"$ 1,859",240695,2014-07-15,Modern Daily #7283187,modern,modern-daily-7283187,modern-daily-7283187-2014-07-15
25,4,Verdant Catacombs,,Lands,3,1,Junk,inosta,580 tix,"$ 1,859",240695,2014-07-15,Modern Daily #7283187,modern,modern-daily-7283187,modern-daily-7283187-2014-07-15
27,2,Disfigure,,Sideboard,3,1,Junk,inosta,580 tix,"$ 1,859",240695,2014-07-15,Modern Daily #7283187,modern,modern-daily-7283187,modern-daily-7283187-2014-07-15
28,2,Duress,,Sideboard,3,1,Junk,inosta,580 tix,"$ 1,859",240695,2014-07-15,Modern Daily #7283187,modern,modern-daily-7283187,modern-daily-7283187-2014-07-15
29,1,Grafdigger's Cage,,Sideboard,3,1,Junk,inosta,580 tix,"$ 1,859",240695,2014-07-15,Modern Daily #7283187,modern,modern-daily-7283187,modern-daily-7283187-2014-07-15
30,2,Oxidize,,Sideboard,3,1,Junk,inosta,580 tix,"$ 1,859",240695,2014-07-15,Modern Daily #7283187,modern,modern-daily-7283187,modern-daily-7283187-2014-07-15
31,1,Seal of Primordium,,Sideboard,3,1,Junk,inosta,580 tix,"$ 1,859",240695,2014-07-15,Modern Daily #7283187,modern,modern-daily-7283187,modern-daily-7283187-2014-07-15
32,2,Drown in Sorrow,,Sideboard,3,1,Junk,inosta,580 tix,"$ 1,859",240695,2014-07-15,Modern Daily #7283187,modern,modern-daily-7283187,modern-daily-7283187-2014-07-15
33,3,Lifebane Zombie,,Sideboard,3,1,Junk,inosta,580 tix,"$ 1,859",240695,2014-07-15,Modern Daily #7283187,modern,modern-daily-7283187,modern-daily-7283187-2014-07-15
34,2,Obstinate Baloth,,Sideboard,3,1,Junk,inosta,580 tix,"$ 1,859",240695,2014-07-15,Modern Daily #7283187,modern,modern-daily-7283187,modern-daily-7283187-2014-07-15
1,4,Birds of Paradise,,Creatures,3,1,Melira Pod,MrMan9879,273 tix,$ 864,240681,2014-07-15,Modern Daily #7283187,modern,modern-daily-7283187,modern-daily-7283187-2014-07-15
2,3,Noble Hierarch,,Creatures,3,1,Melira Pod,MrMan9879,273 tix,$ 864,240681,2014-07-15,Modern Daily #7283187,modern,modern-daily-7283187,modern-daily-7283187-2014-07-15
3,1,Viscera Seer,,Creatures,3,1,Melira Pod,MrMan9879,273 tix,$ 864,240681,2014-07-15,Modern Daily #7283187,modern,modern-daily-7283187,modern-daily-7283187-2014-07-15
4,1,"Melira, Sylvok Outcast",,Creatures,3,1,Melira Pod,MrMan9879,273 tix,$ 864,240681,2014-07-15,Modern Daily #7283187,modern,modern-daily-7283187,modern-daily-7283187-2014-07-15
5,1,Qasali Pridemage,,Creatures,3,1,Melira Pod,MrMan9879,273 tix,$ 864,240681,2014-07-15,Modern Daily #7283187,modern,modern-daily-7283187,modern-daily-7283187-2014-07-15
6,1,Scavenging Ooze,,Creatures,3,1,Melira Pod,MrMan9879,273 tix,$ 864,240681,2014-07-15,Modern Daily #7283187,modern,modern-daily-7283187,modern-daily-7283187-2014-07-15
7,1,Spellskite,,Creatures,3,1,Melira Pod,MrMan9879,273 tix,$ 864,240681,2014-07-15,Modern Daily #7283187,modern,modern-daily-7283187,modern-daily-7283187-2014-07-15
8,2,Voice of Resurgence,,Creatures,3,1,Melira Pod,MrMan9879,273 tix,$ 864,240681,2014-07-15,Modern Daily #7283187,modern,modern-daily-7283187,modern-daily-7283187-2014-07-15
9,1,Wall of Roots,,Creatures,3,1,Melira Pod,MrMan9879,273 tix,$ 864,240681,2014-07-15,Modern Daily #7283187,modern,modern-daily-7283187,modern-daily-7283187-2014-07-15
10,1,Eternal Witness,,Creatures,3,1,Melira Pod,MrMan9879,273 tix,$ 864,240681,2014-07-15,Modern Daily #7283187,modern,modern-daily-7283187,modern-daily-7283187-2014-07-15
11,4,Kitchen Finks,,Creatures,3,1,Melira Pod,MrMan9879,273 tix,$ 864,240681,2014-07-15,Modern Daily #7283187,modern,modern-daily-7283187,modern-daily-7283187-2014-07-15
12,1,Orzhov Pontiff,,Creatures,3,1,Melira Pod,MrMan9879,273 tix,$ 864,240681,2014-07-15,Modern Daily #7283187,modern,modern-daily-7283187,modern-daily-7283187-2014-07-15
13,1,Sin Collector,,Creatures,3,1,Melira Pod,MrMan9879,273 tix,$ 864,240681,2014-07-15,Modern Daily #7283187,modern,modern-daily-7283187,modern-daily-7283187-2014-07-15
14,1,"Linvala, Keeper of Silence",,Creatures,3,1,Melira Pod,MrMan9879,273 tix,$ 864,240681,2014-07-15,Modern Daily #7283187,modern,modern-daily-7283187,modern-daily-7283187-2014-07-15
15,2,Murderous Redcap,,Creatures,3,1,Melira Pod,MrMan9879,273 tix,$ 864,240681,2014-07-15,Modern Daily #7283187,modern,modern-daily-7283187,modern-daily-7283187-2014-07-15
16,1,Ranger of Eos,,Creatures,3,1,Melira Pod,MrMan9879,273 tix,$ 864,240681,2014-07-15,Modern Daily #7283187,modern,modern-daily-7283187,modern-daily-7283187-2014-07-15
17,1,Reveillark,,Creatures,3,1,Melira Pod,MrMan9879,273 tix,$ 864,240681,2014-07-15,Modern Daily #7283187,modern,modern-daily-7283187,modern-daily-7283187-2014-07-15
18,1,Shriekmaw,,Creatures,3,1,Melira Pod,MrMan9879,273 tix,$ 864,240681,2014-07-15,Modern Daily #7283187,modern,modern-daily-7283187,modern-daily-7283187-2014-07-15
20,2,Abrupt Decay,,Spells,3,1,Melira Pod,MrMan9879,273 tix,$ 864,240681,2014-07-15,Modern Daily #7283187,modern,modern-daily-7283187,modern-daily-7283187-2014-07-15
21,3,Chord of Calling,,Spells,3,1,Melira Pod,MrMan9879,273 tix,$ 864,240681,2014-07-15,Modern Daily #7283187,modern,modern-daily-7283187,modern-daily-7283187-2014-07-15
23,4,Birthing Pod,,Artifacts,3,1,Melira Pod,MrMan9879,273 tix,$ 864,240681,2014-07-15,Modern Daily #7283187,modern,modern-daily-7283187,modern-daily-7283187-2014-07-15
25,2,Forest,,Lands,3,1,Melira Pod,MrMan9879,273 tix,$ 864,240681,2014-07-15,Modern Daily #7283187,modern,modern-daily-7283187,modern-daily-7283187-2014-07-15
26,3,Gavony Township,,Lands,3,1,Melira Pod,MrMan9879,273 tix,$ 864,240681,2014-07-15,Modern Daily #7283187,modern,modern-daily-7283187,modern-daily-7283187-2014-07-15
27,1,Godless Shrine,,Lands,3,1,Melira Pod,MrMan9879,273 tix,$ 864,240681,2014-07-15,Modern Daily #7283187,modern,modern-daily-7283187,modern-daily-7283187-2014-07-15
28,4,Misty Rainforest,,Lands,3,1,Melira Pod,MrMan9879,273 tix,$ 864,240681,2014-07-15,Modern Daily #7283187,modern,modern-daily-7283187,modern-daily-7283187-2014-07-15
29,2,Overgrown Tomb,,Lands,3,1,Melira Pod,MrMan9879,273 tix,$ 864,240681,2014-07-15,Modern Daily #7283187,modern,modern-daily-7283187,modern-daily-7283187-2014-07-15
30,3,Razorverge Thicket,,Lands,3,1,Melira Pod,MrMan9879,273 tix,$ 864,240681,2014-07-15,Modern Daily #7283187,modern,modern-daily-7283187,modern-daily-7283187-2014-07-15
31,1,Swamp,,Lands,3,1,Melira Pod,MrMan9879,273 tix,$ 864,240681,2014-07-15,Modern Daily #7283187,modern,modern-daily-7283187,modern-daily-7283187-2014-07-15
32,2,Temple Garden,,Lands,3,1,Melira Pod,MrMan9879,273 tix,$ 864,240681,2014-07-15,Modern Daily #7283187,modern,modern-daily-7283187,modern-daily-7283187-2014-07-15
33,4,Verdant Catacombs,,Lands,3,1,Melira Pod,MrMan9879,273 tix,$ 864,240681,2014-07-15,Modern Daily #7283187,modern,modern-daily-7283187,modern-daily-7283187-2014-07-15
34,1,Woodland Cemetery,,Lands,3,1,Melira Pod,MrMan9879,273 tix,$ 864,240681,2014-07-15,Modern Daily #7283187,modern,modern-daily-7283187,modern-daily-7283187-2014-07-15
36,1,Slaughter Pact,,Sideboard,3,1,Melira Pod,MrMan9879,273 tix,$ 864,240681,2014-07-15,Modern Daily #7283187,modern,modern-daily-7283187,modern-daily-7283187-2014-07-15
37,4,Thoughtseize,,Sideboard,3,1,Melira Pod,MrMan9879,273 tix,$ 864,240681,2014-07-15,Modern Daily #7283187,modern,modern-daily-7283187,modern-daily-7283187-2014-07-15
38,1,Scavenging Ooze,,Sideboard,3,1,Melira Pod,MrMan9879,273 tix,$ 864,240681,2014-07-15,Modern Daily #7283187,modern,modern-daily-7283187,modern-daily-7283187-2014-07-15
39,1,Voice of Resurgence,,Sideboard,3,1,Melira Pod,MrMan9879,273 tix,$ 864,240681,2014-07-15,Modern Daily #7283187,modern,modern-daily-7283187,modern-daily-7283187-2014-07-15
40,2,Dismember,,Sideboard,3,1,Melira Pod,MrMan9879,273 tix,$ 864,240681,2014-07-15,Modern Daily #7283187,modern,modern-daily-7283187,modern-daily-7283187-2014-07-15
41,1,Harmonic Sliver,,Sideboard,3,1,Melira Pod,MrMan9879,273 tix,$ 864,240681,2014-07-15,Modern Daily #7283187,modern,modern-daily-7283187,modern-daily-7283187-2014-07-15
42,2,Lingering Souls,,Sideboard,3,1,Melira Pod,MrMan9879,273 tix,$ 864,240681,2014-07-15,Modern Daily #7283187,modern,modern-daily-7283187,modern-daily-7283187-2014-07-15
43,1,Orzhov Pontiff,,Sideboard,3,1,Melira Pod,MrMan9879,273 tix,$ 864,240681,2014-07-15,Modern Daily #7283187,modern,modern-daily-7283187,modern-daily-7283187-2014-07-15
44,1,Sin Collector,,Sideboard,3,1,Melira Pod,MrMan9879,273 tix,$ 864,240681,2014-07-15,Modern Daily #7283187,modern,modern-daily-7283187,modern-daily-7283187-2014-07-15
45,1,Entomber Exarch,,Sideboard,3,1,Melira Pod,MrMan9879,273 tix,$ 864,240681,2014-07-15,Modern Daily #7283187,modern,modern-daily-7283187,modern-daily-7283187-2014-07-15
1,4,Birds of Paradise,,Creatures,3,1,Melira Pod,LouB,242 tix,$ 823,240684,2014-07-15,Modern Daily #7283187,modern,modern-daily-7283187,modern-daily-7283187-2014-07-15
2,2,Noble Hierarch,,Creatures,3,1,Melira Pod,LouB,242 tix,$ 823,240684,2014-07-15,Modern Daily #7283187,modern,modern-daily-7283187,modern-daily-7283187-2014-07-15
3,1,Scavenging Ooze,,Creatures,3,1,Melira Pod,LouB,242 tix,$ 823,240684,2014-07-15,Modern Daily #7283187,modern,modern-daily-7283187,modern-daily-7283187-2014-07-15
4,1,Spellskite,,Creatures,3,1,Melira Pod,LouB,242 tix,$ 823,240684,2014-07-15,Modern Daily #7283187,modern,modern-daily-7283187,modern-daily-7283187-2014-07-15
5,3,Voice of Resurgence,,Creatures,3,1,Melira Pod,LouB,242 tix,$ 823,240684,2014-07-15,Modern Daily #7283187,modern,modern-daily-7283187,modern-daily-7283187-2014-07-15
6,1,Wall of Roots,,Creatures,3,1,Melira Pod,LouB,242 tix,$ 823,240684,2014-07-15,Modern Daily #7283187,modern,modern-daily-7283187,modern-daily-7283187-2014-07-15
7,1,Eternal Witness,,Creatures,3,1,Melira Pod,LouB,242 tix,$ 823,240684,2014-07-15,Modern Daily #7283187,modern,modern-daily-7283187,modern-daily-7283187-2014-07-15
8,1,Fiend Hunter,,Creatures,3,1,Melira Pod,LouB,242 tix,$ 823,240684,2014-07-15,Modern Daily #7283187,modern,modern-daily-7283187,modern-daily-7283187-2014-07-15
9,1,Harmonic Sliver,,Creatures,3,1,Melira Pod,LouB,242 tix,$ 823,240684,2014-07-15,Modern Daily #7283187,modern,modern-daily-7283187,modern-daily-7283187-2014-07-15
10,1,Kitchen Finks,,Creatures,3,1,Melira Pod,LouB,242 tix,$ 823,240684,2014-07-15,Modern Daily #7283187,modern,modern-daily-7283187,modern-daily-7283187-2014-07-15
11,1,Orzhov Pontiff,,Creatures,3,1,Melira Pod,LouB,242 tix,$ 823,240684,2014-07-15,Modern Daily #7283187,modern,modern-daily-7283187,modern-daily-7283187-2014-07-15
12,1,Sin Collector,,Creatures,3,1,Melira Pod,LouB,242 tix,$ 823,240684,2014-07-15,Modern Daily #7283187,modern,modern-daily-7283187,modern-daily-7283187-2014-07-15
13,1,Spike Feeder,,Creatures,3,1,Melira Pod,LouB,242 tix,$ 823,240684,2014-07-15,Modern Daily #7283187,modern,modern-daily-7283187,modern-daily-7283187-2014-07-15
14,1,"Linvala, Keeper of Silence",,Creatures,3,1,Melira Pod,LouB,242 tix,$ 823,240684,2014-07-15,Modern Daily #7283187,modern,modern-daily-7283187,modern-daily-7283187-2014-07-15
15,1,Murderous Redcap,,Creatures,3,1,Melira Pod,LouB,242 tix,$ 823,240684,2014-07-15,Modern Daily #7283187,modern,modern-daily-7283187,modern-daily-7283187-2014-07-15
16,2,Restoration Angel,,Creatures,3,1,Melira Pod,LouB,242 tix,$ 823,240684,2014-07-15,Modern Daily #7283187,modern,modern-daily-7283187,modern-daily-7283187-2014-07-15
17,1,Archangel of Thune,,Creatures,3,1,Melira Pod,LouB,242 tix,$ 823,240684,2014-07-15,Modern Daily #7283187,modern,modern-daily-7283187,modern-daily-7283187-2014-07-15
18,1,Reveillark,,Creatures,3,1,Melira Pod,LouB,242 tix,$ 823,240684,2014-07-15,Modern Daily #7283187,modern,modern-daily-7283187,modern-daily-7283187-2014-07-15
19,1,Shriekmaw,,Creatures,3,1,Melira Pod,LouB,242 tix,$ 823,240684,2014-07-15,Modern Daily #7283187,modern,modern-daily-7283187,modern-daily-7283187-2014-07-15
21,3,Thoughtseize,,Spells,3,1,Melira Pod,LouB,242 tix,$ 823,240684,2014-07-15,Modern Daily #7283187,modern,modern-daily-7283187,modern-daily-7283187-2014-07-15
22,2,Abrupt Decay,,Spells,3,1,Melira Pod,LouB,242 tix,$ 823,240684,2014-07-15,Modern Daily #7283187,modern,modern-daily-7283187,modern-daily-7283187-2014-07-15
23,2,Chord of Calling,,Spells,3,1,Melira Pod,LouB,242 tix,$ 823,240684,2014-07-15,Modern Daily #7283187,modern,modern-daily-7283187,modern-daily-7283187-2014-07-15
25,4,Birthing Pod,,Artifacts,3,1,Melira Pod,LouB,242 tix,$ 823,240684,2014-07-15,Modern Daily #7283187,modern,modern-daily-7283187,modern-daily-7283187-2014-07-15
27,2,Forest,,Lands,3,1,Melira Pod,LouB,242 tix,$ 823,240684,2014-07-15,Modern Daily #7283187,modern,modern-daily-7283187,modern-daily-7283187-2014-07-15
28,3,Gavony Township,,Lands,3,1,Melira Pod,LouB,242 tix,$ 823,240684,2014-07-15,Modern Daily #7283187,modern,modern-daily-7283187,modern-daily-7283187-2014-07-15
29,1,Godless Shrine,,Lands,3,1,Melira Pod,LouB,242 tix,$ 823,240684,2014-07-15,Modern Daily #7283187,modern,modern-daily-7283187,modern-daily-7283187-2014-07-15
30,2,Marsh Flats,,Lands,3,1,Melira Pod,LouB,242 tix,$ 823,240684,2014-07-15,Modern Daily #7283187,modern,modern-daily-7283187,modern-daily-7283187-2014-07-15
31,2,Misty Rainforest,,Lands,3,1,Melira Pod,LouB,242 tix,$ 823,240684,2014-07-15,Modern Daily #7283187,modern,modern-daily-7283187,modern-daily-7283187-2014-07-15
32,2,Overgrown Tomb,,Lands,3,1,Melira Pod,LouB,242 tix,$ 823,240684,2014-07-15,Modern Daily #7283187,modern,modern-daily-7283187,modern-daily-7283187-2014-07-15
33,1,Plains,,Lands,3,1,Melira Pod,LouB,242 tix,$ 823,240684,2014-07-15,Modern Daily #7283187,modern,modern-daily-7283187,modern-daily-7283187-2014-07-15
34,3,Razorverge Thicket,,Lands,3,1,Melira Pod,LouB,242 tix,$ 823,240684,2014-07-15,Modern Daily #7283187,modern,modern-daily-7283187,modern-daily-7283187-2014-07-15
35,1,Swamp,,Lands,3,1,Melira Pod,LouB,242 tix,$ 823,240684,2014-07-15,Modern Daily #7283187,modern,modern-daily-7283187,modern-daily-7283187-2014-07-15
36,1,Temple Garden,,Lands,3,1,Melira Pod,LouB,242 tix,$ 823,240684,2014-07-15,Modern Daily #7283187,modern,modern-daily-7283187,modern-daily-7283187-2014-07-15
37,4,Verdant Catacombs,,Lands,3,1,Melira Pod,LouB,242 tix,$ 823,240684,2014-07-15,Modern Daily #7283187,modern,modern-daily-7283187,modern-daily-7283187-2014-07-15
38,1,Woodland Cemetery,,Lands,3,1,Melira Pod,LouB,242 tix,$ 823,240684,2014-07-15,Modern Daily #7283187,modern,modern-daily-7283187,modern-daily-7283187-2014-07-15
40,1,Nature's Claim,,Sideboard,3,1,Melira Pod,LouB,242 tix,$ 823,240684,2014-07-15,Modern Daily #7283187,modern,modern-daily-7283187,modern-daily-7283187-2014-07-15
41,2,Path to Exile,,Sideboard,3,1,Melira Pod,LouB,242 tix,$ 823,240684,2014-07-15,Modern Daily #7283187,modern,modern-daily-7283187,modern-daily-7283187-2014-07-15
42,1,Abrupt Decay,,Sideboard,3,1,Melira Pod,LouB,242 tix,$ 823,240684,2014-07-15,Modern Daily #7283187,modern,modern-daily-7283187,modern-daily-7283187-2014-07-15
43,1,"Kataki, War's Wage",,Sideboard,3,1,Melira Pod,LouB,242 tix,$ 823,240684,2014-07-15,Modern Daily #7283187,modern,modern-daily-7283187,modern-daily-7283187-2014-07-15
44,1,Qasali Pridemage,,Sideboard,3,1,Melira Pod,LouB,242 tix,$ 823,240684,2014-07-15,Modern Daily #7283187,modern,modern-daily-7283187,modern-daily-7283187-2014-07-15
45,1,Aven Mindcensor,,Sideboard,3,1,Melira Pod,LouB,242 tix,$ 823,240684,2014-07-15,Modern Daily #7283187,modern,modern-daily-7283187,modern-daily-7283187-2014-07-15
46,1,Dismember,,Sideboard,3,1,Melira Pod,LouB,242 tix,$ 823,240684,2014-07-15,Modern Daily #7283187,modern,modern-daily-7283187,modern-daily-7283187-2014-07-15
47,1,Eidolon of Rhetoric,,Sideboard,3,1,Melira Pod,LouB,242 tix,$ 823,240684,2014-07-15,Modern Daily #7283187,modern,modern-daily-7283187,modern-daily-7283187-2014-07-15
48,1,Kitchen Finks,,Sideboard,3,1,Melira Pod,LouB,242 tix,$ 823,240684,2014-07-15,Modern Daily #7283187,modern,modern-daily-7283187,modern-daily-7283187-2014-07-15
49,1,Lingering Souls,,Sideboard,3,1,Melira Pod,LouB,242 tix,$ 823,240684,2014-07-15,Modern Daily #7283187,modern,modern-daily-7283187,modern-daily-7283187-2014-07-15
50,1,Sin Collector,,Sideboard,3,1,Melira Pod,LouB,242 tix,$ 823,240684,2014-07-15,Modern Daily #7283187,modern,modern-daily-7283187,modern-daily-7283187-2014-07-15
51,1,Entomber Exarch,,Sideboard,3,1,Melira Pod,LouB,242 tix,$ 823,240684,2014-07-15,Modern Daily #7283187,modern,modern-daily-7283187,modern-daily-7283187-2014-07-15
52,1,Obstinate Baloth,,Sideboard,3,1,Melira Pod,LouB,242 tix,$ 823,240684,2014-07-15,Modern Daily #7283187,modern,modern-daily-7283187,modern-daily-7283187-2014-07-15
53,1,"Sigarda, Host of Herons",,Sideboard,3,1,Melira Pod,LouB,242 tix,$ 823,240684,2014-07-15,Modern Daily #7283187,modern,modern-daily-7283187,modern-daily-7283187-2014-07-15
1,4,Birds of Paradise,,Creatures,3,1,Melira Pod,AKMiD,316 tix,$ 979,240689,2014-07-15,Modern Daily #7283187,modern,modern-daily-7283187,modern-daily-7283187-2014-07-15
2,4,Noble Hierarch,,Creatures,3,1,Melira Pod,AKMiD,316 tix,$ 979,240689,2014-07-15,Modern Daily #7283187,modern,modern-daily-7283187,modern-daily-7283187-2014-07-15
3,1,Qasali Pridemage,,Creatures,3,1,Melira Pod,AKMiD,316 tix,$ 979,240689,2014-07-15,Modern Daily #7283187,modern,modern-daily-7283187,modern-daily-7283187-2014-07-15
4,1,Scavenging Ooze,,Creatures,3,1,Melira Pod,AKMiD,316 tix,$ 979,240689,2014-07-15,Modern Daily #7283187,modern,modern-daily-7283187,modern-daily-7283187-2014-07-15
5,1,Spellskite,,Creatures,3,1,Melira Pod,AKMiD,316 tix,$ 979,240689,2014-07-15,Modern Daily #7283187,modern,modern-daily-7283187,modern-daily-7283187-2014-07-15
6,1,Sylvan Caryatid,,Creatures,3,1,Melira Pod,AKMiD,316 tix,$ 979,240689,2014-07-15,Modern Daily #7283187,modern,modern-daily-7283187,modern-daily-7283187-2014-07-15
7,1,Tarmogoyf,,Creatures,3,1,Melira Pod,AKMiD,316 tix,$ 979,240689,2014-07-15,Modern Daily #7283187,modern,modern-daily-7283187,modern-daily-7283187-2014-07-15
8,2,Voice of Resurgence,,Creatures,3,1,Melira Pod,AKMiD,316 tix,$ 979,240689,2014-07-15,Modern Daily #7283187,modern,modern-daily-7283187,modern-daily-7283187-2014-07-15
9,1,Courser of Kruphix,,Creatures,3,1,Melira Pod,AKMiD,316 tix,$ 979,240689,2014-07-15,Modern Daily #7283187,modern,modern-daily-7283187,modern-daily-7283187-2014-07-15
10,1,Eternal Witness,,Creatures,3,1,Melira Pod,AKMiD,316 tix,$ 979,240689,2014-07-15,Modern Daily #7283187,modern,modern-daily-7283187,modern-daily-7283187-2014-07-15
11,2,Kitchen Finks,,Creatures,3,1,Melira Pod,AKMiD,316 tix,$ 979,240689,2014-07-15,Modern Daily #7283187,modern,modern-daily-7283187,modern-daily-7283187-2014-07-15
12,1,Orzhov Pontiff,,Creatures,3,1,Melira Pod,AKMiD,316 tix,$ 979,240689,2014-07-15,Modern Daily #7283187,modern,modern-daily-7283187,modern-daily-7283187-2014-07-15
13,1,Sin Collector,,Creatures,3,1,Melira Pod,AKMiD,316 tix,$ 979,240689,2014-07-15,Modern Daily #7283187,modern,modern-daily-7283187,modern-daily-7283187-2014-07-15
14,1,Spike Feeder,,Creatures,3,1,Melira Pod,AKMiD,316 tix,$ 979,240689,2014-07-15,Modern Daily #7283187,modern,modern-daily-7283187,modern-daily-7283187-2014-07-15
15,1,Glen Elendra Archmage,,Creatures,3,1,Melira Pod,AKMiD,316 tix,$ 979,240689,2014-07-15,Modern Daily #7283187,modern,modern-daily-7283187,modern-daily-7283187-2014-07-15
16,1,"Linvala, Keeper of Silence",,Creatures,3,1,Melira Pod,AKMiD,316 tix,$ 979,240689,2014-07-15,Modern Daily #7283187,modern,modern-daily-7283187,modern-daily-7283187-2014-07-15
17,1,Murderous Redcap,,Creatures,3,1,Melira Pod,AKMiD,316 tix,$ 979,240689,2014-07-15,Modern Daily #7283187,modern,modern-daily-7283187,modern-daily-7283187-2014-07-15
18,1,Restoration Angel,,Creatures,3,1,Melira Pod,AKMiD,316 tix,$ 979,240689,2014-07-15,Modern Daily #7283187,modern,modern-daily-7283187,modern-daily-7283187-2014-07-15
19,1,Archangel of Thune,,Creatures,3,1,Melira Pod,AKMiD,316 tix,$ 979,240689,2014-07-15,Modern Daily #7283187,modern,modern-daily-7283187,modern-daily-7283187-2014-07-15
20,1,Reveillark,,Creatures,3,1,Melira Pod,AKMiD,316 tix,$ 979,240689,2014-07-15,Modern Daily #7283187,modern,modern-daily-7283187,modern-daily-7283187-2014-07-15
21,1,Shriekmaw,,Creatures,3,1,Melira Pod,AKMiD,316 tix,$ 979,240689,2014-07-15,Modern Daily #7283187,modern,modern-daily-7283187,modern-daily-7283187-2014-07-15
23,2,Thoughtseize,,Spells,3,1,Melira Pod,AKMiD,316 tix,$ 979,240689,2014-07-15,Modern Daily #7283187,modern,modern-daily-7283187,modern-daily-7283187-2014-07-15
24,2,Abrupt Decay,,Spells,3,1,Melira Pod,AKMiD,316 tix,$ 979,240689,2014-07-15,Modern Daily #7283187,modern,modern-daily-7283187,modern-daily-7283187-2014-07-15
26,4,Birthing Pod,,Artifacts,3,1,Melira Pod,AKMiD,316 tix,$ 979,240689,2014-07-15,Modern Daily #7283187,modern,modern-daily-7283187,modern-daily-7283187-2014-07-15
28,1,Breeding Pool,,Lands,3,1,Melira Pod,AKMiD,316 tix,$ 979,240689,2014-07-15,Modern Daily #7283187,modern,modern-daily-7283187,modern-daily-7283187-2014-07-15
29,2,Forest,,Lands,3,1,Melira Pod,AKMiD,316 tix,$ 979,240689,2014-07-15,Modern Daily #7283187,modern,modern-daily-7283187,modern-daily-7283187-2014-07-15
30,3,Gavony Township,,Lands,3,1,Melira Pod,AKMiD,316 tix,$ 979,240689,2014-07-15,Modern Daily #7283187,modern,modern-daily-7283187,modern-daily-7283187-2014-07-15
31,1,Godless Shrine,,Lands,3,1,Melira Pod,AKMiD,316 tix,$ 979,240689,2014-07-15,Modern Daily #7283187,modern,modern-daily-7283187,modern-daily-7283187-2014-07-15
32,4,Misty Rainforest,,Lands,3,1,Melira Pod,AKMiD,316 tix,$ 979,240689,2014-07-15,Modern Daily #7283187,modern,modern-daily-7283187,modern-daily-7283187-2014-07-15
33,2,Overgrown Tomb,,Lands,3,1,Melira Pod,AKMiD,316 tix,$ 979,240689,2014-07-15,Modern Daily #7283187,modern,modern-daily-7283187,modern-daily-7283187-2014-07-15
34,3,Razorverge Thicket,,Lands,3,1,Melira Pod,AKMiD,316 tix,$ 979,240689,2014-07-15,Modern Daily #7283187,modern,modern-daily-7283187,modern-daily-7283187-2014-07-15
35,1,Swamp,,Lands,3,1,Melira Pod,AKMiD,316 tix,$ 979,240689,2014-07-15,Modern Daily #7283187,modern,modern-daily-7283187,modern-daily-7283187-2014-07-15
36,1,Temple Garden,,Lands,3,1,Melira Pod,AKMiD,316 tix,$ 979,240689,2014-07-15,Modern Daily #7283187,modern,modern-daily-7283187,modern-daily-7283187-2014-07-15
37,4,Verdant Catacombs,,Lands,3,1,Melira Pod,AKMiD,316 tix,$ 979,240689,2014-07-15,Modern Daily #7283187,modern,modern-daily-7283187,modern-daily-7283187-2014-07-15
38,1,Woodland Cemetery,,Lands,3,1,Melira Pod,AKMiD,316 tix,$ 979,240689,2014-07-15,Modern Daily #7283187,modern,modern-daily-7283187,modern-daily-7283187-2014-07-15
40,1,Slaughter Pact,,Sideboard,3,1,Melira Pod,AKMiD,316 tix,$ 979,240689,2014-07-15,Modern Daily #7283187,modern,modern-daily-7283187,modern-daily-7283187-2014-07-15
41,2,Thoughtseize,,Sideboard,3,1,Melira Pod,AKMiD,316 tix,$ 979,240689,2014-07-15,Modern Daily #7283187,modern,modern-daily-7283187,modern-daily-7283187-2014-07-15
42,1,"Kataki, War's Wage",,Sideboard,3,1,Melira Pod,AKMiD,316 tix,$ 979,240689,2014-07-15,Modern Daily #7283187,modern,modern-daily-7283187,modern-daily-7283187-2014-07-15
43,1,Meddling Mage,,Sideboard,3,1,Melira Pod,AKMiD,316 tix,$ 979,240689,2014-07-15,Modern Daily #7283187,modern,modern-daily-7283187,modern-daily-7283187-2014-07-15
44,1,Aven Mindcensor,,Sideboard,3,1,Melira Pod,AKMiD,316 tix,$ 979,240689,2014-07-15,Modern Daily #7283187,modern,modern-daily-7283187,modern-daily-7283187-2014-07-15
45,2,Dismember,,Sideboard,3,1,Melira Pod,AKMiD,316 tix,$ 979,240689,2014-07-15,Modern Daily #7283187,modern,modern-daily-7283187,modern-daily-7283187-2014-07-15
46,1,Eidolon of Rhetoric,,Sideboard,3,1,Melira Pod,AKMiD,316 tix,$ 979,240689,2014-07-15,Modern Daily #7283187,modern,modern-daily-7283187,modern-daily-7283187-2014-07-15
47,1,Harmonic Sliver,,Sideboard,3,1,Melira Pod,AKMiD,316 tix,$ 979,240689,2014-07-15,Modern Daily #7283187,modern,modern-daily-7283187,modern-daily-7283187-2014-07-15
48,2,Creeping Corrosion,,Sideboard,3,1,Melira Pod,AKMiD,316 tix,$ 979,240689,2014-07-15,Modern Daily #7283187,modern,modern-daily-7283187,modern-daily-7283187-2014-07-15
49,1,Entomber Exarch,,Sideboard,3,1,Melira Pod,AKMiD,316 tix,$ 979,240689,2014-07-15,Modern Daily #7283187,modern,modern-daily-7283187,modern-daily-7283187-2014-07-15
50,1,"Thrun, the Last Troll",,Sideboard,3,1,Melira Pod,AKMiD,316 tix,$ 979,240689,2014-07-15,Modern Daily #7283187,modern,modern-daily-7283187,modern-daily-7283187-2014-07-15
51,1,"Sigarda, Host of Herons",,Sideboard,3,1,Melira Pod,AKMiD,316 tix,$ 979,240689,2014-07-15,Modern Daily #7283187,modern,modern-daily-7283187,modern-daily-7283187-2014-07-15
1,4,Birds of Paradise,,Creatures,3,1,Melira Pod,Sneaky homunkulus,262 tix,$ 839,240691,2014-07-15,Modern Daily #7283187,modern,modern-daily-7283187,modern-daily-7283187-2014-07-15
2,3,Noble Hierarch,,Creatures,3,1,Melira Pod,Sneaky homunkulus,262 tix,$ 839,240691,2014-07-15,Modern Daily #7283187,modern,modern-daily-7283187,modern-daily-7283187-2014-07-15
3,1,Viscera Seer,,Creatures,3,1,Melira Pod,Sneaky homunkulus,262 tix,$ 839,240691,2014-07-15,Modern Daily #7283187,modern,modern-daily-7283187,modern-daily-7283187-2014-07-15
4,1,"Melira, Sylvok Outcast",,Creatures,3,1,Melira Pod,Sneaky homunkulus,262 tix,$ 839,240691,2014-07-15,Modern Daily #7283187,modern,modern-daily-7283187,modern-daily-7283187-2014-07-15
5,1,Qasali Pridemage,,Creatures,3,1,Melira Pod,Sneaky homunkulus,262 tix,$ 839,240691,2014-07-15,Modern Daily #7283187,modern,modern-daily-7283187,modern-daily-7283187-2014-07-15
6,1,Scavenging Ooze,,Creatures,3,1,Melira Pod,Sneaky homunkulus,262 tix,$ 839,240691,2014-07-15,Modern Daily #7283187,modern,modern-daily-7283187,modern-daily-7283187-2014-07-15
7,1,Spellskite,,Creatures,3,1,Melira Pod,Sneaky homunkulus,262 tix,$ 839,240691,2014-07-15,Modern Daily #7283187,modern,modern-daily-7283187,modern-daily-7283187-2014-07-15
8,3,Voice of Resurgence,,Creatures,3,1,Melira Pod,Sneaky homunkulus,262 tix,$ 839,240691,2014-07-15,Modern Daily #7283187,modern,modern-daily-7283187,modern-daily-7283187-2014-07-15
9,1,Wall of Roots,,Creatures,3,1,Melira Pod,Sneaky homunkulus,262 tix,$ 839,240691,2014-07-15,Modern Daily #7283187,modern,modern-daily-7283187,modern-daily-7283187-2014-07-15
10,1,Eternal Witness,,Creatures,3,1,Melira Pod,Sneaky homunkulus,262 tix,$ 839,240691,2014-07-15,Modern Daily #7283187,modern,modern-daily-7283187,modern-daily-7283187-2014-07-15
11,4,Kitchen Finks,,Creatures,3,1,Melira Pod,Sneaky homunkulus,262 tix,$ 839,240691,2014-07-15,Modern Daily #7283187,modern,modern-daily-7283187,modern-daily-7283187-2014-07-15
12,1,Orzhov Pontiff,,Creatures,3,1,Melira Pod,Sneaky homunkulus,262 tix,$ 839,240691,2014-07-15,Modern Daily #7283187,modern,modern-daily-7283187,modern-daily-7283187-2014-07-15
13,1,Sin Collector,,Creatures,3,1,Melira Pod,Sneaky homunkulus,262 tix,$ 839,240691,2014-07-15,Modern Daily #7283187,modern,modern-daily-7283187,modern-daily-7283187-2014-07-15
14,1,"Linvala, Keeper of Silence",,Creatures,3,1,Melira Pod,Sneaky homunkulus,262 tix,$ 839,240691,2014-07-15,Modern Daily #7283187,modern,modern-daily-7283187,modern-daily-7283187-2014-07-15
15,1,Murderous Redcap,,Creatures,3,1,Melira Pod,Sneaky homunkulus,262 tix,$ 839,240691,2014-07-15,Modern Daily #7283187,modern,modern-daily-7283187,modern-daily-7283187-2014-07-15
16,1,Ranger of Eos,,Creatures,3,1,Melira Pod,Sneaky homunkulus,262 tix,$ 839,240691,2014-07-15,Modern Daily #7283187,modern,modern-daily-7283187,modern-daily-7283187-2014-07-15
17,1,Restoration Angel,,Creatures,3,1,Melira Pod,Sneaky homunkulus,262 tix,$ 839,240691,2014-07-15,Modern Daily #7283187,modern,modern-daily-7283187,modern-daily-7283187-2014-07-15
18,1,Reveillark,,Creatures,3,1,Melira Pod,Sneaky homunkulus,262 tix,$ 839,240691,2014-07-15,Modern Daily #7283187,modern,modern-daily-7283187,modern-daily-7283187-2014-07-15
19,1,Shriekmaw,,Creatures,3,1,Melira Pod,Sneaky homunkulus,262 tix,$ 839,240691,2014-07-15,Modern Daily #7283187,modern,modern-daily-7283187,modern-daily-7283187-2014-07-15
21,2,Abrupt Decay,,Spells,3,1,Melira Pod,Sneaky homunkulus,262 tix,$ 839,240691,2014-07-15,Modern Daily #7283187,modern,modern-daily-7283187,modern-daily-7283187-2014-07-15
22,2,Chord of Calling,,Spells,3,1,Melira Pod,Sneaky homunkulus,262 tix,$ 839,240691,2014-07-15,Modern Daily #7283187,modern,modern-daily-7283187,modern-daily-7283187-2014-07-15
24,4,Birthing Pod,,Artifacts,3,1,Melira Pod,Sneaky homunkulus,262 tix,$ 839,240691,2014-07-15,Modern Daily #7283187,modern,modern-daily-7283187,modern-daily-7283187-2014-07-15
26,2,Forest,,Lands,3,1,Melira Pod,Sneaky homunkulus,262 tix,$ 839,240691,2014-07-15,Modern Daily #7283187,modern,modern-daily-7283187,modern-daily-7283187-2014-07-15
27,3,Gavony Township,,Lands,3,1,Melira Pod,Sneaky homunkulus,262 tix,$ 839,240691,2014-07-15,Modern Daily #7283187,modern,modern-daily-7283187,modern-daily-7283187-2014-07-15
28,1,Godless Shrine,,Lands,3,1,Melira Pod,Sneaky homunkulus,262 tix,$ 839,240691,2014-07-15,Modern Daily #7283187,modern,modern-daily-7283187,modern-daily-7283187-2014-07-15
29,4,Marsh Flats,,Lands,3,1,Melira Pod,Sneaky homunkulus,262 tix,$ 839,240691,2014-07-15,Modern Daily #7283187,modern,modern-daily-7283187,modern-daily-7283187-2014-07-15
30,2,Overgrown Tomb,,Lands,3,1,Melira Pod,Sneaky homunkulus,262 tix,$ 839,240691,2014-07-15,Modern Daily #7283187,modern,modern-daily-7283187,modern-daily-7283187-2014-07-15
31,1,Plains,,Lands,3,1,Melira Pod,Sneaky homunkulus,262 tix,$ 839,240691,2014-07-15,Modern Daily #7283187,modern,modern-daily-7283187,modern-daily-7283187-2014-07-15
32,3,Razorverge Thicket,,Lands,3,1,Melira Pod,Sneaky homunkulus,262 tix,$ 839,240691,2014-07-15,Modern Daily #7283187,modern,modern-daily-7283187,modern-daily-7283187-2014-07-15
33,1,Swamp,,Lands,3,1,Melira Pod,Sneaky homunkulus,262 tix,$ 839,240691,2014-07-15,Modern Daily #7283187,modern,modern-daily-7283187,modern-daily-7283187-2014-07-15
34,2,Temple Garden,,Lands,3,1,Melira Pod,Sneaky homunkulus,262 tix,$ 839,240691,2014-07-15,Modern Daily #7283187,modern,modern-daily-7283187,modern-daily-7283187-2014-07-15
35,4,Verdant Catacombs,,Lands,3,1,Melira Pod,Sneaky homunkulus,262 tix,$ 839,240691,2014-07-15,Modern Daily #7283187,modern,modern-daily-7283187,modern-daily-7283187-2014-07-15
37,1,Slaughter Pact,,Sideboard,3,1,Melira Pod,Sneaky homunkulus,262 tix,$ 839,240691,2014-07-15,Modern Daily #7283187,modern,modern-daily-7283187,modern-daily-7283187-2014-07-15
38,1,Path to Exile,,Sideboard,3,1,Melira Pod,Sneaky homunkulus,262 tix,$ 839,240691,2014-07-15,Modern Daily #7283187,modern,modern-daily-7283187,modern-daily-7283187-2014-07-15
39,4,Thoughtseize,,Sideboard,3,1,Melira Pod,Sneaky homunkulus,262 tix,$ 839,240691,2014-07-15,Modern Daily #7283187,modern,modern-daily-7283187,modern-daily-7283187-2014-07-15
40,1,Abrupt Decay,,Sideboard,3,1,Melira Pod,Sneaky homunkulus,262 tix,$ 839,240691,2014-07-15,Modern Daily #7283187,modern,modern-daily-7283187,modern-daily-7283187-2014-07-15
41,1,"Kataki, War's Wage",,Sideboard,3,1,Melira Pod,Sneaky homunkulus,262 tix,$ 839,240691,2014-07-15,Modern Daily #7283187,modern,modern-daily-7283187,modern-daily-7283187-2014-07-15
42,1,Scavenging Ooze,,Sideboard,3,1,Melira Pod,Sneaky homunkulus,262 tix,$ 839,240691,2014-07-15,Modern Daily #7283187,modern,modern-daily-7283187,modern-daily-7283187-2014-07-15
43,1,Aven Mindcensor,,Sideboard,3,1,Melira Pod,Sneaky homunkulus,262 tix,$ 839,240691,2014-07-15,Modern Daily #7283187,modern,modern-daily-7283187,modern-daily-7283187-2014-07-15
44,1,Eidolon of Rhetoric,,Sideboard,3,1,Melira Pod,Sneaky homunkulus,262 tix,$ 839,240691,2014-07-15,Modern Daily #7283187,modern,modern-daily-7283187,modern-daily-7283187-2014-07-15
45,1,Harmonic Sliver,,Sideboard,3,1,Melira Pod,Sneaky homunkulus,262 tix,$ 839,240691,2014-07-15,Modern Daily #7283187,modern,modern-daily-7283187,modern-daily-7283187-2014-07-15
46,1,Entomber Exarch,,Sideboard,3,1,Melira Pod,Sneaky homunkulus,262 tix,$ 839,240691,2014-07-15,Modern Daily #7283187,modern,modern-daily-7283187,modern-daily-7283187-2014-07-15
47,1,Obstinate Baloth,,Sideboard,3,1,Melira Pod,Sneaky homunkulus,262 tix,$ 839,240691,2014-07-15,Modern Daily #7283187,modern,modern-daily-7283187,modern-daily-7283187-2014-07-15
48,1,"Thrun, the Last Troll",,Sideboard,3,1,Melira Pod,Sneaky homunkulus,262 tix,$ 839,240691,2014-07-15,Modern Daily #7283187,modern,modern-daily-7283187,modern-daily-7283187-2014-07-15
1,3,Treasure Mage,,Creatures,3,1,Mono U Tron,VonSlice,78 tix,$ 331,240673,2014-07-15,Modern Daily #7283187,modern,modern-daily-7283187,modern-daily-7283187-2014-07-15
2,3,Solemn Simulacrum,,Creatures,3,1,Mono U Tron,VonSlice,78 tix,$ 331,240673,2014-07-15,Modern Daily #7283187,modern,modern-daily-7283187,modern-daily-7283187-2014-07-15
3,2,Wurmcoil Engine,,Creatures,3,1,Mono U Tron,VonSlice,78 tix,$ 331,240673,2014-07-15,Modern Daily #7283187,modern,modern-daily-7283187,modern-daily-7283187-2014-07-15
4,1,Platinum Angel,,Creatures,3,1,Mono U Tron,VonSlice,78 tix,$ 331,240673,2014-07-15,Modern Daily #7283187,modern,modern-daily-7283187,modern-daily-7283187-2014-07-15
5,1,Sundering Titan,,Creatures,3,1,Mono U Tron,VonSlice,78 tix,$ 331,240673,2014-07-15,Modern Daily #7283187,modern,modern-daily-7283187,modern-daily-7283187-2014-07-15
7,4,Condescend,,Spells,3,1,Mono U Tron,VonSlice,78 tix,$ 331,240673,2014-07-15,Modern Daily #7283187,modern,modern-daily-7283187,modern-daily-7283187-2014-07-15
8,4,Repeal,,Spells,3,1,Mono U Tron,VonSlice,78 tix,$ 331,240673,2014-07-15,Modern Daily #7283187,modern,modern-daily-7283187,modern-daily-7283187-2014-07-15
9,1,Spell Burst,,Spells,3,1,Mono U Tron,VonSlice,78 tix,$ 331,240673,2014-07-15,Modern Daily #7283187,modern,modern-daily-7283187,modern-daily-7283187-2014-07-15
10,4,Remand,,Spells,3,1,Mono U Tron,VonSlice,78 tix,$ 331,240673,2014-07-15,Modern Daily #7283187,modern,modern-daily-7283187,modern-daily-7283187-2014-07-15
11,4,Thirst for Knowledge,,Spells,3,1,Mono U Tron,VonSlice,78 tix,$ 331,240673,2014-07-15,Modern Daily #7283187,modern,modern-daily-7283187,modern-daily-7283187-2014-07-15
13,4,Expedition Map,,Artifacts,3,1,Mono U Tron,VonSlice,78 tix,$ 331,240673,2014-07-15,Modern Daily #7283187,modern,modern-daily-7283187,modern-daily-7283187-2014-07-15
14,3,Talisman of Dominance,,Artifacts,3,1,Mono U Tron,VonSlice,78 tix,$ 331,240673,2014-07-15,Modern Daily #7283187,modern,modern-daily-7283187,modern-daily-7283187-2014-07-15
15,1,Oblivion Stone,,Artifacts,3,1,Mono U Tron,VonSlice,78 tix,$ 331,240673,2014-07-15,Modern Daily #7283187,modern,modern-daily-7283187,modern-daily-7283187-2014-07-15
16,2,Mindslaver,,Artifacts,3,1,Mono U Tron,VonSlice,78 tix,$ 331,240673,2014-07-15,Modern Daily #7283187,modern,modern-daily-7283187,modern-daily-7283187-2014-07-15
18,1,Academy Ruins,,Lands,3,1,Mono U Tron,VonSlice,78 tix,$ 331,240673,2014-07-15,Modern Daily #7283187,modern,modern-daily-7283187,modern-daily-7283187-2014-07-15
19,9,Island,,Lands,3,1,Mono U Tron,VonSlice,78 tix,$ 331,240673,2014-07-15,Modern Daily #7283187,modern,modern-daily-7283187,modern-daily-7283187-2014-07-15
20,1,Tectonic Edge,,Lands,3,1,Mono U Tron,VonSlice,78 tix,$ 331,240673,2014-07-15,Modern Daily #7283187,modern,modern-daily-7283187,modern-daily-7283187-2014-07-15
21,4,Urza's Mine,,Lands,3,1,Mono U Tron,VonSlice,78 tix,$ 331,240673,2014-07-15,Modern Daily #7283187,modern,modern-daily-7283187,modern-daily-7283187-2014-07-15
22,4,Urza's Power Plant,,Lands,3,1,Mono U Tron,VonSlice,78 tix,$ 331,240673,2014-07-15,Modern Daily #7283187,modern,modern-daily-7283187,modern-daily-7283187-2014-07-15
23,4,Urza's Tower,,Lands,3,1,Mono U Tron,VonSlice,78 tix,$ 331,240673,2014-07-15,Modern Daily #7283187,modern,modern-daily-7283187,modern-daily-7283187-2014-07-15
25,2,Spell Pierce,,Sideboard,3,1,Mono U Tron,VonSlice,78 tix,$ 331,240673,2014-07-15,Modern Daily #7283187,modern,modern-daily-7283187,modern-daily-7283187-2014-07-15
26,1,Negate,,Sideboard,3,1,Mono U Tron,VonSlice,78 tix,$ 331,240673,2014-07-15,Modern Daily #7283187,modern,modern-daily-7283187,modern-daily-7283187-2014-07-15
27,2,Snapcaster Mage,,Sideboard,3,1,Mono U Tron,VonSlice,78 tix,$ 331,240673,2014-07-15,Modern Daily #7283187,modern,modern-daily-7283187,modern-daily-7283187-2014-07-15
28,3,Squelch,,Sideboard,3,1,Mono U Tron,VonSlice,78 tix,$ 331,240673,2014-07-15,Modern Daily #7283187,modern,modern-daily-7283187,modern-daily-7283187-2014-07-15
29,2,Bottle Gnomes,,Sideboard,3,1,Mono U Tron,VonSlice,78 tix,$ 331,240673,2014-07-15,Modern Daily #7283187,modern,modern-daily-7283187,modern-daily-7283187-2014-07-15
30,3,Dismember,,Sideboard,3,1,Mono U Tron,VonSlice,78 tix,$ 331,240673,2014-07-15,Modern Daily #7283187,modern,modern-daily-7283187,modern-daily-7283187-2014-07-15
31,2,Aetherize,,Sideboard,3,1,Mono U Tron,VonSlice,78 tix,$ 331,240673,2014-07-15,Modern Daily #7283187,modern,modern-daily-7283187,modern-daily-7283187-2014-07-15
1,4,Goblin Guide,,Creatures,3,1,RDW,duelman482,153 tix,$ 531,240685,2014-07-15,Modern Daily #7283187,modern,modern-daily-7283187,modern-daily-7283187-2014-07-15
2,4,Vexing Devil,,Creatures,3,1,RDW,duelman482,153 tix,$ 531,240685,2014-07-15,Modern Daily #7283187,modern,modern-daily-7283187,modern-daily-7283187-2014-07-15
3,4,Eidolon of the Great Revel,,Creatures,3,1,RDW,duelman482,153 tix,$ 531,240685,2014-07-15,Modern Daily #7283187,modern,modern-daily-7283187,modern-daily-7283187-2014-07-15
4,4,Hellspark Elemental,,Creatures,3,1,RDW,duelman482,153 tix,$ 531,240685,2014-07-15,Modern Daily #7283187,modern,modern-daily-7283187,modern-daily-7283187-2014-07-15
6,4,Lava Spike,,Spells,3,1,RDW,duelman482,153 tix,$ 531,240685,2014-07-15,Modern Daily #7283187,modern,modern-daily-7283187,modern-daily-7283187-2014-07-15
7,4,Lightning Bolt,,Spells,3,1,RDW,duelman482,153 tix,$ 531,240685,2014-07-15,Modern Daily #7283187,modern,modern-daily-7283187,modern-daily-7283187-2014-07-15
8,1,Shard Volley,,Spells,3,1,RDW,duelman482,153 tix,$ 531,240685,2014-07-15,Modern Daily #7283187,modern,modern-daily-7283187,modern-daily-7283187-2014-07-15
9,1,Magma Jet,,Spells,3,1,RDW,duelman482,153 tix,$ 531,240685,2014-07-15,Modern Daily #7283187,modern,modern-daily-7283187,modern-daily-7283187-2014-07-15
10,3,Searing Blaze,,Spells,3,1,RDW,duelman482,153 tix,$ 531,240685,2014-07-15,Modern Daily #7283187,modern,modern-daily-7283187,modern-daily-7283187-2014-07-15
11,4,Skullcrack,,Spells,3,1,RDW,duelman482,153 tix,$ 531,240685,2014-07-15,Modern Daily #7283187,modern,modern-daily-7283187,modern-daily-7283187-2014-07-15
12,3,Flames of the Blood Hand,,Spells,3,1,RDW,duelman482,153 tix,$ 531,240685,2014-07-15,Modern Daily #7283187,modern,modern-daily-7283187,modern-daily-7283187-2014-07-15
13,4,Rift Bolt,,Spells,3,1,RDW,duelman482,153 tix,$ 531,240685,2014-07-15,Modern Daily #7283187,modern,modern-daily-7283187,modern-daily-7283187-2014-07-15
15,3,Arid Mesa,,Lands,3,1,RDW,duelman482,153 tix,$ 531,240685,2014-07-15,Modern Daily #7283187,modern,modern-daily-7283187,modern-daily-7283187-2014-07-15
16,12,Mountain,,Lands,3,1,RDW,duelman482,153 tix,$ 531,240685,2014-07-15,Modern Daily #7283187,modern,modern-daily-7283187,modern-daily-7283187-2014-07-15
17,1,Scalding Tarn,,Lands,3,1,RDW,duelman482,153 tix,$ 531,240685,2014-07-15,Modern Daily #7283187,modern,modern-daily-7283187,modern-daily-7283187-2014-07-15
18,4,Stomping Ground,,Lands,3,1,RDW,duelman482,153 tix,$ 531,240685,2014-07-15,Modern Daily #7283187,modern,modern-daily-7283187,modern-daily-7283187-2014-07-15
20,2,Relic of Progenitus,,Sideboard,3,1,RDW,duelman482,153 tix,$ 531,240685,2014-07-15,Modern Daily #7283187,modern,modern-daily-7283187,modern-daily-7283187-2014-07-15
21,2,Shattering Spree,,Sideboard,3,1,RDW,duelman482,153 tix,$ 531,240685,2014-07-15,Modern Daily #7283187,modern,modern-daily-7283187,modern-daily-7283187-2014-07-15
22,2,Combust,,Sideboard,3,1,RDW,duelman482,153 tix,$ 531,240685,2014-07-15,Modern Daily #7283187,modern,modern-daily-7283187,modern-daily-7283187-2014-07-15
23,4,Destructive Revelry,,Sideboard,3,1,RDW,duelman482,153 tix,$ 531,240685,2014-07-15,Modern Daily #7283187,modern,modern-daily-7283187,modern-daily-7283187-2014-07-15
24,1,Dragon's Claw,,Sideboard,3,1,RDW,duelman482,153 tix,$ 531,240685,2014-07-15,Modern Daily #7283187,modern,modern-daily-7283187,modern-daily-7283187-2014-07-15
25,2,Searing Blood,,Sideboard,3,1,RDW,duelman482,153 tix,$ 531,240685,2014-07-15,Modern Daily #7283187,modern,modern-daily-7283187,modern-daily-7283187-2014-07-15
26,2,Molten Rain,,Sideboard,3,1,RDW,duelman482,153 tix,$ 531,240685,2014-07-15,Modern Daily #7283187,modern,modern-daily-7283187,modern-daily-7283187-2014-07-15
1,2,Spellskite,,Creatures,3,1,RG Tron,killabeeze,258 tix,$ 901,240683,2014-07-15,Modern Daily #7283187,modern,modern-daily-7283187,modern-daily-7283187-2014-07-15
2,3,Wurmcoil Engine,,Creatures,3,1,RG Tron,killabeeze,258 tix,$ 901,240683,2014-07-15,Modern Daily #7283187,modern,modern-daily-7283187,modern-daily-7283187-2014-07-15
3,1,Sundering Titan,,Creatures,3,1,RG Tron,killabeeze,258 tix,$ 901,240683,2014-07-15,Modern Daily #7283187,modern,modern-daily-7283187,modern-daily-7283187-2014-07-15
4,1,"Emrakul, the Aeons Torn",,Creatures,3,1,RG Tron,killabeeze,258 tix,$ 901,240683,2014-07-15,Modern Daily #7283187,modern,modern-daily-7283187,modern-daily-7283187-2014-07-15
6,4,Karn Liberated,,Planeswalkers,3,1,RG Tron,killabeeze,258 tix,$ 901,240683,2014-07-15,Modern Daily #7283187,modern,modern-daily-7283187,modern-daily-7283187-2014-07-15
8,4,Ancient Stirrings,,Spells,3,1,RG Tron,killabeeze,258 tix,$ 901,240683,2014-07-15,Modern Daily #7283187,modern,modern-daily-7283187,modern-daily-7283187-2014-07-15
9,4,Sylvan Scrying,,Spells,3,1,RG Tron,killabeeze,258 tix,$ 901,240683,2014-07-15,Modern Daily #7283187,modern,modern-daily-7283187,modern-daily-7283187-2014-07-15
10,3,All Is Dust,,Spells,3,1,RG Tron,killabeeze,258 tix,$ 901,240683,2014-07-15,Modern Daily #7283187,modern,modern-daily-7283187,modern-daily-7283187-2014-07-15
12,4,Chromatic Sphere,,Artifacts,3,1,RG Tron,killabeeze,258 tix,$ 901,240683,2014-07-15,Modern Daily #7283187,modern,modern-daily-7283187,modern-daily-7283187-2014-07-15
13,4,Chromatic Star,,Artifacts,3,1,RG Tron,killabeeze,258 tix,$ 901,240683,2014-07-15,Modern Daily #7283187,modern,modern-daily-7283187,modern-daily-7283187-2014-07-15
14,4,Expedition Map,,Artifacts,3,1,RG Tron,killabeeze,258 tix,$ 901,240683,2014-07-15,Modern Daily #7283187,modern,modern-daily-7283187,modern-daily-7283187-2014-07-15
15,3,Relic of Progenitus,,Artifacts,3,1,RG Tron,killabeeze,258 tix,$ 901,240683,2014-07-15,Modern Daily #7283187,modern,modern-daily-7283187,modern-daily-7283187-2014-07-15
16,3,Oblivion Stone,,Artifacts,3,1,RG Tron,killabeeze,258 tix,$ 901,240683,2014-07-15,Modern Daily #7283187,modern,modern-daily-7283187,modern-daily-7283187-2014-07-15
18,1,Cavern of Souls,,Lands,3,1,RG Tron,killabeeze,258 tix,$ 901,240683,2014-07-15,Modern Daily #7283187,modern,modern-daily-7283187,modern-daily-7283187-2014-07-15
19,1,Eye of Ugin,,Lands,3,1,RG Tron,killabeeze,258 tix,$ 901,240683,2014-07-15,Modern Daily #7283187,modern,modern-daily-7283187,modern-daily-7283187-2014-07-15
20,3,Forest,,Lands,3,1,RG Tron,killabeeze,258 tix,$ 901,240683,2014-07-15,Modern Daily #7283187,modern,modern-daily-7283187,modern-daily-7283187-2014-07-15
21,2,Ghost Quarter,,Lands,3,1,RG Tron,killabeeze,258 tix,$ 901,240683,2014-07-15,Modern Daily #7283187,modern,modern-daily-7283187,modern-daily-7283187-2014-07-15
22,1,Grove of the Burnwillows,,Lands,3,1,RG Tron,killabeeze,258 tix,$ 901,240683,2014-07-15,Modern Daily #7283187,modern,modern-daily-7283187,modern-daily-7283187-2014-07-15
23,4,Urza's Mine,,Lands,3,1,RG Tron,killabeeze,258 tix,$ 901,240683,2014-07-15,Modern Daily #7283187,modern,modern-daily-7283187,modern-daily-7283187-2014-07-15
24,4,Urza's Power Plant,,Lands,3,1,RG Tron,killabeeze,258 tix,$ 901,240683,2014-07-15,Modern Daily #7283187,modern,modern-daily-7283187,modern-daily-7283187-2014-07-15
25,4,Urza's Tower,,Lands,3,1,RG Tron,killabeeze,258 tix,$ 901,240683,2014-07-15,Modern Daily #7283187,modern,modern-daily-7283187,modern-daily-7283187-2014-07-15
27,4,Nature's Claim,,Sideboard,3,1,RG Tron,killabeeze,258 tix,$ 901,240683,2014-07-15,Modern Daily #7283187,modern,modern-daily-7283187,modern-daily-7283187-2014-07-15
28,1,Vandalblast,,Sideboard,3,1,RG Tron,killabeeze,258 tix,$ 901,240683,2014-07-15,Modern Daily #7283187,modern,modern-daily-7283187,modern-daily-7283187-2014-07-15
29,3,Defense Grid,,Sideboard,3,1,RG Tron,killabeeze,258 tix,$ 901,240683,2014-07-15,Modern Daily #7283187,modern,modern-daily-7283187,modern-daily-7283187-2014-07-15
30,3,Torpor Orb,,Sideboard,3,1,RG Tron,killabeeze,258 tix,$ 901,240683,2014-07-15,Modern Daily #7283187,modern,modern-daily-7283187,modern-daily-7283187-2014-07-15
31,1,Crucible of Worlds,,Sideboard,3,1,RG Tron,killabeeze,258 tix,$ 901,240683,2014-07-15,Modern Daily #7283187,modern,modern-daily-7283187,modern-daily-7283187-2014-07-15
32,1,Oblivion Stone,,Sideboard,3,1,RG Tron,killabeeze,258 tix,$ 901,240683,2014-07-15,Modern Daily #7283187,modern,modern-daily-7283187,modern-daily-7283187-2014-07-15
33,1,Wurmcoil Engine,,Sideboard,3,1,RG Tron,killabeeze,258 tix,$ 901,240683,2014-07-15,Modern Daily #7283187,modern,modern-daily-7283187,modern-daily-7283187-2014-07-15
34,1,Sundering Titan,,Sideboard,3,1,RG Tron,killabeeze,258 tix,$ 901,240683,2014-07-15,Modern Daily #7283187,modern,modern-daily-7283187,modern-daily-7283187-2014-07-15
1,4,Sakura-Tribe Elder,,Creatures,3,1,Scapeshift,Derayler,268 tix,"$ 1,064",240675,2014-07-15,Modern Daily #7283187,modern,modern-daily-7283187,modern-daily-7283187-2014-07-15
2,2,Snapcaster Mage,,Creatures,3,1,Scapeshift,Derayler,268 tix,"$ 1,064",240675,2014-07-15,Modern Daily #7283187,modern,modern-daily-7283187,modern-daily-7283187-2014-07-15
4,1,Gigadrowse,,Spells,3,1,Scapeshift,Derayler,268 tix,"$ 1,064",240675,2014-07-15,Modern Daily #7283187,modern,modern-daily-7283187,modern-daily-7283187-2014-07-15
5,2,Lightning Bolt,,Spells,3,1,Scapeshift,Derayler,268 tix,"$ 1,064",240675,2014-07-15,Modern Daily #7283187,modern,modern-daily-7283187,modern-daily-7283187-2014-07-15
6,1,Repeal,,Spells,3,1,Scapeshift,Derayler,268 tix,"$ 1,064",240675,2014-07-15,Modern Daily #7283187,modern,modern-daily-7283187,modern-daily-7283187-2014-07-15
7,3,Farseek,,Spells,3,1,Scapeshift,Derayler,268 tix,"$ 1,064",240675,2014-07-15,Modern Daily #7283187,modern,modern-daily-7283187,modern-daily-7283187-2014-07-15
8,1,Izzet Charm,,Spells,3,1,Scapeshift,Derayler,268 tix,"$ 1,064",240675,2014-07-15,Modern Daily #7283187,modern,modern-daily-7283187,modern-daily-7283187-2014-07-15
9,3,Peer Through Depths,,Spells,3,1,Scapeshift,Derayler,268 tix,"$ 1,064",240675,2014-07-15,Modern Daily #7283187,modern,modern-daily-7283187,modern-daily-7283187-2014-07-15
10,4,Remand,,Spells,3,1,Scapeshift,Derayler,268 tix,"$ 1,064",240675,2014-07-15,Modern Daily #7283187,modern,modern-daily-7283187,modern-daily-7283187-2014-07-15
11,2,Electrolyze,,Spells,3,1,Scapeshift,Derayler,268 tix,"$ 1,064",240675,2014-07-15,Modern Daily #7283187,modern,modern-daily-7283187,modern-daily-7283187-2014-07-15
12,4,Search for Tomorrow,,Spells,3,1,Scapeshift,Derayler,268 tix,"$ 1,064",240675,2014-07-15,Modern Daily #7283187,modern,modern-daily-7283187,modern-daily-7283187-2014-07-15
13,4,Cryptic Command,,Spells,3,1,Scapeshift,Derayler,268 tix,"$ 1,064",240675,2014-07-15,Modern Daily #7283187,modern,modern-daily-7283187,modern-daily-7283187-2014-07-15
14,4,Scapeshift,,Spells,3,1,Scapeshift,Derayler,268 tix,"$ 1,064",240675,2014-07-15,Modern Daily #7283187,modern,modern-daily-7283187,modern-daily-7283187-2014-07-15
16,2,Breeding Pool,,Lands,3,1,Scapeshift,Derayler,268 tix,"$ 1,064",240675,2014-07-15,Modern Daily #7283187,modern,modern-daily-7283187,modern-daily-7283187-2014-07-15
17,2,Flooded Grove,,Lands,3,1,Scapeshift,Derayler,268 tix,"$ 1,064",240675,2014-07-15,Modern Daily #7283187,modern,modern-daily-7283187,modern-daily-7283187-2014-07-15
18,2,Forest,,Lands,3,1,Scapeshift,Derayler,268 tix,"$ 1,064",240675,2014-07-15,Modern Daily #7283187,modern,modern-daily-7283187,modern-daily-7283187-2014-07-15
19,3,Island,,Lands,3,1,Scapeshift,Derayler,268 tix,"$ 1,064",240675,2014-07-15,Modern Daily #7283187,modern,modern-daily-7283187,modern-daily-7283187-2014-07-15
20,4,Misty Rainforest,,Lands,3,1,Scapeshift,Derayler,268 tix,"$ 1,064",240675,2014-07-15,Modern Daily #7283187,modern,modern-daily-7283187,modern-daily-7283187-2014-07-15
21,2,Mountain,,Lands,3,1,Scapeshift,Derayler,268 tix,"$ 1,064",240675,2014-07-15,Modern Daily #7283187,modern,modern-daily-7283187,modern-daily-7283187-2014-07-15
22,4,Steam Vents,,Lands,3,1,Scapeshift,Derayler,268 tix,"$ 1,064",240675,2014-07-15,Modern Daily #7283187,modern,modern-daily-7283187,modern-daily-7283187-2014-07-15
23,4,Stomping Ground,,Lands,3,1,Scapeshift,Derayler,268 tix,"$ 1,064",240675,2014-07-15,Modern Daily #7283187,modern,modern-daily-7283187,modern-daily-7283187-2014-07-15
24,2,"Valakut, the Molten Pinnacle",,Lands,3,1,Scapeshift,Derayler,268 tix,"$ 1,064",240675,2014-07-15,Modern Daily #7283187,modern,modern-daily-7283187,modern-daily-7283187-2014-07-15
26,1,Engineered Explosives,,Sideboard,3,1,Scapeshift,Derayler,268 tix,"$ 1,064",240675,2014-07-15,Modern Daily #7283187,modern,modern-daily-7283187,modern-daily-7283187-2014-07-15
27,1,Gigadrowse,,Sideboard,3,1,Scapeshift,Derayler,268 tix,"$ 1,064",240675,2014-07-15,Modern Daily #7283187,modern,modern-daily-7283187,modern-daily-7283187-2014-07-15
28,2,Nature's Claim,,Sideboard,3,1,Scapeshift,Derayler,268 tix,"$ 1,064",240675,2014-07-15,Modern Daily #7283187,modern,modern-daily-7283187,modern-daily-7283187-2014-07-15
29,1,Swan Song,,Sideboard,3,1,Scapeshift,Derayler,268 tix,"$ 1,064",240675,2014-07-15,Modern Daily #7283187,modern,modern-daily-7283187,modern-daily-7283187-2014-07-15
30,1,Negate,,Sideboard,3,1,Scapeshift,Derayler,268 tix,"$ 1,064",240675,2014-07-15,Modern Daily #7283187,modern,modern-daily-7283187,modern-daily-7283187-2014-07-15
31,1,Counterflux,,Sideboard,3,1,Scapeshift,Derayler,268 tix,"$ 1,064",240675,2014-07-15,Modern Daily #7283187,modern,modern-daily-7283187,modern-daily-7283187-2014-07-15
32,3,Obstinate Baloth,,Sideboard,3,1,Scapeshift,Derayler,268 tix,"$ 1,064",240675,2014-07-15,Modern Daily #7283187,modern,modern-daily-7283187,modern-daily-7283187-2014-07-15
33,2,Shatterstorm,,Sideboard,3,1,Scapeshift,Derayler,268 tix,"$ 1,064",240675,2014-07-15,Modern Daily #7283187,modern,modern-daily-7283187,modern-daily-7283187-2014-07-15
34,1,Inferno Titan,,Sideboard,3,1,Scapeshift,Derayler,268 tix,"$ 1,064",240675,2014-07-15,Modern Daily #7283187,modern,modern-daily-7283187,modern-daily-7283187-2014-07-15
35,2,Wurmcoil Engine,,Sideboard,3,1,Scapeshift,Derayler,268 tix,"$ 1,064",240675,2014-07-15,Modern Daily #7283187,modern,modern-daily-7283187,modern-daily-7283187-2014-07-15
1,4,Sakura-Tribe Elder,,Creatures,3,1,Scapeshift,kodi-66,221 tix,$ 951,240693,2014-07-15,Modern Daily #7283187,modern,modern-daily-7283187,modern-daily-7283187-2014-07-15
2,2,Snapcaster Mage,,Creatures,3,1,Scapeshift,kodi-66,221 tix,$ 951,240693,2014-07-15,Modern Daily #7283187,modern,modern-daily-7283187,modern-daily-7283187-2014-07-15
4,3,Lightning Bolt,,Spells,3,1,Scapeshift,kodi-66,221 tix,$ 951,240693,2014-07-15,Modern Daily #7283187,modern,modern-daily-7283187,modern-daily-7283187-2014-07-15
5,2,Repeal,,Spells,3,1,Scapeshift,kodi-66,221 tix,$ 951,240693,2014-07-15,Modern Daily #7283187,modern,modern-daily-7283187,modern-daily-7283187-2014-07-15
6,2,Farseek,,Spells,3,1,Scapeshift,kodi-66,221 tix,$ 951,240693,2014-07-15,Modern Daily #7283187,modern,modern-daily-7283187,modern-daily-7283187-2014-07-15
7,2,Izzet Charm,,Spells,3,1,Scapeshift,kodi-66,221 tix,$ 951,240693,2014-07-15,Modern Daily #7283187,modern,modern-daily-7283187,modern-daily-7283187-2014-07-15
8,3,Peer Through Depths,,Spells,3,1,Scapeshift,kodi-66,221 tix,$ 951,240693,2014-07-15,Modern Daily #7283187,modern,modern-daily-7283187,modern-daily-7283187-2014-07-15
9,4,Remand,,Spells,3,1,Scapeshift,kodi-66,221 tix,$ 951,240693,2014-07-15,Modern Daily #7283187,modern,modern-daily-7283187,modern-daily-7283187-2014-07-15
10,2,Electrolyze,,Spells,3,1,Scapeshift,kodi-66,221 tix,$ 951,240693,2014-07-15,Modern Daily #7283187,modern,modern-daily-7283187,modern-daily-7283187-2014-07-15
11,4,Search for Tomorrow,,Spells,3,1,Scapeshift,kodi-66,221 tix,$ 951,240693,2014-07-15,Modern Daily #7283187,modern,modern-daily-7283187,modern-daily-7283187-2014-07-15
12,3,Cryptic Command,,Spells,3,1,Scapeshift,kodi-66,221 tix,$ 951,240693,2014-07-15,Modern Daily #7283187,modern,modern-daily-7283187,modern-daily-7283187-2014-07-15
13,4,Scapeshift,,Spells,3,1,Scapeshift,kodi-66,221 tix,$ 951,240693,2014-07-15,Modern Daily #7283187,modern,modern-daily-7283187,modern-daily-7283187-2014-07-15
15,1,Breeding Pool,,Lands,3,1,Scapeshift,kodi-66,221 tix,$ 951,240693,2014-07-15,Modern Daily #7283187,modern,modern-daily-7283187,modern-daily-7283187-2014-07-15
16,1,Cascade Bluffs,,Lands,3,1,Scapeshift,kodi-66,221 tix,$ 951,240693,2014-07-15,Modern Daily #7283187,modern,modern-daily-7283187,modern-daily-7283187-2014-07-15
17,1,Flooded Grove,,Lands,3,1,Scapeshift,kodi-66,221 tix,$ 951,240693,2014-07-15,Modern Daily #7283187,modern,modern-daily-7283187,modern-daily-7283187-2014-07-15
18,3,Forest,,Lands,3,1,Scapeshift,kodi-66,221 tix,$ 951,240693,2014-07-15,Modern Daily #7283187,modern,modern-daily-7283187,modern-daily-7283187-2014-07-15
19,1,Halimar Depths,,Lands,3,1,Scapeshift,kodi-66,221 tix,$ 951,240693,2014-07-15,Modern Daily #7283187,modern,modern-daily-7283187,modern-daily-7283187-2014-07-15
20,3,Island,,Lands,3,1,Scapeshift,kodi-66,221 tix,$ 951,240693,2014-07-15,Modern Daily #7283187,modern,modern-daily-7283187,modern-daily-7283187-2014-07-15
21,3,Misty Rainforest,,Lands,3,1,Scapeshift,kodi-66,221 tix,$ 951,240693,2014-07-15,Modern Daily #7283187,modern,modern-daily-7283187,modern-daily-7283187-2014-07-15
22,2,Mountain,,Lands,3,1,Scapeshift,kodi-66,221 tix,$ 951,240693,2014-07-15,Modern Daily #7283187,modern,modern-daily-7283187,modern-daily-7283187-2014-07-15
23,4,Steam Vents,,Lands,3,1,Scapeshift,kodi-66,221 tix,$ 951,240693,2014-07-15,Modern Daily #7283187,modern,modern-daily-7283187,modern-daily-7283187-2014-07-15
24,4,Stomping Ground,,Lands,3,1,Scapeshift,kodi-66,221 tix,$ 951,240693,2014-07-15,Modern Daily #7283187,modern,modern-daily-7283187,modern-daily-7283187-2014-07-15
25,2,"Valakut, the Molten Pinnacle",,Lands,3,1,Scapeshift,kodi-66,221 tix,$ 951,240693,2014-07-15,Modern Daily #7283187,modern,modern-daily-7283187,modern-daily-7283187-2014-07-15
27,1,Engineered Explosives,,Sideboard,3,1,Scapeshift,kodi-66,221 tix,$ 951,240693,2014-07-15,Modern Daily #7283187,modern,modern-daily-7283187,modern-daily-7283187-2014-07-15
28,2,Relic of Progenitus,,Sideboard,3,1,Scapeshift,kodi-66,221 tix,$ 951,240693,2014-07-15,Modern Daily #7283187,modern,modern-daily-7283187,modern-daily-7283187-2014-07-15
29,2,Swan Song,,Sideboard,3,1,Scapeshift,kodi-66,221 tix,$ 951,240693,2014-07-15,Modern Daily #7283187,modern,modern-daily-7283187,modern-daily-7283187-2014-07-15
30,2,Ancient Grudge,,Sideboard,3,1,Scapeshift,kodi-66,221 tix,$ 951,240693,2014-07-15,Modern Daily #7283187,modern,modern-daily-7283187,modern-daily-7283187-2014-07-15
31,1,Combust,,Sideboard,3,1,Scapeshift,kodi-66,221 tix,$ 951,240693,2014-07-15,Modern Daily #7283187,modern,modern-daily-7283187,modern-daily-7283187-2014-07-15
32,1,Spellskite,,Sideboard,3,1,Scapeshift,kodi-66,221 tix,$ 951,240693,2014-07-15,Modern Daily #7283187,modern,modern-daily-7283187,modern-daily-7283187-2014-07-15
33,2,Anger of the Gods,,Sideboard,3,1,Scapeshift,kodi-66,221 tix,$ 951,240693,2014-07-15,Modern Daily #7283187,modern,modern-daily-7283187,modern-daily-7283187-2014-07-15
34,1,Counterflux,,Sideboard,3,1,Scapeshift,kodi-66,221 tix,$ 951,240693,2014-07-15,Modern Daily #7283187,modern,modern-daily-7283187,modern-daily-7283187-2014-07-15
35,2,Obstinate Baloth,,Sideboard,3,1,Scapeshift,kodi-66,221 tix,$ 951,240693,2014-07-15,Modern Daily #7283187,modern,modern-daily-7283187,modern-daily-7283187-2014-07-15
36,1,Shatterstorm,,Sideboard,3,1,Scapeshift,kodi-66,221 tix,$ 951,240693,2014-07-15,Modern Daily #7283187,modern,modern-daily-7283187,modern-daily-7283187-2014-07-15
1,4,Sakura-Tribe Elder,,Creatures,3,1,Scapeshift,Princess_Jake,207 tix,$ 952,240696,2014-07-15,Modern Daily #7283187,modern,modern-daily-7283187,modern-daily-7283187-2014-07-15
2,4,Snapcaster Mage,,Creatures,3,1,Scapeshift,Princess_Jake,207 tix,$ 952,240696,2014-07-15,Modern Daily #7283187,modern,modern-daily-7283187,modern-daily-7283187-2014-07-15
4,4,Lightning Bolt,,Spells,3,1,Scapeshift,Princess_Jake,207 tix,$ 952,240696,2014-07-15,Modern Daily #7283187,modern,modern-daily-7283187,modern-daily-7283187-2014-07-15
5,4,Serum Visions,,Spells,3,1,Scapeshift,Princess_Jake,207 tix,$ 952,240696,2014-07-15,Modern Daily #7283187,modern,modern-daily-7283187,modern-daily-7283187-2014-07-15
6,1,Explore,,Spells,3,1,Scapeshift,Princess_Jake,207 tix,$ 952,240696,2014-07-15,Modern Daily #7283187,modern,modern-daily-7283187,modern-daily-7283187-2014-07-15
7,2,Peer Through Depths,,Spells,3,1,Scapeshift,Princess_Jake,207 tix,$ 952,240696,2014-07-15,Modern Daily #7283187,modern,modern-daily-7283187,modern-daily-7283187-2014-07-15
8,4,Remand,,Spells,3,1,Scapeshift,Princess_Jake,207 tix,$ 952,240696,2014-07-15,Modern Daily #7283187,modern,modern-daily-7283187,modern-daily-7283187-2014-07-15
9,4,Search for Tomorrow,,Spells,3,1,Scapeshift,Princess_Jake,207 tix,$ 952,240696,2014-07-15,Modern Daily #7283187,modern,modern-daily-7283187,modern-daily-7283187-2014-07-15
10,4,Cryptic Command,,Spells,3,1,Scapeshift,Princess_Jake,207 tix,$ 952,240696,2014-07-15,Modern Daily #7283187,modern,modern-daily-7283187,modern-daily-7283187-2014-07-15
11,4,Scapeshift,,Spells,3,1,Scapeshift,Princess_Jake,207 tix,$ 952,240696,2014-07-15,Modern Daily #7283187,modern,modern-daily-7283187,modern-daily-7283187-2014-07-15
13,1,Alchemist's Refuge,,Lands,3,1,Scapeshift,Princess_Jake,207 tix,$ 952,240696,2014-07-15,Modern Daily #7283187,modern,modern-daily-7283187,modern-daily-7283187-2014-07-15
14,4,Breeding Pool,,Lands,3,1,Scapeshift,Princess_Jake,207 tix,$ 952,240696,2014-07-15,Modern Daily #7283187,modern,modern-daily-7283187,modern-daily-7283187-2014-07-15
15,4,Forest,,Lands,3,1,Scapeshift,Princess_Jake,207 tix,$ 952,240696,2014-07-15,Modern Daily #7283187,modern,modern-daily-7283187,modern-daily-7283187-2014-07-15
16,4,Island,,Lands,3,1,Scapeshift,Princess_Jake,207 tix,$ 952,240696,2014-07-15,Modern Daily #7283187,modern,modern-daily-7283187,modern-daily-7283187-2014-07-15
17,2,Mountain,,Lands,3,1,Scapeshift,Princess_Jake,207 tix,$ 952,240696,2014-07-15,Modern Daily #7283187,modern,modern-daily-7283187,modern-daily-7283187-2014-07-15
18,4,Steam Vents,,Lands,3,1,Scapeshift,Princess_Jake,207 tix,$ 952,240696,2014-07-15,Modern Daily #7283187,modern,modern-daily-7283187,modern-daily-7283187-2014-07-15
19,4,Stomping Ground,,Lands,3,1,Scapeshift,Princess_Jake,207 tix,$ 952,240696,2014-07-15,Modern Daily #7283187,modern,modern-daily-7283187,modern-daily-7283187-2014-07-15
20,2,"Valakut, the Molten Pinnacle",,Lands,3,1,Scapeshift,Princess_Jake,207 tix,$ 952,240696,2014-07-15,Modern Daily #7283187,modern,modern-daily-7283187,modern-daily-7283187-2014-07-15
22,1,Dispel,,Sideboard,3,1,Scapeshift,Princess_Jake,207 tix,$ 952,240696,2014-07-15,Modern Daily #7283187,modern,modern-daily-7283187,modern-daily-7283187-2014-07-15
23,2,Ancient Grudge,,Sideboard,3,1,Scapeshift,Princess_Jake,207 tix,$ 952,240696,2014-07-15,Modern Daily #7283187,modern,modern-daily-7283187,modern-daily-7283187-2014-07-15
24,1,Back to Nature,,Sideboard,3,1,Scapeshift,Princess_Jake,207 tix,$ 952,240696,2014-07-15,Modern Daily #7283187,modern,modern-daily-7283187,modern-daily-7283187-2014-07-15
25,1,Echoing Truth,,Sideboard,3,1,Scapeshift,Princess_Jake,207 tix,$ 952,240696,2014-07-15,Modern Daily #7283187,modern,modern-daily-7283187,modern-daily-7283187-2014-07-15
26,1,Eyes of the Wisent,,Sideboard,3,1,Scapeshift,Princess_Jake,207 tix,$ 952,240696,2014-07-15,Modern Daily #7283187,modern,modern-daily-7283187,modern-daily-7283187-2014-07-15
27,1,Negate,,Sideboard,3,1,Scapeshift,Princess_Jake,207 tix,$ 952,240696,2014-07-15,Modern Daily #7283187,modern,modern-daily-7283187,modern-daily-7283187-2014-07-15
28,1,Spellskite,,Sideboard,3,1,Scapeshift,Princess_Jake,207 tix,$ 952,240696,2014-07-15,Modern Daily #7283187,modern,modern-daily-7283187,modern-daily-7283187-2014-07-15
29,2,Anger of the Gods,,Sideboard,3,1,Scapeshift,Princess_Jake,207 tix,$ 952,240696,2014-07-15,Modern Daily #7283187,modern,modern-daily-7283187,modern-daily-7283187-2014-07-15
30,1,Counterflux,,Sideboard,3,1,Scapeshift,Princess_Jake,207 tix,$ 952,240696,2014-07-15,Modern Daily #7283187,modern,modern-daily-7283187,modern-daily-7283187-2014-07-15
31,2,Obstinate Baloth,,Sideboard,3,1,Scapeshift,Princess_Jake,207 tix,$ 952,240696,2014-07-15,Modern Daily #7283187,modern,modern-daily-7283187,modern-daily-7283187-2014-07-15
32,1,Inferno Titan,,Sideboard,3,1,Scapeshift,Princess_Jake,207 tix,$ 952,240696,2014-07-15,Modern Daily #7283187,modern,modern-daily-7283187,modern-daily-7283187-2014-07-15
33,1,Wurmcoil Engine,,Sideboard,3,1,Scapeshift,Princess_Jake,207 tix,$ 952,240696,2014-07-15,Modern Daily #7283187,modern,modern-daily-7283187,modern-daily-7283187-2014-07-15
1,4,Snapcaster Mage,,Creatures,3,1,Splinter Twin,MayoDominaria,284 tix,"$ 1,079",240686,2014-07-15,Modern Daily #7283187,modern,modern-daily-7283187,modern-daily-7283187-2014-07-15
2,1,Spellskite,,Creatures,3,1,Splinter Twin,MayoDominaria,284 tix,"$ 1,079",240686,2014-07-15,Modern Daily #7283187,modern,modern-daily-7283187,modern-daily-7283187-2014-07-15
3,4,Deceiver Exarch,,Creatures,3,1,Splinter Twin,MayoDominaria,284 tix,"$ 1,079",240686,2014-07-15,Modern Daily #7283187,modern,modern-daily-7283187,modern-daily-7283187-2014-07-15
4,3,Pestermite,,Creatures,3,1,Splinter Twin,MayoDominaria,284 tix,"$ 1,079",240686,2014-07-15,Modern Daily #7283187,modern,modern-daily-7283187,modern-daily-7283187-2014-07-15
5,1,Vendilion Clique,,Creatures,3,1,Splinter Twin,MayoDominaria,284 tix,"$ 1,079",240686,2014-07-15,Modern Daily #7283187,modern,modern-daily-7283187,modern-daily-7283187-2014-07-15
6,1,"Kiki-Jiki, Mirror Breaker",,Creatures,3,1,Splinter Twin,MayoDominaria,284 tix,"$ 1,079",240686,2014-07-15,Modern Daily #7283187,modern,modern-daily-7283187,modern-daily-7283187-2014-07-15
8,1,Dispel,,Spells,3,1,Splinter Twin,MayoDominaria,284 tix,"$ 1,079",240686,2014-07-15,Modern Daily #7283187,modern,modern-daily-7283187,modern-daily-7283187-2014-07-15
9,4,Lightning Bolt,,Spells,3,1,Splinter Twin,MayoDominaria,284 tix,"$ 1,079",240686,2014-07-15,Modern Daily #7283187,modern,modern-daily-7283187,modern-daily-7283187-2014-07-15
10,1,Peek,,Spells,3,1,Splinter Twin,MayoDominaria,284 tix,"$ 1,079",240686,2014-07-15,Modern Daily #7283187,modern,modern-daily-7283187,modern-daily-7283187-2014-07-15
11,4,Serum Visions,,Spells,3,1,Splinter Twin,MayoDominaria,284 tix,"$ 1,079",240686,2014-07-15,Modern Daily #7283187,modern,modern-daily-7283187,modern-daily-7283187-2014-07-15
12,1,Spell Snare,,Spells,3,1,Splinter Twin,MayoDominaria,284 tix,"$ 1,079",240686,2014-07-15,Modern Daily #7283187,modern,modern-daily-7283187,modern-daily-7283187-2014-07-15
13,1,Izzet Charm,,Spells,3,1,Splinter Twin,MayoDominaria,284 tix,"$ 1,079",240686,2014-07-15,Modern Daily #7283187,modern,modern-daily-7283187,modern-daily-7283187-2014-07-15
14,3,Remand,,Spells,3,1,Splinter Twin,MayoDominaria,284 tix,"$ 1,079",240686,2014-07-15,Modern Daily #7283187,modern,modern-daily-7283187,modern-daily-7283187-2014-07-15
15,2,Electrolyze,,Spells,3,1,Splinter Twin,MayoDominaria,284 tix,"$ 1,079",240686,2014-07-15,Modern Daily #7283187,modern,modern-daily-7283187,modern-daily-7283187-2014-07-15
16,2,Cryptic Command,,Spells,3,1,Splinter Twin,MayoDominaria,284 tix,"$ 1,079",240686,2014-07-15,Modern Daily #7283187,modern,modern-daily-7283187,modern-daily-7283187-2014-07-15
18,4,Splinter Twin,,Enchantments,3,1,Splinter Twin,MayoDominaria,284 tix,"$ 1,079",240686,2014-07-15,Modern Daily #7283187,modern,modern-daily-7283187,modern-daily-7283187-2014-07-15
20,1,Desolate Lighthouse,,Lands,3,1,Splinter Twin,MayoDominaria,284 tix,"$ 1,079",240686,2014-07-15,Modern Daily #7283187,modern,modern-daily-7283187,modern-daily-7283187-2014-07-15
21,5,Island,,Lands,3,1,Splinter Twin,MayoDominaria,284 tix,"$ 1,079",240686,2014-07-15,Modern Daily #7283187,modern,modern-daily-7283187,modern-daily-7283187-2014-07-15
22,3,Misty Rainforest,,Lands,3,1,Splinter Twin,MayoDominaria,284 tix,"$ 1,079",240686,2014-07-15,Modern Daily #7283187,modern,modern-daily-7283187,modern-daily-7283187-2014-07-15
23,2,Mountain,,Lands,3,1,Splinter Twin,MayoDominaria,284 tix,"$ 1,079",240686,2014-07-15,Modern Daily #7283187,modern,modern-daily-7283187,modern-daily-7283187-2014-07-15
24,4,Scalding Tarn,,Lands,3,1,Splinter Twin,MayoDominaria,284 tix,"$ 1,079",240686,2014-07-15,Modern Daily #7283187,modern,modern-daily-7283187,modern-daily-7283187-2014-07-15
25,3,Steam Vents,,Lands,3,1,Splinter Twin,MayoDominaria,284 tix,"$ 1,079",240686,2014-07-15,Modern Daily #7283187,modern,modern-daily-7283187,modern-daily-7283187-2014-07-15
26,1,Stomping Ground,,Lands,3,1,Splinter Twin,MayoDominaria,284 tix,"$ 1,079",240686,2014-07-15,Modern Daily #7283187,modern,modern-daily-7283187,modern-daily-7283187-2014-07-15
27,3,Sulfur Falls,,Lands,3,1,Splinter Twin,MayoDominaria,284 tix,"$ 1,079",240686,2014-07-15,Modern Daily #7283187,modern,modern-daily-7283187,modern-daily-7283187-2014-07-15
28,1,Tectonic Edge,,Lands,3,1,Splinter Twin,MayoDominaria,284 tix,"$ 1,079",240686,2014-07-15,Modern Daily #7283187,modern,modern-daily-7283187,modern-daily-7283187-2014-07-15
30,1,Dispel,,Sideboard,3,1,Splinter Twin,MayoDominaria,284 tix,"$ 1,079",240686,2014-07-15,Modern Daily #7283187,modern,modern-daily-7283187,modern-daily-7283187-2014-07-15
31,2,Flame Slash,,Sideboard,3,1,Splinter Twin,MayoDominaria,284 tix,"$ 1,079",240686,2014-07-15,Modern Daily #7283187,modern,modern-daily-7283187,modern-daily-7283187-2014-07-15
32,2,Relic of Progenitus,,Sideboard,3,1,Splinter Twin,MayoDominaria,284 tix,"$ 1,079",240686,2014-07-15,Modern Daily #7283187,modern,modern-daily-7283187,modern-daily-7283187-2014-07-15
33,2,Ancient Grudge,,Sideboard,3,1,Splinter Twin,MayoDominaria,284 tix,"$ 1,079",240686,2014-07-15,Modern Daily #7283187,modern,modern-daily-7283187,modern-daily-7283187-2014-07-15
34,1,Spellskite,,Sideboard,3,1,Splinter Twin,MayoDominaria,284 tix,"$ 1,079",240686,2014-07-15,Modern Daily #7283187,modern,modern-daily-7283187,modern-daily-7283187-2014-07-15
35,2,Anger of the Gods,,Sideboard,3,1,Splinter Twin,MayoDominaria,284 tix,"$ 1,079",240686,2014-07-15,Modern Daily #7283187,modern,modern-daily-7283187,modern-daily-7283187-2014-07-15
36,2,Blood Moon,,Sideboard,3,1,Splinter Twin,MayoDominaria,284 tix,"$ 1,079",240686,2014-07-15,Modern Daily #7283187,modern,modern-daily-7283187,modern-daily-7283187-2014-07-15
37,1,Threads of Disloyalty,,Sideboard,3,1,Splinter Twin,MayoDominaria,284 tix,"$ 1,079",240686,2014-07-15,Modern Daily #7283187,modern,modern-daily-7283187,modern-daily-7283187-2014-07-15
38,1,Batterskull,,Sideboard,3,1,Splinter Twin,MayoDominaria,284 tix,"$ 1,079",240686,2014-07-15,Modern Daily #7283187,modern,modern-daily-7283187,modern-daily-7283187-2014-07-15
39,1,"Keranos, God of Storms",,Sideboard,3,1,Splinter Twin,MayoDominaria,284 tix,"$ 1,079",240686,2014-07-15,Modern Daily #7283187,modern,modern-daily-7283187,modern-daily-7283187-2014-07-15
1,3,Snapcaster Mage,,Creatures,3,1,Splinter Twin,ripinpeace,368 tix,"$ 1,191",240688,2014-07-15,Modern Daily #7283187,modern,modern-daily-7283187,modern-daily-7283187-2014-07-15
2,4,Deceiver Exarch,,Creatures,3,1,Splinter Twin,ripinpeace,368 tix,"$ 1,191",240688,2014-07-15,Modern Daily #7283187,modern,modern-daily-7283187,modern-daily-7283187-2014-07-15
3,2,Pestermite,,Creatures,3,1,Splinter Twin,ripinpeace,368 tix,"$ 1,191",240688,2014-07-15,Modern Daily #7283187,modern,modern-daily-7283187,modern-daily-7283187-2014-07-15
4,2,Vendilion Clique,,Creatures,3,1,Splinter Twin,ripinpeace,368 tix,"$ 1,191",240688,2014-07-15,Modern Daily #7283187,modern,modern-daily-7283187,modern-daily-7283187-2014-07-15
5,1,"Kiki-Jiki, Mirror Breaker",,Creatures,3,1,Splinter Twin,ripinpeace,368 tix,"$ 1,191",240688,2014-07-15,Modern Daily #7283187,modern,modern-daily-7283187,modern-daily-7283187-2014-07-15
7,2,Dispel,,Spells,3,1,Splinter Twin,ripinpeace,368 tix,"$ 1,191",240688,2014-07-15,Modern Daily #7283187,modern,modern-daily-7283187,modern-daily-7283187-2014-07-15
8,2,Flame Slash,,Spells,3,1,Splinter Twin,ripinpeace,368 tix,"$ 1,191",240688,2014-07-15,Modern Daily #7283187,modern,modern-daily-7283187,modern-daily-7283187-2014-07-15
9,1,Gitaxian Probe,,Spells,3,1,Splinter Twin,ripinpeace,368 tix,"$ 1,191",240688,2014-07-15,Modern Daily #7283187,modern,modern-daily-7283187,modern-daily-7283187-2014-07-15
10,4,Lightning Bolt,,Spells,3,1,Splinter Twin,ripinpeace,368 tix,"$ 1,191",240688,2014-07-15,Modern Daily #7283187,modern,modern-daily-7283187,modern-daily-7283187-2014-07-15
11,1,Peek,,Spells,3,1,Splinter Twin,ripinpeace,368 tix,"$ 1,191",240688,2014-07-15,Modern Daily #7283187,modern,modern-daily-7283187,modern-daily-7283187-2014-07-15
12,4,Serum Visions,,Spells,3,1,Splinter Twin,ripinpeace,368 tix,"$ 1,191",240688,2014-07-15,Modern Daily #7283187,modern,modern-daily-7283187,modern-daily-7283187-2014-07-15
13,4,Remand,,Spells,3,1,Splinter Twin,ripinpeace,368 tix,"$ 1,191",240688,2014-07-15,Modern Daily #7283187,modern,modern-daily-7283187,modern-daily-7283187-2014-07-15
14,1,Electrolyze,,Spells,3,1,Splinter Twin,ripinpeace,368 tix,"$ 1,191",240688,2014-07-15,Modern Daily #7283187,modern,modern-daily-7283187,modern-daily-7283187-2014-07-15
15,2,Cryptic Command,,Spells,3,1,Splinter Twin,ripinpeace,368 tix,"$ 1,191",240688,2014-07-15,Modern Daily #7283187,modern,modern-daily-7283187,modern-daily-7283187-2014-07-15
17,4,Splinter Twin,,Enchantments,3,1,Splinter Twin,ripinpeace,368 tix,"$ 1,191",240688,2014-07-15,Modern Daily #7283187,modern,modern-daily-7283187,modern-daily-7283187-2014-07-15
19,1,Desolate Lighthouse,,Lands,3,1,Splinter Twin,ripinpeace,368 tix,"$ 1,191",240688,2014-07-15,Modern Daily #7283187,modern,modern-daily-7283187,modern-daily-7283187-2014-07-15
20,5,Island,,Lands,3,1,Splinter Twin,ripinpeace,368 tix,"$ 1,191",240688,2014-07-15,Modern Daily #7283187,modern,modern-daily-7283187,modern-daily-7283187-2014-07-15
21,4,Misty Rainforest,,Lands,3,1,Splinter Twin,ripinpeace,368 tix,"$ 1,191",240688,2014-07-15,Modern Daily #7283187,modern,modern-daily-7283187,modern-daily-7283187-2014-07-15
22,1,Mountain,,Lands,3,1,Splinter Twin,ripinpeace,368 tix,"$ 1,191",240688,2014-07-15,Modern Daily #7283187,modern,modern-daily-7283187,modern-daily-7283187-2014-07-15
23,4,Scalding Tarn,,Lands,3,1,Splinter Twin,ripinpeace,368 tix,"$ 1,191",240688,2014-07-15,Modern Daily #7283187,modern,modern-daily-7283187,modern-daily-7283187-2014-07-15
24,3,Steam Vents,,Lands,3,1,Splinter Twin,ripinpeace,368 tix,"$ 1,191",240688,2014-07-15,Modern Daily #7283187,modern,modern-daily-7283187,modern-daily-7283187-2014-07-15
25,1,Stomping Ground,,Lands,3,1,Splinter Twin,ripinpeace,368 tix,"$ 1,191",240688,2014-07-15,Modern Daily #7283187,modern,modern-daily-7283187,modern-daily-7283187-2014-07-15
26,4,Sulfur Falls,,Lands,3,1,Splinter Twin,ripinpeace,368 tix,"$ 1,191",240688,2014-07-15,Modern Daily #7283187,modern,modern-daily-7283187,modern-daily-7283187-2014-07-15
28,1,Engineered Explosives,,Sideboard,3,1,Splinter Twin,ripinpeace,368 tix,"$ 1,191",240688,2014-07-15,Modern Daily #7283187,modern,modern-daily-7283187,modern-daily-7283187-2014-07-15
29,2,Relic of Progenitus,,Sideboard,3,1,Splinter Twin,ripinpeace,368 tix,"$ 1,191",240688,2014-07-15,Modern Daily #7283187,modern,modern-daily-7283187,modern-daily-7283187-2014-07-15
30,2,Ancient Grudge,,Sideboard,3,1,Splinter Twin,ripinpeace,368 tix,"$ 1,191",240688,2014-07-15,Modern Daily #7283187,modern,modern-daily-7283187,modern-daily-7283187-2014-07-15
31,1,Negate,,Sideboard,3,1,Splinter Twin,ripinpeace,368 tix,"$ 1,191",240688,2014-07-15,Modern Daily #7283187,modern,modern-daily-7283187,modern-daily-7283187-2014-07-15
32,2,Anger of the Gods,,Sideboard,3,1,Splinter Twin,ripinpeace,368 tix,"$ 1,191",240688,2014-07-15,Modern Daily #7283187,modern,modern-daily-7283187,modern-daily-7283187-2014-07-15
33,3,Blood Moon,,Sideboard,3,1,Splinter Twin,ripinpeace,368 tix,"$ 1,191",240688,2014-07-15,Modern Daily #7283187,modern,modern-daily-7283187,modern-daily-7283187-2014-07-15
34,1,Vendilion Clique,,Sideboard,3,1,Splinter Twin,ripinpeace,368 tix,"$ 1,191",240688,2014-07-15,Modern Daily #7283187,modern,modern-daily-7283187,modern-daily-7283187-2014-07-15
35,1,Batterskull,,Sideboard,3,1,Splinter Twin,ripinpeace,368 tix,"$ 1,191",240688,2014-07-15,Modern Daily #7283187,modern,modern-daily-7283187,modern-daily-7283187-2014-07-15
36,2,"Keranos, God of Storms",,Sideboard,3,1,Splinter Twin,ripinpeace,368 tix,"$ 1,191",240688,2014-07-15,Modern Daily #7283187,modern,modern-daily-7283187,modern-daily-7283187-2014-07-15
1,2,Grim Lavamancer,,Creatures,3,1,Splinter Twin,Gothunter,347 tix,"$ 1,228",240697,2014-07-15,Modern Daily #7283187,modern,modern-daily-7283187,modern-daily-7283187-2014-07-15
2,4,Snapcaster Mage,,Creatures,3,1,Splinter Twin,Gothunter,347 tix,"$ 1,228",240697,2014-07-15,Modern Daily #7283187,modern,modern-daily-7283187,modern-daily-7283187-2014-07-15
3,3,Deceiver Exarch,,Creatures,3,1,Splinter Twin,Gothunter,347 tix,"$ 1,228",240697,2014-07-15,Modern Daily #7283187,modern,modern-daily-7283187,modern-daily-7283187-2014-07-15
4,3,Pestermite,,Creatures,3,1,Splinter Twin,Gothunter,347 tix,"$ 1,228",240697,2014-07-15,Modern Daily #7283187,modern,modern-daily-7283187,modern-daily-7283187-2014-07-15
5,2,Vendilion Clique,,Creatures,3,1,Splinter Twin,Gothunter,347 tix,"$ 1,228",240697,2014-07-15,Modern Daily #7283187,modern,modern-daily-7283187,modern-daily-7283187-2014-07-15
7,1,Flame Slash,,Spells,3,1,Splinter Twin,Gothunter,347 tix,"$ 1,228",240697,2014-07-15,Modern Daily #7283187,modern,modern-daily-7283187,modern-daily-7283187-2014-07-15
8,4,Lightning Bolt,,Spells,3,1,Splinter Twin,Gothunter,347 tix,"$ 1,228",240697,2014-07-15,Modern Daily #7283187,modern,modern-daily-7283187,modern-daily-7283187-2014-07-15
9,2,Peek,,Spells,3,1,Splinter Twin,Gothunter,347 tix,"$ 1,228",240697,2014-07-15,Modern Daily #7283187,modern,modern-daily-7283187,modern-daily-7283187-2014-07-15
10,4,Serum Visions,,Spells,3,1,Splinter Twin,Gothunter,347 tix,"$ 1,228",240697,2014-07-15,Modern Daily #7283187,modern,modern-daily-7283187,modern-daily-7283187-2014-07-15
11,4,Remand,,Spells,3,1,Splinter Twin,Gothunter,347 tix,"$ 1,228",240697,2014-07-15,Modern Daily #7283187,modern,modern-daily-7283187,modern-daily-7283187-2014-07-15
12,1,Electrolyze,,Spells,3,1,Splinter Twin,Gothunter,347 tix,"$ 1,228",240697,2014-07-15,Modern Daily #7283187,modern,modern-daily-7283187,modern-daily-7283187-2014-07-15
13,2,Cryptic Command,,Spells,3,1,Splinter Twin,Gothunter,347 tix,"$ 1,228",240697,2014-07-15,Modern Daily #7283187,modern,modern-daily-7283187,modern-daily-7283187-2014-07-15
15,2,Spreading Seas,,Enchantments,3,1,Splinter Twin,Gothunter,347 tix,"$ 1,228",240697,2014-07-15,Modern Daily #7283187,modern,modern-daily-7283187,modern-daily-7283187-2014-07-15
16,4,Splinter Twin,,Enchantments,3,1,Splinter Twin,Gothunter,347 tix,"$ 1,228",240697,2014-07-15,Modern Daily #7283187,modern,modern-daily-7283187,modern-daily-7283187-2014-07-15
18,1,Desolate Lighthouse,,Lands,3,1,Splinter Twin,Gothunter,347 tix,"$ 1,228",240697,2014-07-15,Modern Daily #7283187,modern,modern-daily-7283187,modern-daily-7283187-2014-07-15
19,4,Island,,Lands,3,1,Splinter Twin,Gothunter,347 tix,"$ 1,228",240697,2014-07-15,Modern Daily #7283187,modern,modern-daily-7283187,modern-daily-7283187-2014-07-15
20,4,Misty Rainforest,,Lands,3,1,Splinter Twin,Gothunter,347 tix,"$ 1,228",240697,2014-07-15,Modern Daily #7283187,modern,modern-daily-7283187,modern-daily-7283187-2014-07-15
21,1,Mountain,,Lands,3,1,Splinter Twin,Gothunter,347 tix,"$ 1,228",240697,2014-07-15,Modern Daily #7283187,modern,modern-daily-7283187,modern-daily-7283187-2014-07-15
22,4,Scalding Tarn,,Lands,3,1,Splinter Twin,Gothunter,347 tix,"$ 1,228",240697,2014-07-15,Modern Daily #7283187,modern,modern-daily-7283187,modern-daily-7283187-2014-07-15
23,3,Steam Vents,,Lands,3,1,Splinter Twin,Gothunter,347 tix,"$ 1,228",240697,2014-07-15,Modern Daily #7283187,modern,modern-daily-7283187,modern-daily-7283187-2014-07-15
24,1,Stomping Ground,,Lands,3,1,Splinter Twin,Gothunter,347 tix,"$ 1,228",240697,2014-07-15,Modern Daily #7283187,modern,modern-daily-7283187,modern-daily-7283187-2014-07-15
25,2,Sulfur Falls,,Lands,3,1,Splinter Twin,Gothunter,347 tix,"$ 1,228",240697,2014-07-15,Modern Daily #7283187,modern,modern-daily-7283187,modern-daily-7283187-2014-07-15
26,2,Tectonic Edge,,Lands,3,1,Splinter Twin,Gothunter,347 tix,"$ 1,228",240697,2014-07-15,Modern Daily #7283187,modern,modern-daily-7283187,modern-daily-7283187-2014-07-15
28,1,Engineered Explosives,,Sideboard,3,1,Splinter Twin,Gothunter,347 tix,"$ 1,228",240697,2014-07-15,Modern Daily #7283187,modern,modern-daily-7283187,modern-daily-7283187-2014-07-15
29,2,Dispel,,Sideboard,3,1,Splinter Twin,Gothunter,347 tix,"$ 1,228",240697,2014-07-15,Modern Daily #7283187,modern,modern-daily-7283187,modern-daily-7283187-2014-07-15
30,2,Relic of Progenitus,,Sideboard,3,1,Splinter Twin,Gothunter,347 tix,"$ 1,228",240697,2014-07-15,Modern Daily #7283187,modern,modern-daily-7283187,modern-daily-7283187-2014-07-15
31,2,Ancient Grudge,,Sideboard,3,1,Splinter Twin,Gothunter,347 tix,"$ 1,228",240697,2014-07-15,Modern Daily #7283187,modern,modern-daily-7283187,modern-daily-7283187-2014-07-15
32,1,Spellskite,,Sideboard,3,1,Splinter Twin,Gothunter,347 tix,"$ 1,228",240697,2014-07-15,Modern Daily #7283187,modern,modern-daily-7283187,modern-daily-7283187-2014-07-15
33,1,Spreading Seas,,Sideboard,3,1,Splinter Twin,Gothunter,347 tix,"$ 1,228",240697,2014-07-15,Modern Daily #7283187,modern,modern-daily-7283187,modern-daily-7283187-2014-07-15
34,2,Anger of the Gods,,Sideboard,3,1,Splinter Twin,Gothunter,347 tix,"$ 1,228",240697,2014-07-15,Modern Daily #7283187,modern,modern-daily-7283187,modern-daily-7283187-2014-07-15
35,2,Blood Moon,,Sideboard,3,1,Splinter Twin,Gothunter,347 tix,"$ 1,228",240697,2014-07-15,Modern Daily #7283187,modern,modern-daily-7283187,modern-daily-7283187-2014-07-15
36,1,Batterskull,,Sideboard,3,1,Splinter Twin,Gothunter,347 tix,"$ 1,228",240697,2014-07-15,Modern Daily #7283187,modern,modern-daily-7283187,modern-daily-7283187-2014-07-15
37,1,"Keranos, God of Storms",,Sideboard,3,1,Splinter Twin,Gothunter,347 tix,"$ 1,228",240697,2014-07-15,Modern Daily #7283187,modern,modern-daily-7283187,modern-daily-7283187-2014-07-15
1,4,Delver of Secrets,,Creatures,3,1,UR Delver,GMKiller,269 tix,"$ 1,086",240687,2014-07-15,Modern Daily #7283187,modern,modern-daily-7283187,modern-daily-7283187-2014-07-15
2,4,Snapcaster Mage,,Creatures,3,1,UR Delver,GMKiller,269 tix,"$ 1,086",240687,2014-07-15,Modern Daily #7283187,modern,modern-daily-7283187,modern-daily-7283187-2014-07-15
3,4,Young Pyromancer,,Creatures,3,1,UR Delver,GMKiller,269 tix,"$ 1,086",240687,2014-07-15,Modern Daily #7283187,modern,modern-daily-7283187,modern-daily-7283187-2014-07-15
4,2,Vendilion Clique,,Creatures,3,1,UR Delver,GMKiller,269 tix,"$ 1,086",240687,2014-07-15,Modern Daily #7283187,modern,modern-daily-7283187,modern-daily-7283187-2014-07-15
6,4,Gitaxian Probe,,Spells,3,1,UR Delver,GMKiller,269 tix,"$ 1,086",240687,2014-07-15,Modern Daily #7283187,modern,modern-daily-7283187,modern-daily-7283187-2014-07-15
7,4,Lightning Bolt,,Spells,3,1,UR Delver,GMKiller,269 tix,"$ 1,086",240687,2014-07-15,Modern Daily #7283187,modern,modern-daily-7283187,modern-daily-7283187-2014-07-15
8,1,Pillar of Flame,,Spells,3,1,UR Delver,GMKiller,269 tix,"$ 1,086",240687,2014-07-15,Modern Daily #7283187,modern,modern-daily-7283187,modern-daily-7283187-2014-07-15
9,4,Serum Visions,,Spells,3,1,UR Delver,GMKiller,269 tix,"$ 1,086",240687,2014-07-15,Modern Daily #7283187,modern,modern-daily-7283187,modern-daily-7283187-2014-07-15
10,1,Spell Pierce,,Spells,3,1,UR Delver,GMKiller,269 tix,"$ 1,086",240687,2014-07-15,Modern Daily #7283187,modern,modern-daily-7283187,modern-daily-7283187-2014-07-15
11,2,Spell Snare,,Spells,3,1,UR Delver,GMKiller,269 tix,"$ 1,086",240687,2014-07-15,Modern Daily #7283187,modern,modern-daily-7283187,modern-daily-7283187-2014-07-15
12,2,Vapor Snag,,Spells,3,1,UR Delver,GMKiller,269 tix,"$ 1,086",240687,2014-07-15,Modern Daily #7283187,modern,modern-daily-7283187,modern-daily-7283187-2014-07-15
13,4,Mana Leak,,Spells,3,1,UR Delver,GMKiller,269 tix,"$ 1,086",240687,2014-07-15,Modern Daily #7283187,modern,modern-daily-7283187,modern-daily-7283187-2014-07-15
14,2,Remand,,Spells,3,1,UR Delver,GMKiller,269 tix,"$ 1,086",240687,2014-07-15,Modern Daily #7283187,modern,modern-daily-7283187,modern-daily-7283187-2014-07-15
15,2,Electrolyze,,Spells,3,1,UR Delver,GMKiller,269 tix,"$ 1,086",240687,2014-07-15,Modern Daily #7283187,modern,modern-daily-7283187,modern-daily-7283187-2014-07-15
17,1,Sword of Fire and Ice,,Artifacts,3,1,UR Delver,GMKiller,269 tix,"$ 1,086",240687,2014-07-15,Modern Daily #7283187,modern,modern-daily-7283187,modern-daily-7283187-2014-07-15
19,1,Desolate Lighthouse,,Lands,3,1,UR Delver,GMKiller,269 tix,"$ 1,086",240687,2014-07-15,Modern Daily #7283187,modern,modern-daily-7283187,modern-daily-7283187-2014-07-15
20,5,Island,,Lands,3,1,UR Delver,GMKiller,269 tix,"$ 1,086",240687,2014-07-15,Modern Daily #7283187,modern,modern-daily-7283187,modern-daily-7283187-2014-07-15
21,4,Misty Rainforest,,Lands,3,1,UR Delver,GMKiller,269 tix,"$ 1,086",240687,2014-07-15,Modern Daily #7283187,modern,modern-daily-7283187,modern-daily-7283187-2014-07-15
22,2,Mountain,,Lands,3,1,UR Delver,GMKiller,269 tix,"$ 1,086",240687,2014-07-15,Modern Daily #7283187,modern,modern-daily-7283187,modern-daily-7283187-2014-07-15
23,4,Scalding Tarn,,Lands,3,1,UR Delver,GMKiller,269 tix,"$ 1,086",240687,2014-07-15,Modern Daily #7283187,modern,modern-daily-7283187,modern-daily-7283187-2014-07-15
24,3,Steam Vents,,Lands,3,1,UR Delver,GMKiller,269 tix,"$ 1,086",240687,2014-07-15,Modern Daily #7283187,modern,modern-daily-7283187,modern-daily-7283187-2014-07-15
26,1,Dispel,,Sideboard,3,1,UR Delver,GMKiller,269 tix,"$ 1,086",240687,2014-07-15,Modern Daily #7283187,modern,modern-daily-7283187,modern-daily-7283187-2014-07-15
27,2,Relic of Progenitus,,Sideboard,3,1,UR Delver,GMKiller,269 tix,"$ 1,086",240687,2014-07-15,Modern Daily #7283187,modern,modern-daily-7283187,modern-daily-7283187-2014-07-15
28,2,Shattering Spree,,Sideboard,3,1,UR Delver,GMKiller,269 tix,"$ 1,086",240687,2014-07-15,Modern Daily #7283187,modern,modern-daily-7283187,modern-daily-7283187-2014-07-15
29,2,Combust,,Sideboard,3,1,UR Delver,GMKiller,269 tix,"$ 1,086",240687,2014-07-15,Modern Daily #7283187,modern,modern-daily-7283187,modern-daily-7283187-2014-07-15
30,1,Spellskite,,Sideboard,3,1,UR Delver,GMKiller,269 tix,"$ 1,086",240687,2014-07-15,Modern Daily #7283187,modern,modern-daily-7283187,modern-daily-7283187-2014-07-15
31,2,Blood Moon,,Sideboard,3,1,UR Delver,GMKiller,269 tix,"$ 1,086",240687,2014-07-15,Modern Daily #7283187,modern,modern-daily-7283187,modern-daily-7283187-2014-07-15
32,2,Counterflux,,Sideboard,3,1,UR Delver,GMKiller,269 tix,"$ 1,086",240687,2014-07-15,Modern Daily #7283187,modern,modern-daily-7283187,modern-daily-7283187-2014-07-15
33,2,Threads of Disloyalty,,Sideboard,3,1,UR Delver,GMKiller,269 tix,"$ 1,086",240687,2014-07-15,Modern Daily #7283187,modern,modern-daily-7283187,modern-daily-7283187-2014-07-15
34,1,Shatterstorm,,Sideboard,3,1,UR Delver,GMKiller,269 tix,"$ 1,086",240687,2014-07-15,Modern Daily #7283187,modern,modern-daily-7283187,modern-daily-7283187-2014-07-15
1,4,Snapcaster Mage,,Creatures,3,1,UWR Control,WillyBlake,373 tix,"$ 1,392",240674,2014-07-15,Modern Daily #7283187,modern,modern-daily-7283187,modern-daily-7283187-2014-07-15
2,2,Vendilion Clique,,Creatures,3,1,UWR Control,WillyBlake,373 tix,"$ 1,392",240674,2014-07-15,Modern Daily #7283187,modern,modern-daily-7283187,modern-daily-7283187-2014-07-15
3,4,Restoration Angel,,Creatures,3,1,UWR Control,WillyBlake,373 tix,"$ 1,392",240674,2014-07-15,Modern Daily #7283187,modern,modern-daily-7283187,modern-daily-7283187-2014-07-15
5,4,Lightning Bolt,,Spells,3,1,UWR Control,WillyBlake,373 tix,"$ 1,392",240674,2014-07-15,Modern Daily #7283187,modern,modern-daily-7283187,modern-daily-7283187-2014-07-15
6,3,Path to Exile,,Spells,3,1,UWR Control,WillyBlake,373 tix,"$ 1,392",240674,2014-07-15,Modern Daily #7283187,modern,modern-daily-7283187,modern-daily-7283187-2014-07-15
7,2,Spell Snare,,Spells,3,1,UWR Control,WillyBlake,373 tix,"$ 1,392",240674,2014-07-15,Modern Daily #7283187,modern,modern-daily-7283187,modern-daily-7283187-2014-07-15
8,3,Lightning Helix,,Spells,3,1,UWR Control,WillyBlake,373 tix,"$ 1,392",240674,2014-07-15,Modern Daily #7283187,modern,modern-daily-7283187,modern-daily-7283187-2014-07-15
9,3,Mana Leak,,Spells,3,1,UWR Control,WillyBlake,373 tix,"$ 1,392",240674,2014-07-15,Modern Daily #7283187,modern,modern-daily-7283187,modern-daily-7283187-2014-07-15
10,1,Remand,,Spells,3,1,UWR Control,WillyBlake,373 tix,"$ 1,392",240674,2014-07-15,Modern Daily #7283187,modern,modern-daily-7283187,modern-daily-7283187-2014-07-15
11,1,Shadow of Doubt,,Spells,3,1,UWR Control,WillyBlake,373 tix,"$ 1,392",240674,2014-07-15,Modern Daily #7283187,modern,modern-daily-7283187,modern-daily-7283187-2014-07-15
12,1,Anger of the Gods,,Spells,3,1,UWR Control,WillyBlake,373 tix,"$ 1,392",240674,2014-07-15,Modern Daily #7283187,modern,modern-daily-7283187,modern-daily-7283187-2014-07-15
13,2,Electrolyze,,Spells,3,1,UWR Control,WillyBlake,373 tix,"$ 1,392",240674,2014-07-15,Modern Daily #7283187,modern,modern-daily-7283187,modern-daily-7283187-2014-07-15
14,1,Sphinx's Revelation,,Spells,3,1,UWR Control,WillyBlake,373 tix,"$ 1,392",240674,2014-07-15,Modern Daily #7283187,modern,modern-daily-7283187,modern-daily-7283187-2014-07-15
15,3,Cryptic Command,,Spells,3,1,UWR Control,WillyBlake,373 tix,"$ 1,392",240674,2014-07-15,Modern Daily #7283187,modern,modern-daily-7283187,modern-daily-7283187-2014-07-15
17,4,Arid Mesa,,Lands,3,1,UWR Control,WillyBlake,373 tix,"$ 1,392",240674,2014-07-15,Modern Daily #7283187,modern,modern-daily-7283187,modern-daily-7283187-2014-07-15
18,4,Celestial Colonnade,,Lands,3,1,UWR Control,WillyBlake,373 tix,"$ 1,392",240674,2014-07-15,Modern Daily #7283187,modern,modern-daily-7283187,modern-daily-7283187-2014-07-15
19,2,Hallowed Fountain,,Lands,3,1,UWR Control,WillyBlake,373 tix,"$ 1,392",240674,2014-07-15,Modern Daily #7283187,modern,modern-daily-7283187,modern-daily-7283187-2014-07-15
20,3,Island,,Lands,3,1,UWR Control,WillyBlake,373 tix,"$ 1,392",240674,2014-07-15,Modern Daily #7283187,modern,modern-daily-7283187,modern-daily-7283187-2014-07-15
21,1,Mountain,,Lands,3,1,UWR Control,WillyBlake,373 tix,"$ 1,392",240674,2014-07-15,Modern Daily #7283187,modern,modern-daily-7283187,modern-daily-7283187-2014-07-15
22,1,Plains,,Lands,3,1,UWR Control,WillyBlake,373 tix,"$ 1,392",240674,2014-07-15,Modern Daily #7283187,modern,modern-daily-7283187,modern-daily-7283187-2014-07-15
23,1,Sacred Foundry,,Lands,3,1,UWR Control,WillyBlake,373 tix,"$ 1,392",240674,2014-07-15,Modern Daily #7283187,modern,modern-daily-7283187,modern-daily-7283187-2014-07-15
24,4,Scalding Tarn,,Lands,3,1,UWR Control,WillyBlake,373 tix,"$ 1,392",240674,2014-07-15,Modern Daily #7283187,modern,modern-daily-7283187,modern-daily-7283187-2014-07-15
25,2,Steam Vents,,Lands,3,1,UWR Control,WillyBlake,373 tix,"$ 1,392",240674,2014-07-15,Modern Daily #7283187,modern,modern-daily-7283187,modern-daily-7283187-2014-07-15
26,1,Sulfur Falls,,Lands,3,1,UWR Control,WillyBlake,373 tix,"$ 1,392",240674,2014-07-15,Modern Daily #7283187,modern,modern-daily-7283187,modern-daily-7283187-2014-07-15
27,3,Tectonic Edge,,Lands,3,1,UWR Control,WillyBlake,373 tix,"$ 1,392",240674,2014-07-15,Modern Daily #7283187,modern,modern-daily-7283187,modern-daily-7283187-2014-07-15
29,1,Engineered Explosives,,Sideboard,3,1,UWR Control,WillyBlake,373 tix,"$ 1,392",240674,2014-07-15,Modern Daily #7283187,modern,modern-daily-7283187,modern-daily-7283187-2014-07-15
30,1,Wear & Tear,,Sideboard,3,1,UWR Control,WillyBlake,373 tix,"$ 1,392",240674,2014-07-15,Modern Daily #7283187,modern,modern-daily-7283187,modern-daily-7283187-2014-07-15
31,2,Celestial Purge,,Sideboard,3,1,UWR Control,WillyBlake,373 tix,"$ 1,392",240674,2014-07-15,Modern Daily #7283187,modern,modern-daily-7283187,modern-daily-7283187-2014-07-15
32,2,Negate,,Sideboard,3,1,UWR Control,WillyBlake,373 tix,"$ 1,392",240674,2014-07-15,Modern Daily #7283187,modern,modern-daily-7283187,modern-daily-7283187-2014-07-15
33,2,Spellskite,,Sideboard,3,1,UWR Control,WillyBlake,373 tix,"$ 1,392",240674,2014-07-15,Modern Daily #7283187,modern,modern-daily-7283187,modern-daily-7283187-2014-07-15
34,2,Stony Silence,,Sideboard,3,1,UWR Control,WillyBlake,373 tix,"$ 1,392",240674,2014-07-15,Modern Daily #7283187,modern,modern-daily-7283187,modern-daily-7283187-2014-07-15
35,1,Anger of the Gods,,Sideboard,3,1,UWR Control,WillyBlake,373 tix,"$ 1,392",240674,2014-07-15,Modern Daily #7283187,modern,modern-daily-7283187,modern-daily-7283187-2014-07-15
36,1,Aven Mindcensor,,Sideboard,3,1,UWR Control,WillyBlake,373 tix,"$ 1,392",240674,2014-07-15,Modern Daily #7283187,modern,modern-daily-7283187,modern-daily-7283187-2014-07-15
37,1,Counterflux,,Sideboard,3,1,UWR Control,WillyBlake,373 tix,"$ 1,392",240674,2014-07-15,Modern Daily #7283187,modern,modern-daily-7283187,modern-daily-7283187-2014-07-15
38,1,Wrath of God,,Sideboard,3,1,UWR Control,WillyBlake,373 tix,"$ 1,392",240674,2014-07-15,Modern Daily #7283187,modern,modern-daily-7283187,modern-daily-7283187-2014-07-15
39,1,"Teferi, Mage of Zhalfir",,Sideboard,3,1,UWR Control,WillyBlake,373 tix,"$ 1,392",240674,2014-07-15,Modern Daily #7283187,modern,modern-daily-7283187,modern-daily-7283187-2014-07-15
1,4,Delver of Secrets,,Creatures,3,1,UWR Delver,Lyvz,280 tix,"$ 1,134",240690,2014-07-15,Modern Daily #7283187,modern,modern-daily-7283187,modern-daily-7283187-2014-07-15
2,4,Snapcaster Mage,,Creatures,3,1,UWR Delver,Lyvz,280 tix,"$ 1,134",240690,2014-07-15,Modern Daily #7283187,modern,modern-daily-7283187,modern-daily-7283187-2014-07-15
3,4,Spellstutter Sprite,,Creatures,3,1,UWR Delver,Lyvz,280 tix,"$ 1,134",240690,2014-07-15,Modern Daily #7283187,modern,modern-daily-7283187,modern-daily-7283187-2014-07-15
4,2,Aven Mindcensor,,Creatures,3,1,UWR Delver,Lyvz,280 tix,"$ 1,134",240690,2014-07-15,Modern Daily #7283187,modern,modern-daily-7283187,modern-daily-7283187-2014-07-15
5,2,Vendilion Clique,,Creatures,3,1,UWR Delver,Lyvz,280 tix,"$ 1,134",240690,2014-07-15,Modern Daily #7283187,modern,modern-daily-7283187,modern-daily-7283187-2014-07-15
6,1,"Keranos, God of Storms",,Creatures,3,1,UWR Delver,Lyvz,280 tix,"$ 1,134",240690,2014-07-15,Modern Daily #7283187,modern,modern-daily-7283187,modern-daily-7283187-2014-07-15
8,4,Lightning Bolt,,Spells,3,1,UWR Delver,Lyvz,280 tix,"$ 1,134",240690,2014-07-15,Modern Daily #7283187,modern,modern-daily-7283187,modern-daily-7283187-2014-07-15
9,4,Path to Exile,,Spells,3,1,UWR Delver,Lyvz,280 tix,"$ 1,134",240690,2014-07-15,Modern Daily #7283187,modern,modern-daily-7283187,modern-daily-7283187-2014-07-15
10,2,Spell Snare,,Spells,3,1,UWR Delver,Lyvz,280 tix,"$ 1,134",240690,2014-07-15,Modern Daily #7283187,modern,modern-daily-7283187,modern-daily-7283187-2014-07-15
11,4,Lightning Helix,,Spells,3,1,UWR Delver,Lyvz,280 tix,"$ 1,134",240690,2014-07-15,Modern Daily #7283187,modern,modern-daily-7283187,modern-daily-7283187-2014-07-15
12,1,Think Twice,,Spells,3,1,UWR Delver,Lyvz,280 tix,"$ 1,134",240690,2014-07-15,Modern Daily #7283187,modern,modern-daily-7283187,modern-daily-7283187-2014-07-15
13,1,Electrolyze,,Spells,3,1,UWR Delver,Lyvz,280 tix,"$ 1,134",240690,2014-07-15,Modern Daily #7283187,modern,modern-daily-7283187,modern-daily-7283187-2014-07-15
14,3,Cryptic Command,,Spells,3,1,UWR Delver,Lyvz,280 tix,"$ 1,134",240690,2014-07-15,Modern Daily #7283187,modern,modern-daily-7283187,modern-daily-7283187-2014-07-15
16,2,Celestial Colonnade,,Lands,3,1,UWR Delver,Lyvz,280 tix,"$ 1,134",240690,2014-07-15,Modern Daily #7283187,modern,modern-daily-7283187,modern-daily-7283187-2014-07-15
17,1,Faerie Conclave,,Lands,3,1,UWR Delver,Lyvz,280 tix,"$ 1,134",240690,2014-07-15,Modern Daily #7283187,modern,modern-daily-7283187,modern-daily-7283187-2014-07-15
18,3,Hallowed Fountain,,Lands,3,1,UWR Delver,Lyvz,280 tix,"$ 1,134",240690,2014-07-15,Modern Daily #7283187,modern,modern-daily-7283187,modern-daily-7283187-2014-07-15
19,5,Island,,Lands,3,1,UWR Delver,Lyvz,280 tix,"$ 1,134",240690,2014-07-15,Modern Daily #7283187,modern,modern-daily-7283187,modern-daily-7283187-2014-07-15
20,1,Misty Rainforest,,Lands,3,1,UWR Delver,Lyvz,280 tix,"$ 1,134",240690,2014-07-15,Modern Daily #7283187,modern,modern-daily-7283187,modern-daily-7283187-2014-07-15
21,1,Mountain,,Lands,3,1,UWR Delver,Lyvz,280 tix,"$ 1,134",240690,2014-07-15,Modern Daily #7283187,modern,modern-daily-7283187,modern-daily-7283187-2014-07-15
22,4,Mutavault,,Lands,3,1,UWR Delver,Lyvz,280 tix,"$ 1,134",240690,2014-07-15,Modern Daily #7283187,modern,modern-daily-7283187,modern-daily-7283187-2014-07-15
23,4,Scalding Tarn,,Lands,3,1,UWR Delver,Lyvz,280 tix,"$ 1,134",240690,2014-07-15,Modern Daily #7283187,modern,modern-daily-7283187,modern-daily-7283187-2014-07-15
24,2,Steam Vents,,Lands,3,1,UWR Delver,Lyvz,280 tix,"$ 1,134",240690,2014-07-15,Modern Daily #7283187,modern,modern-daily-7283187,modern-daily-7283187-2014-07-15
25,1,Sulfur Falls,,Lands,3,1,UWR Delver,Lyvz,280 tix,"$ 1,134",240690,2014-07-15,Modern Daily #7283187,modern,modern-daily-7283187,modern-daily-7283187-2014-07-15
27,1,Wear & Tear,,Sideboard,3,1,UWR Delver,Lyvz,280 tix,"$ 1,134",240690,2014-07-15,Modern Daily #7283187,modern,modern-daily-7283187,modern-daily-7283187-2014-07-15
28,2,Magma Spray,,Sideboard,3,1,UWR Delver,Lyvz,280 tix,"$ 1,134",240690,2014-07-15,Modern Daily #7283187,modern,modern-daily-7283187,modern-daily-7283187-2014-07-15
29,3,Negate,,Sideboard,3,1,UWR Delver,Lyvz,280 tix,"$ 1,134",240690,2014-07-15,Modern Daily #7283187,modern,modern-daily-7283187,modern-daily-7283187-2014-07-15
30,2,Spellskite,,Sideboard,3,1,UWR Delver,Lyvz,280 tix,"$ 1,134",240690,2014-07-15,Modern Daily #7283187,modern,modern-daily-7283187,modern-daily-7283187-2014-07-15
31,2,Stony Silence,,Sideboard,3,1,UWR Delver,Lyvz,280 tix,"$ 1,134",240690,2014-07-15,Modern Daily #7283187,modern,modern-daily-7283187,modern-daily-7283187-2014-07-15
32,1,Aven Mindcensor,,Sideboard,3,1,UWR Delver,Lyvz,280 tix,"$ 1,134",240690,2014-07-15,Modern Daily #7283187,modern,modern-daily-7283187,modern-daily-7283187-2014-07-15
33,1,Dismember,,Sideboard,3,1,UWR Delver,Lyvz,280 tix,"$ 1,134",240690,2014-07-15,Modern Daily #7283187,modern,modern-daily-7283187,modern-daily-7283187-2014-07-15
34,2,Stone Rain,,Sideboard,3,1,UWR Delver,Lyvz,280 tix,"$ 1,134",240690,2014-07-15,Modern Daily #7283187,modern,modern-daily-7283187,modern-daily-7283187-2014-07-15
35,1,Sowing Salt,,Sideboard,3,1,UWR Delver,Lyvz,280 tix,"$ 1,134",240690,2014-07-15,Modern Daily #7283187,modern,modern-daily-7283187,modern-daily-7283187-2014-07-15
1,4,Memnite,,Creatures,5,0,Affinity,Ggb,378 tix,$ 917,240538,2014-07-14,Modern Premier #7283118,modern,modern-premier-7283118,modern-premier-7283118-2014-07-14
2,4,Ornithopter,,Creatures,5,0,Affinity,Ggb,378 tix,$ 917,240538,2014-07-14,Modern Premier #7283118,modern,modern-premier-7283118,modern-premier-7283118-2014-07-14
3,4,Signal Pest,,Creatures,5,0,Affinity,Ggb,378 tix,$ 917,240538,2014-07-14,Modern Premier #7283118,modern,modern-premier-7283118,modern-premier-7283118-2014-07-14
4,4,Arcbound Ravager,,Creatures,5,0,Affinity,Ggb,378 tix,$ 917,240538,2014-07-14,Modern Premier #7283118,modern,modern-premier-7283118,modern-premier-7283118-2014-07-14
5,4,Steel Overseer,,Creatures,5,0,Affinity,Ggb,378 tix,$ 917,240538,2014-07-14,Modern Premier #7283118,modern,modern-premier-7283118,modern-premier-7283118-2014-07-14
6,4,Vault Skirge,,Creatures,5,0,Affinity,Ggb,378 tix,$ 917,240538,2014-07-14,Modern Premier #7283118,modern,modern-premier-7283118,modern-premier-7283118-2014-07-14
7,3,Master of Etherium,,Creatures,5,0,Affinity,Ggb,378 tix,$ 917,240538,2014-07-14,Modern Premier #7283118,modern,modern-premier-7283118,modern-premier-7283118-2014-07-14
9,1,Apostle's Blessing,,Spells,5,0,Affinity,Ggb,378 tix,$ 917,240538,2014-07-14,Modern Premier #7283118,modern,modern-premier-7283118,modern-premier-7283118-2014-07-14
10,3,Thoughtcast,,Spells,5,0,Affinity,Ggb,378 tix,$ 917,240538,2014-07-14,Modern Premier #7283118,modern,modern-premier-7283118,modern-premier-7283118-2014-07-14
12,4,Mox Opal,,Artifacts,5,0,Affinity,Ggb,378 tix,$ 917,240538,2014-07-14,Modern Premier #7283118,modern,modern-premier-7283118,modern-premier-7283118-2014-07-14
13,1,Welding Jar,,Artifacts,5,0,Affinity,Ggb,378 tix,$ 917,240538,2014-07-14,Modern Premier #7283118,modern,modern-premier-7283118,modern-premier-7283118-2014-07-14
14,4,Springleaf Drum,,Artifacts,5,0,Affinity,Ggb,378 tix,$ 917,240538,2014-07-14,Modern Premier #7283118,modern,modern-premier-7283118,modern-premier-7283118-2014-07-14
15,4,Cranial Plating,,Artifacts,5,0,Affinity,Ggb,378 tix,$ 917,240538,2014-07-14,Modern Premier #7283118,modern,modern-premier-7283118,modern-premier-7283118-2014-07-14
17,4,Blinkmoth Nexus,,Lands,5,0,Affinity,Ggb,378 tix,$ 917,240538,2014-07-14,Modern Premier #7283118,modern,modern-premier-7283118,modern-premier-7283118-2014-07-14
18,4,Darksteel Citadel,,Lands,5,0,Affinity,Ggb,378 tix,$ 917,240538,2014-07-14,Modern Premier #7283118,modern,modern-premier-7283118,modern-premier-7283118-2014-07-14
19,3,Glimmervoid,,Lands,5,0,Affinity,Ggb,378 tix,$ 917,240538,2014-07-14,Modern Premier #7283118,modern,modern-premier-7283118,modern-premier-7283118-2014-07-14
20,4,Inkmoth Nexus,,Lands,5,0,Affinity,Ggb,378 tix,$ 917,240538,2014-07-14,Modern Premier #7283118,modern,modern-premier-7283118,modern-premier-7283118-2014-07-14
21,1,Island,,Lands,5,0,Affinity,Ggb,378 tix,$ 917,240538,2014-07-14,Modern Premier #7283118,modern,modern-premier-7283118,modern-premier-7283118-2014-07-14
23,1,Galvanic Blast,,Sideboard,5,0,Affinity,Ggb,378 tix,$ 917,240538,2014-07-14,Modern Premier #7283118,modern,modern-premier-7283118,modern-premier-7283118-2014-07-14
24,1,Grafdigger's Cage,,Sideboard,5,0,Affinity,Ggb,378 tix,$ 917,240538,2014-07-14,Modern Premier #7283118,modern,modern-premier-7283118,modern-premier-7283118-2014-07-14
25,2,Thoughtseize,,Sideboard,5,0,Affinity,Ggb,378 tix,$ 917,240538,2014-07-14,Modern Premier #7283118,modern,modern-premier-7283118,modern-premier-7283118-2014-07-14
26,2,Ancient Grudge,,Sideboard,5,0,Affinity,Ggb,378 tix,$ 917,240538,2014-07-14,Modern Premier #7283118,modern,modern-premier-7283118,modern-premier-7283118-2014-07-14
27,1,Apostle's Blessing,,Sideboard,5,0,Affinity,Ggb,378 tix,$ 917,240538,2014-07-14,Modern Premier #7283118,modern,modern-premier-7283118,modern-premier-7283118-2014-07-14
28,2,Spellskite,,Sideboard,5,0,Affinity,Ggb,378 tix,$ 917,240538,2014-07-14,Modern Premier #7283118,modern,modern-premier-7283118,modern-premier-7283118-2014-07-14
29,1,Whipflare,,Sideboard,5,0,Affinity,Ggb,378 tix,$ 917,240538,2014-07-14,Modern Premier #7283118,modern,modern-premier-7283118,modern-premier-7283118-2014-07-14
30,1,Choke,,Sideboard,5,0,Affinity,Ggb,378 tix,$ 917,240538,2014-07-14,Modern Premier #7283118,modern,modern-premier-7283118,modern-premier-7283118-2014-07-14
31,1,Dismember,,Sideboard,5,0,Affinity,Ggb,378 tix,$ 917,240538,2014-07-14,Modern Premier #7283118,modern,modern-premier-7283118,modern-premier-7283118-2014-07-14
32,2,Etched Champion,,Sideboard,5,0,Affinity,Ggb,378 tix,$ 917,240538,2014-07-14,Modern Premier #7283118,modern,modern-premier-7283118,modern-premier-7283118-2014-07-14
33,1,Rule of Law,,Sideboard,5,0,Affinity,Ggb,378 tix,$ 917,240538,2014-07-14,Modern Premier #7283118,modern,modern-premier-7283118,modern-premier-7283118-2014-07-14
1,4,Noble Hierarch,,Creatures,5,0,GW Hatebears,CharlieTheBananaKing,432 tix,$ 803,240537,2014-07-14,Modern Premier #7283118,modern,modern-premier-7283118,modern-premier-7283118-2014-07-14
2,4,Leonin Arbiter,,Creatures,5,0,GW Hatebears,CharlieTheBananaKing,432 tix,$ 803,240537,2014-07-14,Modern Premier #7283118,modern,modern-premier-7283118,modern-premier-7283118-2014-07-14
3,3,Scavenging Ooze,,Creatures,5,0,GW Hatebears,CharlieTheBananaKing,432 tix,$ 803,240537,2014-07-14,Modern Premier #7283118,modern,modern-premier-7283118,modern-premier-7283118-2014-07-14
4,3,"Thalia, Guardian of Thraben",,Creatures,5,0,GW Hatebears,CharlieTheBananaKing,432 tix,$ 803,240537,2014-07-14,Modern Premier #7283118,modern,modern-premier-7283118,modern-premier-7283118-2014-07-14
5,3,Aven Mindcensor,,Creatures,5,0,GW Hatebears,CharlieTheBananaKing,432 tix,$ 803,240537,2014-07-14,Modern Premier #7283118,modern,modern-premier-7283118,modern-premier-7283118-2014-07-14
6,4,Blade Splicer,,Creatures,5,0,GW Hatebears,CharlieTheBananaKing,432 tix,$ 803,240537,2014-07-14,Modern Premier #7283118,modern,modern-premier-7283118,modern-premier-7283118-2014-07-14
7,4,Flickerwisp,,Creatures,5,0,GW Hatebears,CharlieTheBananaKing,432 tix,$ 803,240537,2014-07-14,Modern Premier #7283118,modern,modern-premier-7283118,modern-premier-7283118-2014-07-14
8,1,"Linvala, Keeper of Silence",,Creatures,5,0,GW Hatebears,CharlieTheBananaKing,432 tix,$ 803,240537,2014-07-14,Modern Premier #7283118,modern,modern-premier-7283118,modern-premier-7283118-2014-07-14
9,4,Restoration Angel,,Creatures,5,0,GW Hatebears,CharlieTheBananaKing,432 tix,$ 803,240537,2014-07-14,Modern Premier #7283118,modern,modern-premier-7283118,modern-premier-7283118-2014-07-14
11,4,Path to Exile,,Spells,5,0,GW Hatebears,CharlieTheBananaKing,432 tix,$ 803,240537,2014-07-14,Modern Premier #7283118,modern,modern-premier-7283118,modern-premier-7283118-2014-07-14
13,4,Aether Vial,,Artifacts,5,0,GW Hatebears,CharlieTheBananaKing,432 tix,$ 803,240537,2014-07-14,Modern Premier #7283118,modern,modern-premier-7283118,modern-premier-7283118-2014-07-14
15,1,Eiganjo Castle,,Lands,5,0,GW Hatebears,CharlieTheBananaKing,432 tix,$ 803,240537,2014-07-14,Modern Premier #7283118,modern,modern-premier-7283118,modern-premier-7283118-2014-07-14
16,1,Forest,,Lands,5,0,GW Hatebears,CharlieTheBananaKing,432 tix,$ 803,240537,2014-07-14,Modern Premier #7283118,modern,modern-premier-7283118,modern-premier-7283118-2014-07-14
17,2,Gavony Township,,Lands,5,0,GW Hatebears,CharlieTheBananaKing,432 tix,$ 803,240537,2014-07-14,Modern Premier #7283118,modern,modern-premier-7283118,modern-premier-7283118-2014-07-14
18,4,Ghost Quarter,,Lands,5,0,GW Hatebears,CharlieTheBananaKing,432 tix,$ 803,240537,2014-07-14,Modern Premier #7283118,modern,modern-premier-7283118,modern-premier-7283118-2014-07-14
19,4,Horizon Canopy,,Lands,5,0,GW Hatebears,CharlieTheBananaKing,432 tix,$ 803,240537,2014-07-14,Modern Premier #7283118,modern,modern-premier-7283118,modern-premier-7283118-2014-07-14
20,2,Plains,,Lands,5,0,GW Hatebears,CharlieTheBananaKing,432 tix,$ 803,240537,2014-07-14,Modern Premier #7283118,modern,modern-premier-7283118,modern-premier-7283118-2014-07-14
21,4,Razorverge Thicket,,Lands,5,0,GW Hatebears,CharlieTheBananaKing,432 tix,$ 803,240537,2014-07-14,Modern Premier #7283118,modern,modern-premier-7283118,modern-premier-7283118-2014-07-14
22,4,Temple Garden,,Lands,5,0,GW Hatebears,CharlieTheBananaKing,432 tix,$ 803,240537,2014-07-14,Modern Premier #7283118,modern,modern-premier-7283118,modern-premier-7283118-2014-07-14
24,1,Sunlance,,Sideboard,5,0,GW Hatebears,CharlieTheBananaKing,432 tix,$ 803,240537,2014-07-14,Modern Premier #7283118,modern,modern-premier-7283118,modern-premier-7283118-2014-07-14
25,1,Gaddock Teeg,,Sideboard,5,0,GW Hatebears,CharlieTheBananaKing,432 tix,$ 803,240537,2014-07-14,Modern Premier #7283118,modern,modern-premier-7283118,modern-premier-7283118-2014-07-14
26,2,Mark of Asylum,,Sideboard,5,0,GW Hatebears,CharlieTheBananaKing,432 tix,$ 803,240537,2014-07-14,Modern Premier #7283118,modern,modern-premier-7283118,modern-premier-7283118-2014-07-14
27,1,Qasali Pridemage,,Sideboard,5,0,GW Hatebears,CharlieTheBananaKing,432 tix,$ 803,240537,2014-07-14,Modern Premier #7283118,modern,modern-premier-7283118,modern-premier-7283118-2014-07-14
28,4,Stony Silence,,Sideboard,5,0,GW Hatebears,CharlieTheBananaKing,432 tix,$ 803,240537,2014-07-14,Modern Premier #7283118,modern,modern-premier-7283118,modern-premier-7283118-2014-07-14
29,2,Choke,,Sideboard,5,0,GW Hatebears,CharlieTheBananaKing,432 tix,$ 803,240537,2014-07-14,Modern Premier #7283118,modern,modern-premier-7283118,modern-premier-7283118-2014-07-14
30,2,Crucible of Worlds,,Sideboard,5,0,GW Hatebears,CharlieTheBananaKing,432 tix,$ 803,240537,2014-07-14,Modern Premier #7283118,modern,modern-premier-7283118,modern-premier-7283118-2014-07-14
31,1,Dismember,,Sideboard,5,0,GW Hatebears,CharlieTheBananaKing,432 tix,$ 803,240537,2014-07-14,Modern Premier #7283118,modern,modern-premier-7283118,modern-premier-7283118-2014-07-14
32,1,"Linvala, Keeper of Silence",,Sideboard,5,0,GW Hatebears,CharlieTheBananaKing,432 tix,$ 803,240537,2014-07-14,Modern Premier #7283118,modern,modern-premier-7283118,modern-premier-7283118-2014-07-14
1,1,Dryad Arbor,,Creatures,5,0,Living End,_LSN_,274 tix,$ 971,240540,2014-07-14,Modern Premier #7283118,modern,modern-premier-7283118,modern-premier-7283118-2014-07-14
2,2,Brindle Boar,,Creatures,5,0,Living End,_LSN_,274 tix,$ 971,240540,2014-07-14,Modern Premier #7283118,modern,modern-premier-7283118,modern-premier-7283118-2014-07-14
3,4,Fulminator Mage,,Creatures,5,0,Living End,_LSN_,274 tix,$ 971,240540,2014-07-14,Modern Premier #7283118,modern,modern-premier-7283118,modern-premier-7283118-2014-07-14
4,2,Simian Spirit Guide,,Creatures,5,0,Living End,_LSN_,274 tix,$ 971,240540,2014-07-14,Modern Premier #7283118,modern,modern-premier-7283118,modern-premier-7283118-2014-07-14
5,4,Deadshot Minotaur,,Creatures,5,0,Living End,_LSN_,274 tix,$ 971,240540,2014-07-14,Modern Premier #7283118,modern,modern-premier-7283118,modern-premier-7283118-2014-07-14
6,4,Monstrous Carabid,,Creatures,5,0,Living End,_LSN_,274 tix,$ 971,240540,2014-07-14,Modern Premier #7283118,modern,modern-premier-7283118,modern-premier-7283118-2014-07-14
7,2,Shriekmaw,,Creatures,5,0,Living End,_LSN_,274 tix,$ 971,240540,2014-07-14,Modern Premier #7283118,modern,modern-premier-7283118,modern-premier-7283118-2014-07-14
8,4,Street Wraith,,Creatures,5,0,Living End,_LSN_,274 tix,$ 971,240540,2014-07-14,Modern Premier #7283118,modern,modern-premier-7283118,modern-premier-7283118-2014-07-14
9,4,Pale Recluse,,Creatures,5,0,Living End,_LSN_,274 tix,$ 971,240540,2014-07-14,Modern Premier #7283118,modern,modern-premier-7283118,modern-premier-7283118-2014-07-14
10,1,Jungle Weaver,,Creatures,5,0,Living End,_LSN_,274 tix,$ 971,240540,2014-07-14,Modern Premier #7283118,modern,modern-premier-7283118,modern-premier-7283118-2014-07-14
12,4,Living End,,Spells,5,0,Living End,_LSN_,274 tix,$ 971,240540,2014-07-14,Modern Premier #7283118,modern,modern-premier-7283118,modern-premier-7283118-2014-07-14
13,2,Beast Within,,Spells,5,0,Living End,_LSN_,274 tix,$ 971,240540,2014-07-14,Modern Premier #7283118,modern,modern-premier-7283118,modern-premier-7283118-2014-07-14
14,4,Demonic Dread,,Spells,5,0,Living End,_LSN_,274 tix,$ 971,240540,2014-07-14,Modern Premier #7283118,modern,modern-premier-7283118,modern-premier-7283118-2014-07-14
15,4,Violent Outburst,,Spells,5,0,Living End,_LSN_,274 tix,$ 971,240540,2014-07-14,Modern Premier #7283118,modern,modern-premier-7283118,modern-premier-7283118-2014-07-14
17,4,Blackcleave Cliffs,,Lands,5,0,Living End,_LSN_,274 tix,$ 971,240540,2014-07-14,Modern Premier #7283118,modern,modern-premier-7283118,modern-premier-7283118-2014-07-14
18,1,Blood Crypt,,Lands,5,0,Living End,_LSN_,274 tix,$ 971,240540,2014-07-14,Modern Premier #7283118,modern,modern-premier-7283118,modern-premier-7283118-2014-07-14
19,1,Forest,,Lands,5,0,Living End,_LSN_,274 tix,$ 971,240540,2014-07-14,Modern Premier #7283118,modern,modern-premier-7283118,modern-premier-7283118-2014-07-14
20,1,Godless Shrine,,Lands,5,0,Living End,_LSN_,274 tix,$ 971,240540,2014-07-14,Modern Premier #7283118,modern,modern-premier-7283118,modern-premier-7283118-2014-07-14
21,4,Grove of the Burnwillows,,Lands,5,0,Living End,_LSN_,274 tix,$ 971,240540,2014-07-14,Modern Premier #7283118,modern,modern-premier-7283118,modern-premier-7283118-2014-07-14
22,1,Overgrown Tomb,,Lands,5,0,Living End,_LSN_,274 tix,$ 971,240540,2014-07-14,Modern Premier #7283118,modern,modern-premier-7283118,modern-premier-7283118-2014-07-14
23,1,Stomping Ground,,Lands,5,0,Living End,_LSN_,274 tix,$ 971,240540,2014-07-14,Modern Premier #7283118,modern,modern-premier-7283118,modern-premier-7283118-2014-07-14
24,1,Swamp,,Lands,5,0,Living End,_LSN_,274 tix,$ 971,240540,2014-07-14,Modern Premier #7283118,modern,modern-premier-7283118,modern-premier-7283118-2014-07-14
25,4,Verdant Catacombs,,Lands,5,0,Living End,_LSN_,274 tix,$ 971,240540,2014-07-14,Modern Premier #7283118,modern,modern-premier-7283118,modern-premier-7283118-2014-07-14
27,1,Brindle Boar,,Sideboard,5,0,Living End,_LSN_,274 tix,$ 971,240540,2014-07-14,Modern Premier #7283118,modern,modern-premier-7283118,modern-premier-7283118-2014-07-14
28,2,Dismember,,Sideboard,5,0,Living End,_LSN_,274 tix,$ 971,240540,2014-07-14,Modern Premier #7283118,modern,modern-premier-7283118,modern-premier-7283118-2014-07-14
29,2,Avalanche Riders,,Sideboard,5,0,Living End,_LSN_,274 tix,$ 971,240540,2014-07-14,Modern Premier #7283118,modern,modern-premier-7283118,modern-premier-7283118-2014-07-14
30,4,Leyline of the Void,,Sideboard,5,0,Living End,_LSN_,274 tix,$ 971,240540,2014-07-14,Modern Premier #7283118,modern,modern-premier-7283118,modern-premier-7283118-2014-07-14
31,3,Ricochet Trap,,Sideboard,5,0,Living End,_LSN_,274 tix,$ 971,240540,2014-07-14,Modern Premier #7283118,modern,modern-premier-7283118,modern-premier-7283118-2014-07-14
32,3,Ingot Chewer,,Sideboard,5,0,Living End,_LSN_,274 tix,$ 971,240540,2014-07-14,Modern Premier #7283118,modern,modern-premier-7283118,modern-premier-7283118-2014-07-14
1,4,Goblin Guide,,Creatures,5,0,RDW,sammydeluxe,153 tix,$ 559,240539,2014-07-14,Modern Premier #7283118,modern,modern-premier-7283118,modern-premier-7283118-2014-07-14
2,3,Grim Lavamancer,,Creatures,5,0,RDW,sammydeluxe,153 tix,$ 559,240539,2014-07-14,Modern Premier #7283118,modern,modern-premier-7283118,modern-premier-7283118-2014-07-14
3,4,Vexing Devil,,Creatures,5,0,RDW,sammydeluxe,153 tix,$ 559,240539,2014-07-14,Modern Premier #7283118,modern,modern-premier-7283118,modern-premier-7283118-2014-07-14
4,4,Eidolon of the Great Revel,,Creatures,5,0,RDW,sammydeluxe,153 tix,$ 559,240539,2014-07-14,Modern Premier #7283118,modern,modern-premier-7283118,modern-premier-7283118-2014-07-14
6,4,Lava Spike,,Spells,5,0,RDW,sammydeluxe,153 tix,$ 559,240539,2014-07-14,Modern Premier #7283118,modern,modern-premier-7283118,modern-premier-7283118-2014-07-14
7,4,Lightning Bolt,,Spells,5,0,RDW,sammydeluxe,153 tix,$ 559,240539,2014-07-14,Modern Premier #7283118,modern,modern-premier-7283118,modern-premier-7283118-2014-07-14
8,4,Boros Charm,,Spells,5,0,RDW,sammydeluxe,153 tix,$ 559,240539,2014-07-14,Modern Premier #7283118,modern,modern-premier-7283118,modern-premier-7283118-2014-07-14
9,3,Searing Blaze,,Spells,5,0,RDW,sammydeluxe,153 tix,$ 559,240539,2014-07-14,Modern Premier #7283118,modern,modern-premier-7283118,modern-premier-7283118-2014-07-14
10,4,Skullcrack,,Spells,5,0,RDW,sammydeluxe,153 tix,$ 559,240539,2014-07-14,Modern Premier #7283118,modern,modern-premier-7283118,modern-premier-7283118-2014-07-14
11,4,Rift Bolt,,Spells,5,0,RDW,sammydeluxe,153 tix,$ 559,240539,2014-07-14,Modern Premier #7283118,modern,modern-premier-7283118,modern-premier-7283118-2014-07-14
13,2,Shrine of Burning Rage,,Artifacts,5,0,RDW,sammydeluxe,153 tix,$ 559,240539,2014-07-14,Modern Premier #7283118,modern,modern-premier-7283118,modern-premier-7283118-2014-07-14
15,4,Arid Mesa,,Lands,5,0,RDW,sammydeluxe,153 tix,$ 559,240539,2014-07-14,Modern Premier #7283118,modern,modern-premier-7283118,modern-premier-7283118-2014-07-14
16,2,Blood Crypt,,Lands,5,0,RDW,sammydeluxe,153 tix,$ 559,240539,2014-07-14,Modern Premier #7283118,modern,modern-premier-7283118,modern-premier-7283118-2014-07-14
17,10,Mountain,,Lands,5,0,RDW,sammydeluxe,153 tix,$ 559,240539,2014-07-14,Modern Premier #7283118,modern,modern-premier-7283118,modern-premier-7283118-2014-07-14
18,3,Sacred Foundry,,Lands,5,0,RDW,sammydeluxe,153 tix,$ 559,240539,2014-07-14,Modern Premier #7283118,modern,modern-premier-7283118,modern-premier-7283118-2014-07-14
19,1,Scalding Tarn,,Lands,5,0,RDW,sammydeluxe,153 tix,$ 559,240539,2014-07-14,Modern Premier #7283118,modern,modern-premier-7283118,modern-premier-7283118-2014-07-14
21,3,Relic of Progenitus,,Sideboard,5,0,RDW,sammydeluxe,153 tix,$ 559,240539,2014-07-14,Modern Premier #7283118,modern,modern-premier-7283118,modern-premier-7283118-2014-07-14
22,3,Rakdos Charm,,Sideboard,5,0,RDW,sammydeluxe,153 tix,$ 559,240539,2014-07-14,Modern Premier #7283118,modern,modern-premier-7283118,modern-premier-7283118-2014-07-14
23,2,Searing Blood,,Sideboard,5,0,RDW,sammydeluxe,153 tix,$ 559,240539,2014-07-14,Modern Premier #7283118,modern,modern-premier-7283118,modern-premier-7283118-2014-07-14
24,1,Shrine of Burning Rage,,Sideboard,5,0,RDW,sammydeluxe,153 tix,$ 559,240539,2014-07-14,Modern Premier #7283118,modern,modern-premier-7283118,modern-premier-7283118-2014-07-14
25,4,Smash to Smithereens,,Sideboard,5,0,RDW,sammydeluxe,153 tix,$ 559,240539,2014-07-14,Modern Premier #7283118,modern,modern-premier-7283118,modern-premier-7283118-2014-07-14
26,2,Flames of the Blood Hand,,Sideboard,5,0,RDW,sammydeluxe,153 tix,$ 559,240539,2014-07-14,Modern Premier #7283118,modern,modern-premier-7283118,modern-premier-7283118-2014-07-14
1,1,Spellskite,,Creatures,5,0,RG Tron,lickadonkey,288 tix,$ 840,240536,2014-07-14,Modern Premier #7283118,modern,modern-premier-7283118,modern-premier-7283118-2014-07-14
2,3,Wurmcoil Engine,,Creatures,5,0,RG Tron,lickadonkey,288 tix,$ 840,240536,2014-07-14,Modern Premier #7283118,modern,modern-premier-7283118,modern-premier-7283118-2014-07-14
3,1,Sundering Titan,,Creatures,5,0,RG Tron,lickadonkey,288 tix,$ 840,240536,2014-07-14,Modern Premier #7283118,modern,modern-premier-7283118,modern-premier-7283118-2014-07-14
4,1,"Ulamog, the Infinite Gyre",,Creatures,5,0,RG Tron,lickadonkey,288 tix,$ 840,240536,2014-07-14,Modern Premier #7283118,modern,modern-premier-7283118,modern-premier-7283118-2014-07-14
5,1,"Emrakul, the Aeons Torn",,Creatures,5,0,RG Tron,lickadonkey,288 tix,$ 840,240536,2014-07-14,Modern Premier #7283118,modern,modern-premier-7283118,modern-premier-7283118-2014-07-14
7,4,Karn Liberated,,Planeswalkers,5,0,RG Tron,lickadonkey,288 tix,$ 840,240536,2014-07-14,Modern Premier #7283118,modern,modern-premier-7283118,modern-premier-7283118-2014-07-14
9,4,Ancient Stirrings,,Spells,5,0,RG Tron,lickadonkey,288 tix,$ 840,240536,2014-07-14,Modern Premier #7283118,modern,modern-premier-7283118,modern-premier-7283118-2014-07-14
10,4,Sylvan Scrying,,Spells,5,0,RG Tron,lickadonkey,288 tix,$ 840,240536,2014-07-14,Modern Premier #7283118,modern,modern-premier-7283118,modern-premier-7283118-2014-07-14
11,2,Firespout,,Spells,5,0,RG Tron,lickadonkey,288 tix,$ 840,240536,2014-07-14,Modern Premier #7283118,modern,modern-premier-7283118,modern-premier-7283118-2014-07-14
12,1,All Is Dust,,Spells,5,0,RG Tron,lickadonkey,288 tix,$ 840,240536,2014-07-14,Modern Premier #7283118,modern,modern-premier-7283118,modern-premier-7283118-2014-07-14
14,4,Chromatic Sphere,,Artifacts,5,0,RG Tron,lickadonkey,288 tix,$ 840,240536,2014-07-14,Modern Premier #7283118,modern,modern-premier-7283118,modern-premier-7283118-2014-07-14
15,4,Chromatic Star,,Artifacts,5,0,RG Tron,lickadonkey,288 tix,$ 840,240536,2014-07-14,Modern Premier #7283118,modern,modern-premier-7283118,modern-premier-7283118-2014-07-14
16,4,Expedition Map,,Artifacts,5,0,RG Tron,lickadonkey,288 tix,$ 840,240536,2014-07-14,Modern Premier #7283118,modern,modern-premier-7283118,modern-premier-7283118-2014-07-14
17,3,Relic of Progenitus,,Artifacts,5,0,RG Tron,lickadonkey,288 tix,$ 840,240536,2014-07-14,Modern Premier #7283118,modern,modern-premier-7283118,modern-premier-7283118-2014-07-14
18,3,Oblivion Stone,,Artifacts,5,0,RG Tron,lickadonkey,288 tix,$ 840,240536,2014-07-14,Modern Premier #7283118,modern,modern-premier-7283118,modern-premier-7283118-2014-07-14
20,2,Copperline Gorge,,Lands,5,0,RG Tron,lickadonkey,288 tix,$ 840,240536,2014-07-14,Modern Premier #7283118,modern,modern-premier-7283118,modern-premier-7283118-2014-07-14
21,1,Eye of Ugin,,Lands,5,0,RG Tron,lickadonkey,288 tix,$ 840,240536,2014-07-14,Modern Premier #7283118,modern,modern-premier-7283118,modern-premier-7283118-2014-07-14
22,2,Forest,,Lands,5,0,RG Tron,lickadonkey,288 tix,$ 840,240536,2014-07-14,Modern Premier #7283118,modern,modern-premier-7283118,modern-premier-7283118-2014-07-14
23,1,Ghost Quarter,,Lands,5,0,RG Tron,lickadonkey,288 tix,$ 840,240536,2014-07-14,Modern Premier #7283118,modern,modern-premier-7283118,modern-premier-7283118-2014-07-14
24,2,Grove of the Burnwillows,,Lands,5,0,RG Tron,lickadonkey,288 tix,$ 840,240536,2014-07-14,Modern Premier #7283118,modern,modern-premier-7283118,modern-premier-7283118-2014-07-14
25,4,Urza's Mine,,Lands,5,0,RG Tron,lickadonkey,288 tix,$ 840,240536,2014-07-14,Modern Premier #7283118,modern,modern-premier-7283118,modern-premier-7283118-2014-07-14
26,4,Urza's Power Plant,,Lands,5,0,RG Tron,lickadonkey,288 tix,$ 840,240536,2014-07-14,Modern Premier #7283118,modern,modern-premier-7283118,modern-premier-7283118-2014-07-14
27,4,Urza's Tower,,Lands,5,0,RG Tron,lickadonkey,288 tix,$ 840,240536,2014-07-14,Modern Premier #7283118,modern,modern-premier-7283118,modern-premier-7283118-2014-07-14
29,4,Nature's Claim,,Sideboard,5,0,RG Tron,lickadonkey,288 tix,$ 840,240536,2014-07-14,Modern Premier #7283118,modern,modern-premier-7283118,modern-premier-7283118-2014-07-14
30,1,Relic of Progenitus,,Sideboard,5,0,RG Tron,lickadonkey,288 tix,$ 840,240536,2014-07-14,Modern Premier #7283118,modern,modern-premier-7283118,modern-premier-7283118-2014-07-14
31,2,Surgical Extraction,,Sideboard,5,0,RG Tron,lickadonkey,288 tix,$ 840,240536,2014-07-14,Modern Premier #7283118,modern,modern-premier-7283118,modern-premier-7283118-2014-07-14
32,1,Vandalblast,,Sideboard,5,0,RG Tron,lickadonkey,288 tix,$ 840,240536,2014-07-14,Modern Premier #7283118,modern,modern-premier-7283118,modern-premier-7283118-2014-07-14
33,2,Combust,,Sideboard,5,0,RG Tron,lickadonkey,288 tix,$ 840,240536,2014-07-14,Modern Premier #7283118,modern,modern-premier-7283118,modern-premier-7283118-2014-07-14
34,1,Spellskite,,Sideboard,5,0,RG Tron,lickadonkey,288 tix,$ 840,240536,2014-07-14,Modern Premier #7283118,modern,modern-premier-7283118,modern-premier-7283118-2014-07-14
35,2,Torpor Orb,,Sideboard,5,0,RG Tron,lickadonkey,288 tix,$ 840,240536,2014-07-14,Modern Premier #7283118,modern,modern-premier-7283118,modern-premier-7283118-2014-07-14
36,2,Leyline of Sanctity,,Sideboard,5,0,RG Tron,lickadonkey,288 tix,$ 840,240536,2014-07-14,Modern Premier #7283118,modern,modern-premier-7283118,modern-premier-7283118-2014-07-14
1,3,Memnite,,Creatures,4,1,Affinity,Andrea94,370 tix,$ 919,240534,2014-07-14,Modern Premier #7283118,modern,modern-premier-7283118,modern-premier-7283118-2014-07-14
2,4,Ornithopter,,Creatures,4,1,Affinity,Andrea94,370 tix,$ 919,240534,2014-07-14,Modern Premier #7283118,modern,modern-premier-7283118,modern-premier-7283118-2014-07-14
3,4,Signal Pest,,Creatures,4,1,Affinity,Andrea94,370 tix,$ 919,240534,2014-07-14,Modern Premier #7283118,modern,modern-premier-7283118,modern-premier-7283118-2014-07-14
4,4,Arcbound Ravager,,Creatures,4,1,Affinity,Andrea94,370 tix,$ 919,240534,2014-07-14,Modern Premier #7283118,modern,modern-premier-7283118,modern-premier-7283118-2014-07-14
5,4,Steel Overseer,,Creatures,4,1,Affinity,Andrea94,370 tix,$ 919,240534,2014-07-14,Modern Premier #7283118,modern,modern-premier-7283118,modern-premier-7283118-2014-07-14
6,4,Vault Skirge,,Creatures,4,1,Affinity,Andrea94,370 tix,$ 919,240534,2014-07-14,Modern Premier #7283118,modern,modern-premier-7283118,modern-premier-7283118-2014-07-14
7,4,Master of Etherium,,Creatures,4,1,Affinity,Andrea94,370 tix,$ 919,240534,2014-07-14,Modern Premier #7283118,modern,modern-premier-7283118,modern-premier-7283118-2014-07-14
9,2,Thoughtcast,,Spells,4,1,Affinity,Andrea94,370 tix,$ 919,240534,2014-07-14,Modern Premier #7283118,modern,modern-premier-7283118,modern-premier-7283118-2014-07-14
11,4,Mox Opal,,Artifacts,4,1,Affinity,Andrea94,370 tix,$ 919,240534,2014-07-14,Modern Premier #7283118,modern,modern-premier-7283118,modern-premier-7283118-2014-07-14
12,3,Welding Jar,,Artifacts,4,1,Affinity,Andrea94,370 tix,$ 919,240534,2014-07-14,Modern Premier #7283118,modern,modern-premier-7283118,modern-premier-7283118-2014-07-14
13,4,Springleaf Drum,,Artifacts,4,1,Affinity,Andrea94,370 tix,$ 919,240534,2014-07-14,Modern Premier #7283118,modern,modern-premier-7283118,modern-premier-7283118-2014-07-14
14,4,Cranial Plating,,Artifacts,4,1,Affinity,Andrea94,370 tix,$ 919,240534,2014-07-14,Modern Premier #7283118,modern,modern-premier-7283118,modern-premier-7283118-2014-07-14
16,4,Blinkmoth Nexus,,Lands,4,1,Affinity,Andrea94,370 tix,$ 919,240534,2014-07-14,Modern Premier #7283118,modern,modern-premier-7283118,modern-premier-7283118-2014-07-14
17,4,Darksteel Citadel,,Lands,4,1,Affinity,Andrea94,370 tix,$ 919,240534,2014-07-14,Modern Premier #7283118,modern,modern-premier-7283118,modern-premier-7283118-2014-07-14
18,3,Glimmervoid,,Lands,4,1,Affinity,Andrea94,370 tix,$ 919,240534,2014-07-14,Modern Premier #7283118,modern,modern-premier-7283118,modern-premier-7283118-2014-07-14
19,4,Inkmoth Nexus,,Lands,4,1,Affinity,Andrea94,370 tix,$ 919,240534,2014-07-14,Modern Premier #7283118,modern,modern-premier-7283118,modern-premier-7283118-2014-07-14
20,1,Island,,Lands,4,1,Affinity,Andrea94,370 tix,$ 919,240534,2014-07-14,Modern Premier #7283118,modern,modern-premier-7283118,modern-premier-7283118-2014-07-14
22,1,Wear & Tear,,Sideboard,4,1,Affinity,Andrea94,370 tix,$ 919,240534,2014-07-14,Modern Premier #7283118,modern,modern-premier-7283118,modern-premier-7283118-2014-07-14
23,3,Galvanic Blast,,Sideboard,4,1,Affinity,Andrea94,370 tix,$ 919,240534,2014-07-14,Modern Premier #7283118,modern,modern-premier-7283118,modern-premier-7283118-2014-07-14
24,3,Thoughtseize,,Sideboard,4,1,Affinity,Andrea94,370 tix,$ 919,240534,2014-07-14,Modern Premier #7283118,modern,modern-premier-7283118,modern-premier-7283118-2014-07-14
25,2,Ancient Grudge,,Sideboard,4,1,Affinity,Andrea94,370 tix,$ 919,240534,2014-07-14,Modern Premier #7283118,modern,modern-premier-7283118,modern-premier-7283118-2014-07-14
26,2,Torpor Orb,,Sideboard,4,1,Affinity,Andrea94,370 tix,$ 919,240534,2014-07-14,Modern Premier #7283118,modern,modern-premier-7283118,modern-premier-7283118-2014-07-14
27,4,Etched Champion,,Sideboard,4,1,Affinity,Andrea94,370 tix,$ 919,240534,2014-07-14,Modern Premier #7283118,modern,modern-premier-7283118,modern-premier-7283118-2014-07-14
1,4,Dark Confidant,,Creatures,4,1,Jund,sakimmd,542 tix,"$ 1,944",240535,2014-07-14,Modern Premier #7283118,modern,modern-premier-7283118,modern-premier-7283118-2014-07-14
2,4,Scavenging Ooze,,Creatures,4,1,Jund,sakimmd,542 tix,"$ 1,944",240535,2014-07-14,Modern Premier #7283118,modern,modern-premier-7283118,modern-premier-7283118-2014-07-14
3,4,Tarmogoyf,,Creatures,4,1,Jund,sakimmd,542 tix,"$ 1,944",240535,2014-07-14,Modern Premier #7283118,modern,modern-premier-7283118,modern-premier-7283118-2014-07-14
4,1,Falkenrath Aristocrat,,Creatures,4,1,Jund,sakimmd,542 tix,"$ 1,944",240535,2014-07-14,Modern Premier #7283118,modern,modern-premier-7283118,modern-premier-7283118-2014-07-14
5,2,Huntmaster of the Fells,,Creatures,4,1,Jund,sakimmd,542 tix,"$ 1,944",240535,2014-07-14,Modern Premier #7283118,modern,modern-premier-7283118,modern-premier-7283118-2014-07-14
7,4,Liliana of the Veil,,Planeswalkers,4,1,Jund,sakimmd,542 tix,"$ 1,944",240535,2014-07-14,Modern Premier #7283118,modern,modern-premier-7283118,modern-premier-7283118-2014-07-14
9,4,Inquisition of Kozilek,,Spells,4,1,Jund,sakimmd,542 tix,"$ 1,944",240535,2014-07-14,Modern Premier #7283118,modern,modern-premier-7283118,modern-premier-7283118-2014-07-14
10,4,Lightning Bolt,,Spells,4,1,Jund,sakimmd,542 tix,"$ 1,944",240535,2014-07-14,Modern Premier #7283118,modern,modern-premier-7283118,modern-premier-7283118-2014-07-14
11,4,Thoughtseize,,Spells,4,1,Jund,sakimmd,542 tix,"$ 1,944",240535,2014-07-14,Modern Premier #7283118,modern,modern-premier-7283118,modern-premier-7283118-2014-07-14
12,3,Abrupt Decay,,Spells,4,1,Jund,sakimmd,542 tix,"$ 1,944",240535,2014-07-14,Modern Premier #7283118,modern,modern-premier-7283118,modern-premier-7283118-2014-07-14
13,2,Terminate,,Spells,4,1,Jund,sakimmd,542 tix,"$ 1,944",240535,2014-07-14,Modern Premier #7283118,modern,modern-premier-7283118,modern-premier-7283118-2014-07-14
15,4,Blackcleave Cliffs,,Lands,4,1,Jund,sakimmd,542 tix,"$ 1,944",240535,2014-07-14,Modern Premier #7283118,modern,modern-premier-7283118,modern-premier-7283118-2014-07-14
16,1,Blood Crypt,,Lands,4,1,Jund,sakimmd,542 tix,"$ 1,944",240535,2014-07-14,Modern Premier #7283118,modern,modern-premier-7283118,modern-premier-7283118-2014-07-14
17,2,Copperline Gorge,,Lands,4,1,Jund,sakimmd,542 tix,"$ 1,944",240535,2014-07-14,Modern Premier #7283118,modern,modern-premier-7283118,modern-premier-7283118-2014-07-14
18,1,Forest,,Lands,4,1,Jund,sakimmd,542 tix,"$ 1,944",240535,2014-07-14,Modern Premier #7283118,modern,modern-premier-7283118,modern-premier-7283118-2014-07-14
19,1,Marsh Flats,,Lands,4,1,Jund,sakimmd,542 tix,"$ 1,944",240535,2014-07-14,Modern Premier #7283118,modern,modern-premier-7283118,modern-premier-7283118-2014-07-14
20,1,Overgrown Tomb,,Lands,4,1,Jund,sakimmd,542 tix,"$ 1,944",240535,2014-07-14,Modern Premier #7283118,modern,modern-premier-7283118,modern-premier-7283118-2014-07-14
21,4,Raging Ravine,,Lands,4,1,Jund,sakimmd,542 tix,"$ 1,944",240535,2014-07-14,Modern Premier #7283118,modern,modern-premier-7283118,modern-premier-7283118-2014-07-14
22,1,Stomping Ground,,Lands,4,1,Jund,sakimmd,542 tix,"$ 1,944",240535,2014-07-14,Modern Premier #7283118,modern,modern-premier-7283118,modern-premier-7283118-2014-07-14
23,2,Swamp,,Lands,4,1,Jund,sakimmd,542 tix,"$ 1,944",240535,2014-07-14,Modern Premier #7283118,modern,modern-premier-7283118,modern-premier-7283118-2014-07-14
24,2,Treetop Village,,Lands,4,1,Jund,sakimmd,542 tix,"$ 1,944",240535,2014-07-14,Modern Premier #7283118,modern,modern-premier-7283118,modern-premier-7283118-2014-07-14
25,1,Twilight Mire,,Lands,4,1,Jund,sakimmd,542 tix,"$ 1,944",240535,2014-07-14,Modern Premier #7283118,modern,modern-premier-7283118,modern-premier-7283118-2014-07-14
26,4,Verdant Catacombs,,Lands,4,1,Jund,sakimmd,542 tix,"$ 1,944",240535,2014-07-14,Modern Premier #7283118,modern,modern-premier-7283118,modern-premier-7283118-2014-07-14
28,3,Tectonic Edge,,Sideboard,4,1,Jund,sakimmd,542 tix,"$ 1,944",240535,2014-07-14,Modern Premier #7283118,modern,modern-premier-7283118,modern-premier-7283118-2014-07-14
29,3,Ancient Grudge,,Sideboard,4,1,Jund,sakimmd,542 tix,"$ 1,944",240535,2014-07-14,Modern Premier #7283118,modern,modern-premier-7283118,modern-premier-7283118-2014-07-14
30,1,Unravel the Aether,,Sideboard,4,1,Jund,sakimmd,542 tix,"$ 1,944",240535,2014-07-14,Modern Premier #7283118,modern,modern-premier-7283118,modern-premier-7283118-2014-07-14
31,2,Anger of the Gods,,Sideboard,4,1,Jund,sakimmd,542 tix,"$ 1,944",240535,2014-07-14,Modern Premier #7283118,modern,modern-premier-7283118,modern-premier-7283118-2014-07-14
32,1,Courser of Kruphix,,Sideboard,4,1,Jund,sakimmd,542 tix,"$ 1,944",240535,2014-07-14,Modern Premier #7283118,modern,modern-premier-7283118,modern-premier-7283118-2014-07-14
33,1,Cunning Sparkmage,,Sideboard,4,1,Jund,sakimmd,542 tix,"$ 1,944",240535,2014-07-14,Modern Premier #7283118,modern,modern-premier-7283118,modern-premier-7283118-2014-07-14
34,3,Molten Rain,,Sideboard,4,1,Jund,sakimmd,542 tix,"$ 1,944",240535,2014-07-14,Modern Premier #7283118,modern,modern-premier-7283118,modern-premier-7283118-2014-07-14
35,1,"Thrun, the Last Troll",,Sideboard,4,1,Jund,sakimmd,542 tix,"$ 1,944",240535,2014-07-14,Modern Premier #7283118,modern,modern-premier-7283118,modern-premier-7283118-2014-07-14
1,4,Birds of Paradise,,Creatures,4,1,Kiki Pod,Hangar 18,324 tix,$ 892,240542,2014-07-14,Modern Premier #7283118,modern,modern-premier-7283118,modern-premier-7283118-2014-07-14
2,3,Noble Hierarch,,Creatures,4,1,Kiki Pod,Hangar 18,324 tix,$ 892,240542,2014-07-14,Modern Premier #7283118,modern,modern-premier-7283118,modern-premier-7283118-2014-07-14
3,1,Phantasmal Image,,Creatures,4,1,Kiki Pod,Hangar 18,324 tix,$ 892,240542,2014-07-14,Modern Premier #7283118,modern,modern-premier-7283118,modern-premier-7283118-2014-07-14
4,1,Qasali Pridemage,,Creatures,4,1,Kiki Pod,Hangar 18,324 tix,$ 892,240542,2014-07-14,Modern Premier #7283118,modern,modern-premier-7283118,modern-premier-7283118-2014-07-14
5,2,Scavenging Ooze,,Creatures,4,1,Kiki Pod,Hangar 18,324 tix,$ 892,240542,2014-07-14,Modern Premier #7283118,modern,modern-premier-7283118,modern-premier-7283118-2014-07-14
6,1,Spellskite,,Creatures,4,1,Kiki Pod,Hangar 18,324 tix,$ 892,240542,2014-07-14,Modern Premier #7283118,modern,modern-premier-7283118,modern-premier-7283118-2014-07-14
7,2,Voice of Resurgence,,Creatures,4,1,Kiki Pod,Hangar 18,324 tix,$ 892,240542,2014-07-14,Modern Premier #7283118,modern,modern-premier-7283118,modern-premier-7283118-2014-07-14
8,2,Wall of Roots,,Creatures,4,1,Kiki Pod,Hangar 18,324 tix,$ 892,240542,2014-07-14,Modern Premier #7283118,modern,modern-premier-7283118,modern-premier-7283118-2014-07-14
9,1,Deceiver Exarch,,Creatures,4,1,Kiki Pod,Hangar 18,324 tix,$ 892,240542,2014-07-14,Modern Premier #7283118,modern,modern-premier-7283118,modern-premier-7283118-2014-07-14
10,1,Eternal Witness,,Creatures,4,1,Kiki Pod,Hangar 18,324 tix,$ 892,240542,2014-07-14,Modern Premier #7283118,modern,modern-premier-7283118,modern-premier-7283118-2014-07-14
11,1,Fiend Hunter,,Creatures,4,1,Kiki Pod,Hangar 18,324 tix,$ 892,240542,2014-07-14,Modern Premier #7283118,modern,modern-premier-7283118,modern-premier-7283118-2014-07-14
12,3,Kitchen Finks,,Creatures,4,1,Kiki Pod,Hangar 18,324 tix,$ 892,240542,2014-07-14,Modern Premier #7283118,modern,modern-premier-7283118,modern-premier-7283118-2014-07-14
13,1,Sea Gate Oracle,,Creatures,4,1,Kiki Pod,Hangar 18,324 tix,$ 892,240542,2014-07-14,Modern Premier #7283118,modern,modern-premier-7283118,modern-premier-7283118-2014-07-14
14,1,Glen Elendra Archmage,,Creatures,4,1,Kiki Pod,Hangar 18,324 tix,$ 892,240542,2014-07-14,Modern Premier #7283118,modern,modern-premier-7283118,modern-premier-7283118-2014-07-14
15,1,"Linvala, Keeper of Silence",,Creatures,4,1,Kiki Pod,Hangar 18,324 tix,$ 892,240542,2014-07-14,Modern Premier #7283118,modern,modern-premier-7283118,modern-premier-7283118-2014-07-14
16,1,Murderous Redcap,,Creatures,4,1,Kiki Pod,Hangar 18,324 tix,$ 892,240542,2014-07-14,Modern Premier #7283118,modern,modern-premier-7283118,modern-premier-7283118-2014-07-14
17,2,Restoration Angel,,Creatures,4,1,Kiki Pod,Hangar 18,324 tix,$ 892,240542,2014-07-14,Modern Premier #7283118,modern,modern-premier-7283118,modern-premier-7283118-2014-07-14
18,2,"Kiki-Jiki, Mirror Breaker",,Creatures,4,1,Kiki Pod,Hangar 18,324 tix,$ 892,240542,2014-07-14,Modern Premier #7283118,modern,modern-premier-7283118,modern-premier-7283118-2014-07-14
19,1,Zealous Conscripts,,Creatures,4,1,Kiki Pod,Hangar 18,324 tix,$ 892,240542,2014-07-14,Modern Premier #7283118,modern,modern-premier-7283118,modern-premier-7283118-2014-07-14
21,2,Chord of Calling,,Spells,4,1,Kiki Pod,Hangar 18,324 tix,$ 892,240542,2014-07-14,Modern Premier #7283118,modern,modern-premier-7283118,modern-premier-7283118-2014-07-14
23,4,Birthing Pod,,Artifacts,4,1,Kiki Pod,Hangar 18,324 tix,$ 892,240542,2014-07-14,Modern Premier #7283118,modern,modern-premier-7283118,modern-premier-7283118-2014-07-14
25,2,Arid Mesa,,Lands,4,1,Kiki Pod,Hangar 18,324 tix,$ 892,240542,2014-07-14,Modern Premier #7283118,modern,modern-premier-7283118,modern-premier-7283118-2014-07-14
26,1,Breeding Pool,,Lands,4,1,Kiki Pod,Hangar 18,324 tix,$ 892,240542,2014-07-14,Modern Premier #7283118,modern,modern-premier-7283118,modern-premier-7283118-2014-07-14
27,1,Fire-Lit Thicket,,Lands,4,1,Kiki Pod,Hangar 18,324 tix,$ 892,240542,2014-07-14,Modern Premier #7283118,modern,modern-premier-7283118,modern-premier-7283118-2014-07-14
28,1,Forest,,Lands,4,1,Kiki Pod,Hangar 18,324 tix,$ 892,240542,2014-07-14,Modern Premier #7283118,modern,modern-premier-7283118,modern-premier-7283118-2014-07-14
29,2,Gavony Township,,Lands,4,1,Kiki Pod,Hangar 18,324 tix,$ 892,240542,2014-07-14,Modern Premier #7283118,modern,modern-premier-7283118,modern-premier-7283118-2014-07-14
30,4,Grove of the Burnwillows,,Lands,4,1,Kiki Pod,Hangar 18,324 tix,$ 892,240542,2014-07-14,Modern Premier #7283118,modern,modern-premier-7283118,modern-premier-7283118-2014-07-14
31,1,Hallowed Fountain,,Lands,4,1,Kiki Pod,Hangar 18,324 tix,$ 892,240542,2014-07-14,Modern Premier #7283118,modern,modern-premier-7283118,modern-premier-7283118-2014-07-14
32,4,Misty Rainforest,,Lands,4,1,Kiki Pod,Hangar 18,324 tix,$ 892,240542,2014-07-14,Modern Premier #7283118,modern,modern-premier-7283118,modern-premier-7283118-2014-07-14
33,1,Plains,,Lands,4,1,Kiki Pod,Hangar 18,324 tix,$ 892,240542,2014-07-14,Modern Premier #7283118,modern,modern-premier-7283118,modern-premier-7283118-2014-07-14
34,1,Sacred Foundry,,Lands,4,1,Kiki Pod,Hangar 18,324 tix,$ 892,240542,2014-07-14,Modern Premier #7283118,modern,modern-premier-7283118,modern-premier-7283118-2014-07-14
35,2,Scalding Tarn,,Lands,4,1,Kiki Pod,Hangar 18,324 tix,$ 892,240542,2014-07-14,Modern Premier #7283118,modern,modern-premier-7283118,modern-premier-7283118-2014-07-14
36,1,Steam Vents,,Lands,4,1,Kiki Pod,Hangar 18,324 tix,$ 892,240542,2014-07-14,Modern Premier #7283118,modern,modern-premier-7283118,modern-premier-7283118-2014-07-14
37,1,Stomping Ground,,Lands,4,1,Kiki Pod,Hangar 18,324 tix,$ 892,240542,2014-07-14,Modern Premier #7283118,modern,modern-premier-7283118,modern-premier-7283118-2014-07-14
38,1,Temple Garden,,Lands,4,1,Kiki Pod,Hangar 18,324 tix,$ 892,240542,2014-07-14,Modern Premier #7283118,modern,modern-premier-7283118,modern-premier-7283118-2014-07-14
40,2,Path to Exile,,Sideboard,4,1,Kiki Pod,Hangar 18,324 tix,$ 892,240542,2014-07-14,Modern Premier #7283118,modern,modern-premier-7283118,modern-premier-7283118-2014-07-14
41,1,Ancient Grudge,,Sideboard,4,1,Kiki Pod,Hangar 18,324 tix,$ 892,240542,2014-07-14,Modern Premier #7283118,modern,modern-premier-7283118,modern-premier-7283118-2014-07-14
42,1,"Kataki, War's Wage",,Sideboard,4,1,Kiki Pod,Hangar 18,324 tix,$ 892,240542,2014-07-14,Modern Premier #7283118,modern,modern-premier-7283118,modern-premier-7283118-2014-07-14
43,2,Negate,,Sideboard,4,1,Kiki Pod,Hangar 18,324 tix,$ 892,240542,2014-07-14,Modern Premier #7283118,modern,modern-premier-7283118,modern-premier-7283118-2014-07-14
44,1,Aven Mindcensor,,Sideboard,4,1,Kiki Pod,Hangar 18,324 tix,$ 892,240542,2014-07-14,Modern Premier #7283118,modern,modern-premier-7283118,modern-premier-7283118-2014-07-14
45,1,Eidolon of Rhetoric,,Sideboard,4,1,Kiki Pod,Hangar 18,324 tix,$ 892,240542,2014-07-14,Modern Premier #7283118,modern,modern-premier-7283118,modern-premier-7283118-2014-07-14
46,2,Fiery Justice,,Sideboard,4,1,Kiki Pod,Hangar 18,324 tix,$ 892,240542,2014-07-14,Modern Premier #7283118,modern,modern-premier-7283118,modern-premier-7283118-2014-07-14
47,1,Harmonic Sliver,,Sideboard,4,1,Kiki Pod,Hangar 18,324 tix,$ 892,240542,2014-07-14,Modern Premier #7283118,modern,modern-premier-7283118,modern-premier-7283118-2014-07-14
48,1,Izzet Staticaster,,Sideboard,4,1,Kiki Pod,Hangar 18,324 tix,$ 892,240542,2014-07-14,Modern Premier #7283118,modern,modern-premier-7283118,modern-premier-7283118-2014-07-14
49,1,Avalanche Riders,,Sideboard,4,1,Kiki Pod,Hangar 18,324 tix,$ 892,240542,2014-07-14,Modern Premier #7283118,modern,modern-premier-7283118,modern-premier-7283118-2014-07-14
50,1,Loxodon Hierarch,,Sideboard,4,1,Kiki Pod,Hangar 18,324 tix,$ 892,240542,2014-07-14,Modern Premier #7283118,modern,modern-premier-7283118,modern-premier-7283118-2014-07-14
51,1,"Thrun, the Last Troll",,Sideboard,4,1,Kiki Pod,Hangar 18,324 tix,$ 892,240542,2014-07-14,Modern Premier #7283118,modern,modern-premier-7283118,modern-premier-7283118-2014-07-14
1,4,Fulminator Mage,,Creatures,4,1,Living End,Oestrus,201 tix,$ 861,240541,2014-07-14,Modern Premier #7283118,modern,modern-premier-7283118,modern-premier-7283118-2014-07-14
2,3,Simian Spirit Guide,,Creatures,4,1,Living End,Oestrus,201 tix,$ 861,240541,2014-07-14,Modern Premier #7283118,modern,modern-premier-7283118,modern-premier-7283118-2014-07-14
3,4,Architects of Will,,Creatures,4,1,Living End,Oestrus,201 tix,$ 861,240541,2014-07-14,Modern Premier #7283118,modern,modern-premier-7283118,modern-premier-7283118-2014-07-14
4,4,Deadshot Minotaur,,Creatures,4,1,Living End,Oestrus,201 tix,$ 861,240541,2014-07-14,Modern Premier #7283118,modern,modern-premier-7283118,modern-premier-7283118-2014-07-14
5,4,Monstrous Carabid,,Creatures,4,1,Living End,Oestrus,201 tix,$ 861,240541,2014-07-14,Modern Premier #7283118,modern,modern-premier-7283118,modern-premier-7283118-2014-07-14
6,4,Street Wraith,,Creatures,4,1,Living End,Oestrus,201 tix,$ 861,240541,2014-07-14,Modern Premier #7283118,modern,modern-premier-7283118,modern-premier-7283118-2014-07-14
7,4,Pale Recluse,,Creatures,4,1,Living End,Oestrus,201 tix,$ 861,240541,2014-07-14,Modern Premier #7283118,modern,modern-premier-7283118,modern-premier-7283118-2014-07-14
8,1,Jungle Weaver,,Creatures,4,1,Living End,Oestrus,201 tix,$ 861,240541,2014-07-14,Modern Premier #7283118,modern,modern-premier-7283118,modern-premier-7283118-2014-07-14
10,3,Living End,,Spells,4,1,Living End,Oestrus,201 tix,$ 861,240541,2014-07-14,Modern Premier #7283118,modern,modern-premier-7283118,modern-premier-7283118-2014-07-14
11,4,Demonic Dread,,Spells,4,1,Living End,Oestrus,201 tix,$ 861,240541,2014-07-14,Modern Premier #7283118,modern,modern-premier-7283118,modern-premier-7283118-2014-07-14
12,2,Dismember,,Spells,4,1,Living End,Oestrus,201 tix,$ 861,240541,2014-07-14,Modern Premier #7283118,modern,modern-premier-7283118,modern-premier-7283118-2014-07-14
13,4,Violent Outburst,,Spells,4,1,Living End,Oestrus,201 tix,$ 861,240541,2014-07-14,Modern Premier #7283118,modern,modern-premier-7283118,modern-premier-7283118-2014-07-14
15,3,Blackcleave Cliffs,,Lands,4,1,Living End,Oestrus,201 tix,$ 861,240541,2014-07-14,Modern Premier #7283118,modern,modern-premier-7283118,modern-premier-7283118-2014-07-14
16,1,Blood Crypt,,Lands,4,1,Living End,Oestrus,201 tix,$ 861,240541,2014-07-14,Modern Premier #7283118,modern,modern-premier-7283118,modern-premier-7283118-2014-07-14
17,4,Copperline Gorge,,Lands,4,1,Living End,Oestrus,201 tix,$ 861,240541,2014-07-14,Modern Premier #7283118,modern,modern-premier-7283118,modern-premier-7283118-2014-07-14
18,1,Forest,,Lands,4,1,Living End,Oestrus,201 tix,$ 861,240541,2014-07-14,Modern Premier #7283118,modern,modern-premier-7283118,modern-premier-7283118-2014-07-14
19,1,Godless Shrine,,Lands,4,1,Living End,Oestrus,201 tix,$ 861,240541,2014-07-14,Modern Premier #7283118,modern,modern-premier-7283118,modern-premier-7283118-2014-07-14
20,1,Kessig Wolf Run,,Lands,4,1,Living End,Oestrus,201 tix,$ 861,240541,2014-07-14,Modern Premier #7283118,modern,modern-premier-7283118,modern-premier-7283118-2014-07-14
21,2,Overgrown Tomb,,Lands,4,1,Living End,Oestrus,201 tix,$ 861,240541,2014-07-14,Modern Premier #7283118,modern,modern-premier-7283118,modern-premier-7283118-2014-07-14
22,1,Stomping Ground,,Lands,4,1,Living End,Oestrus,201 tix,$ 861,240541,2014-07-14,Modern Premier #7283118,modern,modern-premier-7283118,modern-premier-7283118-2014-07-14
23,1,Swamp,,Lands,4,1,Living End,Oestrus,201 tix,$ 861,240541,2014-07-14,Modern Premier #7283118,modern,modern-premier-7283118,modern-premier-7283118-2014-07-14
24,4,Verdant Catacombs,,Lands,4,1,Living End,Oestrus,201 tix,$ 861,240541,2014-07-14,Modern Premier #7283118,modern,modern-premier-7283118,modern-premier-7283118-2014-07-14
26,1,Damping Matrix,,Sideboard,4,1,Living End,Oestrus,201 tix,$ 861,240541,2014-07-14,Modern Premier #7283118,modern,modern-premier-7283118,modern-premier-7283118-2014-07-14
27,4,Leyline of the Void,,Sideboard,4,1,Living End,Oestrus,201 tix,$ 861,240541,2014-07-14,Modern Premier #7283118,modern,modern-premier-7283118,modern-premier-7283118-2014-07-14
28,4,Ricochet Trap,,Sideboard,4,1,Living End,Oestrus,201 tix,$ 861,240541,2014-07-14,Modern Premier #7283118,modern,modern-premier-7283118,modern-premier-7283118-2014-07-14
29,3,Slaughter Games,,Sideboard,4,1,Living End,Oestrus,201 tix,$ 861,240541,2014-07-14,Modern Premier #7283118,modern,modern-premier-7283118,modern-premier-7283118-2014-07-14
30,3,Ingot Chewer,,Sideboard,4,1,Living End,Oestrus,201 tix,$ 861,240541,2014-07-14,Modern Premier #7283118,modern,modern-premier-7283118,modern-premier-7283118-2014-07-14
1,4,Cursecatcher,,Creatures,4,1,Merfolk,ruggles442,148 tix,$ 400,240543,2014-07-14,Modern Premier #7283118,modern,modern-premier-7283118,modern-premier-7283118-2014-07-14
2,4,Lord of Atlantis,,Creatures,4,1,Merfolk,ruggles442,148 tix,$ 400,240543,2014-07-14,Modern Premier #7283118,modern,modern-premier-7283118,modern-premier-7283118-2014-07-14
3,4,Master of the Pearl Trident,,Creatures,4,1,Merfolk,ruggles442,148 tix,$ 400,240543,2014-07-14,Modern Premier #7283118,modern,modern-premier-7283118,modern-premier-7283118-2014-07-14
4,4,Silvergill Adept,,Creatures,4,1,Merfolk,ruggles442,148 tix,$ 400,240543,2014-07-14,Modern Premier #7283118,modern,modern-premier-7283118,modern-premier-7283118-2014-07-14
5,1,"Sygg, River Cutthroat",,Creatures,4,1,Merfolk,ruggles442,148 tix,$ 400,240543,2014-07-14,Modern Premier #7283118,modern,modern-premier-7283118,modern-premier-7283118-2014-07-14
6,1,"Kira, Great Glass-Spinner",,Creatures,4,1,Merfolk,ruggles442,148 tix,$ 400,240543,2014-07-14,Modern Premier #7283118,modern,modern-premier-7283118,modern-premier-7283118-2014-07-14
7,4,Merrow Reejerey,,Creatures,4,1,Merfolk,ruggles442,148 tix,$ 400,240543,2014-07-14,Modern Premier #7283118,modern,modern-premier-7283118,modern-premier-7283118-2014-07-14
8,2,"Thassa, God of the Sea",,Creatures,4,1,Merfolk,ruggles442,148 tix,$ 400,240543,2014-07-14,Modern Premier #7283118,modern,modern-premier-7283118,modern-premier-7283118-2014-07-14
10,4,Vapor Snag,,Spells,4,1,Merfolk,ruggles442,148 tix,$ 400,240543,2014-07-14,Modern Premier #7283118,modern,modern-premier-7283118,modern-premier-7283118-2014-07-14
11,4,Remand,,Spells,4,1,Merfolk,ruggles442,148 tix,$ 400,240543,2014-07-14,Modern Premier #7283118,modern,modern-premier-7283118,modern-premier-7283118-2014-07-14
13,4,Aether Vial,,Artifacts,4,1,Merfolk,ruggles442,148 tix,$ 400,240543,2014-07-14,Modern Premier #7283118,modern,modern-premier-7283118,modern-premier-7283118-2014-07-14
15,4,Spreading Seas,,Enchantments,4,1,Merfolk,ruggles442,148 tix,$ 400,240543,2014-07-14,Modern Premier #7283118,modern,modern-premier-7283118,modern-premier-7283118-2014-07-14
17,2,Ghost Quarter,,Lands,4,1,Merfolk,ruggles442,148 tix,$ 400,240543,2014-07-14,Modern Premier #7283118,modern,modern-premier-7283118,modern-premier-7283118-2014-07-14
18,14,Island,,Lands,4,1,Merfolk,ruggles442,148 tix,$ 400,240543,2014-07-14,Modern Premier #7283118,modern,modern-premier-7283118,modern-premier-7283118-2014-07-14
19,4,Mutavault,,Lands,4,1,Merfolk,ruggles442,148 tix,$ 400,240543,2014-07-14,Modern Premier #7283118,modern,modern-premier-7283118,modern-premier-7283118-2014-07-14
21,2,Pithing Needle,,Sideboard,4,1,Merfolk,ruggles442,148 tix,$ 400,240543,2014-07-14,Modern Premier #7283118,modern,modern-premier-7283118,modern-premier-7283118-2014-07-14
22,3,Echoing Truth,,Sideboard,4,1,Merfolk,ruggles442,148 tix,$ 400,240543,2014-07-14,Modern Premier #7283118,modern,modern-premier-7283118,modern-premier-7283118-2014-07-14
23,3,Hurkyl's Recall,,Sideboard,4,1,Merfolk,ruggles442,148 tix,$ 400,240543,2014-07-14,Modern Premier #7283118,modern,modern-premier-7283118,modern-premier-7283118-2014-07-14
24,2,Shadow of Doubt,,Sideboard,4,1,Merfolk,ruggles442,148 tix,$ 400,240543,2014-07-14,Modern Premier #7283118,modern,modern-premier-7283118,modern-premier-7283118-2014-07-14
25,3,Spellskite,,Sideboard,4,1,Merfolk,ruggles442,148 tix,$ 400,240543,2014-07-14,Modern Premier #7283118,modern,modern-premier-7283118,modern-premier-7283118-2014-07-14
26,2,Torpor Orb,,Sideboard,4,1,Merfolk,ruggles442,148 tix,$ 400,240543,2014-07-14,Modern Premier #7283118,modern,modern-premier-7283118,modern-premier-7283118-2014-07-14
1,4,Wall of Omens,,Creatures,3,2,Dead Guy Ale,pelli,282 tix,$ 837,240548,2014-07-14,Modern Premier #7283118,modern,modern-premier-7283118,modern-premier-7283118-2014-07-14
2,2,Desecration Demon,,Creatures,3,2,Dead Guy Ale,pelli,282 tix,$ 837,240548,2014-07-14,Modern Premier #7283118,modern,modern-premier-7283118,modern-premier-7283118-2014-07-14
4,3,Liliana of the Veil,,Planeswalkers,3,2,Dead Guy Ale,pelli,282 tix,$ 837,240548,2014-07-14,Modern Premier #7283118,modern,modern-premier-7283118,modern-premier-7283118-2014-07-14
5,1,"Elspeth, Knight-Errant",,Planeswalkers,3,2,Dead Guy Ale,pelli,282 tix,$ 837,240548,2014-07-14,Modern Premier #7283118,modern,modern-premier-7283118,modern-premier-7283118-2014-07-14
6,2,"Sorin, Lord of Innistrad",,Planeswalkers,3,2,Dead Guy Ale,pelli,282 tix,$ 837,240548,2014-07-14,Modern Premier #7283118,modern,modern-premier-7283118,modern-premier-7283118-2014-07-14
8,1,Slaughter Pact,,Spells,3,2,Dead Guy Ale,pelli,282 tix,$ 837,240548,2014-07-14,Modern Premier #7283118,modern,modern-premier-7283118,modern-premier-7283118-2014-07-14
9,4,Inquisition of Kozilek,,Spells,3,2,Dead Guy Ale,pelli,282 tix,$ 837,240548,2014-07-14,Modern Premier #7283118,modern,modern-premier-7283118,modern-premier-7283118-2014-07-14
10,3,Thoughtseize,,Spells,3,2,Dead Guy Ale,pelli,282 tix,$ 837,240548,2014-07-14,Modern Premier #7283118,modern,modern-premier-7283118,modern-premier-7283118-2014-07-14
11,2,Doom Blade,,Spells,3,2,Dead Guy Ale,pelli,282 tix,$ 837,240548,2014-07-14,Modern Premier #7283118,modern,modern-premier-7283118,modern-premier-7283118-2014-07-14
12,4,Smallpox,,Spells,3,2,Dead Guy Ale,pelli,282 tix,$ 837,240548,2014-07-14,Modern Premier #7283118,modern,modern-premier-7283118,modern-premier-7283118-2014-07-14
13,2,Smother,,Spells,3,2,Dead Guy Ale,pelli,282 tix,$ 837,240548,2014-07-14,Modern Premier #7283118,modern,modern-premier-7283118,modern-premier-7283118-2014-07-14
14,4,Lingering Souls,,Spells,3,2,Dead Guy Ale,pelli,282 tix,$ 837,240548,2014-07-14,Modern Premier #7283118,modern,modern-premier-7283118,modern-premier-7283118-2014-07-14
15,1,Timely Reinforcements,,Spells,3,2,Dead Guy Ale,pelli,282 tix,$ 837,240548,2014-07-14,Modern Premier #7283118,modern,modern-premier-7283118,modern-premier-7283118-2014-07-14
16,2,Damnation,,Spells,3,2,Dead Guy Ale,pelli,282 tix,$ 837,240548,2014-07-14,Modern Premier #7283118,modern,modern-premier-7283118,modern-premier-7283118-2014-07-14
18,4,Godless Shrine,,Lands,3,2,Dead Guy Ale,pelli,282 tix,$ 837,240548,2014-07-14,Modern Premier #7283118,modern,modern-premier-7283118,modern-premier-7283118-2014-07-14
19,4,Isolated Chapel,,Lands,3,2,Dead Guy Ale,pelli,282 tix,$ 837,240548,2014-07-14,Modern Premier #7283118,modern,modern-premier-7283118,modern-premier-7283118-2014-07-14
20,4,Marsh Flats,,Lands,3,2,Dead Guy Ale,pelli,282 tix,$ 837,240548,2014-07-14,Modern Premier #7283118,modern,modern-premier-7283118,modern-premier-7283118-2014-07-14
21,2,Plains,,Lands,3,2,Dead Guy Ale,pelli,282 tix,$ 837,240548,2014-07-14,Modern Premier #7283118,modern,modern-premier-7283118,modern-premier-7283118-2014-07-14
22,4,Swamp,,Lands,3,2,Dead Guy Ale,pelli,282 tix,$ 837,240548,2014-07-14,Modern Premier #7283118,modern,modern-premier-7283118,modern-premier-7283118-2014-07-14
23,4,Tectonic Edge,,Lands,3,2,Dead Guy Ale,pelli,282 tix,$ 837,240548,2014-07-14,Modern Premier #7283118,modern,modern-premier-7283118,modern-premier-7283118-2014-07-14
24,2,Temple of Silence,,Lands,3,2,Dead Guy Ale,pelli,282 tix,$ 837,240548,2014-07-14,Modern Premier #7283118,modern,modern-premier-7283118,modern-premier-7283118-2014-07-14
25,1,Verdant Catacombs,,Lands,3,2,Dead Guy Ale,pelli,282 tix,$ 837,240548,2014-07-14,Modern Premier #7283118,modern,modern-premier-7283118,modern-premier-7283118-2014-07-14
27,2,Duress,,Sideboard,3,2,Dead Guy Ale,pelli,282 tix,$ 837,240548,2014-07-14,Modern Premier #7283118,modern,modern-premier-7283118,modern-premier-7283118-2014-07-14
28,2,"Kataki, War's Wage",,Sideboard,3,2,Dead Guy Ale,pelli,282 tix,$ 837,240548,2014-07-14,Modern Premier #7283118,modern,modern-premier-7283118,modern-premier-7283118-2014-07-14
29,2,Rest in Peace,,Sideboard,3,2,Dead Guy Ale,pelli,282 tix,$ 837,240548,2014-07-14,Modern Premier #7283118,modern,modern-premier-7283118,modern-premier-7283118-2014-07-14
30,1,Stony Silence,,Sideboard,3,2,Dead Guy Ale,pelli,282 tix,$ 837,240548,2014-07-14,Modern Premier #7283118,modern,modern-premier-7283118,modern-premier-7283118-2014-07-14
31,1,Damping Matrix,,Sideboard,3,2,Dead Guy Ale,pelli,282 tix,$ 837,240548,2014-07-14,Modern Premier #7283118,modern,modern-premier-7283118,modern-premier-7283118-2014-07-14
32,2,Lifebane Zombie,,Sideboard,3,2,Dead Guy Ale,pelli,282 tix,$ 837,240548,2014-07-14,Modern Premier #7283118,modern,modern-premier-7283118,modern-premier-7283118-2014-07-14
33,2,Rain of Tears,,Sideboard,3,2,Dead Guy Ale,pelli,282 tix,$ 837,240548,2014-07-14,Modern Premier #7283118,modern,modern-premier-7283118,modern-premier-7283118-2014-07-14
34,2,Timely Reinforcements,,Sideboard,3,2,Dead Guy Ale,pelli,282 tix,$ 837,240548,2014-07-14,Modern Premier #7283118,modern,modern-premier-7283118,modern-premier-7283118-2014-07-14
35,1,"Linvala, Keeper of Silence",,Sideboard,3,2,Dead Guy Ale,pelli,282 tix,$ 837,240548,2014-07-14,Modern Premier #7283118,modern,modern-premier-7283118,modern-premier-7283118-2014-07-14
1,4,Glistener Elf,,Creatures,3,2,Infect,Boydjw2,60 tix,$ 132,240549,2014-07-14,Modern Premier #7283118,modern,modern-premier-7283118,modern-premier-7283118-2014-07-14
2,4,Ichorclaw Myr,,Creatures,3,2,Infect,Boydjw2,60 tix,$ 132,240549,2014-07-14,Modern Premier #7283118,modern,modern-premier-7283118,modern-premier-7283118-2014-07-14
3,2,Necropede,,Creatures,3,2,Infect,Boydjw2,60 tix,$ 132,240549,2014-07-14,Modern Premier #7283118,modern,modern-premier-7283118,modern-premier-7283118-2014-07-14
5,4,Giant Growth,,Spells,3,2,Infect,Boydjw2,60 tix,$ 132,240549,2014-07-14,Modern Premier #7283118,modern,modern-premier-7283118,modern-premier-7283118-2014-07-14
6,4,Groundswell,,Spells,3,2,Infect,Boydjw2,60 tix,$ 132,240549,2014-07-14,Modern Premier #7283118,modern,modern-premier-7283118,modern-premier-7283118-2014-07-14
7,4,Mutagenic Growth,,Spells,3,2,Infect,Boydjw2,60 tix,$ 132,240549,2014-07-14,Modern Premier #7283118,modern,modern-premier-7283118,modern-premier-7283118-2014-07-14
8,4,Vines of Vastwood,,Spells,3,2,Infect,Boydjw2,60 tix,$ 132,240549,2014-07-14,Modern Premier #7283118,modern,modern-premier-7283118,modern-premier-7283118-2014-07-14
9,4,Apostle's Blessing,,Spells,3,2,Infect,Boydjw2,60 tix,$ 132,240549,2014-07-14,Modern Premier #7283118,modern,modern-premier-7283118,modern-premier-7283118-2014-07-14
10,2,Sylvan Scrying,,Spells,3,2,Infect,Boydjw2,60 tix,$ 132,240549,2014-07-14,Modern Premier #7283118,modern,modern-premier-7283118,modern-premier-7283118-2014-07-14
11,2,Dismember,,Spells,3,2,Infect,Boydjw2,60 tix,$ 132,240549,2014-07-14,Modern Premier #7283118,modern,modern-premier-7283118,modern-premier-7283118-2014-07-14
13,4,Rancor,,Enchantments,3,2,Infect,Boydjw2,60 tix,$ 132,240549,2014-07-14,Modern Premier #7283118,modern,modern-premier-7283118,modern-premier-7283118-2014-07-14
15,4,Cathedral of War,,Lands,3,2,Infect,Boydjw2,60 tix,$ 132,240549,2014-07-14,Modern Premier #7283118,modern,modern-premier-7283118,modern-premier-7283118-2014-07-14
16,13,Forest,,Lands,3,2,Infect,Boydjw2,60 tix,$ 132,240549,2014-07-14,Modern Premier #7283118,modern,modern-premier-7283118,modern-premier-7283118-2014-07-14
17,4,Inkmoth Nexus,,Lands,3,2,Infect,Boydjw2,60 tix,$ 132,240549,2014-07-14,Modern Premier #7283118,modern,modern-premier-7283118,modern-premier-7283118-2014-07-14
18,1,Pendelhaven,,Lands,3,2,Infect,Boydjw2,60 tix,$ 132,240549,2014-07-14,Modern Premier #7283118,modern,modern-premier-7283118,modern-premier-7283118-2014-07-14
20,1,Forest,,Sideboard,3,2,Infect,Boydjw2,60 tix,$ 132,240549,2014-07-14,Modern Premier #7283118,modern,modern-premier-7283118,modern-premier-7283118-2014-07-14
21,4,Tormod's Crypt,,Sideboard,3,2,Infect,Boydjw2,60 tix,$ 132,240549,2014-07-14,Modern Premier #7283118,modern,modern-premier-7283118,modern-premier-7283118-2014-07-14
22,2,Guttural Response,,Sideboard,3,2,Infect,Boydjw2,60 tix,$ 132,240549,2014-07-14,Modern Premier #7283118,modern,modern-premier-7283118,modern-premier-7283118-2014-07-14
23,4,Nature's Claim,,Sideboard,3,2,Infect,Boydjw2,60 tix,$ 132,240549,2014-07-14,Modern Premier #7283118,modern,modern-premier-7283118,modern-premier-7283118-2014-07-14
24,2,Sylvan Scrying,,Sideboard,3,2,Infect,Boydjw2,60 tix,$ 132,240549,2014-07-14,Modern Premier #7283118,modern,modern-premier-7283118,modern-premier-7283118-2014-07-14
25,1,Dismember,,Sideboard,3,2,Infect,Boydjw2,60 tix,$ 132,240549,2014-07-14,Modern Premier #7283118,modern,modern-premier-7283118,modern-premier-7283118-2014-07-14
26,1,Creeping Corrosion,,Sideboard,3,2,Infect,Boydjw2,60 tix,$ 132,240549,2014-07-14,Modern Premier #7283118,modern,modern-premier-7283118,modern-premier-7283118-2014-07-14
1,4,Dark Confidant,,Creatures,3,2,Junk,jcokn,482 tix,"$ 1,663",240545,2014-07-14,Modern Premier #7283118,modern,modern-premier-7283118,modern-premier-7283118-2014-07-14
2,3,Scavenging Ooze,,Creatures,3,2,Junk,jcokn,482 tix,"$ 1,663",240545,2014-07-14,Modern Premier #7283118,modern,modern-premier-7283118,modern-premier-7283118-2014-07-14
3,4,Tarmogoyf,,Creatures,3,2,Junk,jcokn,482 tix,"$ 1,663",240545,2014-07-14,Modern Premier #7283118,modern,modern-premier-7283118,modern-premier-7283118-2014-07-14
4,1,Courser of Kruphix,,Creatures,3,2,Junk,jcokn,482 tix,"$ 1,663",240545,2014-07-14,Modern Premier #7283118,modern,modern-premier-7283118,modern-premier-7283118-2014-07-14
6,3,Liliana of the Veil,,Planeswalkers,3,2,Junk,jcokn,482 tix,"$ 1,663",240545,2014-07-14,Modern Premier #7283118,modern,modern-premier-7283118,modern-premier-7283118-2014-07-14
7,2,Garruk Wildspeaker,,Planeswalkers,3,2,Junk,jcokn,482 tix,"$ 1,663",240545,2014-07-14,Modern Premier #7283118,modern,modern-premier-7283118,modern-premier-7283118-2014-07-14
9,3,Inquisition of Kozilek,,Spells,3,2,Junk,jcokn,482 tix,"$ 1,663",240545,2014-07-14,Modern Premier #7283118,modern,modern-premier-7283118,modern-premier-7283118-2014-07-14
10,4,Thoughtseize,,Spells,3,2,Junk,jcokn,482 tix,"$ 1,663",240545,2014-07-14,Modern Premier #7283118,modern,modern-premier-7283118,modern-premier-7283118-2014-07-14
11,4,Abrupt Decay,,Spells,3,2,Junk,jcokn,482 tix,"$ 1,663",240545,2014-07-14,Modern Premier #7283118,modern,modern-premier-7283118,modern-premier-7283118-2014-07-14
12,1,Death Cloud,,Spells,3,2,Junk,jcokn,482 tix,"$ 1,663",240545,2014-07-14,Modern Premier #7283118,modern,modern-premier-7283118,modern-premier-7283118-2014-07-14
13,1,Dismember,,Spells,3,2,Junk,jcokn,482 tix,"$ 1,663",240545,2014-07-14,Modern Premier #7283118,modern,modern-premier-7283118,modern-premier-7283118-2014-07-14
14,3,Lingering Souls,,Spells,3,2,Junk,jcokn,482 tix,"$ 1,663",240545,2014-07-14,Modern Premier #7283118,modern,modern-premier-7283118,modern-premier-7283118-2014-07-14
15,1,Maelstrom Pulse,,Spells,3,2,Junk,jcokn,482 tix,"$ 1,663",240545,2014-07-14,Modern Premier #7283118,modern,modern-premier-7283118,modern-premier-7283118-2014-07-14
17,1,Batterskull,,Artifacts,3,2,Junk,jcokn,482 tix,"$ 1,663",240545,2014-07-14,Modern Premier #7283118,modern,modern-premier-7283118,modern-premier-7283118-2014-07-14
19,1,Forest,,Lands,3,2,Junk,jcokn,482 tix,"$ 1,663",240545,2014-07-14,Modern Premier #7283118,modern,modern-premier-7283118,modern-premier-7283118-2014-07-14
20,1,Godless Shrine,,Lands,3,2,Junk,jcokn,482 tix,"$ 1,663",240545,2014-07-14,Modern Premier #7283118,modern,modern-premier-7283118,modern-premier-7283118-2014-07-14
21,4,Marsh Flats,,Lands,3,2,Junk,jcokn,482 tix,"$ 1,663",240545,2014-07-14,Modern Premier #7283118,modern,modern-premier-7283118,modern-premier-7283118-2014-07-14
22,2,Overgrown Tomb,,Lands,3,2,Junk,jcokn,482 tix,"$ 1,663",240545,2014-07-14,Modern Premier #7283118,modern,modern-premier-7283118,modern-premier-7283118-2014-07-14
23,1,Plains,,Lands,3,2,Junk,jcokn,482 tix,"$ 1,663",240545,2014-07-14,Modern Premier #7283118,modern,modern-premier-7283118,modern-premier-7283118-2014-07-14
24,3,Swamp,,Lands,3,2,Junk,jcokn,482 tix,"$ 1,663",240545,2014-07-14,Modern Premier #7283118,modern,modern-premier-7283118,modern-premier-7283118-2014-07-14
25,4,Tectonic Edge,,Lands,3,2,Junk,jcokn,482 tix,"$ 1,663",240545,2014-07-14,Modern Premier #7283118,modern,modern-premier-7283118,modern-premier-7283118-2014-07-14
26,1,Temple Garden,,Lands,3,2,Junk,jcokn,482 tix,"$ 1,663",240545,2014-07-14,Modern Premier #7283118,modern,modern-premier-7283118,modern-premier-7283118-2014-07-14
27,4,Treetop Village,,Lands,3,2,Junk,jcokn,482 tix,"$ 1,663",240545,2014-07-14,Modern Premier #7283118,modern,modern-premier-7283118,modern-premier-7283118-2014-07-14
28,4,Verdant Catacombs,,Lands,3,2,Junk,jcokn,482 tix,"$ 1,663",240545,2014-07-14,Modern Premier #7283118,modern,modern-premier-7283118,modern-premier-7283118-2014-07-14
30,1,Golgari Charm,,Sideboard,3,2,Junk,jcokn,482 tix,"$ 1,663",240545,2014-07-14,Modern Premier #7283118,modern,modern-premier-7283118,modern-premier-7283118-2014-07-14
31,2,Stony Silence,,Sideboard,3,2,Junk,jcokn,482 tix,"$ 1,663",240545,2014-07-14,Modern Premier #7283118,modern,modern-premier-7283118,modern-premier-7283118-2014-07-14
32,2,Torpor Orb,,Sideboard,3,2,Junk,jcokn,482 tix,"$ 1,663",240545,2014-07-14,Modern Premier #7283118,modern,modern-premier-7283118,modern-premier-7283118-2014-07-14
33,2,Lifebane Zombie,,Sideboard,3,2,Junk,jcokn,482 tix,"$ 1,663",240545,2014-07-14,Modern Premier #7283118,modern,modern-premier-7283118,modern-premier-7283118-2014-07-14
34,3,Rain of Tears,,Sideboard,3,2,Junk,jcokn,482 tix,"$ 1,663",240545,2014-07-14,Modern Premier #7283118,modern,modern-premier-7283118,modern-premier-7283118-2014-07-14
35,2,Creeping Corrosion,,Sideboard,3,2,Junk,jcokn,482 tix,"$ 1,663",240545,2014-07-14,Modern Premier #7283118,modern,modern-premier-7283118,modern-premier-7283118-2014-07-14
36,2,Obstinate Baloth,,Sideboard,3,2,Junk,jcokn,482 tix,"$ 1,663",240545,2014-07-14,Modern Premier #7283118,modern,modern-premier-7283118,modern-premier-7283118-2014-07-14
37,1,Sun Titan,,Sideboard,3,2,Junk,jcokn,482 tix,"$ 1,663",240545,2014-07-14,Modern Premier #7283118,modern,modern-premier-7283118,modern-premier-7283118-2014-07-14
1,4,Dark Confidant,,Creatures,3,2,Junk,Zwischenzug,545 tix,"$ 1,784",240547,2014-07-14,Modern Premier #7283118,modern,modern-premier-7283118,modern-premier-7283118-2014-07-14
2,4,Scavenging Ooze,,Creatures,3,2,Junk,Zwischenzug,545 tix,"$ 1,784",240547,2014-07-14,Modern Premier #7283118,modern,modern-premier-7283118,modern-premier-7283118-2014-07-14
3,4,Tarmogoyf,,Creatures,3,2,Junk,Zwischenzug,545 tix,"$ 1,784",240547,2014-07-14,Modern Premier #7283118,modern,modern-premier-7283118,modern-premier-7283118-2014-07-14
4,2,Courser of Kruphix,,Creatures,3,2,Junk,Zwischenzug,545 tix,"$ 1,784",240547,2014-07-14,Modern Premier #7283118,modern,modern-premier-7283118,modern-premier-7283118-2014-07-14
5,2,Fulminator Mage,,Creatures,3,2,Junk,Zwischenzug,545 tix,"$ 1,784",240547,2014-07-14,Modern Premier #7283118,modern,modern-premier-7283118,modern-premier-7283118-2014-07-14
6,3,Phyrexian Obliterator,,Creatures,3,2,Junk,Zwischenzug,545 tix,"$ 1,784",240547,2014-07-14,Modern Premier #7283118,modern,modern-premier-7283118,modern-premier-7283118-2014-07-14
8,3,Liliana of the Veil,,Planeswalkers,3,2,Junk,Zwischenzug,545 tix,"$ 1,784",240547,2014-07-14,Modern Premier #7283118,modern,modern-premier-7283118,modern-premier-7283118-2014-07-14
10,2,Slaughter Pact,,Spells,3,2,Junk,Zwischenzug,545 tix,"$ 1,784",240547,2014-07-14,Modern Premier #7283118,modern,modern-premier-7283118,modern-premier-7283118-2014-07-14
11,3,Inquisition of Kozilek,,Spells,3,2,Junk,Zwischenzug,545 tix,"$ 1,784",240547,2014-07-14,Modern Premier #7283118,modern,modern-premier-7283118,modern-premier-7283118-2014-07-14
12,3,Thoughtseize,,Spells,3,2,Junk,Zwischenzug,545 tix,"$ 1,784",240547,2014-07-14,Modern Premier #7283118,modern,modern-premier-7283118,modern-premier-7283118-2014-07-14
13,4,Abrupt Decay,,Spells,3,2,Junk,Zwischenzug,545 tix,"$ 1,784",240547,2014-07-14,Modern Premier #7283118,modern,modern-premier-7283118,modern-premier-7283118-2014-07-14
14,1,Dismember,,Spells,3,2,Junk,Zwischenzug,545 tix,"$ 1,784",240547,2014-07-14,Modern Premier #7283118,modern,modern-premier-7283118,modern-premier-7283118-2014-07-14
15,1,Maelstrom Pulse,,Spells,3,2,Junk,Zwischenzug,545 tix,"$ 1,784",240547,2014-07-14,Modern Premier #7283118,modern,modern-premier-7283118,modern-premier-7283118-2014-07-14
17,1,Forest,,Lands,3,2,Junk,Zwischenzug,545 tix,"$ 1,784",240547,2014-07-14,Modern Premier #7283118,modern,modern-premier-7283118,modern-premier-7283118-2014-07-14
18,2,Marsh Flats,,Lands,3,2,Junk,Zwischenzug,545 tix,"$ 1,784",240547,2014-07-14,Modern Premier #7283118,modern,modern-premier-7283118,modern-premier-7283118-2014-07-14
19,3,Overgrown Tomb,,Lands,3,2,Junk,Zwischenzug,545 tix,"$ 1,784",240547,2014-07-14,Modern Premier #7283118,modern,modern-premier-7283118,modern-premier-7283118-2014-07-14
20,4,Swamp,,Lands,3,2,Junk,Zwischenzug,545 tix,"$ 1,784",240547,2014-07-14,Modern Premier #7283118,modern,modern-premier-7283118,modern-premier-7283118-2014-07-14
21,4,Treetop Village,,Lands,3,2,Junk,Zwischenzug,545 tix,"$ 1,784",240547,2014-07-14,Modern Premier #7283118,modern,modern-premier-7283118,modern-premier-7283118-2014-07-14
22,4,Twilight Mire,,Lands,3,2,Junk,Zwischenzug,545 tix,"$ 1,784",240547,2014-07-14,Modern Premier #7283118,modern,modern-premier-7283118,modern-premier-7283118-2014-07-14
23,1,"Urborg, Tomb of Yawgmoth",,Lands,3,2,Junk,Zwischenzug,545 tix,"$ 1,784",240547,2014-07-14,Modern Premier #7283118,modern,modern-premier-7283118,modern-premier-7283118-2014-07-14
24,4,Verdant Catacombs,,Lands,3,2,Junk,Zwischenzug,545 tix,"$ 1,784",240547,2014-07-14,Modern Premier #7283118,modern,modern-premier-7283118,modern-premier-7283118-2014-07-14
25,1,Woodland Cemetery,,Lands,3,2,Junk,Zwischenzug,545 tix,"$ 1,784",240547,2014-07-14,Modern Premier #7283118,modern,modern-premier-7283118,modern-premier-7283118-2014-07-14
27,1,Duress,,Sideboard,3,2,Junk,Zwischenzug,545 tix,"$ 1,784",240547,2014-07-14,Modern Premier #7283118,modern,modern-premier-7283118,modern-premier-7283118-2014-07-14
28,2,Grafdigger's Cage,,Sideboard,3,2,Junk,Zwischenzug,545 tix,"$ 1,784",240547,2014-07-14,Modern Premier #7283118,modern,modern-premier-7283118,modern-premier-7283118-2014-07-14
29,2,Golgari Charm,,Sideboard,3,2,Junk,Zwischenzug,545 tix,"$ 1,784",240547,2014-07-14,Modern Premier #7283118,modern,modern-premier-7283118,modern-premier-7283118-2014-07-14
30,1,Shadow of Doubt,,Sideboard,3,2,Junk,Zwischenzug,545 tix,"$ 1,784",240547,2014-07-14,Modern Premier #7283118,modern,modern-premier-7283118,modern-premier-7283118-2014-07-14
31,2,Drown in Sorrow,,Sideboard,3,2,Junk,Zwischenzug,545 tix,"$ 1,784",240547,2014-07-14,Modern Premier #7283118,modern,modern-premier-7283118,modern-premier-7283118-2014-07-14
32,2,Fulminator Mage,,Sideboard,3,2,Junk,Zwischenzug,545 tix,"$ 1,784",240547,2014-07-14,Modern Premier #7283118,modern,modern-premier-7283118,modern-premier-7283118-2014-07-14
33,2,Creeping Corrosion,,Sideboard,3,2,Junk,Zwischenzug,545 tix,"$ 1,784",240547,2014-07-14,Modern Premier #7283118,modern,modern-premier-7283118,modern-premier-7283118-2014-07-14
34,2,Obstinate Baloth,,Sideboard,3,2,Junk,Zwischenzug,545 tix,"$ 1,784",240547,2014-07-14,Modern Premier #7283118,modern,modern-premier-7283118,modern-premier-7283118-2014-07-14
35,1,"Thrun, the Last Troll",,Sideboard,3,2,Junk,Zwischenzug,545 tix,"$ 1,784",240547,2014-07-14,Modern Premier #7283118,modern,modern-premier-7283118,modern-premier-7283118-2014-07-14
1,4,Birds of Paradise,,Creatures,3,2,Melira Pod,_VFS_,286 tix,$ 880,240546,2014-07-14,Modern Premier #7283118,modern,modern-premier-7283118,modern-premier-7283118-2014-07-14
2,3,Noble Hierarch,,Creatures,3,2,Melira Pod,_VFS_,286 tix,$ 880,240546,2014-07-14,Modern Premier #7283118,modern,modern-premier-7283118,modern-premier-7283118-2014-07-14
3,1,Qasali Pridemage,,Creatures,3,2,Melira Pod,_VFS_,286 tix,$ 880,240546,2014-07-14,Modern Premier #7283118,modern,modern-premier-7283118,modern-premier-7283118-2014-07-14
4,1,Scavenging Ooze,,Creatures,3,2,Melira Pod,_VFS_,286 tix,$ 880,240546,2014-07-14,Modern Premier #7283118,modern,modern-premier-7283118,modern-premier-7283118-2014-07-14
5,1,Spellskite,,Creatures,3,2,Melira Pod,_VFS_,286 tix,$ 880,240546,2014-07-14,Modern Premier #7283118,modern,modern-premier-7283118,modern-premier-7283118-2014-07-14
6,2,Voice of Resurgence,,Creatures,3,2,Melira Pod,_VFS_,286 tix,$ 880,240546,2014-07-14,Modern Premier #7283118,modern,modern-premier-7283118,modern-premier-7283118-2014-07-14
7,2,Wall of Roots,,Creatures,3,2,Melira Pod,_VFS_,286 tix,$ 880,240546,2014-07-14,Modern Premier #7283118,modern,modern-premier-7283118,modern-premier-7283118-2014-07-14
8,1,Eternal Witness,,Creatures,3,2,Melira Pod,_VFS_,286 tix,$ 880,240546,2014-07-14,Modern Premier #7283118,modern,modern-premier-7283118,modern-premier-7283118-2014-07-14
9,4,Kitchen Finks,,Creatures,3,2,Melira Pod,_VFS_,286 tix,$ 880,240546,2014-07-14,Modern Premier #7283118,modern,modern-premier-7283118,modern-premier-7283118-2014-07-14
10,1,Orzhov Pontiff,,Creatures,3,2,Melira Pod,_VFS_,286 tix,$ 880,240546,2014-07-14,Modern Premier #7283118,modern,modern-premier-7283118,modern-premier-7283118-2014-07-14
11,1,Sin Collector,,Creatures,3,2,Melira Pod,_VFS_,286 tix,$ 880,240546,2014-07-14,Modern Premier #7283118,modern,modern-premier-7283118,modern-premier-7283118-2014-07-14
12,1,Entomber Exarch,,Creatures,3,2,Melira Pod,_VFS_,286 tix,$ 880,240546,2014-07-14,Modern Premier #7283118,modern,modern-premier-7283118,modern-premier-7283118-2014-07-14
13,1,"Linvala, Keeper of Silence",,Creatures,3,2,Melira Pod,_VFS_,286 tix,$ 880,240546,2014-07-14,Modern Premier #7283118,modern,modern-premier-7283118,modern-premier-7283118-2014-07-14
14,1,Murderous Redcap,,Creatures,3,2,Melira Pod,_VFS_,286 tix,$ 880,240546,2014-07-14,Modern Premier #7283118,modern,modern-premier-7283118,modern-premier-7283118-2014-07-14
15,1,Restoration Angel,,Creatures,3,2,Melira Pod,_VFS_,286 tix,$ 880,240546,2014-07-14,Modern Premier #7283118,modern,modern-premier-7283118,modern-premier-7283118-2014-07-14
16,1,Reveillark,,Creatures,3,2,Melira Pod,_VFS_,286 tix,$ 880,240546,2014-07-14,Modern Premier #7283118,modern,modern-premier-7283118,modern-premier-7283118-2014-07-14
17,1,Shriekmaw,,Creatures,3,2,Melira Pod,_VFS_,286 tix,$ 880,240546,2014-07-14,Modern Premier #7283118,modern,modern-premier-7283118,modern-premier-7283118-2014-07-14
19,2,Thoughtseize,,Spells,3,2,Melira Pod,_VFS_,286 tix,$ 880,240546,2014-07-14,Modern Premier #7283118,modern,modern-premier-7283118,modern-premier-7283118-2014-07-14
20,2,Abrupt Decay,,Spells,3,2,Melira Pod,_VFS_,286 tix,$ 880,240546,2014-07-14,Modern Premier #7283118,modern,modern-premier-7283118,modern-premier-7283118-2014-07-14
21,2,Dismember,,Spells,3,2,Melira Pod,_VFS_,286 tix,$ 880,240546,2014-07-14,Modern Premier #7283118,modern,modern-premier-7283118,modern-premier-7283118-2014-07-14
23,4,Birthing Pod,,Artifacts,3,2,Melira Pod,_VFS_,286 tix,$ 880,240546,2014-07-14,Modern Premier #7283118,modern,modern-premier-7283118,modern-premier-7283118-2014-07-14
25,3,Forest,,Lands,3,2,Melira Pod,_VFS_,286 tix,$ 880,240546,2014-07-14,Modern Premier #7283118,modern,modern-premier-7283118,modern-premier-7283118-2014-07-14
26,3,Gavony Township,,Lands,3,2,Melira Pod,_VFS_,286 tix,$ 880,240546,2014-07-14,Modern Premier #7283118,modern,modern-premier-7283118,modern-premier-7283118-2014-07-14
27,1,Godless Shrine,,Lands,3,2,Melira Pod,_VFS_,286 tix,$ 880,240546,2014-07-14,Modern Premier #7283118,modern,modern-premier-7283118,modern-premier-7283118-2014-07-14
28,2,Marsh Flats,,Lands,3,2,Melira Pod,_VFS_,286 tix,$ 880,240546,2014-07-14,Modern Premier #7283118,modern,modern-premier-7283118,modern-premier-7283118-2014-07-14
29,3,Misty Rainforest,,Lands,3,2,Melira Pod,_VFS_,286 tix,$ 880,240546,2014-07-14,Modern Premier #7283118,modern,modern-premier-7283118,modern-premier-7283118-2014-07-14
30,2,Overgrown Tomb,,Lands,3,2,Melira Pod,_VFS_,286 tix,$ 880,240546,2014-07-14,Modern Premier #7283118,modern,modern-premier-7283118,modern-premier-7283118-2014-07-14
31,3,Razorverge Thicket,,Lands,3,2,Melira Pod,_VFS_,286 tix,$ 880,240546,2014-07-14,Modern Premier #7283118,modern,modern-premier-7283118,modern-premier-7283118-2014-07-14
32,1,Swamp,,Lands,3,2,Melira Pod,_VFS_,286 tix,$ 880,240546,2014-07-14,Modern Premier #7283118,modern,modern-premier-7283118,modern-premier-7283118-2014-07-14
33,1,Temple Garden,,Lands,3,2,Melira Pod,_VFS_,286 tix,$ 880,240546,2014-07-14,Modern Premier #7283118,modern,modern-premier-7283118,modern-premier-7283118-2014-07-14
34,4,Verdant Catacombs,,Lands,3,2,Melira Pod,_VFS_,286 tix,$ 880,240546,2014-07-14,Modern Premier #7283118,modern,modern-premier-7283118,modern-premier-7283118-2014-07-14
36,2,Thoughtseize,,Sideboard,3,2,Melira Pod,_VFS_,286 tix,$ 880,240546,2014-07-14,Modern Premier #7283118,modern,modern-premier-7283118,modern-premier-7283118-2014-07-14
37,2,Abrupt Decay,,Sideboard,3,2,Melira Pod,_VFS_,286 tix,$ 880,240546,2014-07-14,Modern Premier #7283118,modern,modern-premier-7283118,modern-premier-7283118-2014-07-14
38,1,Scavenging Ooze,,Sideboard,3,2,Melira Pod,_VFS_,286 tix,$ 880,240546,2014-07-14,Modern Premier #7283118,modern,modern-premier-7283118,modern-premier-7283118-2014-07-14
39,1,Fulminator Mage,,Sideboard,3,2,Melira Pod,_VFS_,286 tix,$ 880,240546,2014-07-14,Modern Premier #7283118,modern,modern-premier-7283118,modern-premier-7283118-2014-07-14
40,1,Harmonic Sliver,,Sideboard,3,2,Melira Pod,_VFS_,286 tix,$ 880,240546,2014-07-14,Modern Premier #7283118,modern,modern-premier-7283118,modern-premier-7283118-2014-07-14
41,2,Lingering Souls,,Sideboard,3,2,Melira Pod,_VFS_,286 tix,$ 880,240546,2014-07-14,Modern Premier #7283118,modern,modern-premier-7283118,modern-premier-7283118-2014-07-14
42,1,Sin Collector,,Sideboard,3,2,Melira Pod,_VFS_,286 tix,$ 880,240546,2014-07-14,Modern Premier #7283118,modern,modern-premier-7283118,modern-premier-7283118-2014-07-14
43,2,Creeping Corrosion,,Sideboard,3,2,Melira Pod,_VFS_,286 tix,$ 880,240546,2014-07-14,Modern Premier #7283118,modern,modern-premier-7283118,modern-premier-7283118-2014-07-14
44,1,Loxodon Hierarch,,Sideboard,3,2,Melira Pod,_VFS_,286 tix,$ 880,240546,2014-07-14,Modern Premier #7283118,modern,modern-premier-7283118,modern-premier-7283118-2014-07-14
45,1,Nekrataal,,Sideboard,3,2,Melira Pod,_VFS_,286 tix,$ 880,240546,2014-07-14,Modern Premier #7283118,modern,modern-premier-7283118,modern-premier-7283118-2014-07-14
46,1,"Sigarda, Host of Herons",,Sideboard,3,2,Melira Pod,_VFS_,286 tix,$ 880,240546,2014-07-14,Modern Premier #7283118,modern,modern-premier-7283118,modern-premier-7283118-2014-07-14
1,1,Wurmcoil Engine,,Creatures,3,2,UW Tron,McWinSauce,179 tix,$ 588,240544,2014-07-14,Modern Premier #7283118,modern,modern-premier-7283118,modern-premier-7283118-2014-07-14
2,1,"Elesh Norn, Grand Cenobite",,Creatures,3,2,UW Tron,McWinSauce,179 tix,$ 588,240544,2014-07-14,Modern Premier #7283118,modern,modern-premier-7283118,modern-premier-7283118-2014-07-14
3,1,"Iona, Shield of Emeria",,Creatures,3,2,UW Tron,McWinSauce,179 tix,$ 588,240544,2014-07-14,Modern Premier #7283118,modern,modern-premier-7283118,modern-premier-7283118-2014-07-14
4,1,"Emrakul, the Aeons Torn",,Creatures,3,2,UW Tron,McWinSauce,179 tix,$ 588,240544,2014-07-14,Modern Premier #7283118,modern,modern-premier-7283118,modern-premier-7283118-2014-07-14
6,1,Condescend,,Spells,3,2,UW Tron,McWinSauce,179 tix,$ 588,240544,2014-07-14,Modern Premier #7283118,modern,modern-premier-7283118,modern-premier-7283118-2014-07-14
7,4,Path to Exile,,Spells,3,2,UW Tron,McWinSauce,179 tix,$ 588,240544,2014-07-14,Modern Premier #7283118,modern,modern-premier-7283118,modern-premier-7283118-2014-07-14
8,3,Remand,,Spells,3,2,UW Tron,McWinSauce,179 tix,$ 588,240544,2014-07-14,Modern Premier #7283118,modern,modern-premier-7283118,modern-premier-7283118-2014-07-14
9,1,Sphinx's Revelation,,Spells,3,2,UW Tron,McWinSauce,179 tix,$ 588,240544,2014-07-14,Modern Premier #7283118,modern,modern-premier-7283118,modern-premier-7283118-2014-07-14
10,4,Thirst for Knowledge,,Spells,3,2,UW Tron,McWinSauce,179 tix,$ 588,240544,2014-07-14,Modern Premier #7283118,modern,modern-premier-7283118,modern-premier-7283118-2014-07-14
11,1,Timely Reinforcements,,Spells,3,2,UW Tron,McWinSauce,179 tix,$ 588,240544,2014-07-14,Modern Premier #7283118,modern,modern-premier-7283118,modern-premier-7283118-2014-07-14
12,1,Day of Judgment,,Spells,3,2,UW Tron,McWinSauce,179 tix,$ 588,240544,2014-07-14,Modern Premier #7283118,modern,modern-premier-7283118,modern-premier-7283118-2014-07-14
13,4,Gifts Ungiven,,Spells,3,2,UW Tron,McWinSauce,179 tix,$ 588,240544,2014-07-14,Modern Premier #7283118,modern,modern-premier-7283118,modern-premier-7283118-2014-07-14
14,1,Supreme Verdict,,Spells,3,2,UW Tron,McWinSauce,179 tix,$ 588,240544,2014-07-14,Modern Premier #7283118,modern,modern-premier-7283118,modern-premier-7283118-2014-07-14
15,1,Wrath of God,,Spells,3,2,UW Tron,McWinSauce,179 tix,$ 588,240544,2014-07-14,Modern Premier #7283118,modern,modern-premier-7283118,modern-premier-7283118-2014-07-14
16,1,Unburial Rites,,Spells,3,2,UW Tron,McWinSauce,179 tix,$ 588,240544,2014-07-14,Modern Premier #7283118,modern,modern-premier-7283118,modern-premier-7283118-2014-07-14
18,2,Expedition Map,,Artifacts,3,2,UW Tron,McWinSauce,179 tix,$ 588,240544,2014-07-14,Modern Premier #7283118,modern,modern-premier-7283118,modern-premier-7283118-2014-07-14
19,4,Azorius Signet,,Artifacts,3,2,UW Tron,McWinSauce,179 tix,$ 588,240544,2014-07-14,Modern Premier #7283118,modern,modern-premier-7283118,modern-premier-7283118-2014-07-14
20,1,Batterskull,,Artifacts,3,2,UW Tron,McWinSauce,179 tix,$ 588,240544,2014-07-14,Modern Premier #7283118,modern,modern-premier-7283118,modern-premier-7283118-2014-07-14
22,1,Detention Sphere,,Enchantments,3,2,UW Tron,McWinSauce,179 tix,$ 588,240544,2014-07-14,Modern Premier #7283118,modern,modern-premier-7283118,modern-premier-7283118-2014-07-14
24,4,Celestial Colonnade,,Lands,3,2,UW Tron,McWinSauce,179 tix,$ 588,240544,2014-07-14,Modern Premier #7283118,modern,modern-premier-7283118,modern-premier-7283118-2014-07-14
25,1,Ghost Quarter,,Lands,3,2,UW Tron,McWinSauce,179 tix,$ 588,240544,2014-07-14,Modern Premier #7283118,modern,modern-premier-7283118,modern-premier-7283118-2014-07-14
26,3,Hallowed Fountain,,Lands,3,2,UW Tron,McWinSauce,179 tix,$ 588,240544,2014-07-14,Modern Premier #7283118,modern,modern-premier-7283118,modern-premier-7283118-2014-07-14
27,1,Island,,Lands,3,2,UW Tron,McWinSauce,179 tix,$ 588,240544,2014-07-14,Modern Premier #7283118,modern,modern-premier-7283118,modern-premier-7283118-2014-07-14
28,1,Plains,,Lands,3,2,UW Tron,McWinSauce,179 tix,$ 588,240544,2014-07-14,Modern Premier #7283118,modern,modern-premier-7283118,modern-premier-7283118-2014-07-14
29,3,Seachrome Coast,,Lands,3,2,UW Tron,McWinSauce,179 tix,$ 588,240544,2014-07-14,Modern Premier #7283118,modern,modern-premier-7283118,modern-premier-7283118-2014-07-14
30,1,Snow-Covered Island,,Lands,3,2,UW Tron,McWinSauce,179 tix,$ 588,240544,2014-07-14,Modern Premier #7283118,modern,modern-premier-7283118,modern-premier-7283118-2014-07-14
31,4,Urza's Mine,,Lands,3,2,UW Tron,McWinSauce,179 tix,$ 588,240544,2014-07-14,Modern Premier #7283118,modern,modern-premier-7283118,modern-premier-7283118-2014-07-14
32,4,Urza's Power Plant,,Lands,3,2,UW Tron,McWinSauce,179 tix,$ 588,240544,2014-07-14,Modern Premier #7283118,modern,modern-premier-7283118,modern-premier-7283118-2014-07-14
33,4,Urza's Tower,,Lands,3,2,UW Tron,McWinSauce,179 tix,$ 588,240544,2014-07-14,Modern Premier #7283118,modern,modern-premier-7283118,modern-premier-7283118-2014-07-14
35,2,Dispel,,Sideboard,3,2,UW Tron,McWinSauce,179 tix,$ 588,240544,2014-07-14,Modern Premier #7283118,modern,modern-premier-7283118,modern-premier-7283118-2014-07-14
36,1,Grafdigger's Cage,,Sideboard,3,2,UW Tron,McWinSauce,179 tix,$ 588,240544,2014-07-14,Modern Premier #7283118,modern,modern-premier-7283118,modern-premier-7283118-2014-07-14
37,2,Porphyry Nodes,,Sideboard,3,2,UW Tron,McWinSauce,179 tix,$ 588,240544,2014-07-14,Modern Premier #7283118,modern,modern-premier-7283118,modern-premier-7283118-2014-07-14
38,2,Celestial Purge,,Sideboard,3,2,UW Tron,McWinSauce,179 tix,$ 588,240544,2014-07-14,Modern Premier #7283118,modern,modern-premier-7283118,modern-premier-7283118-2014-07-14
39,1,Disenchant,,Sideboard,3,2,UW Tron,McWinSauce,179 tix,$ 588,240544,2014-07-14,Modern Premier #7283118,modern,modern-premier-7283118,modern-premier-7283118-2014-07-14
40,1,Negate,,Sideboard,3,2,UW Tron,McWinSauce,179 tix,$ 588,240544,2014-07-14,Modern Premier #7283118,modern,modern-premier-7283118,modern-premier-7283118-2014-07-14
41,1,Torpor Orb,,Sideboard,3,2,UW Tron,McWinSauce,179 tix,$ 588,240544,2014-07-14,Modern Premier #7283118,modern,modern-premier-7283118,modern-premier-7283118-2014-07-14
42,3,Ghostly Prison,,Sideboard,3,2,UW Tron,McWinSauce,179 tix,$ 588,240544,2014-07-14,Modern Premier #7283118,modern,modern-premier-7283118,modern-premier-7283118-2014-07-14
43,1,Timely Reinforcements,,Sideboard,3,2,UW Tron,McWinSauce,179 tix,$ 588,240544,2014-07-14,Modern Premier #7283118,modern,modern-premier-7283118,modern-premier-7283118-2014-07-14
44,1,Mindbreak Trap,,Sideboard,3,2,UW Tron,McWinSauce,179 tix,$ 588,240544,2014-07-14,Modern Premier #7283118,modern,modern-premier-7283118,modern-premier-7283118-2014-07-14
1,4,Simian Spirit Guide,,Creatures,4,0,Ad Nauseam,l337erhosen,142 tix,$ 536,240551,2014-07-14,Modern Daily #7283156,modern,modern-daily-7283156,modern-daily-7283156-2014-07-14
3,3,Pact of Negation,,Spells,4,0,Ad Nauseam,l337erhosen,142 tix,$ 536,240551,2014-07-14,Modern Daily #7283156,modern,modern-daily-7283156,modern-daily-7283156-2014-07-14
4,1,Slaughter Pact,,Spells,4,0,Ad Nauseam,l337erhosen,142 tix,$ 536,240551,2014-07-14,Modern Daily #7283156,modern,modern-daily-7283156,modern-daily-7283156-2014-07-14
5,4,Angel's Grace,,Spells,4,0,Ad Nauseam,l337erhosen,142 tix,$ 536,240551,2014-07-14,Modern Daily #7283156,modern,modern-daily-7283156,modern-daily-7283156-2014-07-14
6,4,Serum Visions,,Spells,4,0,Ad Nauseam,l337erhosen,142 tix,$ 536,240551,2014-07-14,Modern Daily #7283156,modern,modern-daily-7283156,modern-daily-7283156-2014-07-14
7,4,Sleight of Hand,,Spells,4,0,Ad Nauseam,l337erhosen,142 tix,$ 536,240551,2014-07-14,Modern Daily #7283156,modern,modern-daily-7283156,modern-daily-7283156-2014-07-14
8,2,Peer Through Depths,,Spells,4,0,Ad Nauseam,l337erhosen,142 tix,$ 536,240551,2014-07-14,Modern Daily #7283156,modern,modern-daily-7283156,modern-daily-7283156-2014-07-14
9,1,Lightning Storm,,Spells,4,0,Ad Nauseam,l337erhosen,142 tix,$ 536,240551,2014-07-14,Modern Daily #7283156,modern,modern-daily-7283156,modern-daily-7283156-2014-07-14
10,1,Mystical Teachings,,Spells,4,0,Ad Nauseam,l337erhosen,142 tix,$ 536,240551,2014-07-14,Modern Daily #7283156,modern,modern-daily-7283156,modern-daily-7283156-2014-07-14
11,4,Ad Nauseam,,Spells,4,0,Ad Nauseam,l337erhosen,142 tix,$ 536,240551,2014-07-14,Modern Daily #7283156,modern,modern-daily-7283156,modern-daily-7283156-2014-07-14
13,4,Lotus Bloom,,Artifacts,4,0,Ad Nauseam,l337erhosen,142 tix,$ 536,240551,2014-07-14,Modern Daily #7283156,modern,modern-daily-7283156,modern-daily-7283156-2014-07-14
14,1,Conjurer's Bauble,,Artifacts,4,0,Ad Nauseam,l337erhosen,142 tix,$ 536,240551,2014-07-14,Modern Daily #7283156,modern,modern-daily-7283156,modern-daily-7283156-2014-07-14
15,4,Pentad Prism,,Artifacts,4,0,Ad Nauseam,l337erhosen,142 tix,$ 536,240551,2014-07-14,Modern Daily #7283156,modern,modern-daily-7283156,modern-daily-7283156-2014-07-14
17,3,Phyrexian Unlife,,Enchantments,4,0,Ad Nauseam,l337erhosen,142 tix,$ 536,240551,2014-07-14,Modern Daily #7283156,modern,modern-daily-7283156,modern-daily-7283156-2014-07-14
19,1,"Boseiju, Who Shelters All",,Lands,4,0,Ad Nauseam,l337erhosen,142 tix,$ 536,240551,2014-07-14,Modern Daily #7283156,modern,modern-daily-7283156,modern-daily-7283156-2014-07-14
20,1,Gemstone Caverns,,Lands,4,0,Ad Nauseam,l337erhosen,142 tix,$ 536,240551,2014-07-14,Modern Daily #7283156,modern,modern-daily-7283156,modern-daily-7283156-2014-07-14
21,4,Gemstone Mine,,Lands,4,0,Ad Nauseam,l337erhosen,142 tix,$ 536,240551,2014-07-14,Modern Daily #7283156,modern,modern-daily-7283156,modern-daily-7283156-2014-07-14
22,4,Hallowed Fountain,,Lands,4,0,Ad Nauseam,l337erhosen,142 tix,$ 536,240551,2014-07-14,Modern Daily #7283156,modern,modern-daily-7283156,modern-daily-7283156-2014-07-14
23,1,Island,,Lands,4,0,Ad Nauseam,l337erhosen,142 tix,$ 536,240551,2014-07-14,Modern Daily #7283156,modern,modern-daily-7283156,modern-daily-7283156-2014-07-14
24,1,Plains,,Lands,4,0,Ad Nauseam,l337erhosen,142 tix,$ 536,240551,2014-07-14,Modern Daily #7283156,modern,modern-daily-7283156,modern-daily-7283156-2014-07-14
25,1,Swamp,,Lands,4,0,Ad Nauseam,l337erhosen,142 tix,$ 536,240551,2014-07-14,Modern Daily #7283156,modern,modern-daily-7283156,modern-daily-7283156-2014-07-14
26,2,Temple of Deceit,,Lands,4,0,Ad Nauseam,l337erhosen,142 tix,$ 536,240551,2014-07-14,Modern Daily #7283156,modern,modern-daily-7283156,modern-daily-7283156-2014-07-14
27,2,Temple of Enlightenment,,Lands,4,0,Ad Nauseam,l337erhosen,142 tix,$ 536,240551,2014-07-14,Modern Daily #7283156,modern,modern-daily-7283156,modern-daily-7283156-2014-07-14
28,3,Watery Grave,,Lands,4,0,Ad Nauseam,l337erhosen,142 tix,$ 536,240551,2014-07-14,Modern Daily #7283156,modern,modern-daily-7283156,modern-daily-7283156-2014-07-14
30,1,Tormod's Crypt,,Sideboard,4,0,Ad Nauseam,l337erhosen,142 tix,$ 536,240551,2014-07-14,Modern Daily #7283156,modern,modern-daily-7283156,modern-daily-7283156-2014-07-14
31,2,Silence,,Sideboard,4,0,Ad Nauseam,l337erhosen,142 tix,$ 536,240551,2014-07-14,Modern Daily #7283156,modern,modern-daily-7283156,modern-daily-7283156-2014-07-14
32,2,Thoughtseize,,Sideboard,4,0,Ad Nauseam,l337erhosen,142 tix,$ 536,240551,2014-07-14,Modern Daily #7283156,modern,modern-daily-7283156,modern-daily-7283156-2014-07-14
33,2,Echoing Truth,,Sideboard,4,0,Ad Nauseam,l337erhosen,142 tix,$ 536,240551,2014-07-14,Modern Daily #7283156,modern,modern-daily-7283156,modern-daily-7283156-2014-07-14
34,3,Drown in Sorrow,,Sideboard,4,0,Ad Nauseam,l337erhosen,142 tix,$ 536,240551,2014-07-14,Modern Daily #7283156,modern,modern-daily-7283156,modern-daily-7283156-2014-07-14
35,3,Leyline of Sanctity,,Sideboard,4,0,Ad Nauseam,l337erhosen,142 tix,$ 536,240551,2014-07-14,Modern Daily #7283156,modern,modern-daily-7283156,modern-daily-7283156-2014-07-14
36,1,Patrician's Scorn,,Sideboard,4,0,Ad Nauseam,l337erhosen,142 tix,$ 536,240551,2014-07-14,Modern Daily #7283156,modern,modern-daily-7283156,modern-daily-7283156-2014-07-14
37,1,"Teferi, Mage of Zhalfir",,Sideboard,4,0,Ad Nauseam,l337erhosen,142 tix,$ 536,240551,2014-07-14,Modern Daily #7283156,modern,modern-daily-7283156,modern-daily-7283156-2014-07-14
1,3,"Azusa, Lost but Seeking",,Creatures,4,0,Amulet Bloom,LordCommanderSnow,210 tix,$ 571,240556,2014-07-14,Modern Daily #7283156,modern,modern-daily-7283156,modern-daily-7283156-2014-07-14
2,4,Primeval Titan,,Creatures,4,0,Amulet Bloom,LordCommanderSnow,210 tix,$ 571,240556,2014-07-14,Modern Daily #7283156,modern,modern-daily-7283156,modern-daily-7283156-2014-07-14
4,2,Pact of Negation,,Spells,4,0,Amulet Bloom,LordCommanderSnow,210 tix,$ 571,240556,2014-07-14,Modern Daily #7283156,modern,modern-daily-7283156,modern-daily-7283156-2014-07-14
5,1,Slaughter Pact,,Spells,4,0,Amulet Bloom,LordCommanderSnow,210 tix,$ 571,240556,2014-07-14,Modern Daily #7283156,modern,modern-daily-7283156,modern-daily-7283156-2014-07-14
6,4,Summoner's Pact,,Spells,4,0,Amulet Bloom,LordCommanderSnow,210 tix,$ 571,240556,2014-07-14,Modern Daily #7283156,modern,modern-daily-7283156,modern-daily-7283156-2014-07-14
7,4,Ancient Stirrings,,Spells,4,0,Amulet Bloom,LordCommanderSnow,210 tix,$ 571,240556,2014-07-14,Modern Daily #7283156,modern,modern-daily-7283156,modern-daily-7283156-2014-07-14
8,4,Serum Visions,,Spells,4,0,Amulet Bloom,LordCommanderSnow,210 tix,$ 571,240556,2014-07-14,Modern Daily #7283156,modern,modern-daily-7283156,modern-daily-7283156-2014-07-14
9,4,Summer Bloom,,Spells,4,0,Amulet Bloom,LordCommanderSnow,210 tix,$ 571,240556,2014-07-14,Modern Daily #7283156,modern,modern-daily-7283156,modern-daily-7283156-2014-07-14
11,4,Amulet of Vigor,,Artifacts,4,0,Amulet Bloom,LordCommanderSnow,210 tix,$ 571,240556,2014-07-14,Modern Daily #7283156,modern,modern-daily-7283156,modern-daily-7283156-2014-07-14
13,3,Hive Mind,,Enchantments,4,0,Amulet Bloom,LordCommanderSnow,210 tix,$ 571,240556,2014-07-14,Modern Daily #7283156,modern,modern-daily-7283156,modern-daily-7283156-2014-07-14
15,1,Boros Garrison,,Lands,4,0,Amulet Bloom,LordCommanderSnow,210 tix,$ 571,240556,2014-07-14,Modern Daily #7283156,modern,modern-daily-7283156,modern-daily-7283156-2014-07-14
16,1,Cavern of Souls,,Lands,4,0,Amulet Bloom,LordCommanderSnow,210 tix,$ 571,240556,2014-07-14,Modern Daily #7283156,modern,modern-daily-7283156,modern-daily-7283156-2014-07-14
17,1,Forest,,Lands,4,0,Amulet Bloom,LordCommanderSnow,210 tix,$ 571,240556,2014-07-14,Modern Daily #7283156,modern,modern-daily-7283156,modern-daily-7283156-2014-07-14
18,3,Gemstone Mine,,Lands,4,0,Amulet Bloom,LordCommanderSnow,210 tix,$ 571,240556,2014-07-14,Modern Daily #7283156,modern,modern-daily-7283156,modern-daily-7283156-2014-07-14
19,1,Golgari Rot Farm,,Lands,4,0,Amulet Bloom,LordCommanderSnow,210 tix,$ 571,240556,2014-07-14,Modern Daily #7283156,modern,modern-daily-7283156,modern-daily-7283156-2014-07-14
20,3,Gruul Turf,,Lands,4,0,Amulet Bloom,LordCommanderSnow,210 tix,$ 571,240556,2014-07-14,Modern Daily #7283156,modern,modern-daily-7283156,modern-daily-7283156-2014-07-14
21,1,Kabira Crossroads,,Lands,4,0,Amulet Bloom,LordCommanderSnow,210 tix,$ 571,240556,2014-07-14,Modern Daily #7283156,modern,modern-daily-7283156,modern-daily-7283156-2014-07-14
22,1,Khalni Garden,,Lands,4,0,Amulet Bloom,LordCommanderSnow,210 tix,$ 571,240556,2014-07-14,Modern Daily #7283156,modern,modern-daily-7283156,modern-daily-7283156-2014-07-14
23,1,Selesnya Sanctuary,,Lands,4,0,Amulet Bloom,LordCommanderSnow,210 tix,$ 571,240556,2014-07-14,Modern Daily #7283156,modern,modern-daily-7283156,modern-daily-7283156-2014-07-14
24,4,Simic Growth Chamber,,Lands,4,0,Amulet Bloom,LordCommanderSnow,210 tix,$ 571,240556,2014-07-14,Modern Daily #7283156,modern,modern-daily-7283156,modern-daily-7283156-2014-07-14
25,1,Slayers' Stronghold,,Lands,4,0,Amulet Bloom,LordCommanderSnow,210 tix,$ 571,240556,2014-07-14,Modern Daily #7283156,modern,modern-daily-7283156,modern-daily-7283156-2014-07-14
26,1,"Sunhome, Fortress of the Legion",,Lands,4,0,Amulet Bloom,LordCommanderSnow,210 tix,$ 571,240556,2014-07-14,Modern Daily #7283156,modern,modern-daily-7283156,modern-daily-7283156-2014-07-14
27,1,Temple of Mystery,,Lands,4,0,Amulet Bloom,LordCommanderSnow,210 tix,$ 571,240556,2014-07-14,Modern Daily #7283156,modern,modern-daily-7283156,modern-daily-7283156-2014-07-14
28,3,Tendo Ice Bridge,,Lands,4,0,Amulet Bloom,LordCommanderSnow,210 tix,$ 571,240556,2014-07-14,Modern Daily #7283156,modern,modern-daily-7283156,modern-daily-7283156-2014-07-14
29,3,Tolaria West,,Lands,4,0,Amulet Bloom,LordCommanderSnow,210 tix,$ 571,240556,2014-07-14,Modern Daily #7283156,modern,modern-daily-7283156,modern-daily-7283156-2014-07-14
30,1,Vesuva,,Lands,4,0,Amulet Bloom,LordCommanderSnow,210 tix,$ 571,240556,2014-07-14,Modern Daily #7283156,modern,modern-daily-7283156,modern-daily-7283156-2014-07-14
32,1,Bojuka Bog,,Sideboard,4,0,Amulet Bloom,LordCommanderSnow,210 tix,$ 571,240556,2014-07-14,Modern Daily #7283156,modern,modern-daily-7283156,modern-daily-7283156-2014-07-14
33,1,Chalice of the Void,,Sideboard,4,0,Amulet Bloom,LordCommanderSnow,210 tix,$ 571,240556,2014-07-14,Modern Daily #7283156,modern,modern-daily-7283156,modern-daily-7283156-2014-07-14
34,1,Engineered Explosives,,Sideboard,4,0,Amulet Bloom,LordCommanderSnow,210 tix,$ 571,240556,2014-07-14,Modern Daily #7283156,modern,modern-daily-7283156,modern-daily-7283156-2014-07-14
35,1,Ghost Quarter,,Sideboard,4,0,Amulet Bloom,LordCommanderSnow,210 tix,$ 571,240556,2014-07-14,Modern Daily #7283156,modern,modern-daily-7283156,modern-daily-7283156-2014-07-14
36,1,Slaughter Pact,,Sideboard,4,0,Amulet Bloom,LordCommanderSnow,210 tix,$ 571,240556,2014-07-14,Modern Daily #7283156,modern,modern-daily-7283156,modern-daily-7283156-2014-07-14
37,1,Pithing Needle,,Sideboard,4,0,Amulet Bloom,LordCommanderSnow,210 tix,$ 571,240556,2014-07-14,Modern Daily #7283156,modern,modern-daily-7283156,modern-daily-7283156-2014-07-14
38,1,Pyroclasm,,Sideboard,4,0,Amulet Bloom,LordCommanderSnow,210 tix,$ 571,240556,2014-07-14,Modern Daily #7283156,modern,modern-daily-7283156,modern-daily-7283156-2014-07-14
39,3,Seal of Primordium,,Sideboard,4,0,Amulet Bloom,LordCommanderSnow,210 tix,$ 571,240556,2014-07-14,Modern Daily #7283156,modern,modern-daily-7283156,modern-daily-7283156-2014-07-14
40,2,Firespout,,Sideboard,4,0,Amulet Bloom,LordCommanderSnow,210 tix,$ 571,240556,2014-07-14,Modern Daily #7283156,modern,modern-daily-7283156,modern-daily-7283156-2014-07-14
41,3,Creeping Corrosion,,Sideboard,4,0,Amulet Bloom,LordCommanderSnow,210 tix,$ 571,240556,2014-07-14,Modern Daily #7283156,modern,modern-daily-7283156,modern-daily-7283156-2014-07-14
1,4,Goblin Guide,,Creatures,4,0,Burn,ACG88,87 tix,$ 224,240557,2014-07-14,Modern Daily #7283156,modern,modern-daily-7283156,modern-daily-7283156-2014-07-14
2,1,Grim Lavamancer,,Creatures,4,0,Burn,ACG88,87 tix,$ 224,240557,2014-07-14,Modern Daily #7283156,modern,modern-daily-7283156,modern-daily-7283156-2014-07-14
3,2,Spark Elemental,,Creatures,4,0,Burn,ACG88,87 tix,$ 224,240557,2014-07-14,Modern Daily #7283156,modern,modern-daily-7283156,modern-daily-7283156-2014-07-14
4,4,Eidolon of the Great Revel,,Creatures,4,0,Burn,ACG88,87 tix,$ 224,240557,2014-07-14,Modern Daily #7283156,modern,modern-daily-7283156,modern-daily-7283156-2014-07-14
5,4,Hellspark Elemental,,Creatures,4,0,Burn,ACG88,87 tix,$ 224,240557,2014-07-14,Modern Daily #7283156,modern,modern-daily-7283156,modern-daily-7283156-2014-07-14
7,4,Lava Spike,,Spells,4,0,Burn,ACG88,87 tix,$ 224,240557,2014-07-14,Modern Daily #7283156,modern,modern-daily-7283156,modern-daily-7283156-2014-07-14
8,4,Lightning Bolt,,Spells,4,0,Burn,ACG88,87 tix,$ 224,240557,2014-07-14,Modern Daily #7283156,modern,modern-daily-7283156,modern-daily-7283156-2014-07-14
9,3,Shard Volley,,Spells,4,0,Burn,ACG88,87 tix,$ 224,240557,2014-07-14,Modern Daily #7283156,modern,modern-daily-7283156,modern-daily-7283156-2014-07-14
10,4,Searing Blaze,,Spells,4,0,Burn,ACG88,87 tix,$ 224,240557,2014-07-14,Modern Daily #7283156,modern,modern-daily-7283156,modern-daily-7283156-2014-07-14
11,4,Skullcrack,,Spells,4,0,Burn,ACG88,87 tix,$ 224,240557,2014-07-14,Modern Daily #7283156,modern,modern-daily-7283156,modern-daily-7283156-2014-07-14
12,4,Flames of the Blood Hand,,Spells,4,0,Burn,ACG88,87 tix,$ 224,240557,2014-07-14,Modern Daily #7283156,modern,modern-daily-7283156,modern-daily-7283156-2014-07-14
13,4,Rift Bolt,,Spells,4,0,Burn,ACG88,87 tix,$ 224,240557,2014-07-14,Modern Daily #7283156,modern,modern-daily-7283156,modern-daily-7283156-2014-07-14
15,19,Mountain,,Lands,4,0,Burn,ACG88,87 tix,$ 224,240557,2014-07-14,Modern Daily #7283156,modern,modern-daily-7283156,modern-daily-7283156-2014-07-14
17,3,Relic of Progenitus,,Sideboard,4,0,Burn,ACG88,87 tix,$ 224,240557,2014-07-14,Modern Daily #7283156,modern,modern-daily-7283156,modern-daily-7283156-2014-07-14
18,1,Shattering Spree,,Sideboard,4,0,Burn,ACG88,87 tix,$ 224,240557,2014-07-14,Modern Daily #7283156,modern,modern-daily-7283156,modern-daily-7283156-2014-07-14
19,3,Combust,,Sideboard,4,0,Burn,ACG88,87 tix,$ 224,240557,2014-07-14,Modern Daily #7283156,modern,modern-daily-7283156,modern-daily-7283156-2014-07-14
20,2,Dragon's Claw,,Sideboard,4,0,Burn,ACG88,87 tix,$ 224,240557,2014-07-14,Modern Daily #7283156,modern,modern-daily-7283156,modern-daily-7283156-2014-07-14
21,2,Smash to Smithereens,,Sideboard,4,0,Burn,ACG88,87 tix,$ 224,240557,2014-07-14,Modern Daily #7283156,modern,modern-daily-7283156,modern-daily-7283156-2014-07-14
22,2,Anger of the Gods,,Sideboard,4,0,Burn,ACG88,87 tix,$ 224,240557,2014-07-14,Modern Daily #7283156,modern,modern-daily-7283156,modern-daily-7283156-2014-07-14
23,2,Molten Rain,,Sideboard,4,0,Burn,ACG88,87 tix,$ 224,240557,2014-07-14,Modern Daily #7283156,modern,modern-daily-7283156,modern-daily-7283156-2014-07-14
1,4,Dark Confidant,,Creatures,4,0,Junk,Cracudo,609 tix,"$ 1,933",240550,2014-07-14,Modern Daily #7283156,modern,modern-daily-7283156,modern-daily-7283156-2014-07-14
2,4,Scavenging Ooze,,Creatures,4,0,Junk,Cracudo,609 tix,"$ 1,933",240550,2014-07-14,Modern Daily #7283156,modern,modern-daily-7283156,modern-daily-7283156-2014-07-14
3,4,Tarmogoyf,,Creatures,4,0,Junk,Cracudo,609 tix,"$ 1,933",240550,2014-07-14,Modern Daily #7283156,modern,modern-daily-7283156,modern-daily-7283156-2014-07-14
5,4,Liliana of the Veil,,Planeswalkers,4,0,Junk,Cracudo,609 tix,"$ 1,933",240550,2014-07-14,Modern Daily #7283156,modern,modern-daily-7283156,modern-daily-7283156-2014-07-14
7,2,Slaughter Pact,,Spells,4,0,Junk,Cracudo,609 tix,"$ 1,933",240550,2014-07-14,Modern Daily #7283156,modern,modern-daily-7283156,modern-daily-7283156-2014-07-14
8,4,Inquisition of Kozilek,,Spells,4,0,Junk,Cracudo,609 tix,"$ 1,933",240550,2014-07-14,Modern Daily #7283156,modern,modern-daily-7283156,modern-daily-7283156-2014-07-14
9,3,Thoughtseize,,Spells,4,0,Junk,Cracudo,609 tix,"$ 1,933",240550,2014-07-14,Modern Daily #7283156,modern,modern-daily-7283156,modern-daily-7283156-2014-07-14
10,4,Abrupt Decay,,Spells,4,0,Junk,Cracudo,609 tix,"$ 1,933",240550,2014-07-14,Modern Daily #7283156,modern,modern-daily-7283156,modern-daily-7283156-2014-07-14
11,2,Dismember,,Spells,4,0,Junk,Cracudo,609 tix,"$ 1,933",240550,2014-07-14,Modern Daily #7283156,modern,modern-daily-7283156,modern-daily-7283156-2014-07-14
12,4,Lingering Souls,,Spells,4,0,Junk,Cracudo,609 tix,"$ 1,933",240550,2014-07-14,Modern Daily #7283156,modern,modern-daily-7283156,modern-daily-7283156-2014-07-14
13,1,Maelstrom Pulse,,Spells,4,0,Junk,Cracudo,609 tix,"$ 1,933",240550,2014-07-14,Modern Daily #7283156,modern,modern-daily-7283156,modern-daily-7283156-2014-07-14
15,2,Forest,,Lands,4,0,Junk,Cracudo,609 tix,"$ 1,933",240550,2014-07-14,Modern Daily #7283156,modern,modern-daily-7283156,modern-daily-7283156-2014-07-14
16,1,Godless Shrine,,Lands,4,0,Junk,Cracudo,609 tix,"$ 1,933",240550,2014-07-14,Modern Daily #7283156,modern,modern-daily-7283156,modern-daily-7283156-2014-07-14
17,3,Marsh Flats,,Lands,4,0,Junk,Cracudo,609 tix,"$ 1,933",240550,2014-07-14,Modern Daily #7283156,modern,modern-daily-7283156,modern-daily-7283156-2014-07-14
18,2,Overgrown Tomb,,Lands,4,0,Junk,Cracudo,609 tix,"$ 1,933",240550,2014-07-14,Modern Daily #7283156,modern,modern-daily-7283156,modern-daily-7283156-2014-07-14
19,1,Swamp,,Lands,4,0,Junk,Cracudo,609 tix,"$ 1,933",240550,2014-07-14,Modern Daily #7283156,modern,modern-daily-7283156,modern-daily-7283156-2014-07-14
20,3,Tectonic Edge,,Lands,4,0,Junk,Cracudo,609 tix,"$ 1,933",240550,2014-07-14,Modern Daily #7283156,modern,modern-daily-7283156,modern-daily-7283156-2014-07-14
21,1,Temple Garden,,Lands,4,0,Junk,Cracudo,609 tix,"$ 1,933",240550,2014-07-14,Modern Daily #7283156,modern,modern-daily-7283156,modern-daily-7283156-2014-07-14
22,4,Treetop Village,,Lands,4,0,Junk,Cracudo,609 tix,"$ 1,933",240550,2014-07-14,Modern Daily #7283156,modern,modern-daily-7283156,modern-daily-7283156-2014-07-14
23,2,Twilight Mire,,Lands,4,0,Junk,Cracudo,609 tix,"$ 1,933",240550,2014-07-14,Modern Daily #7283156,modern,modern-daily-7283156,modern-daily-7283156-2014-07-14
24,1,"Urborg, Tomb of Yawgmoth",,Lands,4,0,Junk,Cracudo,609 tix,"$ 1,933",240550,2014-07-14,Modern Daily #7283156,modern,modern-daily-7283156,modern-daily-7283156-2014-07-14
25,4,Verdant Catacombs,,Lands,4,0,Junk,Cracudo,609 tix,"$ 1,933",240550,2014-07-14,Modern Daily #7283156,modern,modern-daily-7283156,modern-daily-7283156-2014-07-14
27,2,Grafdigger's Cage,,Sideboard,4,0,Junk,Cracudo,609 tix,"$ 1,933",240550,2014-07-14,Modern Daily #7283156,modern,modern-daily-7283156,modern-daily-7283156-2014-07-14
28,1,Thoughtseize,,Sideboard,4,0,Junk,Cracudo,609 tix,"$ 1,933",240550,2014-07-14,Modern Daily #7283156,modern,modern-daily-7283156,modern-daily-7283156-2014-07-14
29,1,Golgari Charm,,Sideboard,4,0,Junk,Cracudo,609 tix,"$ 1,933",240550,2014-07-14,Modern Daily #7283156,modern,modern-daily-7283156,modern-daily-7283156-2014-07-14
30,3,Stony Silence,,Sideboard,4,0,Junk,Cracudo,609 tix,"$ 1,933",240550,2014-07-14,Modern Daily #7283156,modern,modern-daily-7283156,modern-daily-7283156-2014-07-14
31,1,Drown in Sorrow,,Sideboard,4,0,Junk,Cracudo,609 tix,"$ 1,933",240550,2014-07-14,Modern Daily #7283156,modern,modern-daily-7283156,modern-daily-7283156-2014-07-14
32,4,Fulminator Mage,,Sideboard,4,0,Junk,Cracudo,609 tix,"$ 1,933",240550,2014-07-14,Modern Daily #7283156,modern,modern-daily-7283156,modern-daily-7283156-2014-07-14
33,1,"Sorin, Lord of Innistrad",,Sideboard,4,0,Junk,Cracudo,609 tix,"$ 1,933",240550,2014-07-14,Modern Daily #7283156,modern,modern-daily-7283156,modern-daily-7283156-2014-07-14
34,1,"Thrun, the Last Troll",,Sideboard,4,0,Junk,Cracudo,609 tix,"$ 1,933",240550,2014-07-14,Modern Daily #7283156,modern,modern-daily-7283156,modern-daily-7283156-2014-07-14
35,1,Batterskull,,Sideboard,4,0,Junk,Cracudo,609 tix,"$ 1,933",240550,2014-07-14,Modern Daily #7283156,modern,modern-daily-7283156,modern-daily-7283156-2014-07-14
1,4,Dark Confidant,,Creatures,4,0,Junk,jono mizer,602 tix,"$ 1,921",240552,2014-07-14,Modern Daily #7283156,modern,modern-daily-7283156,modern-daily-7283156-2014-07-14
2,3,Scavenging Ooze,,Creatures,4,0,Junk,jono mizer,602 tix,"$ 1,921",240552,2014-07-14,Modern Daily #7283156,modern,modern-daily-7283156,modern-daily-7283156-2014-07-14
3,4,Tarmogoyf,,Creatures,4,0,Junk,jono mizer,602 tix,"$ 1,921",240552,2014-07-14,Modern Daily #7283156,modern,modern-daily-7283156,modern-daily-7283156-2014-07-14
5,4,Liliana of the Veil,,Planeswalkers,4,0,Junk,jono mizer,602 tix,"$ 1,921",240552,2014-07-14,Modern Daily #7283156,modern,modern-daily-7283156,modern-daily-7283156-2014-07-14
7,1,Slaughter Pact,,Spells,4,0,Junk,jono mizer,602 tix,"$ 1,921",240552,2014-07-14,Modern Daily #7283156,modern,modern-daily-7283156,modern-daily-7283156-2014-07-14
8,1,Disfigure,,Spells,4,0,Junk,jono mizer,602 tix,"$ 1,921",240552,2014-07-14,Modern Daily #7283156,modern,modern-daily-7283156,modern-daily-7283156-2014-07-14
9,3,Inquisition of Kozilek,,Spells,4,0,Junk,jono mizer,602 tix,"$ 1,921",240552,2014-07-14,Modern Daily #7283156,modern,modern-daily-7283156,modern-daily-7283156-2014-07-14
10,4,Thoughtseize,,Spells,4,0,Junk,jono mizer,602 tix,"$ 1,921",240552,2014-07-14,Modern Daily #7283156,modern,modern-daily-7283156,modern-daily-7283156-2014-07-14
11,3,Abrupt Decay,,Spells,4,0,Junk,jono mizer,602 tix,"$ 1,921",240552,2014-07-14,Modern Daily #7283156,modern,modern-daily-7283156,modern-daily-7283156-2014-07-14
12,3,Dismember,,Spells,4,0,Junk,jono mizer,602 tix,"$ 1,921",240552,2014-07-14,Modern Daily #7283156,modern,modern-daily-7283156,modern-daily-7283156-2014-07-14
13,4,Lingering Souls,,Spells,4,0,Junk,jono mizer,602 tix,"$ 1,921",240552,2014-07-14,Modern Daily #7283156,modern,modern-daily-7283156,modern-daily-7283156-2014-07-14
14,1,Maelstrom Pulse,,Spells,4,0,Junk,jono mizer,602 tix,"$ 1,921",240552,2014-07-14,Modern Daily #7283156,modern,modern-daily-7283156,modern-daily-7283156-2014-07-14
16,1,Forest,,Lands,4,0,Junk,jono mizer,602 tix,"$ 1,921",240552,2014-07-14,Modern Daily #7283156,modern,modern-daily-7283156,modern-daily-7283156-2014-07-14
17,1,Godless Shrine,,Lands,4,0,Junk,jono mizer,602 tix,"$ 1,921",240552,2014-07-14,Modern Daily #7283156,modern,modern-daily-7283156,modern-daily-7283156-2014-07-14
18,4,Marsh Flats,,Lands,4,0,Junk,jono mizer,602 tix,"$ 1,921",240552,2014-07-14,Modern Daily #7283156,modern,modern-daily-7283156,modern-daily-7283156-2014-07-14
19,2,Overgrown Tomb,,Lands,4,0,Junk,jono mizer,602 tix,"$ 1,921",240552,2014-07-14,Modern Daily #7283156,modern,modern-daily-7283156,modern-daily-7283156-2014-07-14
20,2,Swamp,,Lands,4,0,Junk,jono mizer,602 tix,"$ 1,921",240552,2014-07-14,Modern Daily #7283156,modern,modern-daily-7283156,modern-daily-7283156-2014-07-14
21,3,Tectonic Edge,,Lands,4,0,Junk,jono mizer,602 tix,"$ 1,921",240552,2014-07-14,Modern Daily #7283156,modern,modern-daily-7283156,modern-daily-7283156-2014-07-14
22,1,Temple Garden,,Lands,4,0,Junk,jono mizer,602 tix,"$ 1,921",240552,2014-07-14,Modern Daily #7283156,modern,modern-daily-7283156,modern-daily-7283156-2014-07-14
23,4,Treetop Village,,Lands,4,0,Junk,jono mizer,602 tix,"$ 1,921",240552,2014-07-14,Modern Daily #7283156,modern,modern-daily-7283156,modern-daily-7283156-2014-07-14
24,2,Twilight Mire,,Lands,4,0,Junk,jono mizer,602 tix,"$ 1,921",240552,2014-07-14,Modern Daily #7283156,modern,modern-daily-7283156,modern-daily-7283156-2014-07-14
25,1,"Urborg, Tomb of Yawgmoth",,Lands,4,0,Junk,jono mizer,602 tix,"$ 1,921",240552,2014-07-14,Modern Daily #7283156,modern,modern-daily-7283156,modern-daily-7283156-2014-07-14
26,4,Verdant Catacombs,,Lands,4,0,Junk,jono mizer,602 tix,"$ 1,921",240552,2014-07-14,Modern Daily #7283156,modern,modern-daily-7283156,modern-daily-7283156-2014-07-14
28,1,Duress,,Sideboard,4,0,Junk,jono mizer,602 tix,"$ 1,921",240552,2014-07-14,Modern Daily #7283156,modern,modern-daily-7283156,modern-daily-7283156-2014-07-14
29,2,Grafdigger's Cage,,Sideboard,4,0,Junk,jono mizer,602 tix,"$ 1,921",240552,2014-07-14,Modern Daily #7283156,modern,modern-daily-7283156,modern-daily-7283156-2014-07-14
30,1,Golgari Charm,,Sideboard,4,0,Junk,jono mizer,602 tix,"$ 1,921",240552,2014-07-14,Modern Daily #7283156,modern,modern-daily-7283156,modern-daily-7283156-2014-07-14
31,1,Scavenging Ooze,,Sideboard,4,0,Junk,jono mizer,602 tix,"$ 1,921",240552,2014-07-14,Modern Daily #7283156,modern,modern-daily-7283156,modern-daily-7283156-2014-07-14
32,2,Stony Silence,,Sideboard,4,0,Junk,jono mizer,602 tix,"$ 1,921",240552,2014-07-14,Modern Daily #7283156,modern,modern-daily-7283156,modern-daily-7283156-2014-07-14
33,1,Drown in Sorrow,,Sideboard,4,0,Junk,jono mizer,602 tix,"$ 1,921",240552,2014-07-14,Modern Daily #7283156,modern,modern-daily-7283156,modern-daily-7283156-2014-07-14
34,3,Fulminator Mage,,Sideboard,4,0,Junk,jono mizer,602 tix,"$ 1,921",240552,2014-07-14,Modern Daily #7283156,modern,modern-daily-7283156,modern-daily-7283156-2014-07-14
35,1,Damnation,,Sideboard,4,0,Junk,jono mizer,602 tix,"$ 1,921",240552,2014-07-14,Modern Daily #7283156,modern,modern-daily-7283156,modern-daily-7283156-2014-07-14
36,2,Obstinate Baloth,,Sideboard,4,0,Junk,jono mizer,602 tix,"$ 1,921",240552,2014-07-14,Modern Daily #7283156,modern,modern-daily-7283156,modern-daily-7283156-2014-07-14
37,1,Batterskull,,Sideboard,4,0,Junk,jono mizer,602 tix,"$ 1,921",240552,2014-07-14,Modern Daily #7283156,modern,modern-daily-7283156,modern-daily-7283156-2014-07-14
1,4,Birds of Paradise,,Creatures,4,0,Melira Pod,tmp03,260 tix,$ 834,240555,2014-07-14,Modern Daily #7283156,modern,modern-daily-7283156,modern-daily-7283156-2014-07-14
2,3,Noble Hierarch,,Creatures,4,0,Melira Pod,tmp03,260 tix,$ 834,240555,2014-07-14,Modern Daily #7283156,modern,modern-daily-7283156,modern-daily-7283156-2014-07-14
3,2,Viscera Seer,,Creatures,4,0,Melira Pod,tmp03,260 tix,$ 834,240555,2014-07-14,Modern Daily #7283156,modern,modern-daily-7283156,modern-daily-7283156-2014-07-14
4,2,"Melira, Sylvok Outcast",,Creatures,4,0,Melira Pod,tmp03,260 tix,$ 834,240555,2014-07-14,Modern Daily #7283156,modern,modern-daily-7283156,modern-daily-7283156-2014-07-14
5,1,Qasali Pridemage,,Creatures,4,0,Melira Pod,tmp03,260 tix,$ 834,240555,2014-07-14,Modern Daily #7283156,modern,modern-daily-7283156,modern-daily-7283156-2014-07-14
6,2,Voice of Resurgence,,Creatures,4,0,Melira Pod,tmp03,260 tix,$ 834,240555,2014-07-14,Modern Daily #7283156,modern,modern-daily-7283156,modern-daily-7283156-2014-07-14
7,2,Wall of Roots,,Creatures,4,0,Melira Pod,tmp03,260 tix,$ 834,240555,2014-07-14,Modern Daily #7283156,modern,modern-daily-7283156,modern-daily-7283156-2014-07-14
8,1,Eternal Witness,,Creatures,4,0,Melira Pod,tmp03,260 tix,$ 834,240555,2014-07-14,Modern Daily #7283156,modern,modern-daily-7283156,modern-daily-7283156-2014-07-14
9,4,Kitchen Finks,,Creatures,4,0,Melira Pod,tmp03,260 tix,$ 834,240555,2014-07-14,Modern Daily #7283156,modern,modern-daily-7283156,modern-daily-7283156-2014-07-14
10,1,Orzhov Pontiff,,Creatures,4,0,Melira Pod,tmp03,260 tix,$ 834,240555,2014-07-14,Modern Daily #7283156,modern,modern-daily-7283156,modern-daily-7283156-2014-07-14
11,1,Spike Feeder,,Creatures,4,0,Melira Pod,tmp03,260 tix,$ 834,240555,2014-07-14,Modern Daily #7283156,modern,modern-daily-7283156,modern-daily-7283156-2014-07-14
12,2,Murderous Redcap,,Creatures,4,0,Melira Pod,tmp03,260 tix,$ 834,240555,2014-07-14,Modern Daily #7283156,modern,modern-daily-7283156,modern-daily-7283156-2014-07-14
13,1,Phyrexian Metamorph,,Creatures,4,0,Melira Pod,tmp03,260 tix,$ 834,240555,2014-07-14,Modern Daily #7283156,modern,modern-daily-7283156,modern-daily-7283156-2014-07-14
14,1,Ranger of Eos,,Creatures,4,0,Melira Pod,tmp03,260 tix,$ 834,240555,2014-07-14,Modern Daily #7283156,modern,modern-daily-7283156,modern-daily-7283156-2014-07-14
15,1,Archangel of Thune,,Creatures,4,0,Melira Pod,tmp03,260 tix,$ 834,240555,2014-07-14,Modern Daily #7283156,modern,modern-daily-7283156,modern-daily-7283156-2014-07-14
16,1,Reveillark,,Creatures,4,0,Melira Pod,tmp03,260 tix,$ 834,240555,2014-07-14,Modern Daily #7283156,modern,modern-daily-7283156,modern-daily-7283156-2014-07-14
17,1,Shriekmaw,,Creatures,4,0,Melira Pod,tmp03,260 tix,$ 834,240555,2014-07-14,Modern Daily #7283156,modern,modern-daily-7283156,modern-daily-7283156-2014-07-14
19,3,Chord of Calling,,Spells,4,0,Melira Pod,tmp03,260 tix,$ 834,240555,2014-07-14,Modern Daily #7283156,modern,modern-daily-7283156,modern-daily-7283156-2014-07-14
21,4,Birthing Pod,,Artifacts,4,0,Melira Pod,tmp03,260 tix,$ 834,240555,2014-07-14,Modern Daily #7283156,modern,modern-daily-7283156,modern-daily-7283156-2014-07-14
23,3,Forest,,Lands,4,0,Melira Pod,tmp03,260 tix,$ 834,240555,2014-07-14,Modern Daily #7283156,modern,modern-daily-7283156,modern-daily-7283156-2014-07-14
24,2,Gavony Township,,Lands,4,0,Melira Pod,tmp03,260 tix,$ 834,240555,2014-07-14,Modern Daily #7283156,modern,modern-daily-7283156,modern-daily-7283156-2014-07-14
25,1,Godless Shrine,,Lands,4,0,Melira Pod,tmp03,260 tix,$ 834,240555,2014-07-14,Modern Daily #7283156,modern,modern-daily-7283156,modern-daily-7283156-2014-07-14
26,1,Marsh Flats,,Lands,4,0,Melira Pod,tmp03,260 tix,$ 834,240555,2014-07-14,Modern Daily #7283156,modern,modern-daily-7283156,modern-daily-7283156-2014-07-14
27,3,Misty Rainforest,,Lands,4,0,Melira Pod,tmp03,260 tix,$ 834,240555,2014-07-14,Modern Daily #7283156,modern,modern-daily-7283156,modern-daily-7283156-2014-07-14
28,2,Overgrown Tomb,,Lands,4,0,Melira Pod,tmp03,260 tix,$ 834,240555,2014-07-14,Modern Daily #7283156,modern,modern-daily-7283156,modern-daily-7283156-2014-07-14
29,2,Razorverge Thicket,,Lands,4,0,Melira Pod,tmp03,260 tix,$ 834,240555,2014-07-14,Modern Daily #7283156,modern,modern-daily-7283156,modern-daily-7283156-2014-07-14
30,1,Swamp,,Lands,4,0,Melira Pod,tmp03,260 tix,$ 834,240555,2014-07-14,Modern Daily #7283156,modern,modern-daily-7283156,modern-daily-7283156-2014-07-14
31,2,Temple Garden,,Lands,4,0,Melira Pod,tmp03,260 tix,$ 834,240555,2014-07-14,Modern Daily #7283156,modern,modern-daily-7283156,modern-daily-7283156-2014-07-14
32,4,Verdant Catacombs,,Lands,4,0,Melira Pod,tmp03,260 tix,$ 834,240555,2014-07-14,Modern Daily #7283156,modern,modern-daily-7283156,modern-daily-7283156-2014-07-14
33,2,Woodland Cemetery,,Lands,4,0,Melira Pod,tmp03,260 tix,$ 834,240555,2014-07-14,Modern Daily #7283156,modern,modern-daily-7283156,modern-daily-7283156-2014-07-14
35,2,Thoughtseize,,Sideboard,4,0,Melira Pod,tmp03,260 tix,$ 834,240555,2014-07-14,Modern Daily #7283156,modern,modern-daily-7283156,modern-daily-7283156-2014-07-14
36,1,Ethersworn Canonist,,Sideboard,4,0,Melira Pod,tmp03,260 tix,$ 834,240555,2014-07-14,Modern Daily #7283156,modern,modern-daily-7283156,modern-daily-7283156-2014-07-14
37,2,"Kataki, War's Wage",,Sideboard,4,0,Melira Pod,tmp03,260 tix,$ 834,240555,2014-07-14,Modern Daily #7283156,modern,modern-daily-7283156,modern-daily-7283156-2014-07-14
38,1,Scavenging Ooze,,Sideboard,4,0,Melira Pod,tmp03,260 tix,$ 834,240555,2014-07-14,Modern Daily #7283156,modern,modern-daily-7283156,modern-daily-7283156-2014-07-14
39,1,Spellskite,,Sideboard,4,0,Melira Pod,tmp03,260 tix,$ 834,240555,2014-07-14,Modern Daily #7283156,modern,modern-daily-7283156,modern-daily-7283156-2014-07-14
40,1,Aven Mindcensor,,Sideboard,4,0,Melira Pod,tmp03,260 tix,$ 834,240555,2014-07-14,Modern Daily #7283156,modern,modern-daily-7283156,modern-daily-7283156-2014-07-14
41,3,Dismember,,Sideboard,4,0,Melira Pod,tmp03,260 tix,$ 834,240555,2014-07-14,Modern Daily #7283156,modern,modern-daily-7283156,modern-daily-7283156-2014-07-14
42,1,Harmonic Sliver,,Sideboard,4,0,Melira Pod,tmp03,260 tix,$ 834,240555,2014-07-14,Modern Daily #7283156,modern,modern-daily-7283156,modern-daily-7283156-2014-07-14
43,1,Sin Collector,,Sideboard,4,0,Melira Pod,tmp03,260 tix,$ 834,240555,2014-07-14,Modern Daily #7283156,modern,modern-daily-7283156,modern-daily-7283156-2014-07-14
44,1,"Linvala, Keeper of Silence",,Sideboard,4,0,Melira Pod,tmp03,260 tix,$ 834,240555,2014-07-14,Modern Daily #7283156,modern,modern-daily-7283156,modern-daily-7283156-2014-07-14
45,1,"Elesh Norn, Grand Cenobite",,Sideboard,4,0,Melira Pod,tmp03,260 tix,$ 834,240555,2014-07-14,Modern Daily #7283156,modern,modern-daily-7283156,modern-daily-7283156-2014-07-14
1,2,Grim Lavamancer,,Creatures,4,0,Splinter Twin,lessthanhubi,289 tix,"$ 1,080",240554,2014-07-14,Modern Daily #7283156,modern,modern-daily-7283156,modern-daily-7283156-2014-07-14
2,4,Snapcaster Mage,,Creatures,4,0,Splinter Twin,lessthanhubi,289 tix,"$ 1,080",240554,2014-07-14,Modern Daily #7283156,modern,modern-daily-7283156,modern-daily-7283156-2014-07-14
3,1,Spellskite,,Creatures,4,0,Splinter Twin,lessthanhubi,289 tix,"$ 1,080",240554,2014-07-14,Modern Daily #7283156,modern,modern-daily-7283156,modern-daily-7283156-2014-07-14
4,3,Deceiver Exarch,,Creatures,4,0,Splinter Twin,lessthanhubi,289 tix,"$ 1,080",240554,2014-07-14,Modern Daily #7283156,modern,modern-daily-7283156,modern-daily-7283156-2014-07-14
5,3,Pestermite,,Creatures,4,0,Splinter Twin,lessthanhubi,289 tix,"$ 1,080",240554,2014-07-14,Modern Daily #7283156,modern,modern-daily-7283156,modern-daily-7283156-2014-07-14
6,2,Vendilion Clique,,Creatures,4,0,Splinter Twin,lessthanhubi,289 tix,"$ 1,080",240554,2014-07-14,Modern Daily #7283156,modern,modern-daily-7283156,modern-daily-7283156-2014-07-14
7,1,"Kiki-Jiki, Mirror Breaker",,Creatures,4,0,Splinter Twin,lessthanhubi,289 tix,"$ 1,080",240554,2014-07-14,Modern Daily #7283156,modern,modern-daily-7283156,modern-daily-7283156-2014-07-14
9,1,Burst Lightning,,Spells,4,0,Splinter Twin,lessthanhubi,289 tix,"$ 1,080",240554,2014-07-14,Modern Daily #7283156,modern,modern-daily-7283156,modern-daily-7283156-2014-07-14
10,1,Dispel,,Spells,4,0,Splinter Twin,lessthanhubi,289 tix,"$ 1,080",240554,2014-07-14,Modern Daily #7283156,modern,modern-daily-7283156,modern-daily-7283156-2014-07-14
11,4,Lightning Bolt,,Spells,4,0,Splinter Twin,lessthanhubi,289 tix,"$ 1,080",240554,2014-07-14,Modern Daily #7283156,modern,modern-daily-7283156,modern-daily-7283156-2014-07-14
12,4,Serum Visions,,Spells,4,0,Splinter Twin,lessthanhubi,289 tix,"$ 1,080",240554,2014-07-14,Modern Daily #7283156,modern,modern-daily-7283156,modern-daily-7283156-2014-07-14
13,4,Remand,,Spells,4,0,Splinter Twin,lessthanhubi,289 tix,"$ 1,080",240554,2014-07-14,Modern Daily #7283156,modern,modern-daily-7283156,modern-daily-7283156-2014-07-14
14,1,Electrolyze,,Spells,4,0,Splinter Twin,lessthanhubi,289 tix,"$ 1,080",240554,2014-07-14,Modern Daily #7283156,modern,modern-daily-7283156,modern-daily-7283156-2014-07-14
15,2,Cryptic Command,,Spells,4,0,Splinter Twin,lessthanhubi,289 tix,"$ 1,080",240554,2014-07-14,Modern Daily #7283156,modern,modern-daily-7283156,modern-daily-7283156-2014-07-14
17,4,Splinter Twin,,Enchantments,4,0,Splinter Twin,lessthanhubi,289 tix,"$ 1,080",240554,2014-07-14,Modern Daily #7283156,modern,modern-daily-7283156,modern-daily-7283156-2014-07-14
19,1,Cascade Bluffs,,Lands,4,0,Splinter Twin,lessthanhubi,289 tix,"$ 1,080",240554,2014-07-14,Modern Daily #7283156,modern,modern-daily-7283156,modern-daily-7283156-2014-07-14
20,1,Desolate Lighthouse,,Lands,4,0,Splinter Twin,lessthanhubi,289 tix,"$ 1,080",240554,2014-07-14,Modern Daily #7283156,modern,modern-daily-7283156,modern-daily-7283156-2014-07-14
21,4,Island,,Lands,4,0,Splinter Twin,lessthanhubi,289 tix,"$ 1,080",240554,2014-07-14,Modern Daily #7283156,modern,modern-daily-7283156,modern-daily-7283156-2014-07-14
22,3,Misty Rainforest,,Lands,4,0,Splinter Twin,lessthanhubi,289 tix,"$ 1,080",240554,2014-07-14,Modern Daily #7283156,modern,modern-daily-7283156,modern-daily-7283156-2014-07-14
23,1,Mountain,,Lands,4,0,Splinter Twin,lessthanhubi,289 tix,"$ 1,080",240554,2014-07-14,Modern Daily #7283156,modern,modern-daily-7283156,modern-daily-7283156-2014-07-14
24,3,Scalding Tarn,,Lands,4,0,Splinter Twin,lessthanhubi,289 tix,"$ 1,080",240554,2014-07-14,Modern Daily #7283156,modern,modern-daily-7283156,modern-daily-7283156-2014-07-14
25,4,Steam Vents,,Lands,4,0,Splinter Twin,lessthanhubi,289 tix,"$ 1,080",240554,2014-07-14,Modern Daily #7283156,modern,modern-daily-7283156,modern-daily-7283156-2014-07-14
26,1,Stomping Ground,,Lands,4,0,Splinter Twin,lessthanhubi,289 tix,"$ 1,080",240554,2014-07-14,Modern Daily #7283156,modern,modern-daily-7283156,modern-daily-7283156-2014-07-14
27,3,Sulfur Falls,,Lands,4,0,Splinter Twin,lessthanhubi,289 tix,"$ 1,080",240554,2014-07-14,Modern Daily #7283156,modern,modern-daily-7283156,modern-daily-7283156-2014-07-14
28,2,Tectonic Edge,,Lands,4,0,Splinter Twin,lessthanhubi,289 tix,"$ 1,080",240554,2014-07-14,Modern Daily #7283156,modern,modern-daily-7283156,modern-daily-7283156-2014-07-14
30,2,Relic of Progenitus,,Sideboard,4,0,Splinter Twin,lessthanhubi,289 tix,"$ 1,080",240554,2014-07-14,Modern Daily #7283156,modern,modern-daily-7283156,modern-daily-7283156-2014-07-14
31,2,Ancient Grudge,,Sideboard,4,0,Splinter Twin,lessthanhubi,289 tix,"$ 1,080",240554,2014-07-14,Modern Daily #7283156,modern,modern-daily-7283156,modern-daily-7283156-2014-07-14
32,1,Echoing Truth,,Sideboard,4,0,Splinter Twin,lessthanhubi,289 tix,"$ 1,080",240554,2014-07-14,Modern Daily #7283156,modern,modern-daily-7283156,modern-daily-7283156-2014-07-14
33,1,Spellskite,,Sideboard,4,0,Splinter Twin,lessthanhubi,289 tix,"$ 1,080",240554,2014-07-14,Modern Daily #7283156,modern,modern-daily-7283156,modern-daily-7283156-2014-07-14
34,2,Anger of the Gods,,Sideboard,4,0,Splinter Twin,lessthanhubi,289 tix,"$ 1,080",240554,2014-07-14,Modern Daily #7283156,modern,modern-daily-7283156,modern-daily-7283156-2014-07-14
35,2,Blood Moon,,Sideboard,4,0,Splinter Twin,lessthanhubi,289 tix,"$ 1,080",240554,2014-07-14,Modern Daily #7283156,modern,modern-daily-7283156,modern-daily-7283156-2014-07-14
36,1,Counterflux,,Sideboard,4,0,Splinter Twin,lessthanhubi,289 tix,"$ 1,080",240554,2014-07-14,Modern Daily #7283156,modern,modern-daily-7283156,modern-daily-7283156-2014-07-14
37,1,Vedalken Shackles,,Sideboard,4,0,Splinter Twin,lessthanhubi,289 tix,"$ 1,080",240554,2014-07-14,Modern Daily #7283156,modern,modern-daily-7283156,modern-daily-7283156-2014-07-14
38,1,Sowing Salt,,Sideboard,4,0,Splinter Twin,lessthanhubi,289 tix,"$ 1,080",240554,2014-07-14,Modern Daily #7283156,modern,modern-daily-7283156,modern-daily-7283156-2014-07-14
39,2,Batterskull,,Sideboard,4,0,Splinter Twin,lessthanhubi,289 tix,"$ 1,080",240554,2014-07-14,Modern Daily #7283156,modern,modern-daily-7283156,modern-daily-7283156-2014-07-14
1,4,Delver of Secrets,,Creatures,4,0,UR Delver,MagicLair,398 tix,"$ 1,438",240553,2014-07-14,Modern Daily #7283156,modern,modern-daily-7283156,modern-daily-7283156-2014-07-14
2,4,Snapcaster Mage,,Creatures,4,0,UR Delver,MagicLair,398 tix,"$ 1,438",240553,2014-07-14,Modern Daily #7283156,modern,modern-daily-7283156,modern-daily-7283156-2014-07-14
3,4,Tarmogoyf,,Creatures,4,0,UR Delver,MagicLair,398 tix,"$ 1,438",240553,2014-07-14,Modern Daily #7283156,modern,modern-daily-7283156,modern-daily-7283156-2014-07-14
4,4,Young Pyromancer,,Creatures,4,0,UR Delver,MagicLair,398 tix,"$ 1,438",240553,2014-07-14,Modern Daily #7283156,modern,modern-daily-7283156,modern-daily-7283156-2014-07-14
6,4,Gitaxian Probe,,Spells,4,0,UR Delver,MagicLair,398 tix,"$ 1,438",240553,2014-07-14,Modern Daily #7283156,modern,modern-daily-7283156,modern-daily-7283156-2014-07-14
7,4,Lightning Bolt,,Spells,4,0,UR Delver,MagicLair,398 tix,"$ 1,438",240553,2014-07-14,Modern Daily #7283156,modern,modern-daily-7283156,modern-daily-7283156-2014-07-14
8,2,Pillar of Flame,,Spells,4,0,UR Delver,MagicLair,398 tix,"$ 1,438",240553,2014-07-14,Modern Daily #7283156,modern,modern-daily-7283156,modern-daily-7283156-2014-07-14
9,4,Serum Visions,,Spells,4,0,UR Delver,MagicLair,398 tix,"$ 1,438",240553,2014-07-14,Modern Daily #7283156,modern,modern-daily-7283156,modern-daily-7283156-2014-07-14
10,1,Spell Pierce,,Spells,4,0,UR Delver,MagicLair,398 tix,"$ 1,438",240553,2014-07-14,Modern Daily #7283156,modern,modern-daily-7283156,modern-daily-7283156-2014-07-14
11,2,Spell Snare,,Spells,4,0,UR Delver,MagicLair,398 tix,"$ 1,438",240553,2014-07-14,Modern Daily #7283156,modern,modern-daily-7283156,modern-daily-7283156-2014-07-14
12,2,Vapor Snag,,Spells,4,0,UR Delver,MagicLair,398 tix,"$ 1,438",240553,2014-07-14,Modern Daily #7283156,modern,modern-daily-7283156,modern-daily-7283156-2014-07-14
13,3,Mana Leak,,Spells,4,0,UR Delver,MagicLair,398 tix,"$ 1,438",240553,2014-07-14,Modern Daily #7283156,modern,modern-daily-7283156,modern-daily-7283156-2014-07-14
14,3,Remand,,Spells,4,0,UR Delver,MagicLair,398 tix,"$ 1,438",240553,2014-07-14,Modern Daily #7283156,modern,modern-daily-7283156,modern-daily-7283156-2014-07-14
16,2,Breeding Pool,,Lands,4,0,UR Delver,MagicLair,398 tix,"$ 1,438",240553,2014-07-14,Modern Daily #7283156,modern,modern-daily-7283156,modern-daily-7283156-2014-07-14
17,1,Forest,,Lands,4,0,UR Delver,MagicLair,398 tix,"$ 1,438",240553,2014-07-14,Modern Daily #7283156,modern,modern-daily-7283156,modern-daily-7283156-2014-07-14
18,4,Island,,Lands,4,0,UR Delver,MagicLair,398 tix,"$ 1,438",240553,2014-07-14,Modern Daily #7283156,modern,modern-daily-7283156,modern-daily-7283156-2014-07-14
19,4,Misty Rainforest,,Lands,4,0,UR Delver,MagicLair,398 tix,"$ 1,438",240553,2014-07-14,Modern Daily #7283156,modern,modern-daily-7283156,modern-daily-7283156-2014-07-14
20,1,Mountain,,Lands,4,0,UR Delver,MagicLair,398 tix,"$ 1,438",240553,2014-07-14,Modern Daily #7283156,modern,modern-daily-7283156,modern-daily-7283156-2014-07-14
21,4,Scalding Tarn,,Lands,4,0,UR Delver,MagicLair,398 tix,"$ 1,438",240553,2014-07-14,Modern Daily #7283156,modern,modern-daily-7283156,modern-daily-7283156-2014-07-14
22,2,Steam Vents,,Lands,4,0,UR Delver,MagicLair,398 tix,"$ 1,438",240553,2014-07-14,Modern Daily #7283156,modern,modern-daily-7283156,modern-daily-7283156-2014-07-14
23,1,Stomping Ground,,Lands,4,0,UR Delver,MagicLair,398 tix,"$ 1,438",240553,2014-07-14,Modern Daily #7283156,modern,modern-daily-7283156,modern-daily-7283156-2014-07-14
25,1,Engineered Explosives,,Sideboard,4,0,UR Delver,MagicLair,398 tix,"$ 1,438",240553,2014-07-14,Modern Daily #7283156,modern,modern-daily-7283156,modern-daily-7283156-2014-07-14
26,2,Ancient Grudge,,Sideboard,4,0,UR Delver,MagicLair,398 tix,"$ 1,438",240553,2014-07-14,Modern Daily #7283156,modern,modern-daily-7283156,modern-daily-7283156-2014-07-14
27,2,Combust,,Sideboard,4,0,UR Delver,MagicLair,398 tix,"$ 1,438",240553,2014-07-14,Modern Daily #7283156,modern,modern-daily-7283156,modern-daily-7283156-2014-07-14
28,2,Spellskite,,Sideboard,4,0,UR Delver,MagicLair,398 tix,"$ 1,438",240553,2014-07-14,Modern Daily #7283156,modern,modern-daily-7283156,modern-daily-7283156-2014-07-14
29,3,Blood Moon,,Sideboard,4,0,UR Delver,MagicLair,398 tix,"$ 1,438",240553,2014-07-14,Modern Daily #7283156,modern,modern-daily-7283156,modern-daily-7283156-2014-07-14
30,2,Counterflux,,Sideboard,4,0,UR Delver,MagicLair,398 tix,"$ 1,438",240553,2014-07-14,Modern Daily #7283156,modern,modern-daily-7283156,modern-daily-7283156-2014-07-14
31,1,Izzet Staticaster,,Sideboard,4,0,UR Delver,MagicLair,398 tix,"$ 1,438",240553,2014-07-14,Modern Daily #7283156,modern,modern-daily-7283156,modern-daily-7283156-2014-07-14
32,2,Threads of Disloyalty,,Sideboard,4,0,UR Delver,MagicLair,398 tix,"$ 1,438",240553,2014-07-14,Modern Daily #7283156,modern,modern-daily-7283156,modern-daily-7283156-2014-07-14
1,3,Memnite,,Creatures,3,1,Affinity,Crywolf102190,392 tix,$ 933,240564,2014-07-14,Modern Daily #7283156,modern,modern-daily-7283156,modern-daily-7283156-2014-07-14
2,4,Ornithopter,,Creatures,3,1,Affinity,Crywolf102190,392 tix,$ 933,240564,2014-07-14,Modern Daily #7283156,modern,modern-daily-7283156,modern-daily-7283156-2014-07-14
3,4,Signal Pest,,Creatures,3,1,Affinity,Crywolf102190,392 tix,$ 933,240564,2014-07-14,Modern Daily #7283156,modern,modern-daily-7283156,modern-daily-7283156-2014-07-14
4,4,Arcbound Ravager,,Creatures,3,1,Affinity,Crywolf102190,392 tix,$ 933,240564,2014-07-14,Modern Daily #7283156,modern,modern-daily-7283156,modern-daily-7283156-2014-07-14
5,3,Steel Overseer,,Creatures,3,1,Affinity,Crywolf102190,392 tix,$ 933,240564,2014-07-14,Modern Daily #7283156,modern,modern-daily-7283156,modern-daily-7283156-2014-07-14
6,4,Vault Skirge,,Creatures,3,1,Affinity,Crywolf102190,392 tix,$ 933,240564,2014-07-14,Modern Daily #7283156,modern,modern-daily-7283156,modern-daily-7283156-2014-07-14
7,2,Etched Champion,,Creatures,3,1,Affinity,Crywolf102190,392 tix,$ 933,240564,2014-07-14,Modern Daily #7283156,modern,modern-daily-7283156,modern-daily-7283156-2014-07-14
8,2,Master of Etherium,,Creatures,3,1,Affinity,Crywolf102190,392 tix,$ 933,240564,2014-07-14,Modern Daily #7283156,modern,modern-daily-7283156,modern-daily-7283156-2014-07-14
10,3,Galvanic Blast,,Spells,3,1,Affinity,Crywolf102190,392 tix,$ 933,240564,2014-07-14,Modern Daily #7283156,modern,modern-daily-7283156,modern-daily-7283156-2014-07-14
11,3,Thoughtcast,,Spells,3,1,Affinity,Crywolf102190,392 tix,$ 933,240564,2014-07-14,Modern Daily #7283156,modern,modern-daily-7283156,modern-daily-7283156-2014-07-14
13,4,Mox Opal,,Artifacts,3,1,Affinity,Crywolf102190,392 tix,$ 933,240564,2014-07-14,Modern Daily #7283156,modern,modern-daily-7283156,modern-daily-7283156-2014-07-14
14,4,Springleaf Drum,,Artifacts,3,1,Affinity,Crywolf102190,392 tix,$ 933,240564,2014-07-14,Modern Daily #7283156,modern,modern-daily-7283156,modern-daily-7283156-2014-07-14
15,4,Cranial Plating,,Artifacts,3,1,Affinity,Crywolf102190,392 tix,$ 933,240564,2014-07-14,Modern Daily #7283156,modern,modern-daily-7283156,modern-daily-7283156-2014-07-14
17,4,Blinkmoth Nexus,,Lands,3,1,Affinity,Crywolf102190,392 tix,$ 933,240564,2014-07-14,Modern Daily #7283156,modern,modern-daily-7283156,modern-daily-7283156-2014-07-14
18,4,Darksteel Citadel,,Lands,3,1,Affinity,Crywolf102190,392 tix,$ 933,240564,2014-07-14,Modern Daily #7283156,modern,modern-daily-7283156,modern-daily-7283156-2014-07-14
19,4,Glimmervoid,,Lands,3,1,Affinity,Crywolf102190,392 tix,$ 933,240564,2014-07-14,Modern Daily #7283156,modern,modern-daily-7283156,modern-daily-7283156-2014-07-14
20,4,Inkmoth Nexus,,Lands,3,1,Affinity,Crywolf102190,392 tix,$ 933,240564,2014-07-14,Modern Daily #7283156,modern,modern-daily-7283156,modern-daily-7283156-2014-07-14
22,1,Grafdigger's Cage,,Sideboard,3,1,Affinity,Crywolf102190,392 tix,$ 933,240564,2014-07-14,Modern Daily #7283156,modern,modern-daily-7283156,modern-daily-7283156-2014-07-14
23,1,Illness in the Ranks,,Sideboard,3,1,Affinity,Crywolf102190,392 tix,$ 933,240564,2014-07-14,Modern Daily #7283156,modern,modern-daily-7283156,modern-daily-7283156-2014-07-14
24,1,Spell Pierce,,Sideboard,3,1,Affinity,Crywolf102190,392 tix,$ 933,240564,2014-07-14,Modern Daily #7283156,modern,modern-daily-7283156,modern-daily-7283156-2014-07-14
25,2,Thoughtseize,,Sideboard,3,1,Affinity,Crywolf102190,392 tix,$ 933,240564,2014-07-14,Modern Daily #7283156,modern,modern-daily-7283156,modern-daily-7283156-2014-07-14
26,3,Ancient Grudge,,Sideboard,3,1,Affinity,Crywolf102190,392 tix,$ 933,240564,2014-07-14,Modern Daily #7283156,modern,modern-daily-7283156,modern-daily-7283156-2014-07-14
27,2,Spellskite,,Sideboard,3,1,Affinity,Crywolf102190,392 tix,$ 933,240564,2014-07-14,Modern Daily #7283156,modern,modern-daily-7283156,modern-daily-7283156-2014-07-14
28,1,Whipflare,,Sideboard,3,1,Affinity,Crywolf102190,392 tix,$ 933,240564,2014-07-14,Modern Daily #7283156,modern,modern-daily-7283156,modern-daily-7283156-2014-07-14
29,1,Blood Moon,,Sideboard,3,1,Affinity,Crywolf102190,392 tix,$ 933,240564,2014-07-14,Modern Daily #7283156,modern,modern-daily-7283156,modern-daily-7283156-2014-07-14
30,1,Dismember,,Sideboard,3,1,Affinity,Crywolf102190,392 tix,$ 933,240564,2014-07-14,Modern Daily #7283156,modern,modern-daily-7283156,modern-daily-7283156-2014-07-14
31,1,Etched Champion,,Sideboard,3,1,Affinity,Crywolf102190,392 tix,$ 933,240564,2014-07-14,Modern Daily #7283156,modern,modern-daily-7283156,modern-daily-7283156-2014-07-14
32,1,Rule of Law,,Sideboard,3,1,Affinity,Crywolf102190,392 tix,$ 933,240564,2014-07-14,Modern Daily #7283156,modern,modern-daily-7283156,modern-daily-7283156-2014-07-14
1,3,Memnite,,Creatures,3,1,Affinity,Magic_Wombat,394 tix,$ 936,240582,2014-07-14,Modern Daily #7283156,modern,modern-daily-7283156,modern-daily-7283156-2014-07-14
2,4,Ornithopter,,Creatures,3,1,Affinity,Magic_Wombat,394 tix,$ 936,240582,2014-07-14,Modern Daily #7283156,modern,modern-daily-7283156,modern-daily-7283156-2014-07-14
3,4,Signal Pest,,Creatures,3,1,Affinity,Magic_Wombat,394 tix,$ 936,240582,2014-07-14,Modern Daily #7283156,modern,modern-daily-7283156,modern-daily-7283156-2014-07-14
4,4,Arcbound Ravager,,Creatures,3,1,Affinity,Magic_Wombat,394 tix,$ 936,240582,2014-07-14,Modern Daily #7283156,modern,modern-daily-7283156,modern-daily-7283156-2014-07-14
5,3,Steel Overseer,,Creatures,3,1,Affinity,Magic_Wombat,394 tix,$ 936,240582,2014-07-14,Modern Daily #7283156,modern,modern-daily-7283156,modern-daily-7283156-2014-07-14
6,4,Vault Skirge,,Creatures,3,1,Affinity,Magic_Wombat,394 tix,$ 936,240582,2014-07-14,Modern Daily #7283156,modern,modern-daily-7283156,modern-daily-7283156-2014-07-14
7,3,Etched Champion,,Creatures,3,1,Affinity,Magic_Wombat,394 tix,$ 936,240582,2014-07-14,Modern Daily #7283156,modern,modern-daily-7283156,modern-daily-7283156-2014-07-14
8,2,Master of Etherium,,Creatures,3,1,Affinity,Magic_Wombat,394 tix,$ 936,240582,2014-07-14,Modern Daily #7283156,modern,modern-daily-7283156,modern-daily-7283156-2014-07-14
10,2,Galvanic Blast,,Spells,3,1,Affinity,Magic_Wombat,394 tix,$ 936,240582,2014-07-14,Modern Daily #7283156,modern,modern-daily-7283156,modern-daily-7283156-2014-07-14
11,1,Thoughtcast,,Spells,3,1,Affinity,Magic_Wombat,394 tix,$ 936,240582,2014-07-14,Modern Daily #7283156,modern,modern-daily-7283156,modern-daily-7283156-2014-07-14
13,4,Mox Opal,,Artifacts,3,1,Affinity,Magic_Wombat,394 tix,$ 936,240582,2014-07-14,Modern Daily #7283156,modern,modern-daily-7283156,modern-daily-7283156-2014-07-14
14,1,Welding Jar,,Artifacts,3,1,Affinity,Magic_Wombat,394 tix,$ 936,240582,2014-07-14,Modern Daily #7283156,modern,modern-daily-7283156,modern-daily-7283156-2014-07-14
15,4,Springleaf Drum,,Artifacts,3,1,Affinity,Magic_Wombat,394 tix,$ 936,240582,2014-07-14,Modern Daily #7283156,modern,modern-daily-7283156,modern-daily-7283156-2014-07-14
16,4,Cranial Plating,,Artifacts,3,1,Affinity,Magic_Wombat,394 tix,$ 936,240582,2014-07-14,Modern Daily #7283156,modern,modern-daily-7283156,modern-daily-7283156-2014-07-14
18,4,Blinkmoth Nexus,,Lands,3,1,Affinity,Magic_Wombat,394 tix,$ 936,240582,2014-07-14,Modern Daily #7283156,modern,modern-daily-7283156,modern-daily-7283156-2014-07-14
19,4,Darksteel Citadel,,Lands,3,1,Affinity,Magic_Wombat,394 tix,$ 936,240582,2014-07-14,Modern Daily #7283156,modern,modern-daily-7283156,modern-daily-7283156-2014-07-14
20,4,Glimmervoid,,Lands,3,1,Affinity,Magic_Wombat,394 tix,$ 936,240582,2014-07-14,Modern Daily #7283156,modern,modern-daily-7283156,modern-daily-7283156-2014-07-14
21,4,Inkmoth Nexus,,Lands,3,1,Affinity,Magic_Wombat,394 tix,$ 936,240582,2014-07-14,Modern Daily #7283156,modern,modern-daily-7283156,modern-daily-7283156-2014-07-14
22,1,Island,,Lands,3,1,Affinity,Magic_Wombat,394 tix,$ 936,240582,2014-07-14,Modern Daily #7283156,modern,modern-daily-7283156,modern-daily-7283156-2014-07-14
24,1,Grafdigger's Cage,,Sideboard,3,1,Affinity,Magic_Wombat,394 tix,$ 936,240582,2014-07-14,Modern Daily #7283156,modern,modern-daily-7283156,modern-daily-7283156-2014-07-14
25,1,Gut Shot,,Sideboard,3,1,Affinity,Magic_Wombat,394 tix,$ 936,240582,2014-07-14,Modern Daily #7283156,modern,modern-daily-7283156,modern-daily-7283156-2014-07-14
26,2,Spell Pierce,,Sideboard,3,1,Affinity,Magic_Wombat,394 tix,$ 936,240582,2014-07-14,Modern Daily #7283156,modern,modern-daily-7283156,modern-daily-7283156-2014-07-14
27,2,Thoughtseize,,Sideboard,3,1,Affinity,Magic_Wombat,394 tix,$ 936,240582,2014-07-14,Modern Daily #7283156,modern,modern-daily-7283156,modern-daily-7283156-2014-07-14
28,2,Ancient Grudge,,Sideboard,3,1,Affinity,Magic_Wombat,394 tix,$ 936,240582,2014-07-14,Modern Daily #7283156,modern,modern-daily-7283156,modern-daily-7283156-2014-07-14
29,2,Spellskite,,Sideboard,3,1,Affinity,Magic_Wombat,394 tix,$ 936,240582,2014-07-14,Modern Daily #7283156,modern,modern-daily-7283156,modern-daily-7283156-2014-07-14
30,1,Whipflare,,Sideboard,3,1,Affinity,Magic_Wombat,394 tix,$ 936,240582,2014-07-14,Modern Daily #7283156,modern,modern-daily-7283156,modern-daily-7283156-2014-07-14
31,1,Blood Moon,,Sideboard,3,1,Affinity,Magic_Wombat,394 tix,$ 936,240582,2014-07-14,Modern Daily #7283156,modern,modern-daily-7283156,modern-daily-7283156-2014-07-14
32,1,Choke,,Sideboard,3,1,Affinity,Magic_Wombat,394 tix,$ 936,240582,2014-07-14,Modern Daily #7283156,modern,modern-daily-7283156,modern-daily-7283156-2014-07-14
33,1,Dismember,,Sideboard,3,1,Affinity,Magic_Wombat,394 tix,$ 936,240582,2014-07-14,Modern Daily #7283156,modern,modern-daily-7283156,modern-daily-7283156-2014-07-14
34,1,Etched Champion,,Sideboard,3,1,Affinity,Magic_Wombat,394 tix,$ 936,240582,2014-07-14,Modern Daily #7283156,modern,modern-daily-7283156,modern-daily-7283156-2014-07-14
1,3,"Azusa, Lost but Seeking",,Creatures,3,1,Amulet Bloom,daviusminimus,205 tix,$ 584,240565,2014-07-14,Modern Daily #7283156,modern,modern-daily-7283156,modern-daily-7283156-2014-07-14
2,2,Simian Spirit Guide,,Creatures,3,1,Amulet Bloom,daviusminimus,205 tix,$ 584,240565,2014-07-14,Modern Daily #7283156,modern,modern-daily-7283156,modern-daily-7283156-2014-07-14
3,4,Primeval Titan,,Creatures,3,1,Amulet Bloom,daviusminimus,205 tix,$ 584,240565,2014-07-14,Modern Daily #7283156,modern,modern-daily-7283156,modern-daily-7283156-2014-07-14
5,2,Pact of Negation,,Spells,3,1,Amulet Bloom,daviusminimus,205 tix,$ 584,240565,2014-07-14,Modern Daily #7283156,modern,modern-daily-7283156,modern-daily-7283156-2014-07-14
6,1,Slaughter Pact,,Spells,3,1,Amulet Bloom,daviusminimus,205 tix,$ 584,240565,2014-07-14,Modern Daily #7283156,modern,modern-daily-7283156,modern-daily-7283156-2014-07-14
7,4,Summoner's Pact,,Spells,3,1,Amulet Bloom,daviusminimus,205 tix,$ 584,240565,2014-07-14,Modern Daily #7283156,modern,modern-daily-7283156,modern-daily-7283156-2014-07-14
8,2,Ancient Stirrings,,Spells,3,1,Amulet Bloom,daviusminimus,205 tix,$ 584,240565,2014-07-14,Modern Daily #7283156,modern,modern-daily-7283156,modern-daily-7283156-2014-07-14
9,4,Serum Visions,,Spells,3,1,Amulet Bloom,daviusminimus,205 tix,$ 584,240565,2014-07-14,Modern Daily #7283156,modern,modern-daily-7283156,modern-daily-7283156-2014-07-14
10,4,Summer Bloom,,Spells,3,1,Amulet Bloom,daviusminimus,205 tix,$ 584,240565,2014-07-14,Modern Daily #7283156,modern,modern-daily-7283156,modern-daily-7283156-2014-07-14
12,4,Amulet of Vigor,,Artifacts,3,1,Amulet Bloom,daviusminimus,205 tix,$ 584,240565,2014-07-14,Modern Daily #7283156,modern,modern-daily-7283156,modern-daily-7283156-2014-07-14
14,2,Hive Mind,,Enchantments,3,1,Amulet Bloom,daviusminimus,205 tix,$ 584,240565,2014-07-14,Modern Daily #7283156,modern,modern-daily-7283156,modern-daily-7283156-2014-07-14
16,1,Boros Garrison,,Lands,3,1,Amulet Bloom,daviusminimus,205 tix,$ 584,240565,2014-07-14,Modern Daily #7283156,modern,modern-daily-7283156,modern-daily-7283156-2014-07-14
17,1,Cavern of Souls,,Lands,3,1,Amulet Bloom,daviusminimus,205 tix,$ 584,240565,2014-07-14,Modern Daily #7283156,modern,modern-daily-7283156,modern-daily-7283156-2014-07-14
18,2,City of Brass,,Lands,3,1,Amulet Bloom,daviusminimus,205 tix,$ 584,240565,2014-07-14,Modern Daily #7283156,modern,modern-daily-7283156,modern-daily-7283156-2014-07-14
19,1,Forest,,Lands,3,1,Amulet Bloom,daviusminimus,205 tix,$ 584,240565,2014-07-14,Modern Daily #7283156,modern,modern-daily-7283156,modern-daily-7283156-2014-07-14
20,3,Gemstone Mine,,Lands,3,1,Amulet Bloom,daviusminimus,205 tix,$ 584,240565,2014-07-14,Modern Daily #7283156,modern,modern-daily-7283156,modern-daily-7283156-2014-07-14
21,2,Golgari Rot Farm,,Lands,3,1,Amulet Bloom,daviusminimus,205 tix,$ 584,240565,2014-07-14,Modern Daily #7283156,modern,modern-daily-7283156,modern-daily-7283156-2014-07-14
22,2,Gruul Turf,,Lands,3,1,Amulet Bloom,daviusminimus,205 tix,$ 584,240565,2014-07-14,Modern Daily #7283156,modern,modern-daily-7283156,modern-daily-7283156-2014-07-14
23,1,Kabira Crossroads,,Lands,3,1,Amulet Bloom,daviusminimus,205 tix,$ 584,240565,2014-07-14,Modern Daily #7283156,modern,modern-daily-7283156,modern-daily-7283156-2014-07-14
24,1,Khalni Garden,,Lands,3,1,Amulet Bloom,daviusminimus,205 tix,$ 584,240565,2014-07-14,Modern Daily #7283156,modern,modern-daily-7283156,modern-daily-7283156-2014-07-14
25,1,Selesnya Sanctuary,,Lands,3,1,Amulet Bloom,daviusminimus,205 tix,$ 584,240565,2014-07-14,Modern Daily #7283156,modern,modern-daily-7283156,modern-daily-7283156-2014-07-14
26,4,Simic Growth Chamber,,Lands,3,1,Amulet Bloom,daviusminimus,205 tix,$ 584,240565,2014-07-14,Modern Daily #7283156,modern,modern-daily-7283156,modern-daily-7283156-2014-07-14
27,1,Slayers' Stronghold,,Lands,3,1,Amulet Bloom,daviusminimus,205 tix,$ 584,240565,2014-07-14,Modern Daily #7283156,modern,modern-daily-7283156,modern-daily-7283156-2014-07-14
28,1,"Sunhome, Fortress of the Legion",,Lands,3,1,Amulet Bloom,daviusminimus,205 tix,$ 584,240565,2014-07-14,Modern Daily #7283156,modern,modern-daily-7283156,modern-daily-7283156-2014-07-14
29,3,Tendo Ice Bridge,,Lands,3,1,Amulet Bloom,daviusminimus,205 tix,$ 584,240565,2014-07-14,Modern Daily #7283156,modern,modern-daily-7283156,modern-daily-7283156-2014-07-14
30,3,Tolaria West,,Lands,3,1,Amulet Bloom,daviusminimus,205 tix,$ 584,240565,2014-07-14,Modern Daily #7283156,modern,modern-daily-7283156,modern-daily-7283156-2014-07-14
31,1,Vesuva,,Lands,3,1,Amulet Bloom,daviusminimus,205 tix,$ 584,240565,2014-07-14,Modern Daily #7283156,modern,modern-daily-7283156,modern-daily-7283156-2014-07-14
33,1,Bojuka Bog,,Sideboard,3,1,Amulet Bloom,daviusminimus,205 tix,$ 584,240565,2014-07-14,Modern Daily #7283156,modern,modern-daily-7283156,modern-daily-7283156-2014-07-14
34,2,Chalice of the Void,,Sideboard,3,1,Amulet Bloom,daviusminimus,205 tix,$ 584,240565,2014-07-14,Modern Daily #7283156,modern,modern-daily-7283156,modern-daily-7283156-2014-07-14
35,1,Ghost Quarter,,Sideboard,3,1,Amulet Bloom,daviusminimus,205 tix,$ 584,240565,2014-07-14,Modern Daily #7283156,modern,modern-daily-7283156,modern-daily-7283156-2014-07-14
36,2,Thoughtseize,,Sideboard,3,1,Amulet Bloom,daviusminimus,205 tix,$ 584,240565,2014-07-14,Modern Daily #7283156,modern,modern-daily-7283156,modern-daily-7283156-2014-07-14
37,2,Pyroclasm,,Sideboard,3,1,Amulet Bloom,daviusminimus,205 tix,$ 584,240565,2014-07-14,Modern Daily #7283156,modern,modern-daily-7283156,modern-daily-7283156-2014-07-14
38,3,Seal of Primordium,,Sideboard,3,1,Amulet Bloom,daviusminimus,205 tix,$ 584,240565,2014-07-14,Modern Daily #7283156,modern,modern-daily-7283156,modern-daily-7283156-2014-07-14
39,1,Firespout,,Sideboard,3,1,Amulet Bloom,daviusminimus,205 tix,$ 584,240565,2014-07-14,Modern Daily #7283156,modern,modern-daily-7283156,modern-daily-7283156-2014-07-14
40,1,Creeping Corrosion,,Sideboard,3,1,Amulet Bloom,daviusminimus,205 tix,$ 584,240565,2014-07-14,Modern Daily #7283156,modern,modern-daily-7283156,modern-daily-7283156-2014-07-14
41,1,Acidic Slime,,Sideboard,3,1,Amulet Bloom,daviusminimus,205 tix,$ 584,240565,2014-07-14,Modern Daily #7283156,modern,modern-daily-7283156,modern-daily-7283156-2014-07-14
42,1,Hive Mind,,Sideboard,3,1,Amulet Bloom,daviusminimus,205 tix,$ 584,240565,2014-07-14,Modern Daily #7283156,modern,modern-daily-7283156,modern-daily-7283156-2014-07-14
1,1,Birds of Paradise,,Creatures,3,1,Bant Midrange,fatkiddestroyers,462 tix,"$ 1,486",240584,2014-07-14,Modern Daily #7283156,modern,modern-daily-7283156,modern-daily-7283156-2014-07-14
2,4,Noble Hierarch,,Creatures,3,1,Bant Midrange,fatkiddestroyers,462 tix,"$ 1,486",240584,2014-07-14,Modern Daily #7283156,modern,modern-daily-7283156,modern-daily-7283156-2014-07-14
3,2,Qasali Pridemage,,Creatures,3,1,Bant Midrange,fatkiddestroyers,462 tix,"$ 1,486",240584,2014-07-14,Modern Daily #7283156,modern,modern-daily-7283156,modern-daily-7283156-2014-07-14
4,3,Snapcaster Mage,,Creatures,3,1,Bant Midrange,fatkiddestroyers,462 tix,"$ 1,486",240584,2014-07-14,Modern Daily #7283156,modern,modern-daily-7283156,modern-daily-7283156-2014-07-14
5,4,Tarmogoyf,,Creatures,3,1,Bant Midrange,fatkiddestroyers,462 tix,"$ 1,486",240584,2014-07-14,Modern Daily #7283156,modern,modern-daily-7283156,modern-daily-7283156-2014-07-14
6,1,"Brimaz, King of Oreskos",,Creatures,3,1,Bant Midrange,fatkiddestroyers,462 tix,"$ 1,486",240584,2014-07-14,Modern Daily #7283156,modern,modern-daily-7283156,modern-daily-7283156-2014-07-14
7,2,Courser of Kruphix,,Creatures,3,1,Bant Midrange,fatkiddestroyers,462 tix,"$ 1,486",240584,2014-07-14,Modern Daily #7283156,modern,modern-daily-7283156,modern-daily-7283156-2014-07-14
9,4,Path to Exile,,Spells,3,1,Bant Midrange,fatkiddestroyers,462 tix,"$ 1,486",240584,2014-07-14,Modern Daily #7283156,modern,modern-daily-7283156,modern-daily-7283156-2014-07-14
10,3,Spell Snare,,Spells,3,1,Bant Midrange,fatkiddestroyers,462 tix,"$ 1,486",240584,2014-07-14,Modern Daily #7283156,modern,modern-daily-7283156,modern-daily-7283156-2014-07-14
11,2,Mana Leak,,Spells,3,1,Bant Midrange,fatkiddestroyers,462 tix,"$ 1,486",240584,2014-07-14,Modern Daily #7283156,modern,modern-daily-7283156,modern-daily-7283156-2014-07-14
12,3,Remand,,Spells,3,1,Bant Midrange,fatkiddestroyers,462 tix,"$ 1,486",240584,2014-07-14,Modern Daily #7283156,modern,modern-daily-7283156,modern-daily-7283156-2014-07-14
13,2,Bant Charm,,Spells,3,1,Bant Midrange,fatkiddestroyers,462 tix,"$ 1,486",240584,2014-07-14,Modern Daily #7283156,modern,modern-daily-7283156,modern-daily-7283156-2014-07-14
14,1,Blue Sun's Zenith,,Spells,3,1,Bant Midrange,fatkiddestroyers,462 tix,"$ 1,486",240584,2014-07-14,Modern Daily #7283156,modern,modern-daily-7283156,modern-daily-7283156-2014-07-14
15,2,Cryptic Command,,Spells,3,1,Bant Midrange,fatkiddestroyers,462 tix,"$ 1,486",240584,2014-07-14,Modern Daily #7283156,modern,modern-daily-7283156,modern-daily-7283156-2014-07-14
17,1,Sword of Fire and Ice,,Artifacts,3,1,Bant Midrange,fatkiddestroyers,462 tix,"$ 1,486",240584,2014-07-14,Modern Daily #7283156,modern,modern-daily-7283156,modern-daily-7283156-2014-07-14
18,2,Vedalken Shackles,,Artifacts,3,1,Bant Midrange,fatkiddestroyers,462 tix,"$ 1,486",240584,2014-07-14,Modern Daily #7283156,modern,modern-daily-7283156,modern-daily-7283156-2014-07-14
20,2,Breeding Pool,,Lands,3,1,Bant Midrange,fatkiddestroyers,462 tix,"$ 1,486",240584,2014-07-14,Modern Daily #7283156,modern,modern-daily-7283156,modern-daily-7283156-2014-07-14
21,1,Celestial Colonnade,,Lands,3,1,Bant Midrange,fatkiddestroyers,462 tix,"$ 1,486",240584,2014-07-14,Modern Daily #7283156,modern,modern-daily-7283156,modern-daily-7283156-2014-07-14
22,1,Flooded Grove,,Lands,3,1,Bant Midrange,fatkiddestroyers,462 tix,"$ 1,486",240584,2014-07-14,Modern Daily #7283156,modern,modern-daily-7283156,modern-daily-7283156-2014-07-14
23,1,Forest,,Lands,3,1,Bant Midrange,fatkiddestroyers,462 tix,"$ 1,486",240584,2014-07-14,Modern Daily #7283156,modern,modern-daily-7283156,modern-daily-7283156-2014-07-14
24,2,Hallowed Fountain,,Lands,3,1,Bant Midrange,fatkiddestroyers,462 tix,"$ 1,486",240584,2014-07-14,Modern Daily #7283156,modern,modern-daily-7283156,modern-daily-7283156-2014-07-14
25,1,Horizon Canopy,,Lands,3,1,Bant Midrange,fatkiddestroyers,462 tix,"$ 1,486",240584,2014-07-14,Modern Daily #7283156,modern,modern-daily-7283156,modern-daily-7283156-2014-07-14
26,3,Island,,Lands,3,1,Bant Midrange,fatkiddestroyers,462 tix,"$ 1,486",240584,2014-07-14,Modern Daily #7283156,modern,modern-daily-7283156,modern-daily-7283156-2014-07-14
27,4,Misty Rainforest,,Lands,3,1,Bant Midrange,fatkiddestroyers,462 tix,"$ 1,486",240584,2014-07-14,Modern Daily #7283156,modern,modern-daily-7283156,modern-daily-7283156-2014-07-14
28,1,Razorverge Thicket,,Lands,3,1,Bant Midrange,fatkiddestroyers,462 tix,"$ 1,486",240584,2014-07-14,Modern Daily #7283156,modern,modern-daily-7283156,modern-daily-7283156-2014-07-14
29,3,Scalding Tarn,,Lands,3,1,Bant Midrange,fatkiddestroyers,462 tix,"$ 1,486",240584,2014-07-14,Modern Daily #7283156,modern,modern-daily-7283156,modern-daily-7283156-2014-07-14
30,1,Tectonic Edge,,Lands,3,1,Bant Midrange,fatkiddestroyers,462 tix,"$ 1,486",240584,2014-07-14,Modern Daily #7283156,modern,modern-daily-7283156,modern-daily-7283156-2014-07-14
31,1,Temple Garden,,Lands,3,1,Bant Midrange,fatkiddestroyers,462 tix,"$ 1,486",240584,2014-07-14,Modern Daily #7283156,modern,modern-daily-7283156,modern-daily-7283156-2014-07-14
32,1,Treetop Village,,Lands,3,1,Bant Midrange,fatkiddestroyers,462 tix,"$ 1,486",240584,2014-07-14,Modern Daily #7283156,modern,modern-daily-7283156,modern-daily-7283156-2014-07-14
33,1,Wooded Bastion,,Lands,3,1,Bant Midrange,fatkiddestroyers,462 tix,"$ 1,486",240584,2014-07-14,Modern Daily #7283156,modern,modern-daily-7283156,modern-daily-7283156-2014-07-14
35,2,Nature's Claim,,Sideboard,3,1,Bant Midrange,fatkiddestroyers,462 tix,"$ 1,486",240584,2014-07-14,Modern Daily #7283156,modern,modern-daily-7283156,modern-daily-7283156-2014-07-14
36,2,Relic of Progenitus,,Sideboard,3,1,Bant Midrange,fatkiddestroyers,462 tix,"$ 1,486",240584,2014-07-14,Modern Daily #7283156,modern,modern-daily-7283156,modern-daily-7283156-2014-07-14
37,1,Life from the Loam,,Sideboard,3,1,Bant Midrange,fatkiddestroyers,462 tix,"$ 1,486",240584,2014-07-14,Modern Daily #7283156,modern,modern-daily-7283156,modern-daily-7283156-2014-07-14
38,2,Negate,,Sideboard,3,1,Bant Midrange,fatkiddestroyers,462 tix,"$ 1,486",240584,2014-07-14,Modern Daily #7283156,modern,modern-daily-7283156,modern-daily-7283156-2014-07-14
39,1,Aven Mindcensor,,Sideboard,3,1,Bant Midrange,fatkiddestroyers,462 tix,"$ 1,486",240584,2014-07-14,Modern Daily #7283156,modern,modern-daily-7283156,modern-daily-7283156-2014-07-14
40,1,Mirran Crusader,,Sideboard,3,1,Bant Midrange,fatkiddestroyers,462 tix,"$ 1,486",240584,2014-07-14,Modern Daily #7283156,modern,modern-daily-7283156,modern-daily-7283156-2014-07-14
41,2,Rhox War Monk,,Sideboard,3,1,Bant Midrange,fatkiddestroyers,462 tix,"$ 1,486",240584,2014-07-14,Modern Daily #7283156,modern,modern-daily-7283156,modern-daily-7283156-2014-07-14
42,1,Vendilion Clique,,Sideboard,3,1,Bant Midrange,fatkiddestroyers,462 tix,"$ 1,486",240584,2014-07-14,Modern Daily #7283156,modern,modern-daily-7283156,modern-daily-7283156-2014-07-14
43,1,"Thrun, the Last Troll",,Sideboard,3,1,Bant Midrange,fatkiddestroyers,462 tix,"$ 1,486",240584,2014-07-14,Modern Daily #7283156,modern,modern-daily-7283156,modern-daily-7283156-2014-07-14
44,1,Worship,,Sideboard,3,1,Bant Midrange,fatkiddestroyers,462 tix,"$ 1,486",240584,2014-07-14,Modern Daily #7283156,modern,modern-daily-7283156,modern-daily-7283156-2014-07-14
45,1,Bribery,,Sideboard,3,1,Bant Midrange,fatkiddestroyers,462 tix,"$ 1,486",240584,2014-07-14,Modern Daily #7283156,modern,modern-daily-7283156,modern-daily-7283156-2014-07-14
1,2,Grim Lavamancer,,Creatures,3,1,Blue Moon,_GMac_,374 tix,"$ 1,267",240585,2014-07-14,Modern Daily #7283156,modern,modern-daily-7283156,modern-daily-7283156-2014-07-14
2,4,Snapcaster Mage,,Creatures,3,1,Blue Moon,_GMac_,374 tix,"$ 1,267",240585,2014-07-14,Modern Daily #7283156,modern,modern-daily-7283156,modern-daily-7283156-2014-07-14
3,2,Pestermite,,Creatures,3,1,Blue Moon,_GMac_,374 tix,"$ 1,267",240585,2014-07-14,Modern Daily #7283156,modern,modern-daily-7283156,modern-daily-7283156-2014-07-14
4,2,Vendilion Clique,,Creatures,3,1,Blue Moon,_GMac_,374 tix,"$ 1,267",240585,2014-07-14,Modern Daily #7283156,modern,modern-daily-7283156,modern-daily-7283156-2014-07-14
5,3,"Keranos, God of Storms",,Creatures,3,1,Blue Moon,_GMac_,374 tix,"$ 1,267",240585,2014-07-14,Modern Daily #7283156,modern,modern-daily-7283156,modern-daily-7283156-2014-07-14
7,1,Flame Slash,,Spells,3,1,Blue Moon,_GMac_,374 tix,"$ 1,267",240585,2014-07-14,Modern Daily #7283156,modern,modern-daily-7283156,modern-daily-7283156-2014-07-14
8,4,Lightning Bolt,,Spells,3,1,Blue Moon,_GMac_,374 tix,"$ 1,267",240585,2014-07-14,Modern Daily #7283156,modern,modern-daily-7283156,modern-daily-7283156-2014-07-14
9,1,Pillar of Flame,,Spells,3,1,Blue Moon,_GMac_,374 tix,"$ 1,267",240585,2014-07-14,Modern Daily #7283156,modern,modern-daily-7283156,modern-daily-7283156-2014-07-14
10,4,Serum Visions,,Spells,3,1,Blue Moon,_GMac_,374 tix,"$ 1,267",240585,2014-07-14,Modern Daily #7283156,modern,modern-daily-7283156,modern-daily-7283156-2014-07-14
11,2,Spell Snare,,Spells,3,1,Blue Moon,_GMac_,374 tix,"$ 1,267",240585,2014-07-14,Modern Daily #7283156,modern,modern-daily-7283156,modern-daily-7283156-2014-07-14
12,4,Remand,,Spells,3,1,Blue Moon,_GMac_,374 tix,"$ 1,267",240585,2014-07-14,Modern Daily #7283156,modern,modern-daily-7283156,modern-daily-7283156-2014-07-14
13,4,Electrolyze,,Spells,3,1,Blue Moon,_GMac_,374 tix,"$ 1,267",240585,2014-07-14,Modern Daily #7283156,modern,modern-daily-7283156,modern-daily-7283156-2014-07-14
14,4,Cryptic Command,,Spells,3,1,Blue Moon,_GMac_,374 tix,"$ 1,267",240585,2014-07-14,Modern Daily #7283156,modern,modern-daily-7283156,modern-daily-7283156-2014-07-14
16,1,Arid Mesa,,Lands,3,1,Blue Moon,_GMac_,374 tix,"$ 1,267",240585,2014-07-14,Modern Daily #7283156,modern,modern-daily-7283156,modern-daily-7283156-2014-07-14
17,7,Island,,Lands,3,1,Blue Moon,_GMac_,374 tix,"$ 1,267",240585,2014-07-14,Modern Daily #7283156,modern,modern-daily-7283156,modern-daily-7283156-2014-07-14
18,3,Misty Rainforest,,Lands,3,1,Blue Moon,_GMac_,374 tix,"$ 1,267",240585,2014-07-14,Modern Daily #7283156,modern,modern-daily-7283156,modern-daily-7283156-2014-07-14
19,1,Mountain,,Lands,3,1,Blue Moon,_GMac_,374 tix,"$ 1,267",240585,2014-07-14,Modern Daily #7283156,modern,modern-daily-7283156,modern-daily-7283156-2014-07-14
20,4,Scalding Tarn,,Lands,3,1,Blue Moon,_GMac_,374 tix,"$ 1,267",240585,2014-07-14,Modern Daily #7283156,modern,modern-daily-7283156,modern-daily-7283156-2014-07-14
21,3,Steam Vents,,Lands,3,1,Blue Moon,_GMac_,374 tix,"$ 1,267",240585,2014-07-14,Modern Daily #7283156,modern,modern-daily-7283156,modern-daily-7283156-2014-07-14
22,1,Stomping Ground,,Lands,3,1,Blue Moon,_GMac_,374 tix,"$ 1,267",240585,2014-07-14,Modern Daily #7283156,modern,modern-daily-7283156,modern-daily-7283156-2014-07-14
23,3,Sulfur Falls,,Lands,3,1,Blue Moon,_GMac_,374 tix,"$ 1,267",240585,2014-07-14,Modern Daily #7283156,modern,modern-daily-7283156,modern-daily-7283156-2014-07-14
25,1,Engineered Explosives,,Sideboard,3,1,Blue Moon,_GMac_,374 tix,"$ 1,267",240585,2014-07-14,Modern Daily #7283156,modern,modern-daily-7283156,modern-daily-7283156-2014-07-14
26,2,Dispel,,Sideboard,3,1,Blue Moon,_GMac_,374 tix,"$ 1,267",240585,2014-07-14,Modern Daily #7283156,modern,modern-daily-7283156,modern-daily-7283156-2014-07-14
27,3,Relic of Progenitus,,Sideboard,3,1,Blue Moon,_GMac_,374 tix,"$ 1,267",240585,2014-07-14,Modern Daily #7283156,modern,modern-daily-7283156,modern-daily-7283156-2014-07-14
28,2,Ancient Grudge,,Sideboard,3,1,Blue Moon,_GMac_,374 tix,"$ 1,267",240585,2014-07-14,Modern Daily #7283156,modern,modern-daily-7283156,modern-daily-7283156-2014-07-14
29,1,Negate,,Sideboard,3,1,Blue Moon,_GMac_,374 tix,"$ 1,267",240585,2014-07-14,Modern Daily #7283156,modern,modern-daily-7283156,modern-daily-7283156-2014-07-14
30,1,Anger of the Gods,,Sideboard,3,1,Blue Moon,_GMac_,374 tix,"$ 1,267",240585,2014-07-14,Modern Daily #7283156,modern,modern-daily-7283156,modern-daily-7283156-2014-07-14
31,3,Blood Moon,,Sideboard,3,1,Blue Moon,_GMac_,374 tix,"$ 1,267",240585,2014-07-14,Modern Daily #7283156,modern,modern-daily-7283156,modern-daily-7283156-2014-07-14
32,1,Counterflux,,Sideboard,3,1,Blue Moon,_GMac_,374 tix,"$ 1,267",240585,2014-07-14,Modern Daily #7283156,modern,modern-daily-7283156,modern-daily-7283156-2014-07-14
33,1,Shatterstorm,,Sideboard,3,1,Blue Moon,_GMac_,374 tix,"$ 1,267",240585,2014-07-14,Modern Daily #7283156,modern,modern-daily-7283156,modern-daily-7283156-2014-07-14
1,1,Dryad Arbor,,Creatures,3,1,Bogles,Arlysk,361 tix,$ 987,240580,2014-07-14,Modern Daily #7283156,modern,modern-daily-7283156,modern-daily-7283156-2014-07-14
2,4,Gladecover Scout,,Creatures,3,1,Bogles,Arlysk,361 tix,$ 987,240580,2014-07-14,Modern Daily #7283156,modern,modern-daily-7283156,modern-daily-7283156-2014-07-14
3,4,Slippery Bogle,,Creatures,3,1,Bogles,Arlysk,361 tix,$ 987,240580,2014-07-14,Modern Daily #7283156,modern,modern-daily-7283156,modern-daily-7283156-2014-07-14
4,4,Kor Spiritdancer,,Creatures,3,1,Bogles,Arlysk,361 tix,$ 987,240580,2014-07-14,Modern Daily #7283156,modern,modern-daily-7283156,modern-daily-7283156-2014-07-14
6,4,Ethereal Armor,,Enchantments,3,1,Bogles,Arlysk,361 tix,$ 987,240580,2014-07-14,Modern Daily #7283156,modern,modern-daily-7283156,modern-daily-7283156-2014-07-14
7,4,Hyena Umbra,,Enchantments,3,1,Bogles,Arlysk,361 tix,$ 987,240580,2014-07-14,Modern Daily #7283156,modern,modern-daily-7283156,modern-daily-7283156-2014-07-14
8,4,Keen Sense,,Enchantments,3,1,Bogles,Arlysk,361 tix,$ 987,240580,2014-07-14,Modern Daily #7283156,modern,modern-daily-7283156,modern-daily-7283156-2014-07-14
9,1,Lifelink,,Enchantments,3,1,Bogles,Arlysk,361 tix,$ 987,240580,2014-07-14,Modern Daily #7283156,modern,modern-daily-7283156,modern-daily-7283156-2014-07-14
10,4,Rancor,,Enchantments,3,1,Bogles,Arlysk,361 tix,$ 987,240580,2014-07-14,Modern Daily #7283156,modern,modern-daily-7283156,modern-daily-7283156-2014-07-14
11,4,Spider Umbra,,Enchantments,3,1,Bogles,Arlysk,361 tix,$ 987,240580,2014-07-14,Modern Daily #7283156,modern,modern-daily-7283156,modern-daily-7283156-2014-07-14
12,4,Daybreak Coronet,,Enchantments,3,1,Bogles,Arlysk,361 tix,$ 987,240580,2014-07-14,Modern Daily #7283156,modern,modern-daily-7283156,modern-daily-7283156-2014-07-14
13,2,Spirit Mantle,,Enchantments,3,1,Bogles,Arlysk,361 tix,$ 987,240580,2014-07-14,Modern Daily #7283156,modern,modern-daily-7283156,modern-daily-7283156-2014-07-14
15,1,Forest,,Lands,3,1,Bogles,Arlysk,361 tix,$ 987,240580,2014-07-14,Modern Daily #7283156,modern,modern-daily-7283156,modern-daily-7283156-2014-07-14
16,4,Horizon Canopy,,Lands,3,1,Bogles,Arlysk,361 tix,$ 987,240580,2014-07-14,Modern Daily #7283156,modern,modern-daily-7283156,modern-daily-7283156-2014-07-14
17,2,Misty Rainforest,,Lands,3,1,Bogles,Arlysk,361 tix,$ 987,240580,2014-07-14,Modern Daily #7283156,modern,modern-daily-7283156,modern-daily-7283156-2014-07-14
18,4,Razorverge Thicket,,Lands,3,1,Bogles,Arlysk,361 tix,$ 987,240580,2014-07-14,Modern Daily #7283156,modern,modern-daily-7283156,modern-daily-7283156-2014-07-14
19,4,Temple Garden,,Lands,3,1,Bogles,Arlysk,361 tix,$ 987,240580,2014-07-14,Modern Daily #7283156,modern,modern-daily-7283156,modern-daily-7283156-2014-07-14
20,4,Verdant Catacombs,,Lands,3,1,Bogles,Arlysk,361 tix,$ 987,240580,2014-07-14,Modern Daily #7283156,modern,modern-daily-7283156,modern-daily-7283156-2014-07-14
21,1,Wooded Bastion,,Lands,3,1,Bogles,Arlysk,361 tix,$ 987,240580,2014-07-14,Modern Daily #7283156,modern,modern-daily-7283156,modern-daily-7283156-2014-07-14
23,2,Path to Exile,,Sideboard,3,1,Bogles,Arlysk,361 tix,$ 987,240580,2014-07-14,Modern Daily #7283156,modern,modern-daily-7283156,modern-daily-7283156-2014-07-14
24,2,Rest in Peace,,Sideboard,3,1,Bogles,Arlysk,361 tix,$ 987,240580,2014-07-14,Modern Daily #7283156,modern,modern-daily-7283156,modern-daily-7283156-2014-07-14
25,2,Stony Silence,,Sideboard,3,1,Bogles,Arlysk,361 tix,$ 987,240580,2014-07-14,Modern Daily #7283156,modern,modern-daily-7283156,modern-daily-7283156-2014-07-14
26,3,Suppression Field,,Sideboard,3,1,Bogles,Arlysk,361 tix,$ 987,240580,2014-07-14,Modern Daily #7283156,modern,modern-daily-7283156,modern-daily-7283156-2014-07-14
27,2,Dismember,,Sideboard,3,1,Bogles,Arlysk,361 tix,$ 987,240580,2014-07-14,Modern Daily #7283156,modern,modern-daily-7283156,modern-daily-7283156-2014-07-14
28,4,Leyline of Sanctity,,Sideboard,3,1,Bogles,Arlysk,361 tix,$ 987,240580,2014-07-14,Modern Daily #7283156,modern,modern-daily-7283156,modern-daily-7283156-2014-07-14
1,4,Goblin Guide,,Creatures,3,1,Burn,mareamarea,246 tix,$ 931,240563,2014-07-14,Modern Daily #7283156,modern,modern-daily-7283156,modern-daily-7283156-2014-07-14
2,3,Grim Lavamancer,,Creatures,3,1,Burn,mareamarea,246 tix,$ 931,240563,2014-07-14,Modern Daily #7283156,modern,modern-daily-7283156,modern-daily-7283156-2014-07-14
3,2,Vexing Devil,,Creatures,3,1,Burn,mareamarea,246 tix,$ 931,240563,2014-07-14,Modern Daily #7283156,modern,modern-daily-7283156,modern-daily-7283156-2014-07-14
4,4,Eidolon of the Great Revel,,Creatures,3,1,Burn,mareamarea,246 tix,$ 931,240563,2014-07-14,Modern Daily #7283156,modern,modern-daily-7283156,modern-daily-7283156-2014-07-14
6,4,Bump in the Night,,Spells,3,1,Burn,mareamarea,246 tix,$ 931,240563,2014-07-14,Modern Daily #7283156,modern,modern-daily-7283156,modern-daily-7283156-2014-07-14
7,4,Lava Spike,,Spells,3,1,Burn,mareamarea,246 tix,$ 931,240563,2014-07-14,Modern Daily #7283156,modern,modern-daily-7283156,modern-daily-7283156-2014-07-14
8,4,Lightning Bolt,,Spells,3,1,Burn,mareamarea,246 tix,$ 931,240563,2014-07-14,Modern Daily #7283156,modern,modern-daily-7283156,modern-daily-7283156-2014-07-14
9,4,Shard Volley,,Spells,3,1,Burn,mareamarea,246 tix,$ 931,240563,2014-07-14,Modern Daily #7283156,modern,modern-daily-7283156,modern-daily-7283156-2014-07-14
10,3,Searing Blaze,,Spells,3,1,Burn,mareamarea,246 tix,$ 931,240563,2014-07-14,Modern Daily #7283156,modern,modern-daily-7283156,modern-daily-7283156-2014-07-14
11,4,Skullcrack,,Spells,3,1,Burn,mareamarea,246 tix,$ 931,240563,2014-07-14,Modern Daily #7283156,modern,modern-daily-7283156,modern-daily-7283156-2014-07-14
12,4,Rift Bolt,,Spells,3,1,Burn,mareamarea,246 tix,$ 931,240563,2014-07-14,Modern Daily #7283156,modern,modern-daily-7283156,modern-daily-7283156-2014-07-14
14,4,Arid Mesa,,Lands,3,1,Burn,mareamarea,246 tix,$ 931,240563,2014-07-14,Modern Daily #7283156,modern,modern-daily-7283156,modern-daily-7283156-2014-07-14
15,4,Blackcleave Cliffs,,Lands,3,1,Burn,mareamarea,246 tix,$ 931,240563,2014-07-14,Modern Daily #7283156,modern,modern-daily-7283156,modern-daily-7283156-2014-07-14
16,1,Blood Crypt,,Lands,3,1,Burn,mareamarea,246 tix,$ 931,240563,2014-07-14,Modern Daily #7283156,modern,modern-daily-7283156,modern-daily-7283156-2014-07-14
17,2,Copperline Gorge,,Lands,3,1,Burn,mareamarea,246 tix,$ 931,240563,2014-07-14,Modern Daily #7283156,modern,modern-daily-7283156,modern-daily-7283156-2014-07-14
18,4,Mountain,,Lands,3,1,Burn,mareamarea,246 tix,$ 931,240563,2014-07-14,Modern Daily #7283156,modern,modern-daily-7283156,modern-daily-7283156-2014-07-14
19,4,Scalding Tarn,,Lands,3,1,Burn,mareamarea,246 tix,$ 931,240563,2014-07-14,Modern Daily #7283156,modern,modern-daily-7283156,modern-daily-7283156-2014-07-14
20,1,Stomping Ground,,Lands,3,1,Burn,mareamarea,246 tix,$ 931,240563,2014-07-14,Modern Daily #7283156,modern,modern-daily-7283156,modern-daily-7283156-2014-07-14
22,2,Relic of Progenitus,,Sideboard,3,1,Burn,mareamarea,246 tix,$ 931,240563,2014-07-14,Modern Daily #7283156,modern,modern-daily-7283156,modern-daily-7283156-2014-07-14
23,4,Destructive Revelry,,Sideboard,3,1,Burn,mareamarea,246 tix,$ 931,240563,2014-07-14,Modern Daily #7283156,modern,modern-daily-7283156,modern-daily-7283156-2014-07-14
24,2,Dragon's Claw,,Sideboard,3,1,Burn,mareamarea,246 tix,$ 931,240563,2014-07-14,Modern Daily #7283156,modern,modern-daily-7283156,modern-daily-7283156-2014-07-14
25,2,Rakdos Charm,,Sideboard,3,1,Burn,mareamarea,246 tix,$ 931,240563,2014-07-14,Modern Daily #7283156,modern,modern-daily-7283156,modern-daily-7283156-2014-07-14
26,1,Searing Blaze,,Sideboard,3,1,Burn,mareamarea,246 tix,$ 931,240563,2014-07-14,Modern Daily #7283156,modern,modern-daily-7283156,modern-daily-7283156-2014-07-14
27,2,Searing Blood,,Sideboard,3,1,Burn,mareamarea,246 tix,$ 931,240563,2014-07-14,Modern Daily #7283156,modern,modern-daily-7283156,modern-daily-7283156-2014-07-14
28,2,Molten Rain,,Sideboard,3,1,Burn,mareamarea,246 tix,$ 931,240563,2014-07-14,Modern Daily #7283156,modern,modern-daily-7283156,modern-daily-7283156-2014-07-14
1,4,Goblin Guide,,Creatures,3,1,Burn,nello,85 tix,$ 231,240576,2014-07-14,Modern Daily #7283156,modern,modern-daily-7283156,modern-daily-7283156-2014-07-14
2,4,Vexing Devil,,Creatures,3,1,Burn,nello,85 tix,$ 231,240576,2014-07-14,Modern Daily #7283156,modern,modern-daily-7283156,modern-daily-7283156-2014-07-14
3,4,Eidolon of the Great Revel,,Creatures,3,1,Burn,nello,85 tix,$ 231,240576,2014-07-14,Modern Daily #7283156,modern,modern-daily-7283156,modern-daily-7283156-2014-07-14
5,4,Lava Spike,,Spells,3,1,Burn,nello,85 tix,$ 231,240576,2014-07-14,Modern Daily #7283156,modern,modern-daily-7283156,modern-daily-7283156-2014-07-14
6,4,Lightning Bolt,,Spells,3,1,Burn,nello,85 tix,$ 231,240576,2014-07-14,Modern Daily #7283156,modern,modern-daily-7283156,modern-daily-7283156-2014-07-14
7,3,Shard Volley,,Spells,3,1,Burn,nello,85 tix,$ 231,240576,2014-07-14,Modern Daily #7283156,modern,modern-daily-7283156,modern-daily-7283156-2014-07-14
8,2,Magma Jet,,Spells,3,1,Burn,nello,85 tix,$ 231,240576,2014-07-14,Modern Daily #7283156,modern,modern-daily-7283156,modern-daily-7283156-2014-07-14
9,3,Searing Blaze,,Spells,3,1,Burn,nello,85 tix,$ 231,240576,2014-07-14,Modern Daily #7283156,modern,modern-daily-7283156,modern-daily-7283156-2014-07-14
10,4,Skullcrack,,Spells,3,1,Burn,nello,85 tix,$ 231,240576,2014-07-14,Modern Daily #7283156,modern,modern-daily-7283156,modern-daily-7283156-2014-07-14
11,4,Flames of the Blood Hand,,Spells,3,1,Burn,nello,85 tix,$ 231,240576,2014-07-14,Modern Daily #7283156,modern,modern-daily-7283156,modern-daily-7283156-2014-07-14
12,4,Rift Bolt,,Spells,3,1,Burn,nello,85 tix,$ 231,240576,2014-07-14,Modern Daily #7283156,modern,modern-daily-7283156,modern-daily-7283156-2014-07-14
14,20,Mountain,,Lands,3,1,Burn,nello,85 tix,$ 231,240576,2014-07-14,Modern Daily #7283156,modern,modern-daily-7283156,modern-daily-7283156-2014-07-14
16,2,Relic of Progenitus,,Sideboard,3,1,Burn,nello,85 tix,$ 231,240576,2014-07-14,Modern Daily #7283156,modern,modern-daily-7283156,modern-daily-7283156-2014-07-14
17,3,Combust,,Sideboard,3,1,Burn,nello,85 tix,$ 231,240576,2014-07-14,Modern Daily #7283156,modern,modern-daily-7283156,modern-daily-7283156-2014-07-14
18,2,Dragon's Claw,,Sideboard,3,1,Burn,nello,85 tix,$ 231,240576,2014-07-14,Modern Daily #7283156,modern,modern-daily-7283156,modern-daily-7283156-2014-07-14
19,2,Searing Blood,,Sideboard,3,1,Burn,nello,85 tix,$ 231,240576,2014-07-14,Modern Daily #7283156,modern,modern-daily-7283156,modern-daily-7283156-2014-07-14
20,3,Smash to Smithereens,,Sideboard,3,1,Burn,nello,85 tix,$ 231,240576,2014-07-14,Modern Daily #7283156,modern,modern-daily-7283156,modern-daily-7283156-2014-07-14
21,3,Molten Rain,,Sideboard,3,1,Burn,nello,85 tix,$ 231,240576,2014-07-14,Modern Daily #7283156,modern,modern-daily-7283156,modern-daily-7283156-2014-07-14
1,4,Goblin Guide,,Creatures,3,1,Burn,Phobos373,82 tix,$ 196,240577,2014-07-14,Modern Daily #7283156,modern,modern-daily-7283156,modern-daily-7283156-2014-07-14
2,4,Eidolon of the Great Revel,,Creatures,3,1,Burn,Phobos373,82 tix,$ 196,240577,2014-07-14,Modern Daily #7283156,modern,modern-daily-7283156,modern-daily-7283156-2014-07-14
3,4,Hellspark Elemental,,Creatures,3,1,Burn,Phobos373,82 tix,$ 196,240577,2014-07-14,Modern Daily #7283156,modern,modern-daily-7283156,modern-daily-7283156-2014-07-14
5,4,Lava Spike,,Spells,3,1,Burn,Phobos373,82 tix,$ 196,240577,2014-07-14,Modern Daily #7283156,modern,modern-daily-7283156,modern-daily-7283156-2014-07-14
6,4,Lightning Bolt,,Spells,3,1,Burn,Phobos373,82 tix,$ 196,240577,2014-07-14,Modern Daily #7283156,modern,modern-daily-7283156,modern-daily-7283156-2014-07-14
7,3,Shard Volley,,Spells,3,1,Burn,Phobos373,82 tix,$ 196,240577,2014-07-14,Modern Daily #7283156,modern,modern-daily-7283156,modern-daily-7283156-2014-07-14
8,2,Magma Jet,,Spells,3,1,Burn,Phobos373,82 tix,$ 196,240577,2014-07-14,Modern Daily #7283156,modern,modern-daily-7283156,modern-daily-7283156-2014-07-14
9,3,Searing Blaze,,Spells,3,1,Burn,Phobos373,82 tix,$ 196,240577,2014-07-14,Modern Daily #7283156,modern,modern-daily-7283156,modern-daily-7283156-2014-07-14
10,4,Skullcrack,,Spells,3,1,Burn,Phobos373,82 tix,$ 196,240577,2014-07-14,Modern Daily #7283156,modern,modern-daily-7283156,modern-daily-7283156-2014-07-14
11,4,Flames of the Blood Hand,,Spells,3,1,Burn,Phobos373,82 tix,$ 196,240577,2014-07-14,Modern Daily #7283156,modern,modern-daily-7283156,modern-daily-7283156-2014-07-14
12,4,Rift Bolt,,Spells,3,1,Burn,Phobos373,82 tix,$ 196,240577,2014-07-14,Modern Daily #7283156,modern,modern-daily-7283156,modern-daily-7283156-2014-07-14
14,20,Mountain,,Lands,3,1,Burn,Phobos373,82 tix,$ 196,240577,2014-07-14,Modern Daily #7283156,modern,modern-daily-7283156,modern-daily-7283156-2014-07-14
16,2,Relic of Progenitus,,Sideboard,3,1,Burn,Phobos373,82 tix,$ 196,240577,2014-07-14,Modern Daily #7283156,modern,modern-daily-7283156,modern-daily-7283156-2014-07-14
17,3,Combust,,Sideboard,3,1,Burn,Phobos373,82 tix,$ 196,240577,2014-07-14,Modern Daily #7283156,modern,modern-daily-7283156,modern-daily-7283156-2014-07-14
18,2,Dragon's Claw,,Sideboard,3,1,Burn,Phobos373,82 tix,$ 196,240577,2014-07-14,Modern Daily #7283156,modern,modern-daily-7283156,modern-daily-7283156-2014-07-14
19,2,Searing Blood,,Sideboard,3,1,Burn,Phobos373,82 tix,$ 196,240577,2014-07-14,Modern Daily #7283156,modern,modern-daily-7283156,modern-daily-7283156-2014-07-14
20,3,Smash to Smithereens,,Sideboard,3,1,Burn,Phobos373,82 tix,$ 196,240577,2014-07-14,Modern Daily #7283156,modern,modern-daily-7283156,modern-daily-7283156-2014-07-14
21,3,Molten Rain,,Sideboard,3,1,Burn,Phobos373,82 tix,$ 196,240577,2014-07-14,Modern Daily #7283156,modern,modern-daily-7283156,modern-daily-7283156-2014-07-14
1,4,Goblin Guide,,Creatures,3,1,Burn,Borrus,80 tix,$ 219,240578,2014-07-14,Modern Daily #7283156,modern,modern-daily-7283156,modern-daily-7283156-2014-07-14
2,4,Eidolon of the Great Revel,,Creatures,3,1,Burn,Borrus,80 tix,$ 219,240578,2014-07-14,Modern Daily #7283156,modern,modern-daily-7283156,modern-daily-7283156-2014-07-14
3,4,Hellspark Elemental,,Creatures,3,1,Burn,Borrus,80 tix,$ 219,240578,2014-07-14,Modern Daily #7283156,modern,modern-daily-7283156,modern-daily-7283156-2014-07-14
5,4,Lava Spike,,Spells,3,1,Burn,Borrus,80 tix,$ 219,240578,2014-07-14,Modern Daily #7283156,modern,modern-daily-7283156,modern-daily-7283156-2014-07-14
6,4,Lightning Bolt,,Spells,3,1,Burn,Borrus,80 tix,$ 219,240578,2014-07-14,Modern Daily #7283156,modern,modern-daily-7283156,modern-daily-7283156-2014-07-14
7,2,Shard Volley,,Spells,3,1,Burn,Borrus,80 tix,$ 219,240578,2014-07-14,Modern Daily #7283156,modern,modern-daily-7283156,modern-daily-7283156-2014-07-14
8,2,Magma Jet,,Spells,3,1,Burn,Borrus,80 tix,$ 219,240578,2014-07-14,Modern Daily #7283156,modern,modern-daily-7283156,modern-daily-7283156-2014-07-14
9,4,Searing Blaze,,Spells,3,1,Burn,Borrus,80 tix,$ 219,240578,2014-07-14,Modern Daily #7283156,modern,modern-daily-7283156,modern-daily-7283156-2014-07-14
10,4,Skullcrack,,Spells,3,1,Burn,Borrus,80 tix,$ 219,240578,2014-07-14,Modern Daily #7283156,modern,modern-daily-7283156,modern-daily-7283156-2014-07-14
11,4,Flames of the Blood Hand,,Spells,3,1,Burn,Borrus,80 tix,$ 219,240578,2014-07-14,Modern Daily #7283156,modern,modern-daily-7283156,modern-daily-7283156-2014-07-14
12,4,Rift Bolt,,Spells,3,1,Burn,Borrus,80 tix,$ 219,240578,2014-07-14,Modern Daily #7283156,modern,modern-daily-7283156,modern-daily-7283156-2014-07-14
14,20,Mountain,,Lands,3,1,Burn,Borrus,80 tix,$ 219,240578,2014-07-14,Modern Daily #7283156,modern,modern-daily-7283156,modern-daily-7283156-2014-07-14
16,4,Vexing Devil,,Sideboard,3,1,Burn,Borrus,80 tix,$ 219,240578,2014-07-14,Modern Daily #7283156,modern,modern-daily-7283156,modern-daily-7283156-2014-07-14
1,3,Judge's Familiar,,Creatures,3,1,Death n' Taxes,fengshai,129 tix,$ 324,240575,2014-07-14,Modern Daily #7283156,modern,modern-daily-7283156,modern-daily-7283156-2014-07-14
2,4,Leonin Arbiter,,Creatures,3,1,Death n' Taxes,fengshai,129 tix,$ 324,240575,2014-07-14,Modern Daily #7283156,modern,modern-daily-7283156,modern-daily-7283156-2014-07-14
3,2,Serra Avenger,,Creatures,3,1,Death n' Taxes,fengshai,129 tix,$ 324,240575,2014-07-14,Modern Daily #7283156,modern,modern-daily-7283156,modern-daily-7283156-2014-07-14
4,4,"Thalia, Guardian of Thraben",,Creatures,3,1,Death n' Taxes,fengshai,129 tix,$ 324,240575,2014-07-14,Modern Daily #7283156,modern,modern-daily-7283156,modern-daily-7283156-2014-07-14
5,2,Aven Mindcensor,,Creatures,3,1,Death n' Taxes,fengshai,129 tix,$ 324,240575,2014-07-14,Modern Daily #7283156,modern,modern-daily-7283156,modern-daily-7283156-2014-07-14
6,3,Blade Splicer,,Creatures,3,1,Death n' Taxes,fengshai,129 tix,$ 324,240575,2014-07-14,Modern Daily #7283156,modern,modern-daily-7283156,modern-daily-7283156-2014-07-14
7,1,"Brimaz, King of Oreskos",,Creatures,3,1,Death n' Taxes,fengshai,129 tix,$ 324,240575,2014-07-14,Modern Daily #7283156,modern,modern-daily-7283156,modern-daily-7283156-2014-07-14
8,4,Flickerwisp,,Creatures,3,1,Death n' Taxes,fengshai,129 tix,$ 324,240575,2014-07-14,Modern Daily #7283156,modern,modern-daily-7283156,modern-daily-7283156-2014-07-14
9,2,Mirran Crusader,,Creatures,3,1,Death n' Taxes,fengshai,129 tix,$ 324,240575,2014-07-14,Modern Daily #7283156,modern,modern-daily-7283156,modern-daily-7283156-2014-07-14
10,4,Restoration Angel,,Creatures,3,1,Death n' Taxes,fengshai,129 tix,$ 324,240575,2014-07-14,Modern Daily #7283156,modern,modern-daily-7283156,modern-daily-7283156-2014-07-14
12,4,Path to Exile,,Spells,3,1,Death n' Taxes,fengshai,129 tix,$ 324,240575,2014-07-14,Modern Daily #7283156,modern,modern-daily-7283156,modern-daily-7283156-2014-07-14
13,1,Dismember,,Spells,3,1,Death n' Taxes,fengshai,129 tix,$ 324,240575,2014-07-14,Modern Daily #7283156,modern,modern-daily-7283156,modern-daily-7283156-2014-07-14
15,4,Aether Vial,,Artifacts,3,1,Death n' Taxes,fengshai,129 tix,$ 324,240575,2014-07-14,Modern Daily #7283156,modern,modern-daily-7283156,modern-daily-7283156-2014-07-14
17,1,Eiganjo Castle,,Lands,3,1,Death n' Taxes,fengshai,129 tix,$ 324,240575,2014-07-14,Modern Daily #7283156,modern,modern-daily-7283156,modern-daily-7283156-2014-07-14
18,4,Ghost Quarter,,Lands,3,1,Death n' Taxes,fengshai,129 tix,$ 324,240575,2014-07-14,Modern Daily #7283156,modern,modern-daily-7283156,modern-daily-7283156-2014-07-14
19,15,Plains,,Lands,3,1,Death n' Taxes,fengshai,129 tix,$ 324,240575,2014-07-14,Modern Daily #7283156,modern,modern-daily-7283156,modern-daily-7283156-2014-07-14
20,2,Tectonic Edge,,Lands,3,1,Death n' Taxes,fengshai,129 tix,$ 324,240575,2014-07-14,Modern Daily #7283156,modern,modern-daily-7283156,modern-daily-7283156-2014-07-14
22,2,Brave the Elements,,Sideboard,3,1,Death n' Taxes,fengshai,129 tix,$ 324,240575,2014-07-14,Modern Daily #7283156,modern,modern-daily-7283156,modern-daily-7283156-2014-07-14
23,2,Burrenton Forge-Tender,,Sideboard,3,1,Death n' Taxes,fengshai,129 tix,$ 324,240575,2014-07-14,Modern Daily #7283156,modern,modern-daily-7283156,modern-daily-7283156-2014-07-14
24,3,"Kataki, War's Wage",,Sideboard,3,1,Death n' Taxes,fengshai,129 tix,$ 324,240575,2014-07-14,Modern Daily #7283156,modern,modern-daily-7283156,modern-daily-7283156-2014-07-14
25,1,Kor Firewalker,,Sideboard,3,1,Death n' Taxes,fengshai,129 tix,$ 324,240575,2014-07-14,Modern Daily #7283156,modern,modern-daily-7283156,modern-daily-7283156-2014-07-14
26,1,Ratchet Bomb,,Sideboard,3,1,Death n' Taxes,fengshai,129 tix,$ 324,240575,2014-07-14,Modern Daily #7283156,modern,modern-daily-7283156,modern-daily-7283156-2014-07-14
27,2,Rest in Peace,,Sideboard,3,1,Death n' Taxes,fengshai,129 tix,$ 324,240575,2014-07-14,Modern Daily #7283156,modern,modern-daily-7283156,modern-daily-7283156-2014-07-14
28,2,Sundering Growth,,Sideboard,3,1,Death n' Taxes,fengshai,129 tix,$ 324,240575,2014-07-14,Modern Daily #7283156,modern,modern-daily-7283156,modern-daily-7283156-2014-07-14
29,1,Dismember,,Sideboard,3,1,Death n' Taxes,fengshai,129 tix,$ 324,240575,2014-07-14,Modern Daily #7283156,modern,modern-daily-7283156,modern-daily-7283156-2014-07-14
30,1,Sword of War and Peace,,Sideboard,3,1,Death n' Taxes,fengshai,129 tix,$ 324,240575,2014-07-14,Modern Daily #7283156,modern,modern-daily-7283156,modern-daily-7283156-2014-07-14
1,1,Birds of Paradise,,Creatures,3,1,GW Hatebears,Flako,405 tix,$ 673,240586,2014-07-14,Modern Daily #7283156,modern,modern-daily-7283156,modern-daily-7283156-2014-07-14
2,4,Noble Hierarch,,Creatures,3,1,GW Hatebears,Flako,405 tix,$ 673,240586,2014-07-14,Modern Daily #7283156,modern,modern-daily-7283156,modern-daily-7283156-2014-07-14
3,4,Leonin Arbiter,,Creatures,3,1,GW Hatebears,Flako,405 tix,$ 673,240586,2014-07-14,Modern Daily #7283156,modern,modern-daily-7283156,modern-daily-7283156-2014-07-14
4,2,Qasali Pridemage,,Creatures,3,1,GW Hatebears,Flako,405 tix,$ 673,240586,2014-07-14,Modern Daily #7283156,modern,modern-daily-7283156,modern-daily-7283156-2014-07-14
5,3,Scavenging Ooze,,Creatures,3,1,GW Hatebears,Flako,405 tix,$ 673,240586,2014-07-14,Modern Daily #7283156,modern,modern-daily-7283156,modern-daily-7283156-2014-07-14
6,3,"Thalia, Guardian of Thraben",,Creatures,3,1,GW Hatebears,Flako,405 tix,$ 673,240586,2014-07-14,Modern Daily #7283156,modern,modern-daily-7283156,modern-daily-7283156-2014-07-14
7,3,Aven Mindcensor,,Creatures,3,1,GW Hatebears,Flako,405 tix,$ 673,240586,2014-07-14,Modern Daily #7283156,modern,modern-daily-7283156,modern-daily-7283156-2014-07-14
8,1,"Brimaz, King of Oreskos",,Creatures,3,1,GW Hatebears,Flako,405 tix,$ 673,240586,2014-07-14,Modern Daily #7283156,modern,modern-daily-7283156,modern-daily-7283156-2014-07-14
9,2,Kitchen Finks,,Creatures,3,1,GW Hatebears,Flako,405 tix,$ 673,240586,2014-07-14,Modern Daily #7283156,modern,modern-daily-7283156,modern-daily-7283156-2014-07-14
10,4,Loxodon Smiter,,Creatures,3,1,GW Hatebears,Flako,405 tix,$ 673,240586,2014-07-14,Modern Daily #7283156,modern,modern-daily-7283156,modern-daily-7283156-2014-07-14
11,2,Mirran Crusader,,Creatures,3,1,GW Hatebears,Flako,405 tix,$ 673,240586,2014-07-14,Modern Daily #7283156,modern,modern-daily-7283156,modern-daily-7283156-2014-07-14
12,2,"Linvala, Keeper of Silence",,Creatures,3,1,GW Hatebears,Flako,405 tix,$ 673,240586,2014-07-14,Modern Daily #7283156,modern,modern-daily-7283156,modern-daily-7283156-2014-07-14
13,2,Restoration Angel,,Creatures,3,1,GW Hatebears,Flako,405 tix,$ 673,240586,2014-07-14,Modern Daily #7283156,modern,modern-daily-7283156,modern-daily-7283156-2014-07-14
15,4,Path to Exile,,Spells,3,1,GW Hatebears,Flako,405 tix,$ 673,240586,2014-07-14,Modern Daily #7283156,modern,modern-daily-7283156,modern-daily-7283156-2014-07-14
17,1,Forest,,Lands,3,1,GW Hatebears,Flako,405 tix,$ 673,240586,2014-07-14,Modern Daily #7283156,modern,modern-daily-7283156,modern-daily-7283156-2014-07-14
18,4,Ghost Quarter,,Lands,3,1,GW Hatebears,Flako,405 tix,$ 673,240586,2014-07-14,Modern Daily #7283156,modern,modern-daily-7283156,modern-daily-7283156-2014-07-14
19,3,Horizon Canopy,,Lands,3,1,GW Hatebears,Flako,405 tix,$ 673,240586,2014-07-14,Modern Daily #7283156,modern,modern-daily-7283156,modern-daily-7283156-2014-07-14
20,1,"Okina, Temple to the Grandfathers",,Lands,3,1,GW Hatebears,Flako,405 tix,$ 673,240586,2014-07-14,Modern Daily #7283156,modern,modern-daily-7283156,modern-daily-7283156-2014-07-14
21,2,Plains,,Lands,3,1,GW Hatebears,Flako,405 tix,$ 673,240586,2014-07-14,Modern Daily #7283156,modern,modern-daily-7283156,modern-daily-7283156-2014-07-14
22,4,Razorverge Thicket,,Lands,3,1,GW Hatebears,Flako,405 tix,$ 673,240586,2014-07-14,Modern Daily #7283156,modern,modern-daily-7283156,modern-daily-7283156-2014-07-14
23,2,Stirring Wildwood,,Lands,3,1,GW Hatebears,Flako,405 tix,$ 673,240586,2014-07-14,Modern Daily #7283156,modern,modern-daily-7283156,modern-daily-7283156-2014-07-14
24,2,Tectonic Edge,,Lands,3,1,GW Hatebears,Flako,405 tix,$ 673,240586,2014-07-14,Modern Daily #7283156,modern,modern-daily-7283156,modern-daily-7283156-2014-07-14
25,4,Temple Garden,,Lands,3,1,GW Hatebears,Flako,405 tix,$ 673,240586,2014-07-14,Modern Daily #7283156,modern,modern-daily-7283156,modern-daily-7283156-2014-07-14
27,2,Engineered Explosives,,Sideboard,3,1,GW Hatebears,Flako,405 tix,$ 673,240586,2014-07-14,Modern Daily #7283156,modern,modern-daily-7283156,modern-daily-7283156-2014-07-14
28,1,Sunlance,,Sideboard,3,1,GW Hatebears,Flako,405 tix,$ 673,240586,2014-07-14,Modern Daily #7283156,modern,modern-daily-7283156,modern-daily-7283156-2014-07-14
29,1,Mark of Asylum,,Sideboard,3,1,GW Hatebears,Flako,405 tix,$ 673,240586,2014-07-14,Modern Daily #7283156,modern,modern-daily-7283156,modern-daily-7283156-2014-07-14
30,2,Stony Silence,,Sideboard,3,1,GW Hatebears,Flako,405 tix,$ 673,240586,2014-07-14,Modern Daily #7283156,modern,modern-daily-7283156,modern-daily-7283156-2014-07-14
31,1,"Thalia, Guardian of Thraben",,Sideboard,3,1,GW Hatebears,Flako,405 tix,$ 673,240586,2014-07-14,Modern Daily #7283156,modern,modern-daily-7283156,modern-daily-7283156-2014-07-14
32,2,Torpor Orb,,Sideboard,3,1,GW Hatebears,Flako,405 tix,$ 673,240586,2014-07-14,Modern Daily #7283156,modern,modern-daily-7283156,modern-daily-7283156-2014-07-14
33,2,Choke,,Sideboard,3,1,GW Hatebears,Flako,405 tix,$ 673,240586,2014-07-14,Modern Daily #7283156,modern,modern-daily-7283156,modern-daily-7283156-2014-07-14
34,1,Mirran Crusader,,Sideboard,3,1,GW Hatebears,Flako,405 tix,$ 673,240586,2014-07-14,Modern Daily #7283156,modern,modern-daily-7283156,modern-daily-7283156-2014-07-14
35,1,"Thrun, the Last Troll",,Sideboard,3,1,GW Hatebears,Flako,405 tix,$ 673,240586,2014-07-14,Modern Daily #7283156,modern,modern-daily-7283156,modern-daily-7283156-2014-07-14
36,1,Worship,,Sideboard,3,1,GW Hatebears,Flako,405 tix,$ 673,240586,2014-07-14,Modern Daily #7283156,modern,modern-daily-7283156,modern-daily-7283156-2014-07-14
37,1,Fracturing Gust,,Sideboard,3,1,GW Hatebears,Flako,405 tix,$ 673,240586,2014-07-14,Modern Daily #7283156,modern,modern-daily-7283156,modern-daily-7283156-2014-07-14
1,4,Dark Confidant,,Creatures,3,1,Junk,Vinzlar,560 tix,"$ 1,858",240567,2014-07-14,Modern Daily #7283156,modern,modern-daily-7283156,modern-daily-7283156-2014-07-14
2,3,Scavenging Ooze,,Creatures,3,1,Junk,Vinzlar,560 tix,"$ 1,858",240567,2014-07-14,Modern Daily #7283156,modern,modern-daily-7283156,modern-daily-7283156-2014-07-14
3,4,Tarmogoyf,,Creatures,3,1,Junk,Vinzlar,560 tix,"$ 1,858",240567,2014-07-14,Modern Daily #7283156,modern,modern-daily-7283156,modern-daily-7283156-2014-07-14
4,3,Lifebane Zombie,,Creatures,3,1,Junk,Vinzlar,560 tix,"$ 1,858",240567,2014-07-14,Modern Daily #7283156,modern,modern-daily-7283156,modern-daily-7283156-2014-07-14
5,1,"Thrun, the Last Troll",,Creatures,3,1,Junk,Vinzlar,560 tix,"$ 1,858",240567,2014-07-14,Modern Daily #7283156,modern,modern-daily-7283156,modern-daily-7283156-2014-07-14
7,4,Liliana of the Veil,,Planeswalkers,3,1,Junk,Vinzlar,560 tix,"$ 1,858",240567,2014-07-14,Modern Daily #7283156,modern,modern-daily-7283156,modern-daily-7283156-2014-07-14
9,1,Slaughter Pact,,Spells,3,1,Junk,Vinzlar,560 tix,"$ 1,858",240567,2014-07-14,Modern Daily #7283156,modern,modern-daily-7283156,modern-daily-7283156-2014-07-14
10,4,Inquisition of Kozilek,,Spells,3,1,Junk,Vinzlar,560 tix,"$ 1,858",240567,2014-07-14,Modern Daily #7283156,modern,modern-daily-7283156,modern-daily-7283156-2014-07-14
11,3,Thoughtseize,,Spells,3,1,Junk,Vinzlar,560 tix,"$ 1,858",240567,2014-07-14,Modern Daily #7283156,modern,modern-daily-7283156,modern-daily-7283156-2014-07-14
12,4,Abrupt Decay,,Spells,3,1,Junk,Vinzlar,560 tix,"$ 1,858",240567,2014-07-14,Modern Daily #7283156,modern,modern-daily-7283156,modern-daily-7283156-2014-07-14
13,2,Dismember,,Spells,3,1,Junk,Vinzlar,560 tix,"$ 1,858",240567,2014-07-14,Modern Daily #7283156,modern,modern-daily-7283156,modern-daily-7283156-2014-07-14
14,2,Maelstrom Pulse,,Spells,3,1,Junk,Vinzlar,560 tix,"$ 1,858",240567,2014-07-14,Modern Daily #7283156,modern,modern-daily-7283156,modern-daily-7283156-2014-07-14
16,2,Forest,,Lands,3,1,Junk,Vinzlar,560 tix,"$ 1,858",240567,2014-07-14,Modern Daily #7283156,modern,modern-daily-7283156,modern-daily-7283156-2014-07-14
17,2,Marsh Flats,,Lands,3,1,Junk,Vinzlar,560 tix,"$ 1,858",240567,2014-07-14,Modern Daily #7283156,modern,modern-daily-7283156,modern-daily-7283156-2014-07-14
18,3,Overgrown Tomb,,Lands,3,1,Junk,Vinzlar,560 tix,"$ 1,858",240567,2014-07-14,Modern Daily #7283156,modern,modern-daily-7283156,modern-daily-7283156-2014-07-14
19,2,Swamp,,Lands,3,1,Junk,Vinzlar,560 tix,"$ 1,858",240567,2014-07-14,Modern Daily #7283156,modern,modern-daily-7283156,modern-daily-7283156-2014-07-14
20,4,Tectonic Edge,,Lands,3,1,Junk,Vinzlar,560 tix,"$ 1,858",240567,2014-07-14,Modern Daily #7283156,modern,modern-daily-7283156,modern-daily-7283156-2014-07-14
21,4,Treetop Village,,Lands,3,1,Junk,Vinzlar,560 tix,"$ 1,858",240567,2014-07-14,Modern Daily #7283156,modern,modern-daily-7283156,modern-daily-7283156-2014-07-14
22,2,Twilight Mire,,Lands,3,1,Junk,Vinzlar,560 tix,"$ 1,858",240567,2014-07-14,Modern Daily #7283156,modern,modern-daily-7283156,modern-daily-7283156-2014-07-14
23,1,"Urborg, Tomb of Yawgmoth",,Lands,3,1,Junk,Vinzlar,560 tix,"$ 1,858",240567,2014-07-14,Modern Daily #7283156,modern,modern-daily-7283156,modern-daily-7283156-2014-07-14
24,4,Verdant Catacombs,,Lands,3,1,Junk,Vinzlar,560 tix,"$ 1,858",240567,2014-07-14,Modern Daily #7283156,modern,modern-daily-7283156,modern-daily-7283156-2014-07-14
25,1,Woodland Cemetery,,Lands,3,1,Junk,Vinzlar,560 tix,"$ 1,858",240567,2014-07-14,Modern Daily #7283156,modern,modern-daily-7283156,modern-daily-7283156-2014-07-14
27,1,Nihil Spellbomb,,Sideboard,3,1,Junk,Vinzlar,560 tix,"$ 1,858",240567,2014-07-14,Modern Daily #7283156,modern,modern-daily-7283156,modern-daily-7283156-2014-07-14
28,1,Thoughtseize,,Sideboard,3,1,Junk,Vinzlar,560 tix,"$ 1,858",240567,2014-07-14,Modern Daily #7283156,modern,modern-daily-7283156,modern-daily-7283156-2014-07-14
29,3,Pack Rat,,Sideboard,3,1,Junk,Vinzlar,560 tix,"$ 1,858",240567,2014-07-14,Modern Daily #7283156,modern,modern-daily-7283156,modern-daily-7283156-2014-07-14
30,2,Drown in Sorrow,,Sideboard,3,1,Junk,Vinzlar,560 tix,"$ 1,858",240567,2014-07-14,Modern Daily #7283156,modern,modern-daily-7283156,modern-daily-7283156-2014-07-14
31,4,Fulminator Mage,,Sideboard,3,1,Junk,Vinzlar,560 tix,"$ 1,858",240567,2014-07-14,Modern Daily #7283156,modern,modern-daily-7283156,modern-daily-7283156-2014-07-14
32,2,Creeping Corrosion,,Sideboard,3,1,Junk,Vinzlar,560 tix,"$ 1,858",240567,2014-07-14,Modern Daily #7283156,modern,modern-daily-7283156,modern-daily-7283156-2014-07-14
33,2,Skinrender,,Sideboard,3,1,Junk,Vinzlar,560 tix,"$ 1,858",240567,2014-07-14,Modern Daily #7283156,modern,modern-daily-7283156,modern-daily-7283156-2014-07-14
1,4,Dark Confidant,,Creatures,3,1,Junk,micahmbg,601 tix,"$ 1,994",240569,2014-07-14,Modern Daily #7283156,modern,modern-daily-7283156,modern-daily-7283156-2014-07-14
2,3,Scavenging Ooze,,Creatures,3,1,Junk,micahmbg,601 tix,"$ 1,994",240569,2014-07-14,Modern Daily #7283156,modern,modern-daily-7283156,modern-daily-7283156-2014-07-14
3,4,Tarmogoyf,,Creatures,3,1,Junk,micahmbg,601 tix,"$ 1,994",240569,2014-07-14,Modern Daily #7283156,modern,modern-daily-7283156,modern-daily-7283156-2014-07-14
5,4,Liliana of the Veil,,Planeswalkers,3,1,Junk,micahmbg,601 tix,"$ 1,994",240569,2014-07-14,Modern Daily #7283156,modern,modern-daily-7283156,modern-daily-7283156-2014-07-14
7,2,Slaughter Pact,,Spells,3,1,Junk,micahmbg,601 tix,"$ 1,994",240569,2014-07-14,Modern Daily #7283156,modern,modern-daily-7283156,modern-daily-7283156-2014-07-14
8,3,Inquisition of Kozilek,,Spells,3,1,Junk,micahmbg,601 tix,"$ 1,994",240569,2014-07-14,Modern Daily #7283156,modern,modern-daily-7283156,modern-daily-7283156-2014-07-14
9,4,Thoughtseize,,Spells,3,1,Junk,micahmbg,601 tix,"$ 1,994",240569,2014-07-14,Modern Daily #7283156,modern,modern-daily-7283156,modern-daily-7283156-2014-07-14
10,3,Abrupt Decay,,Spells,3,1,Junk,micahmbg,601 tix,"$ 1,994",240569,2014-07-14,Modern Daily #7283156,modern,modern-daily-7283156,modern-daily-7283156-2014-07-14
11,2,Dismember,,Spells,3,1,Junk,micahmbg,601 tix,"$ 1,994",240569,2014-07-14,Modern Daily #7283156,modern,modern-daily-7283156,modern-daily-7283156-2014-07-14
12,4,Lingering Souls,,Spells,3,1,Junk,micahmbg,601 tix,"$ 1,994",240569,2014-07-14,Modern Daily #7283156,modern,modern-daily-7283156,modern-daily-7283156-2014-07-14
13,2,Maelstrom Pulse,,Spells,3,1,Junk,micahmbg,601 tix,"$ 1,994",240569,2014-07-14,Modern Daily #7283156,modern,modern-daily-7283156,modern-daily-7283156-2014-07-14
15,1,Forest,,Lands,3,1,Junk,micahmbg,601 tix,"$ 1,994",240569,2014-07-14,Modern Daily #7283156,modern,modern-daily-7283156,modern-daily-7283156-2014-07-14
16,1,Godless Shrine,,Lands,3,1,Junk,micahmbg,601 tix,"$ 1,994",240569,2014-07-14,Modern Daily #7283156,modern,modern-daily-7283156,modern-daily-7283156-2014-07-14
17,4,Marsh Flats,,Lands,3,1,Junk,micahmbg,601 tix,"$ 1,994",240569,2014-07-14,Modern Daily #7283156,modern,modern-daily-7283156,modern-daily-7283156-2014-07-14
18,2,Overgrown Tomb,,Lands,3,1,Junk,micahmbg,601 tix,"$ 1,994",240569,2014-07-14,Modern Daily #7283156,modern,modern-daily-7283156,modern-daily-7283156-2014-07-14
19,1,Stirring Wildwood,,Lands,3,1,Junk,micahmbg,601 tix,"$ 1,994",240569,2014-07-14,Modern Daily #7283156,modern,modern-daily-7283156,modern-daily-7283156-2014-07-14
20,2,Swamp,,Lands,3,1,Junk,micahmbg,601 tix,"$ 1,994",240569,2014-07-14,Modern Daily #7283156,modern,modern-daily-7283156,modern-daily-7283156-2014-07-14
21,3,Tectonic Edge,,Lands,3,1,Junk,micahmbg,601 tix,"$ 1,994",240569,2014-07-14,Modern Daily #7283156,modern,modern-daily-7283156,modern-daily-7283156-2014-07-14
22,1,Temple Garden,,Lands,3,1,Junk,micahmbg,601 tix,"$ 1,994",240569,2014-07-14,Modern Daily #7283156,modern,modern-daily-7283156,modern-daily-7283156-2014-07-14
23,3,Treetop Village,,Lands,3,1,Junk,micahmbg,601 tix,"$ 1,994",240569,2014-07-14,Modern Daily #7283156,modern,modern-daily-7283156,modern-daily-7283156-2014-07-14
24,2,Twilight Mire,,Lands,3,1,Junk,micahmbg,601 tix,"$ 1,994",240569,2014-07-14,Modern Daily #7283156,modern,modern-daily-7283156,modern-daily-7283156-2014-07-14
25,1,"Urborg, Tomb of Yawgmoth",,Lands,3,1,Junk,micahmbg,601 tix,"$ 1,994",240569,2014-07-14,Modern Daily #7283156,modern,modern-daily-7283156,modern-daily-7283156-2014-07-14
26,4,Verdant Catacombs,,Lands,3,1,Junk,micahmbg,601 tix,"$ 1,994",240569,2014-07-14,Modern Daily #7283156,modern,modern-daily-7283156,modern-daily-7283156-2014-07-14
28,2,Grafdigger's Cage,,Sideboard,3,1,Junk,micahmbg,601 tix,"$ 1,994",240569,2014-07-14,Modern Daily #7283156,modern,modern-daily-7283156,modern-daily-7283156-2014-07-14
29,2,Stony Silence,,Sideboard,3,1,Junk,micahmbg,601 tix,"$ 1,994",240569,2014-07-14,Modern Daily #7283156,modern,modern-daily-7283156,modern-daily-7283156-2014-07-14
30,1,Drown in Sorrow,,Sideboard,3,1,Junk,micahmbg,601 tix,"$ 1,994",240569,2014-07-14,Modern Daily #7283156,modern,modern-daily-7283156,modern-daily-7283156-2014-07-14
31,4,Fulminator Mage,,Sideboard,3,1,Junk,micahmbg,601 tix,"$ 1,994",240569,2014-07-14,Modern Daily #7283156,modern,modern-daily-7283156,modern-daily-7283156-2014-07-14
32,2,Creeping Corrosion,,Sideboard,3,1,Junk,micahmbg,601 tix,"$ 1,994",240569,2014-07-14,Modern Daily #7283156,modern,modern-daily-7283156,modern-daily-7283156-2014-07-14
33,1,Damnation,,Sideboard,3,1,Junk,micahmbg,601 tix,"$ 1,994",240569,2014-07-14,Modern Daily #7283156,modern,modern-daily-7283156,modern-daily-7283156-2014-07-14
34,1,Garruk Wildspeaker,,Sideboard,3,1,Junk,micahmbg,601 tix,"$ 1,994",240569,2014-07-14,Modern Daily #7283156,modern,modern-daily-7283156,modern-daily-7283156-2014-07-14
35,1,"Sorin, Lord of Innistrad",,Sideboard,3,1,Junk,micahmbg,601 tix,"$ 1,994",240569,2014-07-14,Modern Daily #7283156,modern,modern-daily-7283156,modern-daily-7283156-2014-07-14
36,1,"Thrun, the Last Troll",,Sideboard,3,1,Junk,micahmbg,601 tix,"$ 1,994",240569,2014-07-14,Modern Daily #7283156,modern,modern-daily-7283156,modern-daily-7283156-2014-07-14
1,4,Dark Confidant,,Creatures,3,1,Junk,Dronny,621 tix,"$ 1,999",240570,2014-07-14,Modern Daily #7283156,modern,modern-daily-7283156,modern-daily-7283156-2014-07-14
2,3,Scavenging Ooze,,Creatures,3,1,Junk,Dronny,621 tix,"$ 1,999",240570,2014-07-14,Modern Daily #7283156,modern,modern-daily-7283156,modern-daily-7283156-2014-07-14
3,4,Tarmogoyf,,Creatures,3,1,Junk,Dronny,621 tix,"$ 1,999",240570,2014-07-14,Modern Daily #7283156,modern,modern-daily-7283156,modern-daily-7283156-2014-07-14
5,4,Liliana of the Veil,,Planeswalkers,3,1,Junk,Dronny,621 tix,"$ 1,999",240570,2014-07-14,Modern Daily #7283156,modern,modern-daily-7283156,modern-daily-7283156-2014-07-14
6,1,Garruk Wildspeaker,,Planeswalkers,3,1,Junk,Dronny,621 tix,"$ 1,999",240570,2014-07-14,Modern Daily #7283156,modern,modern-daily-7283156,modern-daily-7283156-2014-07-14
8,1,Slaughter Pact,,Spells,3,1,Junk,Dronny,621 tix,"$ 1,999",240570,2014-07-14,Modern Daily #7283156,modern,modern-daily-7283156,modern-daily-7283156-2014-07-14
9,3,Inquisition of Kozilek,,Spells,3,1,Junk,Dronny,621 tix,"$ 1,999",240570,2014-07-14,Modern Daily #7283156,modern,modern-daily-7283156,modern-daily-7283156-2014-07-14
10,4,Thoughtseize,,Spells,3,1,Junk,Dronny,621 tix,"$ 1,999",240570,2014-07-14,Modern Daily #7283156,modern,modern-daily-7283156,modern-daily-7283156-2014-07-14
11,4,Abrupt Decay,,Spells,3,1,Junk,Dronny,621 tix,"$ 1,999",240570,2014-07-14,Modern Daily #7283156,modern,modern-daily-7283156,modern-daily-7283156-2014-07-14
12,2,Dismember,,Spells,3,1,Junk,Dronny,621 tix,"$ 1,999",240570,2014-07-14,Modern Daily #7283156,modern,modern-daily-7283156,modern-daily-7283156-2014-07-14
13,3,Lingering Souls,,Spells,3,1,Junk,Dronny,621 tix,"$ 1,999",240570,2014-07-14,Modern Daily #7283156,modern,modern-daily-7283156,modern-daily-7283156-2014-07-14
14,2,Maelstrom Pulse,,Spells,3,1,Junk,Dronny,621 tix,"$ 1,999",240570,2014-07-14,Modern Daily #7283156,modern,modern-daily-7283156,modern-daily-7283156-2014-07-14
16,1,Forest,,Lands,3,1,Junk,Dronny,621 tix,"$ 1,999",240570,2014-07-14,Modern Daily #7283156,modern,modern-daily-7283156,modern-daily-7283156-2014-07-14
17,1,Godless Shrine,,Lands,3,1,Junk,Dronny,621 tix,"$ 1,999",240570,2014-07-14,Modern Daily #7283156,modern,modern-daily-7283156,modern-daily-7283156-2014-07-14
18,4,Marsh Flats,,Lands,3,1,Junk,Dronny,621 tix,"$ 1,999",240570,2014-07-14,Modern Daily #7283156,modern,modern-daily-7283156,modern-daily-7283156-2014-07-14
19,2,Overgrown Tomb,,Lands,3,1,Junk,Dronny,621 tix,"$ 1,999",240570,2014-07-14,Modern Daily #7283156,modern,modern-daily-7283156,modern-daily-7283156-2014-07-14
20,1,Stirring Wildwood,,Lands,3,1,Junk,Dronny,621 tix,"$ 1,999",240570,2014-07-14,Modern Daily #7283156,modern,modern-daily-7283156,modern-daily-7283156-2014-07-14
21,2,Swamp,,Lands,3,1,Junk,Dronny,621 tix,"$ 1,999",240570,2014-07-14,Modern Daily #7283156,modern,modern-daily-7283156,modern-daily-7283156-2014-07-14
22,4,Tectonic Edge,,Lands,3,1,Junk,Dronny,621 tix,"$ 1,999",240570,2014-07-14,Modern Daily #7283156,modern,modern-daily-7283156,modern-daily-7283156-2014-07-14
23,1,Temple Garden,,Lands,3,1,Junk,Dronny,621 tix,"$ 1,999",240570,2014-07-14,Modern Daily #7283156,modern,modern-daily-7283156,modern-daily-7283156-2014-07-14
24,3,Treetop Village,,Lands,3,1,Junk,Dronny,621 tix,"$ 1,999",240570,2014-07-14,Modern Daily #7283156,modern,modern-daily-7283156,modern-daily-7283156-2014-07-14
25,1,Twilight Mire,,Lands,3,1,Junk,Dronny,621 tix,"$ 1,999",240570,2014-07-14,Modern Daily #7283156,modern,modern-daily-7283156,modern-daily-7283156-2014-07-14
26,1,"Urborg, Tomb of Yawgmoth",,Lands,3,1,Junk,Dronny,621 tix,"$ 1,999",240570,2014-07-14,Modern Daily #7283156,modern,modern-daily-7283156,modern-daily-7283156-2014-07-14
27,4,Verdant Catacombs,,Lands,3,1,Junk,Dronny,621 tix,"$ 1,999",240570,2014-07-14,Modern Daily #7283156,modern,modern-daily-7283156,modern-daily-7283156-2014-07-14
29,1,Engineered Explosives,,Sideboard,3,1,Junk,Dronny,621 tix,"$ 1,999",240570,2014-07-14,Modern Daily #7283156,modern,modern-daily-7283156,modern-daily-7283156-2014-07-14
30,1,Slaughter Pact,,Sideboard,3,1,Junk,Dronny,621 tix,"$ 1,999",240570,2014-07-14,Modern Daily #7283156,modern,modern-daily-7283156,modern-daily-7283156-2014-07-14
31,2,Grafdigger's Cage,,Sideboard,3,1,Junk,Dronny,621 tix,"$ 1,999",240570,2014-07-14,Modern Daily #7283156,modern,modern-daily-7283156,modern-daily-7283156-2014-07-14
32,2,Pack Rat,,Sideboard,3,1,Junk,Dronny,621 tix,"$ 1,999",240570,2014-07-14,Modern Daily #7283156,modern,modern-daily-7283156,modern-daily-7283156-2014-07-14
33,1,Stony Silence,,Sideboard,3,1,Junk,Dronny,621 tix,"$ 1,999",240570,2014-07-14,Modern Daily #7283156,modern,modern-daily-7283156,modern-daily-7283156-2014-07-14
34,3,Fulminator Mage,,Sideboard,3,1,Junk,Dronny,621 tix,"$ 1,999",240570,2014-07-14,Modern Daily #7283156,modern,modern-daily-7283156,modern-daily-7283156-2014-07-14
35,1,Kitchen Finks,,Sideboard,3,1,Junk,Dronny,621 tix,"$ 1,999",240570,2014-07-14,Modern Daily #7283156,modern,modern-daily-7283156,modern-daily-7283156-2014-07-14
36,1,Lingering Souls,,Sideboard,3,1,Junk,Dronny,621 tix,"$ 1,999",240570,2014-07-14,Modern Daily #7283156,modern,modern-daily-7283156,modern-daily-7283156-2014-07-14
37,2,Creeping Corrosion,,Sideboard,3,1,Junk,Dronny,621 tix,"$ 1,999",240570,2014-07-14,Modern Daily #7283156,modern,modern-daily-7283156,modern-daily-7283156-2014-07-14
38,1,Obstinate Baloth,,Sideboard,3,1,Junk,Dronny,621 tix,"$ 1,999",240570,2014-07-14,Modern Daily #7283156,modern,modern-daily-7283156,modern-daily-7283156-2014-07-14
1,4,Birds of Paradise,,Creatures,3,1,Kiki Pod,PZ_,312 tix,$ 762,240587,2014-07-14,Modern Daily #7283156,modern,modern-daily-7283156,modern-daily-7283156-2014-07-14
2,4,Noble Hierarch,,Creatures,3,1,Kiki Pod,PZ_,312 tix,$ 762,240587,2014-07-14,Modern Daily #7283156,modern,modern-daily-7283156,modern-daily-7283156-2014-07-14
3,1,Phantasmal Image,,Creatures,3,1,Kiki Pod,PZ_,312 tix,$ 762,240587,2014-07-14,Modern Daily #7283156,modern,modern-daily-7283156,modern-daily-7283156-2014-07-14
4,1,Qasali Pridemage,,Creatures,3,1,Kiki Pod,PZ_,312 tix,$ 762,240587,2014-07-14,Modern Daily #7283156,modern,modern-daily-7283156,modern-daily-7283156-2014-07-14
5,2,Scavenging Ooze,,Creatures,3,1,Kiki Pod,PZ_,312 tix,$ 762,240587,2014-07-14,Modern Daily #7283156,modern,modern-daily-7283156,modern-daily-7283156-2014-07-14
6,1,Spellskite,,Creatures,3,1,Kiki Pod,PZ_,312 tix,$ 762,240587,2014-07-14,Modern Daily #7283156,modern,modern-daily-7283156,modern-daily-7283156-2014-07-14
7,2,Voice of Resurgence,,Creatures,3,1,Kiki Pod,PZ_,312 tix,$ 762,240587,2014-07-14,Modern Daily #7283156,modern,modern-daily-7283156,modern-daily-7283156-2014-07-14
8,1,Wall of Roots,,Creatures,3,1,Kiki Pod,PZ_,312 tix,$ 762,240587,2014-07-14,Modern Daily #7283156,modern,modern-daily-7283156,modern-daily-7283156-2014-07-14
9,1,Deceiver Exarch,,Creatures,3,1,Kiki Pod,PZ_,312 tix,$ 762,240587,2014-07-14,Modern Daily #7283156,modern,modern-daily-7283156,modern-daily-7283156-2014-07-14
10,1,Eternal Witness,,Creatures,3,1,Kiki Pod,PZ_,312 tix,$ 762,240587,2014-07-14,Modern Daily #7283156,modern,modern-daily-7283156,modern-daily-7283156-2014-07-14
11,1,Izzet Staticaster,,Creatures,3,1,Kiki Pod,PZ_,312 tix,$ 762,240587,2014-07-14,Modern Daily #7283156,modern,modern-daily-7283156,modern-daily-7283156-2014-07-14
12,2,Kitchen Finks,,Creatures,3,1,Kiki Pod,PZ_,312 tix,$ 762,240587,2014-07-14,Modern Daily #7283156,modern,modern-daily-7283156,modern-daily-7283156-2014-07-14
13,1,Glen Elendra Archmage,,Creatures,3,1,Kiki Pod,PZ_,312 tix,$ 762,240587,2014-07-14,Modern Daily #7283156,modern,modern-daily-7283156,modern-daily-7283156-2014-07-14
14,1,"Linvala, Keeper of Silence",,Creatures,3,1,Kiki Pod,PZ_,312 tix,$ 762,240587,2014-07-14,Modern Daily #7283156,modern,modern-daily-7283156,modern-daily-7283156-2014-07-14
15,1,Murderous Redcap,,Creatures,3,1,Kiki Pod,PZ_,312 tix,$ 762,240587,2014-07-14,Modern Daily #7283156,modern,modern-daily-7283156,modern-daily-7283156-2014-07-14
16,3,Restoration Angel,,Creatures,3,1,Kiki Pod,PZ_,312 tix,$ 762,240587,2014-07-14,Modern Daily #7283156,modern,modern-daily-7283156,modern-daily-7283156-2014-07-14
17,2,"Kiki-Jiki, Mirror Breaker",,Creatures,3,1,Kiki Pod,PZ_,312 tix,$ 762,240587,2014-07-14,Modern Daily #7283156,modern,modern-daily-7283156,modern-daily-7283156-2014-07-14
18,1,Zealous Conscripts,,Creatures,3,1,Kiki Pod,PZ_,312 tix,$ 762,240587,2014-07-14,Modern Daily #7283156,modern,modern-daily-7283156,modern-daily-7283156-2014-07-14
20,3,Path to Exile,,Spells,3,1,Kiki Pod,PZ_,312 tix,$ 762,240587,2014-07-14,Modern Daily #7283156,modern,modern-daily-7283156,modern-daily-7283156-2014-07-14
22,4,Birthing Pod,,Artifacts,3,1,Kiki Pod,PZ_,312 tix,$ 762,240587,2014-07-14,Modern Daily #7283156,modern,modern-daily-7283156,modern-daily-7283156-2014-07-14
24,3,Arid Mesa,,Lands,3,1,Kiki Pod,PZ_,312 tix,$ 762,240587,2014-07-14,Modern Daily #7283156,modern,modern-daily-7283156,modern-daily-7283156-2014-07-14
25,1,Breeding Pool,,Lands,3,1,Kiki Pod,PZ_,312 tix,$ 762,240587,2014-07-14,Modern Daily #7283156,modern,modern-daily-7283156,modern-daily-7283156-2014-07-14
26,1,Fire-Lit Thicket,,Lands,3,1,Kiki Pod,PZ_,312 tix,$ 762,240587,2014-07-14,Modern Daily #7283156,modern,modern-daily-7283156,modern-daily-7283156-2014-07-14
27,2,Forest,,Lands,3,1,Kiki Pod,PZ_,312 tix,$ 762,240587,2014-07-14,Modern Daily #7283156,modern,modern-daily-7283156,modern-daily-7283156-2014-07-14
28,2,Gavony Township,,Lands,3,1,Kiki Pod,PZ_,312 tix,$ 762,240587,2014-07-14,Modern Daily #7283156,modern,modern-daily-7283156,modern-daily-7283156-2014-07-14
29,4,Grove of the Burnwillows,,Lands,3,1,Kiki Pod,PZ_,312 tix,$ 762,240587,2014-07-14,Modern Daily #7283156,modern,modern-daily-7283156,modern-daily-7283156-2014-07-14
30,1,Hallowed Fountain,,Lands,3,1,Kiki Pod,PZ_,312 tix,$ 762,240587,2014-07-14,Modern Daily #7283156,modern,modern-daily-7283156,modern-daily-7283156-2014-07-14
31,4,Misty Rainforest,,Lands,3,1,Kiki Pod,PZ_,312 tix,$ 762,240587,2014-07-14,Modern Daily #7283156,modern,modern-daily-7283156,modern-daily-7283156-2014-07-14
32,1,Plains,,Lands,3,1,Kiki Pod,PZ_,312 tix,$ 762,240587,2014-07-14,Modern Daily #7283156,modern,modern-daily-7283156,modern-daily-7283156-2014-07-14
33,1,Sacred Foundry,,Lands,3,1,Kiki Pod,PZ_,312 tix,$ 762,240587,2014-07-14,Modern Daily #7283156,modern,modern-daily-7283156,modern-daily-7283156-2014-07-14
34,1,Steam Vents,,Lands,3,1,Kiki Pod,PZ_,312 tix,$ 762,240587,2014-07-14,Modern Daily #7283156,modern,modern-daily-7283156,modern-daily-7283156-2014-07-14
35,1,Stomping Ground,,Lands,3,1,Kiki Pod,PZ_,312 tix,$ 762,240587,2014-07-14,Modern Daily #7283156,modern,modern-daily-7283156,modern-daily-7283156-2014-07-14
36,1,Temple Garden,,Lands,3,1,Kiki Pod,PZ_,312 tix,$ 762,240587,2014-07-14,Modern Daily #7283156,modern,modern-daily-7283156,modern-daily-7283156-2014-07-14
38,1,Ancient Grudge,,Sideboard,3,1,Kiki Pod,PZ_,312 tix,$ 762,240587,2014-07-14,Modern Daily #7283156,modern,modern-daily-7283156,modern-daily-7283156-2014-07-14
39,1,Combust,,Sideboard,3,1,Kiki Pod,PZ_,312 tix,$ 762,240587,2014-07-14,Modern Daily #7283156,modern,modern-daily-7283156,modern-daily-7283156-2014-07-14
40,1,"Kataki, War's Wage",,Sideboard,3,1,Kiki Pod,PZ_,312 tix,$ 762,240587,2014-07-14,Modern Daily #7283156,modern,modern-daily-7283156,modern-daily-7283156-2014-07-14
41,2,Negate,,Sideboard,3,1,Kiki Pod,PZ_,312 tix,$ 762,240587,2014-07-14,Modern Daily #7283156,modern,modern-daily-7283156,modern-daily-7283156-2014-07-14
42,1,"Thalia, Guardian of Thraben",,Sideboard,3,1,Kiki Pod,PZ_,312 tix,$ 762,240587,2014-07-14,Modern Daily #7283156,modern,modern-daily-7283156,modern-daily-7283156-2014-07-14
43,1,Aven Mindcensor,,Sideboard,3,1,Kiki Pod,PZ_,312 tix,$ 762,240587,2014-07-14,Modern Daily #7283156,modern,modern-daily-7283156,modern-daily-7283156-2014-07-14
44,1,Eidolon of Rhetoric,,Sideboard,3,1,Kiki Pod,PZ_,312 tix,$ 762,240587,2014-07-14,Modern Daily #7283156,modern,modern-daily-7283156,modern-daily-7283156-2014-07-14
45,1,Fiery Justice,,Sideboard,3,1,Kiki Pod,PZ_,312 tix,$ 762,240587,2014-07-14,Modern Daily #7283156,modern,modern-daily-7283156,modern-daily-7283156-2014-07-14
46,1,Harmonic Sliver,,Sideboard,3,1,Kiki Pod,PZ_,312 tix,$ 762,240587,2014-07-14,Modern Daily #7283156,modern,modern-daily-7283156,modern-daily-7283156-2014-07-14
47,1,Avalanche Riders,,Sideboard,3,1,Kiki Pod,PZ_,312 tix,$ 762,240587,2014-07-14,Modern Daily #7283156,modern,modern-daily-7283156,modern-daily-7283156-2014-07-14
48,1,Loxodon Hierarch,,Sideboard,3,1,Kiki Pod,PZ_,312 tix,$ 762,240587,2014-07-14,Modern Daily #7283156,modern,modern-daily-7283156,modern-daily-7283156-2014-07-14
49,1,Shatterstorm,,Sideboard,3,1,Kiki Pod,PZ_,312 tix,$ 762,240587,2014-07-14,Modern Daily #7283156,modern,modern-daily-7283156,modern-daily-7283156-2014-07-14
50,1,Sowing Salt,,Sideboard,3,1,Kiki Pod,PZ_,312 tix,$ 762,240587,2014-07-14,Modern Daily #7283156,modern,modern-daily-7283156,modern-daily-7283156-2014-07-14
51,1,"Thrun, the Last Troll",,Sideboard,3,1,Kiki Pod,PZ_,312 tix,$ 762,240587,2014-07-14,Modern Daily #7283156,modern,modern-daily-7283156,modern-daily-7283156-2014-07-14
1,3,Fulminator Mage,,Creatures,3,1,Living End,TirioNstaRz10,292 tix,"$ 1,074",240566,2014-07-14,Modern Daily #7283156,modern,modern-daily-7283156,modern-daily-7283156-2014-07-14
2,3,Simian Spirit Guide,,Creatures,3,1,Living End,TirioNstaRz10,292 tix,"$ 1,074",240566,2014-07-14,Modern Daily #7283156,modern,modern-daily-7283156,modern-daily-7283156-2014-07-14
3,1,Avalanche Riders,,Creatures,3,1,Living End,TirioNstaRz10,292 tix,"$ 1,074",240566,2014-07-14,Modern Daily #7283156,modern,modern-daily-7283156,modern-daily-7283156-2014-07-14
4,4,Deadshot Minotaur,,Creatures,3,1,Living End,TirioNstaRz10,292 tix,"$ 1,074",240566,2014-07-14,Modern Daily #7283156,modern,modern-daily-7283156,modern-daily-7283156-2014-07-14
5,4,Monstrous Carabid,,Creatures,3,1,Living End,TirioNstaRz10,292 tix,"$ 1,074",240566,2014-07-14,Modern Daily #7283156,modern,modern-daily-7283156,modern-daily-7283156-2014-07-14
6,4,Street Wraith,,Creatures,3,1,Living End,TirioNstaRz10,292 tix,"$ 1,074",240566,2014-07-14,Modern Daily #7283156,modern,modern-daily-7283156,modern-daily-7283156-2014-07-14
7,2,Pale Recluse,,Creatures,3,1,Living End,TirioNstaRz10,292 tix,"$ 1,074",240566,2014-07-14,Modern Daily #7283156,modern,modern-daily-7283156,modern-daily-7283156-2014-07-14
8,2,Twisted Abomination,,Creatures,3,1,Living End,TirioNstaRz10,292 tix,"$ 1,074",240566,2014-07-14,Modern Daily #7283156,modern,modern-daily-7283156,modern-daily-7283156-2014-07-14
10,3,Living End,,Spells,3,1,Living End,TirioNstaRz10,292 tix,"$ 1,074",240566,2014-07-14,Modern Daily #7283156,modern,modern-daily-7283156,modern-daily-7283156-2014-07-14
11,3,Beast Within,,Spells,3,1,Living End,TirioNstaRz10,292 tix,"$ 1,074",240566,2014-07-14,Modern Daily #7283156,modern,modern-daily-7283156,modern-daily-7283156-2014-07-14
12,4,Demonic Dread,,Spells,3,1,Living End,TirioNstaRz10,292 tix,"$ 1,074",240566,2014-07-14,Modern Daily #7283156,modern,modern-daily-7283156,modern-daily-7283156-2014-07-14
13,2,Dismember,,Spells,3,1,Living End,TirioNstaRz10,292 tix,"$ 1,074",240566,2014-07-14,Modern Daily #7283156,modern,modern-daily-7283156,modern-daily-7283156-2014-07-14
14,4,Violent Outburst,,Spells,3,1,Living End,TirioNstaRz10,292 tix,"$ 1,074",240566,2014-07-14,Modern Daily #7283156,modern,modern-daily-7283156,modern-daily-7283156-2014-07-14
16,3,Blood Moon,,Enchantments,3,1,Living End,TirioNstaRz10,292 tix,"$ 1,074",240566,2014-07-14,Modern Daily #7283156,modern,modern-daily-7283156,modern-daily-7283156-2014-07-14
18,4,Blackcleave Cliffs,,Lands,3,1,Living End,TirioNstaRz10,292 tix,"$ 1,074",240566,2014-07-14,Modern Daily #7283156,modern,modern-daily-7283156,modern-daily-7283156-2014-07-14
19,1,Blood Crypt,,Lands,3,1,Living End,TirioNstaRz10,292 tix,"$ 1,074",240566,2014-07-14,Modern Daily #7283156,modern,modern-daily-7283156,modern-daily-7283156-2014-07-14
20,3,Forest,,Lands,3,1,Living End,TirioNstaRz10,292 tix,"$ 1,074",240566,2014-07-14,Modern Daily #7283156,modern,modern-daily-7283156,modern-daily-7283156-2014-07-14
21,1,Godless Shrine,,Lands,3,1,Living End,TirioNstaRz10,292 tix,"$ 1,074",240566,2014-07-14,Modern Daily #7283156,modern,modern-daily-7283156,modern-daily-7283156-2014-07-14
22,1,Marsh Flats,,Lands,3,1,Living End,TirioNstaRz10,292 tix,"$ 1,074",240566,2014-07-14,Modern Daily #7283156,modern,modern-daily-7283156,modern-daily-7283156-2014-07-14
23,1,Overgrown Tomb,,Lands,3,1,Living End,TirioNstaRz10,292 tix,"$ 1,074",240566,2014-07-14,Modern Daily #7283156,modern,modern-daily-7283156,modern-daily-7283156-2014-07-14
24,1,Stomping Ground,,Lands,3,1,Living End,TirioNstaRz10,292 tix,"$ 1,074",240566,2014-07-14,Modern Daily #7283156,modern,modern-daily-7283156,modern-daily-7283156-2014-07-14
25,2,Swamp,,Lands,3,1,Living End,TirioNstaRz10,292 tix,"$ 1,074",240566,2014-07-14,Modern Daily #7283156,modern,modern-daily-7283156,modern-daily-7283156-2014-07-14
26,4,Verdant Catacombs,,Lands,3,1,Living End,TirioNstaRz10,292 tix,"$ 1,074",240566,2014-07-14,Modern Daily #7283156,modern,modern-daily-7283156,modern-daily-7283156-2014-07-14
28,4,Leyline of Sanctity,,Sideboard,3,1,Living End,TirioNstaRz10,292 tix,"$ 1,074",240566,2014-07-14,Modern Daily #7283156,modern,modern-daily-7283156,modern-daily-7283156-2014-07-14
29,4,Leyline of the Void,,Sideboard,3,1,Living End,TirioNstaRz10,292 tix,"$ 1,074",240566,2014-07-14,Modern Daily #7283156,modern,modern-daily-7283156,modern-daily-7283156-2014-07-14
30,3,Ricochet Trap,,Sideboard,3,1,Living End,TirioNstaRz10,292 tix,"$ 1,074",240566,2014-07-14,Modern Daily #7283156,modern,modern-daily-7283156,modern-daily-7283156-2014-07-14
31,2,Slaughter Games,,Sideboard,3,1,Living End,TirioNstaRz10,292 tix,"$ 1,074",240566,2014-07-14,Modern Daily #7283156,modern,modern-daily-7283156,modern-daily-7283156-2014-07-14
32,2,Ingot Chewer,,Sideboard,3,1,Living End,TirioNstaRz10,292 tix,"$ 1,074",240566,2014-07-14,Modern Daily #7283156,modern,modern-daily-7283156,modern-daily-7283156-2014-07-14
1,4,Birds of Paradise,,Creatures,3,1,Melira Pod,Znapcaster,253 tix,$ 854,240560,2014-07-14,Modern Daily #7283156,modern,modern-daily-7283156,modern-daily-7283156-2014-07-14
2,2,Noble Hierarch,,Creatures,3,1,Melira Pod,Znapcaster,253 tix,$ 854,240560,2014-07-14,Modern Daily #7283156,modern,modern-daily-7283156,modern-daily-7283156-2014-07-14
3,1,Scavenging Ooze,,Creatures,3,1,Melira Pod,Znapcaster,253 tix,$ 854,240560,2014-07-14,Modern Daily #7283156,modern,modern-daily-7283156,modern-daily-7283156-2014-07-14
4,1,Spellskite,,Creatures,3,1,Melira Pod,Znapcaster,253 tix,$ 854,240560,2014-07-14,Modern Daily #7283156,modern,modern-daily-7283156,modern-daily-7283156-2014-07-14
5,3,Voice of Resurgence,,Creatures,3,1,Melira Pod,Znapcaster,253 tix,$ 854,240560,2014-07-14,Modern Daily #7283156,modern,modern-daily-7283156,modern-daily-7283156-2014-07-14
6,2,Wall of Roots,,Creatures,3,1,Melira Pod,Znapcaster,253 tix,$ 854,240560,2014-07-14,Modern Daily #7283156,modern,modern-daily-7283156,modern-daily-7283156-2014-07-14
7,1,Eternal Witness,,Creatures,3,1,Melira Pod,Znapcaster,253 tix,$ 854,240560,2014-07-14,Modern Daily #7283156,modern,modern-daily-7283156,modern-daily-7283156-2014-07-14
8,1,Harmonic Sliver,,Creatures,3,1,Melira Pod,Znapcaster,253 tix,$ 854,240560,2014-07-14,Modern Daily #7283156,modern,modern-daily-7283156,modern-daily-7283156-2014-07-14
9,2,Kitchen Finks,,Creatures,3,1,Melira Pod,Znapcaster,253 tix,$ 854,240560,2014-07-14,Modern Daily #7283156,modern,modern-daily-7283156,modern-daily-7283156-2014-07-14
10,1,Orzhov Pontiff,,Creatures,3,1,Melira Pod,Znapcaster,253 tix,$ 854,240560,2014-07-14,Modern Daily #7283156,modern,modern-daily-7283156,modern-daily-7283156-2014-07-14
11,1,Sin Collector,,Creatures,3,1,Melira Pod,Znapcaster,253 tix,$ 854,240560,2014-07-14,Modern Daily #7283156,modern,modern-daily-7283156,modern-daily-7283156-2014-07-14
12,1,Spike Feeder,,Creatures,3,1,Melira Pod,Znapcaster,253 tix,$ 854,240560,2014-07-14,Modern Daily #7283156,modern,modern-daily-7283156,modern-daily-7283156-2014-07-14
13,1,"Linvala, Keeper of Silence",,Creatures,3,1,Melira Pod,Znapcaster,253 tix,$ 854,240560,2014-07-14,Modern Daily #7283156,modern,modern-daily-7283156,modern-daily-7283156-2014-07-14
14,1,Murderous Redcap,,Creatures,3,1,Melira Pod,Znapcaster,253 tix,$ 854,240560,2014-07-14,Modern Daily #7283156,modern,modern-daily-7283156,modern-daily-7283156-2014-07-14
15,1,Restoration Angel,,Creatures,3,1,Melira Pod,Znapcaster,253 tix,$ 854,240560,2014-07-14,Modern Daily #7283156,modern,modern-daily-7283156,modern-daily-7283156-2014-07-14
16,1,Archangel of Thune,,Creatures,3,1,Melira Pod,Znapcaster,253 tix,$ 854,240560,2014-07-14,Modern Daily #7283156,modern,modern-daily-7283156,modern-daily-7283156-2014-07-14
17,1,Reveillark,,Creatures,3,1,Melira Pod,Znapcaster,253 tix,$ 854,240560,2014-07-14,Modern Daily #7283156,modern,modern-daily-7283156,modern-daily-7283156-2014-07-14
18,1,Shriekmaw,,Creatures,3,1,Melira Pod,Znapcaster,253 tix,$ 854,240560,2014-07-14,Modern Daily #7283156,modern,modern-daily-7283156,modern-daily-7283156-2014-07-14
20,3,Thoughtseize,,Spells,3,1,Melira Pod,Znapcaster,253 tix,$ 854,240560,2014-07-14,Modern Daily #7283156,modern,modern-daily-7283156,modern-daily-7283156-2014-07-14
21,3,Abrupt Decay,,Spells,3,1,Melira Pod,Znapcaster,253 tix,$ 854,240560,2014-07-14,Modern Daily #7283156,modern,modern-daily-7283156,modern-daily-7283156-2014-07-14
22,1,Chord of Calling,,Spells,3,1,Melira Pod,Znapcaster,253 tix,$ 854,240560,2014-07-14,Modern Daily #7283156,modern,modern-daily-7283156,modern-daily-7283156-2014-07-14
24,4,Birthing Pod,,Artifacts,3,1,Melira Pod,Znapcaster,253 tix,$ 854,240560,2014-07-14,Modern Daily #7283156,modern,modern-daily-7283156,modern-daily-7283156-2014-07-14
26,2,Forest,,Lands,3,1,Melira Pod,Znapcaster,253 tix,$ 854,240560,2014-07-14,Modern Daily #7283156,modern,modern-daily-7283156,modern-daily-7283156-2014-07-14
27,3,Gavony Township,,Lands,3,1,Melira Pod,Znapcaster,253 tix,$ 854,240560,2014-07-14,Modern Daily #7283156,modern,modern-daily-7283156,modern-daily-7283156-2014-07-14
28,1,Godless Shrine,,Lands,3,1,Melira Pod,Znapcaster,253 tix,$ 854,240560,2014-07-14,Modern Daily #7283156,modern,modern-daily-7283156,modern-daily-7283156-2014-07-14
29,4,Misty Rainforest,,Lands,3,1,Melira Pod,Znapcaster,253 tix,$ 854,240560,2014-07-14,Modern Daily #7283156,modern,modern-daily-7283156,modern-daily-7283156-2014-07-14
30,2,Overgrown Tomb,,Lands,3,1,Melira Pod,Znapcaster,253 tix,$ 854,240560,2014-07-14,Modern Daily #7283156,modern,modern-daily-7283156,modern-daily-7283156-2014-07-14
31,4,Razorverge Thicket,,Lands,3,1,Melira Pod,Znapcaster,253 tix,$ 854,240560,2014-07-14,Modern Daily #7283156,modern,modern-daily-7283156,modern-daily-7283156-2014-07-14
32,1,Swamp,,Lands,3,1,Melira Pod,Znapcaster,253 tix,$ 854,240560,2014-07-14,Modern Daily #7283156,modern,modern-daily-7283156,modern-daily-7283156-2014-07-14
33,2,Temple Garden,,Lands,3,1,Melira Pod,Znapcaster,253 tix,$ 854,240560,2014-07-14,Modern Daily #7283156,modern,modern-daily-7283156,modern-daily-7283156-2014-07-14
34,4,Verdant Catacombs,,Lands,3,1,Melira Pod,Znapcaster,253 tix,$ 854,240560,2014-07-14,Modern Daily #7283156,modern,modern-daily-7283156,modern-daily-7283156-2014-07-14
36,1,Slaughter Pact,,Sideboard,3,1,Melira Pod,Znapcaster,253 tix,$ 854,240560,2014-07-14,Modern Daily #7283156,modern,modern-daily-7283156,modern-daily-7283156-2014-07-14
37,1,Burrenton Forge-Tender,,Sideboard,3,1,Melira Pod,Znapcaster,253 tix,$ 854,240560,2014-07-14,Modern Daily #7283156,modern,modern-daily-7283156,modern-daily-7283156-2014-07-14
38,2,Path to Exile,,Sideboard,3,1,Melira Pod,Znapcaster,253 tix,$ 854,240560,2014-07-14,Modern Daily #7283156,modern,modern-daily-7283156,modern-daily-7283156-2014-07-14
39,1,Thoughtseize,,Sideboard,3,1,Melira Pod,Znapcaster,253 tix,$ 854,240560,2014-07-14,Modern Daily #7283156,modern,modern-daily-7283156,modern-daily-7283156-2014-07-14
40,2,"Kataki, War's Wage",,Sideboard,3,1,Melira Pod,Znapcaster,253 tix,$ 854,240560,2014-07-14,Modern Daily #7283156,modern,modern-daily-7283156,modern-daily-7283156-2014-07-14
41,1,Qasali Pridemage,,Sideboard,3,1,Melira Pod,Znapcaster,253 tix,$ 854,240560,2014-07-14,Modern Daily #7283156,modern,modern-daily-7283156,modern-daily-7283156-2014-07-14
42,1,Aven Mindcensor,,Sideboard,3,1,Melira Pod,Znapcaster,253 tix,$ 854,240560,2014-07-14,Modern Daily #7283156,modern,modern-daily-7283156,modern-daily-7283156-2014-07-14
43,1,Dismember,,Sideboard,3,1,Melira Pod,Znapcaster,253 tix,$ 854,240560,2014-07-14,Modern Daily #7283156,modern,modern-daily-7283156,modern-daily-7283156-2014-07-14
44,1,Harmonic Sliver,,Sideboard,3,1,Melira Pod,Znapcaster,253 tix,$ 854,240560,2014-07-14,Modern Daily #7283156,modern,modern-daily-7283156,modern-daily-7283156-2014-07-14
45,2,Lingering Souls,,Sideboard,3,1,Melira Pod,Znapcaster,253 tix,$ 854,240560,2014-07-14,Modern Daily #7283156,modern,modern-daily-7283156,modern-daily-7283156-2014-07-14
46,1,Creeping Corrosion,,Sideboard,3,1,Melira Pod,Znapcaster,253 tix,$ 854,240560,2014-07-14,Modern Daily #7283156,modern,modern-daily-7283156,modern-daily-7283156-2014-07-14
47,1,Entomber Exarch,,Sideboard,3,1,Melira Pod,Znapcaster,253 tix,$ 854,240560,2014-07-14,Modern Daily #7283156,modern,modern-daily-7283156,modern-daily-7283156-2014-07-14
1,4,Birds of Paradise,,Creatures,3,1,Melira Pod,Raven423,270 tix,$ 863,240579,2014-07-14,Modern Daily #7283156,modern,modern-daily-7283156,modern-daily-7283156-2014-07-14
2,3,Noble Hierarch,,Creatures,3,1,Melira Pod,Raven423,270 tix,$ 863,240579,2014-07-14,Modern Daily #7283156,modern,modern-daily-7283156,modern-daily-7283156-2014-07-14
3,1,Qasali Pridemage,,Creatures,3,1,Melira Pod,Raven423,270 tix,$ 863,240579,2014-07-14,Modern Daily #7283156,modern,modern-daily-7283156,modern-daily-7283156-2014-07-14
4,1,Scavenging Ooze,,Creatures,3,1,Melira Pod,Raven423,270 tix,$ 863,240579,2014-07-14,Modern Daily #7283156,modern,modern-daily-7283156,modern-daily-7283156-2014-07-14
5,1,Spellskite,,Creatures,3,1,Melira Pod,Raven423,270 tix,$ 863,240579,2014-07-14,Modern Daily #7283156,modern,modern-daily-7283156,modern-daily-7283156-2014-07-14
6,3,Voice of Resurgence,,Creatures,3,1,Melira Pod,Raven423,270 tix,$ 863,240579,2014-07-14,Modern Daily #7283156,modern,modern-daily-7283156,modern-daily-7283156-2014-07-14
7,1,Wall of Roots,,Creatures,3,1,Melira Pod,Raven423,270 tix,$ 863,240579,2014-07-14,Modern Daily #7283156,modern,modern-daily-7283156,modern-daily-7283156-2014-07-14
8,1,Eternal Witness,,Creatures,3,1,Melira Pod,Raven423,270 tix,$ 863,240579,2014-07-14,Modern Daily #7283156,modern,modern-daily-7283156,modern-daily-7283156-2014-07-14
9,3,Kitchen Finks,,Creatures,3,1,Melira Pod,Raven423,270 tix,$ 863,240579,2014-07-14,Modern Daily #7283156,modern,modern-daily-7283156,modern-daily-7283156-2014-07-14
10,1,Orzhov Pontiff,,Creatures,3,1,Melira Pod,Raven423,270 tix,$ 863,240579,2014-07-14,Modern Daily #7283156,modern,modern-daily-7283156,modern-daily-7283156-2014-07-14
11,1,Sin Collector,,Creatures,3,1,Melira Pod,Raven423,270 tix,$ 863,240579,2014-07-14,Modern Daily #7283156,modern,modern-daily-7283156,modern-daily-7283156-2014-07-14
12,1,Spike Feeder,,Creatures,3,1,Melira Pod,Raven423,270 tix,$ 863,240579,2014-07-14,Modern Daily #7283156,modern,modern-daily-7283156,modern-daily-7283156-2014-07-14
13,1,Entomber Exarch,,Creatures,3,1,Melira Pod,Raven423,270 tix,$ 863,240579,2014-07-14,Modern Daily #7283156,modern,modern-daily-7283156,modern-daily-7283156-2014-07-14
14,1,"Linvala, Keeper of Silence",,Creatures,3,1,Melira Pod,Raven423,270 tix,$ 863,240579,2014-07-14,Modern Daily #7283156,modern,modern-daily-7283156,modern-daily-7283156-2014-07-14
15,1,Murderous Redcap,,Creatures,3,1,Melira Pod,Raven423,270 tix,$ 863,240579,2014-07-14,Modern Daily #7283156,modern,modern-daily-7283156,modern-daily-7283156-2014-07-14
16,1,Restoration Angel,,Creatures,3,1,Melira Pod,Raven423,270 tix,$ 863,240579,2014-07-14,Modern Daily #7283156,modern,modern-daily-7283156,modern-daily-7283156-2014-07-14
17,1,Archangel of Thune,,Creatures,3,1,Melira Pod,Raven423,270 tix,$ 863,240579,2014-07-14,Modern Daily #7283156,modern,modern-daily-7283156,modern-daily-7283156-2014-07-14
18,1,Reveillark,,Creatures,3,1,Melira Pod,Raven423,270 tix,$ 863,240579,2014-07-14,Modern Daily #7283156,modern,modern-daily-7283156,modern-daily-7283156-2014-07-14
19,1,Shriekmaw,,Creatures,3,1,Melira Pod,Raven423,270 tix,$ 863,240579,2014-07-14,Modern Daily #7283156,modern,modern-daily-7283156,modern-daily-7283156-2014-07-14
21,2,Thoughtseize,,Spells,3,1,Melira Pod,Raven423,270 tix,$ 863,240579,2014-07-14,Modern Daily #7283156,modern,modern-daily-7283156,modern-daily-7283156-2014-07-14
22,3,Abrupt Decay,,Spells,3,1,Melira Pod,Raven423,270 tix,$ 863,240579,2014-07-14,Modern Daily #7283156,modern,modern-daily-7283156,modern-daily-7283156-2014-07-14
24,4,Birthing Pod,,Artifacts,3,1,Melira Pod,Raven423,270 tix,$ 863,240579,2014-07-14,Modern Daily #7283156,modern,modern-daily-7283156,modern-daily-7283156-2014-07-14
26,3,Forest,,Lands,3,1,Melira Pod,Raven423,270 tix,$ 863,240579,2014-07-14,Modern Daily #7283156,modern,modern-daily-7283156,modern-daily-7283156-2014-07-14
27,3,Gavony Township,,Lands,3,1,Melira Pod,Raven423,270 tix,$ 863,240579,2014-07-14,Modern Daily #7283156,modern,modern-daily-7283156,modern-daily-7283156-2014-07-14
28,1,Godless Shrine,,Lands,3,1,Melira Pod,Raven423,270 tix,$ 863,240579,2014-07-14,Modern Daily #7283156,modern,modern-daily-7283156,modern-daily-7283156-2014-07-14
29,4,Misty Rainforest,,Lands,3,1,Melira Pod,Raven423,270 tix,$ 863,240579,2014-07-14,Modern Daily #7283156,modern,modern-daily-7283156,modern-daily-7283156-2014-07-14
30,2,Overgrown Tomb,,Lands,3,1,Melira Pod,Raven423,270 tix,$ 863,240579,2014-07-14,Modern Daily #7283156,modern,modern-daily-7283156,modern-daily-7283156-2014-07-14
31,4,Razorverge Thicket,,Lands,3,1,Melira Pod,Raven423,270 tix,$ 863,240579,2014-07-14,Modern Daily #7283156,modern,modern-daily-7283156,modern-daily-7283156-2014-07-14
32,1,Swamp,,Lands,3,1,Melira Pod,Raven423,270 tix,$ 863,240579,2014-07-14,Modern Daily #7283156,modern,modern-daily-7283156,modern-daily-7283156-2014-07-14
33,1,Temple Garden,,Lands,3,1,Melira Pod,Raven423,270 tix,$ 863,240579,2014-07-14,Modern Daily #7283156,modern,modern-daily-7283156,modern-daily-7283156-2014-07-14
34,4,Verdant Catacombs,,Lands,3,1,Melira Pod,Raven423,270 tix,$ 863,240579,2014-07-14,Modern Daily #7283156,modern,modern-daily-7283156,modern-daily-7283156-2014-07-14
36,2,Slaughter Pact,,Sideboard,3,1,Melira Pod,Raven423,270 tix,$ 863,240579,2014-07-14,Modern Daily #7283156,modern,modern-daily-7283156,modern-daily-7283156-2014-07-14
37,2,Thoughtseize,,Sideboard,3,1,Melira Pod,Raven423,270 tix,$ 863,240579,2014-07-14,Modern Daily #7283156,modern,modern-daily-7283156,modern-daily-7283156-2014-07-14
38,1,Aven Mindcensor,,Sideboard,3,1,Melira Pod,Raven423,270 tix,$ 863,240579,2014-07-14,Modern Daily #7283156,modern,modern-daily-7283156,modern-daily-7283156-2014-07-14
39,1,Dismember,,Sideboard,3,1,Melira Pod,Raven423,270 tix,$ 863,240579,2014-07-14,Modern Daily #7283156,modern,modern-daily-7283156,modern-daily-7283156-2014-07-14
40,1,Harmonic Sliver,,Sideboard,3,1,Melira Pod,Raven423,270 tix,$ 863,240579,2014-07-14,Modern Daily #7283156,modern,modern-daily-7283156,modern-daily-7283156-2014-07-14
41,2,Lingering Souls,,Sideboard,3,1,Melira Pod,Raven423,270 tix,$ 863,240579,2014-07-14,Modern Daily #7283156,modern,modern-daily-7283156,modern-daily-7283156-2014-07-14
42,1,Sin Collector,,Sideboard,3,1,Melira Pod,Raven423,270 tix,$ 863,240579,2014-07-14,Modern Daily #7283156,modern,modern-daily-7283156,modern-daily-7283156-2014-07-14
43,2,Creeping Corrosion,,Sideboard,3,1,Melira Pod,Raven423,270 tix,$ 863,240579,2014-07-14,Modern Daily #7283156,modern,modern-daily-7283156,modern-daily-7283156-2014-07-14
44,1,Obstinate Baloth,,Sideboard,3,1,Melira Pod,Raven423,270 tix,$ 863,240579,2014-07-14,Modern Daily #7283156,modern,modern-daily-7283156,modern-daily-7283156-2014-07-14
45,1,"Thrun, the Last Troll",,Sideboard,3,1,Melira Pod,Raven423,270 tix,$ 863,240579,2014-07-14,Modern Daily #7283156,modern,modern-daily-7283156,modern-daily-7283156-2014-07-14
46,1,"Sigarda, Host of Herons",,Sideboard,3,1,Melira Pod,Raven423,270 tix,$ 863,240579,2014-07-14,Modern Daily #7283156,modern,modern-daily-7283156,modern-daily-7283156-2014-07-14
1,2,Spellskite,,Creatures,3,1,RG Tron,killabeeze,258 tix,$ 901,240571,2014-07-14,Modern Daily #7283156,modern,modern-daily-7283156,modern-daily-7283156-2014-07-14
2,3,Wurmcoil Engine,,Creatures,3,1,RG Tron,killabeeze,258 tix,$ 901,240571,2014-07-14,Modern Daily #7283156,modern,modern-daily-7283156,modern-daily-7283156-2014-07-14
3,1,Sundering Titan,,Creatures,3,1,RG Tron,killabeeze,258 tix,$ 901,240571,2014-07-14,Modern Daily #7283156,modern,modern-daily-7283156,modern-daily-7283156-2014-07-14
4,1,"Emrakul, the Aeons Torn",,Creatures,3,1,RG Tron,killabeeze,258 tix,$ 901,240571,2014-07-14,Modern Daily #7283156,modern,modern-daily-7283156,modern-daily-7283156-2014-07-14
6,4,Karn Liberated,,Planeswalkers,3,1,RG Tron,killabeeze,258 tix,$ 901,240571,2014-07-14,Modern Daily #7283156,modern,modern-daily-7283156,modern-daily-7283156-2014-07-14
8,4,Ancient Stirrings,,Spells,3,1,RG Tron,killabeeze,258 tix,$ 901,240571,2014-07-14,Modern Daily #7283156,modern,modern-daily-7283156,modern-daily-7283156-2014-07-14
9,4,Sylvan Scrying,,Spells,3,1,RG Tron,killabeeze,258 tix,$ 901,240571,2014-07-14,Modern Daily #7283156,modern,modern-daily-7283156,modern-daily-7283156-2014-07-14
10,3,All Is Dust,,Spells,3,1,RG Tron,killabeeze,258 tix,$ 901,240571,2014-07-14,Modern Daily #7283156,modern,modern-daily-7283156,modern-daily-7283156-2014-07-14
12,4,Chromatic Sphere,,Artifacts,3,1,RG Tron,killabeeze,258 tix,$ 901,240571,2014-07-14,Modern Daily #7283156,modern,modern-daily-7283156,modern-daily-7283156-2014-07-14
13,4,Chromatic Star,,Artifacts,3,1,RG Tron,killabeeze,258 tix,$ 901,240571,2014-07-14,Modern Daily #7283156,modern,modern-daily-7283156,modern-daily-7283156-2014-07-14
14,4,Expedition Map,,Artifacts,3,1,RG Tron,killabeeze,258 tix,$ 901,240571,2014-07-14,Modern Daily #7283156,modern,modern-daily-7283156,modern-daily-7283156-2014-07-14
15,3,Relic of Progenitus,,Artifacts,3,1,RG Tron,killabeeze,258 tix,$ 901,240571,2014-07-14,Modern Daily #7283156,modern,modern-daily-7283156,modern-daily-7283156-2014-07-14
16,3,Oblivion Stone,,Artifacts,3,1,RG Tron,killabeeze,258 tix,$ 901,240571,2014-07-14,Modern Daily #7283156,modern,modern-daily-7283156,modern-daily-7283156-2014-07-14
18,1,Cavern of Souls,,Lands,3,1,RG Tron,killabeeze,258 tix,$ 901,240571,2014-07-14,Modern Daily #7283156,modern,modern-daily-7283156,modern-daily-7283156-2014-07-14
19,1,Eye of Ugin,,Lands,3,1,RG Tron,killabeeze,258 tix,$ 901,240571,2014-07-14,Modern Daily #7283156,modern,modern-daily-7283156,modern-daily-7283156-2014-07-14
20,3,Forest,,Lands,3,1,RG Tron,killabeeze,258 tix,$ 901,240571,2014-07-14,Modern Daily #7283156,modern,modern-daily-7283156,modern-daily-7283156-2014-07-14
21,2,Ghost Quarter,,Lands,3,1,RG Tron,killabeeze,258 tix,$ 901,240571,2014-07-14,Modern Daily #7283156,modern,modern-daily-7283156,modern-daily-7283156-2014-07-14
22,1,Grove of the Burnwillows,,Lands,3,1,RG Tron,killabeeze,258 tix,$ 901,240571,2014-07-14,Modern Daily #7283156,modern,modern-daily-7283156,modern-daily-7283156-2014-07-14
23,4,Urza's Mine,,Lands,3,1,RG Tron,killabeeze,258 tix,$ 901,240571,2014-07-14,Modern Daily #7283156,modern,modern-daily-7283156,modern-daily-7283156-2014-07-14
24,4,Urza's Power Plant,,Lands,3,1,RG Tron,killabeeze,258 tix,$ 901,240571,2014-07-14,Modern Daily #7283156,modern,modern-daily-7283156,modern-daily-7283156-2014-07-14
25,4,Urza's Tower,,Lands,3,1,RG Tron,killabeeze,258 tix,$ 901,240571,2014-07-14,Modern Daily #7283156,modern,modern-daily-7283156,modern-daily-7283156-2014-07-14
27,4,Nature's Claim,,Sideboard,3,1,RG Tron,killabeeze,258 tix,$ 901,240571,2014-07-14,Modern Daily #7283156,modern,modern-daily-7283156,modern-daily-7283156-2014-07-14
28,1,Vandalblast,,Sideboard,3,1,RG Tron,killabeeze,258 tix,$ 901,240571,2014-07-14,Modern Daily #7283156,modern,modern-daily-7283156,modern-daily-7283156-2014-07-14
29,3,Defense Grid,,Sideboard,3,1,RG Tron,killabeeze,258 tix,$ 901,240571,2014-07-14,Modern Daily #7283156,modern,modern-daily-7283156,modern-daily-7283156-2014-07-14
30,3,Torpor Orb,,Sideboard,3,1,RG Tron,killabeeze,258 tix,$ 901,240571,2014-07-14,Modern Daily #7283156,modern,modern-daily-7283156,modern-daily-7283156-2014-07-14
31,1,Crucible of Worlds,,Sideboard,3,1,RG Tron,killabeeze,258 tix,$ 901,240571,2014-07-14,Modern Daily #7283156,modern,modern-daily-7283156,modern-daily-7283156-2014-07-14
32,1,Oblivion Stone,,Sideboard,3,1,RG Tron,killabeeze,258 tix,$ 901,240571,2014-07-14,Modern Daily #7283156,modern,modern-daily-7283156,modern-daily-7283156-2014-07-14
33,1,Wurmcoil Engine,,Sideboard,3,1,RG Tron,killabeeze,258 tix,$ 901,240571,2014-07-14,Modern Daily #7283156,modern,modern-daily-7283156,modern-daily-7283156-2014-07-14
34,1,Sundering Titan,,Sideboard,3,1,RG Tron,killabeeze,258 tix,$ 901,240571,2014-07-14,Modern Daily #7283156,modern,modern-daily-7283156,modern-daily-7283156-2014-07-14
1,4,Sakura-Tribe Elder,,Creatures,3,1,Scapeshift,ecobaronen,191 tix,$ 937,240562,2014-07-14,Modern Daily #7283156,modern,modern-daily-7283156,modern-daily-7283156-2014-07-14
2,2,Snapcaster Mage,,Creatures,3,1,Scapeshift,ecobaronen,191 tix,$ 937,240562,2014-07-14,Modern Daily #7283156,modern,modern-daily-7283156,modern-daily-7283156-2014-07-14
4,3,Lightning Bolt,,Spells,3,1,Scapeshift,ecobaronen,191 tix,$ 937,240562,2014-07-14,Modern Daily #7283156,modern,modern-daily-7283156,modern-daily-7283156-2014-07-14
5,2,Repeal,,Spells,3,1,Scapeshift,ecobaronen,191 tix,$ 937,240562,2014-07-14,Modern Daily #7283156,modern,modern-daily-7283156,modern-daily-7283156-2014-07-14
6,2,Farseek,,Spells,3,1,Scapeshift,ecobaronen,191 tix,$ 937,240562,2014-07-14,Modern Daily #7283156,modern,modern-daily-7283156,modern-daily-7283156-2014-07-14
7,2,Izzet Charm,,Spells,3,1,Scapeshift,ecobaronen,191 tix,$ 937,240562,2014-07-14,Modern Daily #7283156,modern,modern-daily-7283156,modern-daily-7283156-2014-07-14
8,2,Peer Through Depths,,Spells,3,1,Scapeshift,ecobaronen,191 tix,$ 937,240562,2014-07-14,Modern Daily #7283156,modern,modern-daily-7283156,modern-daily-7283156-2014-07-14
9,4,Remand,,Spells,3,1,Scapeshift,ecobaronen,191 tix,$ 937,240562,2014-07-14,Modern Daily #7283156,modern,modern-daily-7283156,modern-daily-7283156-2014-07-14
10,2,Telling Time,,Spells,3,1,Scapeshift,ecobaronen,191 tix,$ 937,240562,2014-07-14,Modern Daily #7283156,modern,modern-daily-7283156,modern-daily-7283156-2014-07-14
11,4,Search for Tomorrow,,Spells,3,1,Scapeshift,ecobaronen,191 tix,$ 937,240562,2014-07-14,Modern Daily #7283156,modern,modern-daily-7283156,modern-daily-7283156-2014-07-14
12,4,Cryptic Command,,Spells,3,1,Scapeshift,ecobaronen,191 tix,$ 937,240562,2014-07-14,Modern Daily #7283156,modern,modern-daily-7283156,modern-daily-7283156-2014-07-14
13,4,Scapeshift,,Spells,3,1,Scapeshift,ecobaronen,191 tix,$ 937,240562,2014-07-14,Modern Daily #7283156,modern,modern-daily-7283156,modern-daily-7283156-2014-07-14
15,2,Breeding Pool,,Lands,3,1,Scapeshift,ecobaronen,191 tix,$ 937,240562,2014-07-14,Modern Daily #7283156,modern,modern-daily-7283156,modern-daily-7283156-2014-07-14
16,1,Flooded Grove,,Lands,3,1,Scapeshift,ecobaronen,191 tix,$ 937,240562,2014-07-14,Modern Daily #7283156,modern,modern-daily-7283156,modern-daily-7283156-2014-07-14
17,3,Forest,,Lands,3,1,Scapeshift,ecobaronen,191 tix,$ 937,240562,2014-07-14,Modern Daily #7283156,modern,modern-daily-7283156,modern-daily-7283156-2014-07-14
18,3,Island,,Lands,3,1,Scapeshift,ecobaronen,191 tix,$ 937,240562,2014-07-14,Modern Daily #7283156,modern,modern-daily-7283156,modern-daily-7283156-2014-07-14
19,4,Misty Rainforest,,Lands,3,1,Scapeshift,ecobaronen,191 tix,$ 937,240562,2014-07-14,Modern Daily #7283156,modern,modern-daily-7283156,modern-daily-7283156-2014-07-14
20,2,Mountain,,Lands,3,1,Scapeshift,ecobaronen,191 tix,$ 937,240562,2014-07-14,Modern Daily #7283156,modern,modern-daily-7283156,modern-daily-7283156-2014-07-14
21,4,Steam Vents,,Lands,3,1,Scapeshift,ecobaronen,191 tix,$ 937,240562,2014-07-14,Modern Daily #7283156,modern,modern-daily-7283156,modern-daily-7283156-2014-07-14
22,4,Stomping Ground,,Lands,3,1,Scapeshift,ecobaronen,191 tix,$ 937,240562,2014-07-14,Modern Daily #7283156,modern,modern-daily-7283156,modern-daily-7283156-2014-07-14
23,2,"Valakut, the Molten Pinnacle",,Lands,3,1,Scapeshift,ecobaronen,191 tix,$ 937,240562,2014-07-14,Modern Daily #7283156,modern,modern-daily-7283156,modern-daily-7283156-2014-07-14
25,1,Gigadrowse,,Sideboard,3,1,Scapeshift,ecobaronen,191 tix,$ 937,240562,2014-07-14,Modern Daily #7283156,modern,modern-daily-7283156,modern-daily-7283156-2014-07-14
26,2,Relic of Progenitus,,Sideboard,3,1,Scapeshift,ecobaronen,191 tix,$ 937,240562,2014-07-14,Modern Daily #7283156,modern,modern-daily-7283156,modern-daily-7283156-2014-07-14
27,2,Swan Song,,Sideboard,3,1,Scapeshift,ecobaronen,191 tix,$ 937,240562,2014-07-14,Modern Daily #7283156,modern,modern-daily-7283156,modern-daily-7283156-2014-07-14
28,2,Ancient Grudge,,Sideboard,3,1,Scapeshift,ecobaronen,191 tix,$ 937,240562,2014-07-14,Modern Daily #7283156,modern,modern-daily-7283156,modern-daily-7283156-2014-07-14
29,2,Combust,,Sideboard,3,1,Scapeshift,ecobaronen,191 tix,$ 937,240562,2014-07-14,Modern Daily #7283156,modern,modern-daily-7283156,modern-daily-7283156-2014-07-14
30,1,Counterflux,,Sideboard,3,1,Scapeshift,ecobaronen,191 tix,$ 937,240562,2014-07-14,Modern Daily #7283156,modern,modern-daily-7283156,modern-daily-7283156-2014-07-14
31,2,Creeping Corrosion,,Sideboard,3,1,Scapeshift,ecobaronen,191 tix,$ 937,240562,2014-07-14,Modern Daily #7283156,modern,modern-daily-7283156,modern-daily-7283156-2014-07-14
32,3,Urban Evolution,,Sideboard,3,1,Scapeshift,ecobaronen,191 tix,$ 937,240562,2014-07-14,Modern Daily #7283156,modern,modern-daily-7283156,modern-daily-7283156-2014-07-14
1,4,Snapcaster Mage,,Creatures,3,1,Splinter Twin,bkm,358 tix,"$ 1,214",240558,2014-07-14,Modern Daily #7283156,modern,modern-daily-7283156,modern-daily-7283156-2014-07-14
2,2,Spellskite,,Creatures,3,1,Splinter Twin,bkm,358 tix,"$ 1,214",240558,2014-07-14,Modern Daily #7283156,modern,modern-daily-7283156,modern-daily-7283156-2014-07-14
3,4,Deceiver Exarch,,Creatures,3,1,Splinter Twin,bkm,358 tix,"$ 1,214",240558,2014-07-14,Modern Daily #7283156,modern,modern-daily-7283156,modern-daily-7283156-2014-07-14
4,2,Pestermite,,Creatures,3,1,Splinter Twin,bkm,358 tix,"$ 1,214",240558,2014-07-14,Modern Daily #7283156,modern,modern-daily-7283156,modern-daily-7283156-2014-07-14
5,2,Vendilion Clique,,Creatures,3,1,Splinter Twin,bkm,358 tix,"$ 1,214",240558,2014-07-14,Modern Daily #7283156,modern,modern-daily-7283156,modern-daily-7283156-2014-07-14
6,1,"Kiki-Jiki, Mirror Breaker",,Creatures,3,1,Splinter Twin,bkm,358 tix,"$ 1,214",240558,2014-07-14,Modern Daily #7283156,modern,modern-daily-7283156,modern-daily-7283156-2014-07-14
8,1,Flame Slash,,Spells,3,1,Splinter Twin,bkm,358 tix,"$ 1,214",240558,2014-07-14,Modern Daily #7283156,modern,modern-daily-7283156,modern-daily-7283156-2014-07-14
9,4,Lightning Bolt,,Spells,3,1,Splinter Twin,bkm,358 tix,"$ 1,214",240558,2014-07-14,Modern Daily #7283156,modern,modern-daily-7283156,modern-daily-7283156-2014-07-14
10,1,Peek,,Spells,3,1,Splinter Twin,bkm,358 tix,"$ 1,214",240558,2014-07-14,Modern Daily #7283156,modern,modern-daily-7283156,modern-daily-7283156-2014-07-14
11,4,Serum Visions,,Spells,3,1,Splinter Twin,bkm,358 tix,"$ 1,214",240558,2014-07-14,Modern Daily #7283156,modern,modern-daily-7283156,modern-daily-7283156-2014-07-14
12,2,Spell Snare,,Spells,3,1,Splinter Twin,bkm,358 tix,"$ 1,214",240558,2014-07-14,Modern Daily #7283156,modern,modern-daily-7283156,modern-daily-7283156-2014-07-14
13,1,Izzet Charm,,Spells,3,1,Splinter Twin,bkm,358 tix,"$ 1,214",240558,2014-07-14,Modern Daily #7283156,modern,modern-daily-7283156,modern-daily-7283156-2014-07-14
14,4,Remand,,Spells,3,1,Splinter Twin,bkm,358 tix,"$ 1,214",240558,2014-07-14,Modern Daily #7283156,modern,modern-daily-7283156,modern-daily-7283156-2014-07-14
15,1,Electrolyze,,Spells,3,1,Splinter Twin,bkm,358 tix,"$ 1,214",240558,2014-07-14,Modern Daily #7283156,modern,modern-daily-7283156,modern-daily-7283156-2014-07-14
17,4,Splinter Twin,,Enchantments,3,1,Splinter Twin,bkm,358 tix,"$ 1,214",240558,2014-07-14,Modern Daily #7283156,modern,modern-daily-7283156,modern-daily-7283156-2014-07-14
19,1,Desolate Lighthouse,,Lands,3,1,Splinter Twin,bkm,358 tix,"$ 1,214",240558,2014-07-14,Modern Daily #7283156,modern,modern-daily-7283156,modern-daily-7283156-2014-07-14
20,4,Island,,Lands,3,1,Splinter Twin,bkm,358 tix,"$ 1,214",240558,2014-07-14,Modern Daily #7283156,modern,modern-daily-7283156,modern-daily-7283156-2014-07-14
21,4,Misty Rainforest,,Lands,3,1,Splinter Twin,bkm,358 tix,"$ 1,214",240558,2014-07-14,Modern Daily #7283156,modern,modern-daily-7283156,modern-daily-7283156-2014-07-14
22,2,Mountain,,Lands,3,1,Splinter Twin,bkm,358 tix,"$ 1,214",240558,2014-07-14,Modern Daily #7283156,modern,modern-daily-7283156,modern-daily-7283156-2014-07-14
23,4,Scalding Tarn,,Lands,3,1,Splinter Twin,bkm,358 tix,"$ 1,214",240558,2014-07-14,Modern Daily #7283156,modern,modern-daily-7283156,modern-daily-7283156-2014-07-14
24,3,Steam Vents,,Lands,3,1,Splinter Twin,bkm,358 tix,"$ 1,214",240558,2014-07-14,Modern Daily #7283156,modern,modern-daily-7283156,modern-daily-7283156-2014-07-14
25,1,Stomping Ground,,Lands,3,1,Splinter Twin,bkm,358 tix,"$ 1,214",240558,2014-07-14,Modern Daily #7283156,modern,modern-daily-7283156,modern-daily-7283156-2014-07-14
26,3,Sulfur Falls,,Lands,3,1,Splinter Twin,bkm,358 tix,"$ 1,214",240558,2014-07-14,Modern Daily #7283156,modern,modern-daily-7283156,modern-daily-7283156-2014-07-14
27,1,Tectonic Edge,,Lands,3,1,Splinter Twin,bkm,358 tix,"$ 1,214",240558,2014-07-14,Modern Daily #7283156,modern,modern-daily-7283156,modern-daily-7283156-2014-07-14
29,1,Engineered Explosives,,Sideboard,3,1,Splinter Twin,bkm,358 tix,"$ 1,214",240558,2014-07-14,Modern Daily #7283156,modern,modern-daily-7283156,modern-daily-7283156-2014-07-14
30,1,Dispel,,Sideboard,3,1,Splinter Twin,bkm,358 tix,"$ 1,214",240558,2014-07-14,Modern Daily #7283156,modern,modern-daily-7283156,modern-daily-7283156-2014-07-14
31,1,Flame Slash,,Sideboard,3,1,Splinter Twin,bkm,358 tix,"$ 1,214",240558,2014-07-14,Modern Daily #7283156,modern,modern-daily-7283156,modern-daily-7283156-2014-07-14
32,2,Relic of Progenitus,,Sideboard,3,1,Splinter Twin,bkm,358 tix,"$ 1,214",240558,2014-07-14,Modern Daily #7283156,modern,modern-daily-7283156,modern-daily-7283156-2014-07-14
33,1,Vandalblast,,Sideboard,3,1,Splinter Twin,bkm,358 tix,"$ 1,214",240558,2014-07-14,Modern Daily #7283156,modern,modern-daily-7283156,modern-daily-7283156-2014-07-14
34,2,Ancient Grudge,,Sideboard,3,1,Splinter Twin,bkm,358 tix,"$ 1,214",240558,2014-07-14,Modern Daily #7283156,modern,modern-daily-7283156,modern-daily-7283156-2014-07-14
35,2,Anger of the Gods,,Sideboard,3,1,Splinter Twin,bkm,358 tix,"$ 1,214",240558,2014-07-14,Modern Daily #7283156,modern,modern-daily-7283156,modern-daily-7283156-2014-07-14
36,3,Blood Moon,,Sideboard,3,1,Splinter Twin,bkm,358 tix,"$ 1,214",240558,2014-07-14,Modern Daily #7283156,modern,modern-daily-7283156,modern-daily-7283156-2014-07-14
37,2,Batterskull,,Sideboard,3,1,Splinter Twin,bkm,358 tix,"$ 1,214",240558,2014-07-14,Modern Daily #7283156,modern,modern-daily-7283156,modern-daily-7283156-2014-07-14
1,4,Snapcaster Mage,,Creatures,3,1,Splinter Twin,zeuth,391 tix,"$ 1,332",240559,2014-07-14,Modern Daily #7283156,modern,modern-daily-7283156,modern-daily-7283156-2014-07-14
2,3,Spellskite,,Creatures,3,1,Splinter Twin,zeuth,391 tix,"$ 1,332",240559,2014-07-14,Modern Daily #7283156,modern,modern-daily-7283156,modern-daily-7283156-2014-07-14
3,4,Deceiver Exarch,,Creatures,3,1,Splinter Twin,zeuth,391 tix,"$ 1,332",240559,2014-07-14,Modern Daily #7283156,modern,modern-daily-7283156,modern-daily-7283156-2014-07-14
4,2,Pestermite,,Creatures,3,1,Splinter Twin,zeuth,391 tix,"$ 1,332",240559,2014-07-14,Modern Daily #7283156,modern,modern-daily-7283156,modern-daily-7283156-2014-07-14
5,2,Vendilion Clique,,Creatures,3,1,Splinter Twin,zeuth,391 tix,"$ 1,332",240559,2014-07-14,Modern Daily #7283156,modern,modern-daily-7283156,modern-daily-7283156-2014-07-14
7,2,Flame Slash,,Spells,3,1,Splinter Twin,zeuth,391 tix,"$ 1,332",240559,2014-07-14,Modern Daily #7283156,modern,modern-daily-7283156,modern-daily-7283156-2014-07-14
8,4,Lightning Bolt,,Spells,3,1,Splinter Twin,zeuth,391 tix,"$ 1,332",240559,2014-07-14,Modern Daily #7283156,modern,modern-daily-7283156,modern-daily-7283156-2014-07-14
9,4,Serum Visions,,Spells,3,1,Splinter Twin,zeuth,391 tix,"$ 1,332",240559,2014-07-14,Modern Daily #7283156,modern,modern-daily-7283156,modern-daily-7283156-2014-07-14
10,4,Remand,,Spells,3,1,Splinter Twin,zeuth,391 tix,"$ 1,332",240559,2014-07-14,Modern Daily #7283156,modern,modern-daily-7283156,modern-daily-7283156-2014-07-14
11,2,Electrolyze,,Spells,3,1,Splinter Twin,zeuth,391 tix,"$ 1,332",240559,2014-07-14,Modern Daily #7283156,modern,modern-daily-7283156,modern-daily-7283156-2014-07-14
12,2,Cryptic Command,,Spells,3,1,Splinter Twin,zeuth,391 tix,"$ 1,332",240559,2014-07-14,Modern Daily #7283156,modern,modern-daily-7283156,modern-daily-7283156-2014-07-14
14,4,Splinter Twin,,Enchantments,3,1,Splinter Twin,zeuth,391 tix,"$ 1,332",240559,2014-07-14,Modern Daily #7283156,modern,modern-daily-7283156,modern-daily-7283156-2014-07-14
16,2,Desolate Lighthouse,,Lands,3,1,Splinter Twin,zeuth,391 tix,"$ 1,332",240559,2014-07-14,Modern Daily #7283156,modern,modern-daily-7283156,modern-daily-7283156-2014-07-14
17,4,Island,,Lands,3,1,Splinter Twin,zeuth,391 tix,"$ 1,332",240559,2014-07-14,Modern Daily #7283156,modern,modern-daily-7283156,modern-daily-7283156-2014-07-14
18,4,Misty Rainforest,,Lands,3,1,Splinter Twin,zeuth,391 tix,"$ 1,332",240559,2014-07-14,Modern Daily #7283156,modern,modern-daily-7283156,modern-daily-7283156-2014-07-14
19,1,Mountain,,Lands,3,1,Splinter Twin,zeuth,391 tix,"$ 1,332",240559,2014-07-14,Modern Daily #7283156,modern,modern-daily-7283156,modern-daily-7283156-2014-07-14
20,4,Scalding Tarn,,Lands,3,1,Splinter Twin,zeuth,391 tix,"$ 1,332",240559,2014-07-14,Modern Daily #7283156,modern,modern-daily-7283156,modern-daily-7283156-2014-07-14
21,3,Steam Vents,,Lands,3,1,Splinter Twin,zeuth,391 tix,"$ 1,332",240559,2014-07-14,Modern Daily #7283156,modern,modern-daily-7283156,modern-daily-7283156-2014-07-14
22,1,Stomping Ground,,Lands,3,1,Splinter Twin,zeuth,391 tix,"$ 1,332",240559,2014-07-14,Modern Daily #7283156,modern,modern-daily-7283156,modern-daily-7283156-2014-07-14
23,4,Sulfur Falls,,Lands,3,1,Splinter Twin,zeuth,391 tix,"$ 1,332",240559,2014-07-14,Modern Daily #7283156,modern,modern-daily-7283156,modern-daily-7283156-2014-07-14
25,2,Engineered Explosives,,Sideboard,3,1,Splinter Twin,zeuth,391 tix,"$ 1,332",240559,2014-07-14,Modern Daily #7283156,modern,modern-daily-7283156,modern-daily-7283156-2014-07-14
26,2,Dispel,,Sideboard,3,1,Splinter Twin,zeuth,391 tix,"$ 1,332",240559,2014-07-14,Modern Daily #7283156,modern,modern-daily-7283156,modern-daily-7283156-2014-07-14
27,2,Ancient Grudge,,Sideboard,3,1,Splinter Twin,zeuth,391 tix,"$ 1,332",240559,2014-07-14,Modern Daily #7283156,modern,modern-daily-7283156,modern-daily-7283156-2014-07-14
28,4,Spreading Seas,,Sideboard,3,1,Splinter Twin,zeuth,391 tix,"$ 1,332",240559,2014-07-14,Modern Daily #7283156,modern,modern-daily-7283156,modern-daily-7283156-2014-07-14
29,3,Blood Moon,,Sideboard,3,1,Splinter Twin,zeuth,391 tix,"$ 1,332",240559,2014-07-14,Modern Daily #7283156,modern,modern-daily-7283156,modern-daily-7283156-2014-07-14
30,2,Sower of Temptation,,Sideboard,3,1,Splinter Twin,zeuth,391 tix,"$ 1,332",240559,2014-07-14,Modern Daily #7283156,modern,modern-daily-7283156,modern-daily-7283156-2014-07-14
1,4,Delver of Secrets,,Creatures,3,1,UR Delver,Kasimir84,215 tix,$ 943,240573,2014-07-14,Modern Daily #7283156,modern,modern-daily-7283156,modern-daily-7283156-2014-07-14
2,2,Grim Lavamancer,,Creatures,3,1,UR Delver,Kasimir84,215 tix,$ 943,240573,2014-07-14,Modern Daily #7283156,modern,modern-daily-7283156,modern-daily-7283156-2014-07-14
3,4,Snapcaster Mage,,Creatures,3,1,UR Delver,Kasimir84,215 tix,$ 943,240573,2014-07-14,Modern Daily #7283156,modern,modern-daily-7283156,modern-daily-7283156-2014-07-14
4,4,Young Pyromancer,,Creatures,3,1,UR Delver,Kasimir84,215 tix,$ 943,240573,2014-07-14,Modern Daily #7283156,modern,modern-daily-7283156,modern-daily-7283156-2014-07-14
6,4,Gitaxian Probe,,Spells,3,1,UR Delver,Kasimir84,215 tix,$ 943,240573,2014-07-14,Modern Daily #7283156,modern,modern-daily-7283156,modern-daily-7283156-2014-07-14
7,4,Lightning Bolt,,Spells,3,1,UR Delver,Kasimir84,215 tix,$ 943,240573,2014-07-14,Modern Daily #7283156,modern,modern-daily-7283156,modern-daily-7283156-2014-07-14
8,1,Pillar of Flame,,Spells,3,1,UR Delver,Kasimir84,215 tix,$ 943,240573,2014-07-14,Modern Daily #7283156,modern,modern-daily-7283156,modern-daily-7283156-2014-07-14
9,4,Serum Visions,,Spells,3,1,UR Delver,Kasimir84,215 tix,$ 943,240573,2014-07-14,Modern Daily #7283156,modern,modern-daily-7283156,modern-daily-7283156-2014-07-14
10,1,Spell Pierce,,Spells,3,1,UR Delver,Kasimir84,215 tix,$ 943,240573,2014-07-14,Modern Daily #7283156,modern,modern-daily-7283156,modern-daily-7283156-2014-07-14
11,2,Spell Snare,,Spells,3,1,UR Delver,Kasimir84,215 tix,$ 943,240573,2014-07-14,Modern Daily #7283156,modern,modern-daily-7283156,modern-daily-7283156-2014-07-14
12,2,Vapor Snag,,Spells,3,1,UR Delver,Kasimir84,215 tix,$ 943,240573,2014-07-14,Modern Daily #7283156,modern,modern-daily-7283156,modern-daily-7283156-2014-07-14
13,3,Mana Leak,,Spells,3,1,UR Delver,Kasimir84,215 tix,$ 943,240573,2014-07-14,Modern Daily #7283156,modern,modern-daily-7283156,modern-daily-7283156-2014-07-14
14,3,Remand,,Spells,3,1,UR Delver,Kasimir84,215 tix,$ 943,240573,2014-07-14,Modern Daily #7283156,modern,modern-daily-7283156,modern-daily-7283156-2014-07-14
15,2,Electrolyze,,Spells,3,1,UR Delver,Kasimir84,215 tix,$ 943,240573,2014-07-14,Modern Daily #7283156,modern,modern-daily-7283156,modern-daily-7283156-2014-07-14
17,1,Sword of Fire and Ice,,Artifacts,3,1,UR Delver,Kasimir84,215 tix,$ 943,240573,2014-07-14,Modern Daily #7283156,modern,modern-daily-7283156,modern-daily-7283156-2014-07-14
19,6,Island,,Lands,3,1,UR Delver,Kasimir84,215 tix,$ 943,240573,2014-07-14,Modern Daily #7283156,modern,modern-daily-7283156,modern-daily-7283156-2014-07-14
20,1,Mountain,,Lands,3,1,UR Delver,Kasimir84,215 tix,$ 943,240573,2014-07-14,Modern Daily #7283156,modern,modern-daily-7283156,modern-daily-7283156-2014-07-14
21,4,Scalding Tarn,,Lands,3,1,UR Delver,Kasimir84,215 tix,$ 943,240573,2014-07-14,Modern Daily #7283156,modern,modern-daily-7283156,modern-daily-7283156-2014-07-14
22,4,Steam Vents,,Lands,3,1,UR Delver,Kasimir84,215 tix,$ 943,240573,2014-07-14,Modern Daily #7283156,modern,modern-daily-7283156,modern-daily-7283156-2014-07-14
23,3,Sulfur Falls,,Lands,3,1,UR Delver,Kasimir84,215 tix,$ 943,240573,2014-07-14,Modern Daily #7283156,modern,modern-daily-7283156,modern-daily-7283156-2014-07-14
24,1,Tectonic Edge,,Lands,3,1,UR Delver,Kasimir84,215 tix,$ 943,240573,2014-07-14,Modern Daily #7283156,modern,modern-daily-7283156,modern-daily-7283156-2014-07-14
26,1,Dispel,,Sideboard,3,1,UR Delver,Kasimir84,215 tix,$ 943,240573,2014-07-14,Modern Daily #7283156,modern,modern-daily-7283156,modern-daily-7283156-2014-07-14
27,1,Pillar of Flame,,Sideboard,3,1,UR Delver,Kasimir84,215 tix,$ 943,240573,2014-07-14,Modern Daily #7283156,modern,modern-daily-7283156,modern-daily-7283156-2014-07-14
28,1,Relic of Progenitus,,Sideboard,3,1,UR Delver,Kasimir84,215 tix,$ 943,240573,2014-07-14,Modern Daily #7283156,modern,modern-daily-7283156,modern-daily-7283156-2014-07-14
29,1,Shattering Spree,,Sideboard,3,1,UR Delver,Kasimir84,215 tix,$ 943,240573,2014-07-14,Modern Daily #7283156,modern,modern-daily-7283156,modern-daily-7283156-2014-07-14
30,1,Steel Sabotage,,Sideboard,3,1,UR Delver,Kasimir84,215 tix,$ 943,240573,2014-07-14,Modern Daily #7283156,modern,modern-daily-7283156,modern-daily-7283156-2014-07-14
31,1,Combust,,Sideboard,3,1,UR Delver,Kasimir84,215 tix,$ 943,240573,2014-07-14,Modern Daily #7283156,modern,modern-daily-7283156,modern-daily-7283156-2014-07-14
32,2,Blood Moon,,Sideboard,3,1,UR Delver,Kasimir84,215 tix,$ 943,240573,2014-07-14,Modern Daily #7283156,modern,modern-daily-7283156,modern-daily-7283156-2014-07-14
33,1,Counterflux,,Sideboard,3,1,UR Delver,Kasimir84,215 tix,$ 943,240573,2014-07-14,Modern Daily #7283156,modern,modern-daily-7283156,modern-daily-7283156-2014-07-14
34,1,Dismember,,Sideboard,3,1,UR Delver,Kasimir84,215 tix,$ 943,240573,2014-07-14,Modern Daily #7283156,modern,modern-daily-7283156,modern-daily-7283156-2014-07-14
35,1,Izzet Staticaster,,Sideboard,3,1,UR Delver,Kasimir84,215 tix,$ 943,240573,2014-07-14,Modern Daily #7283156,modern,modern-daily-7283156,modern-daily-7283156-2014-07-14
36,1,Molten Rain,,Sideboard,3,1,UR Delver,Kasimir84,215 tix,$ 943,240573,2014-07-14,Modern Daily #7283156,modern,modern-daily-7283156,modern-daily-7283156-2014-07-14
37,1,Sword of Light and Shadow,,Sideboard,3,1,UR Delver,Kasimir84,215 tix,$ 943,240573,2014-07-14,Modern Daily #7283156,modern,modern-daily-7283156,modern-daily-7283156-2014-07-14
38,1,Cryptic Command,,Sideboard,3,1,UR Delver,Kasimir84,215 tix,$ 943,240573,2014-07-14,Modern Daily #7283156,modern,modern-daily-7283156,modern-daily-7283156-2014-07-14
39,1,Shatterstorm,,Sideboard,3,1,UR Delver,Kasimir84,215 tix,$ 943,240573,2014-07-14,Modern Daily #7283156,modern,modern-daily-7283156,modern-daily-7283156-2014-07-14
1,4,Delver of Secrets,,Creatures,3,1,UR Delver,Jake_CZE,141 tix,$ 704,240583,2014-07-14,Modern Daily #7283156,modern,modern-daily-7283156,modern-daily-7283156-2014-07-14
2,2,Grim Lavamancer,,Creatures,3,1,UR Delver,Jake_CZE,141 tix,$ 704,240583,2014-07-14,Modern Daily #7283156,modern,modern-daily-7283156,modern-daily-7283156-2014-07-14
3,4,Snapcaster Mage,,Creatures,3,1,UR Delver,Jake_CZE,141 tix,$ 704,240583,2014-07-14,Modern Daily #7283156,modern,modern-daily-7283156,modern-daily-7283156-2014-07-14
4,4,Young Pyromancer,,Creatures,3,1,UR Delver,Jake_CZE,141 tix,$ 704,240583,2014-07-14,Modern Daily #7283156,modern,modern-daily-7283156,modern-daily-7283156-2014-07-14
6,4,Gitaxian Probe,,Spells,3,1,UR Delver,Jake_CZE,141 tix,$ 704,240583,2014-07-14,Modern Daily #7283156,modern,modern-daily-7283156,modern-daily-7283156-2014-07-14
7,4,Lightning Bolt,,Spells,3,1,UR Delver,Jake_CZE,141 tix,$ 704,240583,2014-07-14,Modern Daily #7283156,modern,modern-daily-7283156,modern-daily-7283156-2014-07-14
8,2,Pillar of Flame,,Spells,3,1,UR Delver,Jake_CZE,141 tix,$ 704,240583,2014-07-14,Modern Daily #7283156,modern,modern-daily-7283156,modern-daily-7283156-2014-07-14
9,4,Serum Visions,,Spells,3,1,UR Delver,Jake_CZE,141 tix,$ 704,240583,2014-07-14,Modern Daily #7283156,modern,modern-daily-7283156,modern-daily-7283156-2014-07-14
10,1,Spell Pierce,,Spells,3,1,UR Delver,Jake_CZE,141 tix,$ 704,240583,2014-07-14,Modern Daily #7283156,modern,modern-daily-7283156,modern-daily-7283156-2014-07-14
11,2,Spell Snare,,Spells,3,1,UR Delver,Jake_CZE,141 tix,$ 704,240583,2014-07-14,Modern Daily #7283156,modern,modern-daily-7283156,modern-daily-7283156-2014-07-14
12,2,Vapor Snag,,Spells,3,1,UR Delver,Jake_CZE,141 tix,$ 704,240583,2014-07-14,Modern Daily #7283156,modern,modern-daily-7283156,modern-daily-7283156-2014-07-14
13,3,Mana Leak,,Spells,3,1,UR Delver,Jake_CZE,141 tix,$ 704,240583,2014-07-14,Modern Daily #7283156,modern,modern-daily-7283156,modern-daily-7283156-2014-07-14
14,3,Remand,,Spells,3,1,UR Delver,Jake_CZE,141 tix,$ 704,240583,2014-07-14,Modern Daily #7283156,modern,modern-daily-7283156,modern-daily-7283156-2014-07-14
15,1,Electrolyze,,Spells,3,1,UR Delver,Jake_CZE,141 tix,$ 704,240583,2014-07-14,Modern Daily #7283156,modern,modern-daily-7283156,modern-daily-7283156-2014-07-14
17,1,Sword of War and Peace,,Artifacts,3,1,UR Delver,Jake_CZE,141 tix,$ 704,240583,2014-07-14,Modern Daily #7283156,modern,modern-daily-7283156,modern-daily-7283156-2014-07-14
19,6,Island,,Lands,3,1,UR Delver,Jake_CZE,141 tix,$ 704,240583,2014-07-14,Modern Daily #7283156,modern,modern-daily-7283156,modern-daily-7283156-2014-07-14
20,1,Misty Rainforest,,Lands,3,1,UR Delver,Jake_CZE,141 tix,$ 704,240583,2014-07-14,Modern Daily #7283156,modern,modern-daily-7283156,modern-daily-7283156-2014-07-14
21,2,Mountain,,Lands,3,1,UR Delver,Jake_CZE,141 tix,$ 704,240583,2014-07-14,Modern Daily #7283156,modern,modern-daily-7283156,modern-daily-7283156-2014-07-14
22,2,Scalding Tarn,,Lands,3,1,UR Delver,Jake_CZE,141 tix,$ 704,240583,2014-07-14,Modern Daily #7283156,modern,modern-daily-7283156,modern-daily-7283156-2014-07-14
23,4,Steam Vents,,Lands,3,1,UR Delver,Jake_CZE,141 tix,$ 704,240583,2014-07-14,Modern Daily #7283156,modern,modern-daily-7283156,modern-daily-7283156-2014-07-14
24,4,Sulfur Falls,,Lands,3,1,UR Delver,Jake_CZE,141 tix,$ 704,240583,2014-07-14,Modern Daily #7283156,modern,modern-daily-7283156,modern-daily-7283156-2014-07-14
26,1,Dispel,,Sideboard,3,1,UR Delver,Jake_CZE,141 tix,$ 704,240583,2014-07-14,Modern Daily #7283156,modern,modern-daily-7283156,modern-daily-7283156-2014-07-14
27,2,Relic of Progenitus,,Sideboard,3,1,UR Delver,Jake_CZE,141 tix,$ 704,240583,2014-07-14,Modern Daily #7283156,modern,modern-daily-7283156,modern-daily-7283156-2014-07-14
28,1,Spell Pierce,,Sideboard,3,1,UR Delver,Jake_CZE,141 tix,$ 704,240583,2014-07-14,Modern Daily #7283156,modern,modern-daily-7283156,modern-daily-7283156-2014-07-14
29,2,Vandalblast,,Sideboard,3,1,UR Delver,Jake_CZE,141 tix,$ 704,240583,2014-07-14,Modern Daily #7283156,modern,modern-daily-7283156,modern-daily-7283156-2014-07-14
30,1,Combust,,Sideboard,3,1,UR Delver,Jake_CZE,141 tix,$ 704,240583,2014-07-14,Modern Daily #7283156,modern,modern-daily-7283156,modern-daily-7283156-2014-07-14
31,1,Negate,,Sideboard,3,1,UR Delver,Jake_CZE,141 tix,$ 704,240583,2014-07-14,Modern Daily #7283156,modern,modern-daily-7283156,modern-daily-7283156-2014-07-14
32,2,Counterflux,,Sideboard,3,1,UR Delver,Jake_CZE,141 tix,$ 704,240583,2014-07-14,Modern Daily #7283156,modern,modern-daily-7283156,modern-daily-7283156-2014-07-14
33,2,Izzet Staticaster,,Sideboard,3,1,UR Delver,Jake_CZE,141 tix,$ 704,240583,2014-07-14,Modern Daily #7283156,modern,modern-daily-7283156,modern-daily-7283156-2014-07-14
34,3,Molten Rain,,Sideboard,3,1,UR Delver,Jake_CZE,141 tix,$ 704,240583,2014-07-14,Modern Daily #7283156,modern,modern-daily-7283156,modern-daily-7283156-2014-07-14
1,4,Delver of Secrets,,Creatures,3,1,UR Ninja Delver,temple_tail,225 tix,$ 940,240568,2014-07-14,Modern Daily #7283156,modern,modern-daily-7283156,modern-daily-7283156-2014-07-14
2,4,Snapcaster Mage,,Creatures,3,1,UR Ninja Delver,temple_tail,225 tix,$ 940,240568,2014-07-14,Modern Daily #7283156,modern,modern-daily-7283156,modern-daily-7283156-2014-07-14
3,4,Spellstutter Sprite,,Creatures,3,1,UR Ninja Delver,temple_tail,225 tix,$ 940,240568,2014-07-14,Modern Daily #7283156,modern,modern-daily-7283156,modern-daily-7283156-2014-07-14
4,2,Vendilion Clique,,Creatures,3,1,UR Ninja Delver,temple_tail,225 tix,$ 940,240568,2014-07-14,Modern Daily #7283156,modern,modern-daily-7283156,modern-daily-7283156-2014-07-14
5,3,Ninja of the Deep Hours,,Creatures,3,1,UR Ninja Delver,temple_tail,225 tix,$ 940,240568,2014-07-14,Modern Daily #7283156,modern,modern-daily-7283156,modern-daily-7283156-2014-07-14
7,2,Gitaxian Probe,,Spells,3,1,UR Ninja Delver,temple_tail,225 tix,$ 940,240568,2014-07-14,Modern Daily #7283156,modern,modern-daily-7283156,modern-daily-7283156-2014-07-14
8,4,Lightning Bolt,,Spells,3,1,UR Ninja Delver,temple_tail,225 tix,$ 940,240568,2014-07-14,Modern Daily #7283156,modern,modern-daily-7283156,modern-daily-7283156-2014-07-14
9,4,Serum Visions,,Spells,3,1,UR Ninja Delver,temple_tail,225 tix,$ 940,240568,2014-07-14,Modern Daily #7283156,modern,modern-daily-7283156,modern-daily-7283156-2014-07-14
10,1,Spell Pierce,,Spells,3,1,UR Ninja Delver,temple_tail,225 tix,$ 940,240568,2014-07-14,Modern Daily #7283156,modern,modern-daily-7283156,modern-daily-7283156-2014-07-14
11,2,Spell Snare,,Spells,3,1,UR Ninja Delver,temple_tail,225 tix,$ 940,240568,2014-07-14,Modern Daily #7283156,modern,modern-daily-7283156,modern-daily-7283156-2014-07-14
12,1,Vapor Snag,,Spells,3,1,UR Ninja Delver,temple_tail,225 tix,$ 940,240568,2014-07-14,Modern Daily #7283156,modern,modern-daily-7283156,modern-daily-7283156-2014-07-14
13,4,Remand,,Spells,3,1,UR Ninja Delver,temple_tail,225 tix,$ 940,240568,2014-07-14,Modern Daily #7283156,modern,modern-daily-7283156,modern-daily-7283156-2014-07-14
14,1,Electrolyze,,Spells,3,1,UR Ninja Delver,temple_tail,225 tix,$ 940,240568,2014-07-14,Modern Daily #7283156,modern,modern-daily-7283156,modern-daily-7283156-2014-07-14
15,1,Cryptic Command,,Spells,3,1,UR Ninja Delver,temple_tail,225 tix,$ 940,240568,2014-07-14,Modern Daily #7283156,modern,modern-daily-7283156,modern-daily-7283156-2014-07-14
17,1,Bonesplitter,,Artifacts,3,1,UR Ninja Delver,temple_tail,225 tix,$ 940,240568,2014-07-14,Modern Daily #7283156,modern,modern-daily-7283156,modern-daily-7283156-2014-07-14
19,7,Island,,Lands,3,1,UR Ninja Delver,temple_tail,225 tix,$ 940,240568,2014-07-14,Modern Daily #7283156,modern,modern-daily-7283156,modern-daily-7283156-2014-07-14
20,1,Mountain,,Lands,3,1,UR Ninja Delver,temple_tail,225 tix,$ 940,240568,2014-07-14,Modern Daily #7283156,modern,modern-daily-7283156,modern-daily-7283156-2014-07-14
21,4,Mutavault,,Lands,3,1,UR Ninja Delver,temple_tail,225 tix,$ 940,240568,2014-07-14,Modern Daily #7283156,modern,modern-daily-7283156,modern-daily-7283156-2014-07-14
22,4,Scalding Tarn,,Lands,3,1,UR Ninja Delver,temple_tail,225 tix,$ 940,240568,2014-07-14,Modern Daily #7283156,modern,modern-daily-7283156,modern-daily-7283156-2014-07-14
23,4,Steam Vents,,Lands,3,1,UR Ninja Delver,temple_tail,225 tix,$ 940,240568,2014-07-14,Modern Daily #7283156,modern,modern-daily-7283156,modern-daily-7283156-2014-07-14
24,2,Sulfur Falls,,Lands,3,1,UR Ninja Delver,temple_tail,225 tix,$ 940,240568,2014-07-14,Modern Daily #7283156,modern,modern-daily-7283156,modern-daily-7283156-2014-07-14
26,2,Pillar of Flame,,Sideboard,3,1,UR Ninja Delver,temple_tail,225 tix,$ 940,240568,2014-07-14,Modern Daily #7283156,modern,modern-daily-7283156,modern-daily-7283156-2014-07-14
27,2,Relic of Progenitus,,Sideboard,3,1,UR Ninja Delver,temple_tail,225 tix,$ 940,240568,2014-07-14,Modern Daily #7283156,modern,modern-daily-7283156,modern-daily-7283156-2014-07-14
28,2,Steel Sabotage,,Sideboard,3,1,UR Ninja Delver,temple_tail,225 tix,$ 940,240568,2014-07-14,Modern Daily #7283156,modern,modern-daily-7283156,modern-daily-7283156-2014-07-14
29,1,Triton Tactics,,Sideboard,3,1,UR Ninja Delver,temple_tail,225 tix,$ 940,240568,2014-07-14,Modern Daily #7283156,modern,modern-daily-7283156,modern-daily-7283156-2014-07-14
30,2,Disrupting Shoal,,Sideboard,3,1,UR Ninja Delver,temple_tail,225 tix,$ 940,240568,2014-07-14,Modern Daily #7283156,modern,modern-daily-7283156,modern-daily-7283156-2014-07-14
31,1,Electrolyze,,Sideboard,3,1,UR Ninja Delver,temple_tail,225 tix,$ 940,240568,2014-07-14,Modern Daily #7283156,modern,modern-daily-7283156,modern-daily-7283156-2014-07-14
32,2,Molten Rain,,Sideboard,3,1,UR Ninja Delver,temple_tail,225 tix,$ 940,240568,2014-07-14,Modern Daily #7283156,modern,modern-daily-7283156,modern-daily-7283156-2014-07-14
33,1,Shatterstorm,,Sideboard,3,1,UR Ninja Delver,temple_tail,225 tix,$ 940,240568,2014-07-14,Modern Daily #7283156,modern,modern-daily-7283156,modern-daily-7283156-2014-07-14
34,2,Sowing Salt,,Sideboard,3,1,UR Ninja Delver,temple_tail,225 tix,$ 940,240568,2014-07-14,Modern Daily #7283156,modern,modern-daily-7283156,modern-daily-7283156-2014-07-14
1,4,Goblin Electromancer,,Creatures,3,1,UR Storm,umbrageous,154 tix,$ 603,240574,2014-07-14,Modern Daily #7283156,modern,modern-daily-7283156,modern-daily-7283156-2014-07-14
3,3,Faithless Looting,,Spells,3,1,UR Storm,umbrageous,154 tix,$ 603,240574,2014-07-14,Modern Daily #7283156,modern,modern-daily-7283156,modern-daily-7283156-2014-07-14
4,4,Gitaxian Probe,,Spells,3,1,UR Storm,umbrageous,154 tix,$ 603,240574,2014-07-14,Modern Daily #7283156,modern,modern-daily-7283156,modern-daily-7283156-2014-07-14
5,4,Serum Visions,,Spells,3,1,UR Storm,umbrageous,154 tix,$ 603,240574,2014-07-14,Modern Daily #7283156,modern,modern-daily-7283156,modern-daily-7283156-2014-07-14
6,4,Sleight of Hand,,Spells,3,1,UR Storm,umbrageous,154 tix,$ 603,240574,2014-07-14,Modern Daily #7283156,modern,modern-daily-7283156,modern-daily-7283156-2014-07-14
7,3,Desperate Ravings,,Spells,3,1,UR Storm,umbrageous,154 tix,$ 603,240574,2014-07-14,Modern Daily #7283156,modern,modern-daily-7283156,modern-daily-7283156-2014-07-14
8,4,Desperate Ritual,,Spells,3,1,UR Storm,umbrageous,154 tix,$ 603,240574,2014-07-14,Modern Daily #7283156,modern,modern-daily-7283156,modern-daily-7283156-2014-07-14
9,3,Grapeshot,,Spells,3,1,UR Storm,umbrageous,154 tix,$ 603,240574,2014-07-14,Modern Daily #7283156,modern,modern-daily-7283156,modern-daily-7283156-2014-07-14
10,4,Manamorphose,,Spells,3,1,UR Storm,umbrageous,154 tix,$ 603,240574,2014-07-14,Modern Daily #7283156,modern,modern-daily-7283156,modern-daily-7283156-2014-07-14
11,4,Pyretic Ritual,,Spells,3,1,UR Storm,umbrageous,154 tix,$ 603,240574,2014-07-14,Modern Daily #7283156,modern,modern-daily-7283156,modern-daily-7283156-2014-07-14
12,3,Past in Flames,,Spells,3,1,UR Storm,umbrageous,154 tix,$ 603,240574,2014-07-14,Modern Daily #7283156,modern,modern-daily-7283156,modern-daily-7283156-2014-07-14
14,4,Pyromancer Ascension,,Enchantments,3,1,UR Storm,umbrageous,154 tix,$ 603,240574,2014-07-14,Modern Daily #7283156,modern,modern-daily-7283156,modern-daily-7283156-2014-07-14
16,3,Island,,Lands,3,1,UR Storm,umbrageous,154 tix,$ 603,240574,2014-07-14,Modern Daily #7283156,modern,modern-daily-7283156,modern-daily-7283156-2014-07-14
17,2,Misty Rainforest,,Lands,3,1,UR Storm,umbrageous,154 tix,$ 603,240574,2014-07-14,Modern Daily #7283156,modern,modern-daily-7283156,modern-daily-7283156-2014-07-14
18,1,Mountain,,Lands,3,1,UR Storm,umbrageous,154 tix,$ 603,240574,2014-07-14,Modern Daily #7283156,modern,modern-daily-7283156,modern-daily-7283156-2014-07-14
19,4,Scalding Tarn,,Lands,3,1,UR Storm,umbrageous,154 tix,$ 603,240574,2014-07-14,Modern Daily #7283156,modern,modern-daily-7283156,modern-daily-7283156-2014-07-14
20,3,Steam Vents,,Lands,3,1,UR Storm,umbrageous,154 tix,$ 603,240574,2014-07-14,Modern Daily #7283156,modern,modern-daily-7283156,modern-daily-7283156-2014-07-14
21,3,Sulfur Falls,,Lands,3,1,UR Storm,umbrageous,154 tix,$ 603,240574,2014-07-14,Modern Daily #7283156,modern,modern-daily-7283156,modern-daily-7283156-2014-07-14
23,4,Flame Slash,,Sideboard,3,1,UR Storm,umbrageous,154 tix,$ 603,240574,2014-07-14,Modern Daily #7283156,modern,modern-daily-7283156,modern-daily-7283156-2014-07-14
24,2,Lightning Bolt,,Sideboard,3,1,UR Storm,umbrageous,154 tix,$ 603,240574,2014-07-14,Modern Daily #7283156,modern,modern-daily-7283156,modern-daily-7283156-2014-07-14
25,2,Spell Pierce,,Sideboard,3,1,UR Storm,umbrageous,154 tix,$ 603,240574,2014-07-14,Modern Daily #7283156,modern,modern-daily-7283156,modern-daily-7283156-2014-07-14
26,2,Vandalblast,,Sideboard,3,1,UR Storm,umbrageous,154 tix,$ 603,240574,2014-07-14,Modern Daily #7283156,modern,modern-daily-7283156,modern-daily-7283156-2014-07-14
27,1,Echoing Truth,,Sideboard,3,1,UR Storm,umbrageous,154 tix,$ 603,240574,2014-07-14,Modern Daily #7283156,modern,modern-daily-7283156,modern-daily-7283156-2014-07-14
28,1,Anger of the Gods,,Sideboard,3,1,UR Storm,umbrageous,154 tix,$ 603,240574,2014-07-14,Modern Daily #7283156,modern,modern-daily-7283156,modern-daily-7283156-2014-07-14
29,2,Empty the Warrens,,Sideboard,3,1,UR Storm,umbrageous,154 tix,$ 603,240574,2014-07-14,Modern Daily #7283156,modern,modern-daily-7283156,modern-daily-7283156-2014-07-14
30,1,Sowing Salt,,Sideboard,3,1,UR Storm,umbrageous,154 tix,$ 603,240574,2014-07-14,Modern Daily #7283156,modern,modern-daily-7283156,modern-daily-7283156-2014-07-14
1,3,Snapcaster Mage,,Creatures,3,1,UWR Control,Shniper,230 tix,$ 913,240581,2014-07-14,Modern Daily #7283156,modern,modern-daily-7283156,modern-daily-7283156-2014-07-14
2,3,Geist of Saint Traft,,Creatures,3,1,UWR Control,Shniper,230 tix,$ 913,240581,2014-07-14,Modern Daily #7283156,modern,modern-daily-7283156,modern-daily-7283156-2014-07-14
3,2,Mirran Crusader,,Creatures,3,1,UWR Control,Shniper,230 tix,$ 913,240581,2014-07-14,Modern Daily #7283156,modern,modern-daily-7283156,modern-daily-7283156-2014-07-14
4,4,Restoration Angel,,Creatures,3,1,UWR Control,Shniper,230 tix,$ 913,240581,2014-07-14,Modern Daily #7283156,modern,modern-daily-7283156,modern-daily-7283156-2014-07-14
6,4,Lightning Bolt,,Spells,3,1,UWR Control,Shniper,230 tix,$ 913,240581,2014-07-14,Modern Daily #7283156,modern,modern-daily-7283156,modern-daily-7283156-2014-07-14
7,4,Path to Exile,,Spells,3,1,UWR Control,Shniper,230 tix,$ 913,240581,2014-07-14,Modern Daily #7283156,modern,modern-daily-7283156,modern-daily-7283156-2014-07-14
8,1,Repeal,,Spells,3,1,UWR Control,Shniper,230 tix,$ 913,240581,2014-07-14,Modern Daily #7283156,modern,modern-daily-7283156,modern-daily-7283156-2014-07-14
9,2,Spell Snare,,Spells,3,1,UWR Control,Shniper,230 tix,$ 913,240581,2014-07-14,Modern Daily #7283156,modern,modern-daily-7283156,modern-daily-7283156-2014-07-14
10,3,Lightning Helix,,Spells,3,1,UWR Control,Shniper,230 tix,$ 913,240581,2014-07-14,Modern Daily #7283156,modern,modern-daily-7283156,modern-daily-7283156-2014-07-14
11,4,Mana Leak,,Spells,3,1,UWR Control,Shniper,230 tix,$ 913,240581,2014-07-14,Modern Daily #7283156,modern,modern-daily-7283156,modern-daily-7283156-2014-07-14
12,2,Shadow of Doubt,,Spells,3,1,UWR Control,Shniper,230 tix,$ 913,240581,2014-07-14,Modern Daily #7283156,modern,modern-daily-7283156,modern-daily-7283156-2014-07-14
13,1,Think Twice,,Spells,3,1,UWR Control,Shniper,230 tix,$ 913,240581,2014-07-14,Modern Daily #7283156,modern,modern-daily-7283156,modern-daily-7283156-2014-07-14
14,2,Electrolyze,,Spells,3,1,UWR Control,Shniper,230 tix,$ 913,240581,2014-07-14,Modern Daily #7283156,modern,modern-daily-7283156,modern-daily-7283156-2014-07-14
15,1,Cryptic Command,,Spells,3,1,UWR Control,Shniper,230 tix,$ 913,240581,2014-07-14,Modern Daily #7283156,modern,modern-daily-7283156,modern-daily-7283156-2014-07-14
17,2,Arid Mesa,,Lands,3,1,UWR Control,Shniper,230 tix,$ 913,240581,2014-07-14,Modern Daily #7283156,modern,modern-daily-7283156,modern-daily-7283156-2014-07-14
18,1,Cascade Bluffs,,Lands,3,1,UWR Control,Shniper,230 tix,$ 913,240581,2014-07-14,Modern Daily #7283156,modern,modern-daily-7283156,modern-daily-7283156-2014-07-14
19,3,Celestial Colonnade,,Lands,3,1,UWR Control,Shniper,230 tix,$ 913,240581,2014-07-14,Modern Daily #7283156,modern,modern-daily-7283156,modern-daily-7283156-2014-07-14
20,1,Glacial Fortress,,Lands,3,1,UWR Control,Shniper,230 tix,$ 913,240581,2014-07-14,Modern Daily #7283156,modern,modern-daily-7283156,modern-daily-7283156-2014-07-14
21,2,Hallowed Fountain,,Lands,3,1,UWR Control,Shniper,230 tix,$ 913,240581,2014-07-14,Modern Daily #7283156,modern,modern-daily-7283156,modern-daily-7283156-2014-07-14
22,3,Island,,Lands,3,1,UWR Control,Shniper,230 tix,$ 913,240581,2014-07-14,Modern Daily #7283156,modern,modern-daily-7283156,modern-daily-7283156-2014-07-14
23,2,Mountain,,Lands,3,1,UWR Control,Shniper,230 tix,$ 913,240581,2014-07-14,Modern Daily #7283156,modern,modern-daily-7283156,modern-daily-7283156-2014-07-14
24,1,Plains,,Lands,3,1,UWR Control,Shniper,230 tix,$ 913,240581,2014-07-14,Modern Daily #7283156,modern,modern-daily-7283156,modern-daily-7283156-2014-07-14
25,1,Sacred Foundry,,Lands,3,1,UWR Control,Shniper,230 tix,$ 913,240581,2014-07-14,Modern Daily #7283156,modern,modern-daily-7283156,modern-daily-7283156-2014-07-14
26,2,Scalding Tarn,,Lands,3,1,UWR Control,Shniper,230 tix,$ 913,240581,2014-07-14,Modern Daily #7283156,modern,modern-daily-7283156,modern-daily-7283156-2014-07-14
27,2,Steam Vents,,Lands,3,1,UWR Control,Shniper,230 tix,$ 913,240581,2014-07-14,Modern Daily #7283156,modern,modern-daily-7283156,modern-daily-7283156-2014-07-14
28,2,Sulfur Falls,,Lands,3,1,UWR Control,Shniper,230 tix,$ 913,240581,2014-07-14,Modern Daily #7283156,modern,modern-daily-7283156,modern-daily-7283156-2014-07-14
29,2,Tectonic Edge,,Lands,3,1,UWR Control,Shniper,230 tix,$ 913,240581,2014-07-14,Modern Daily #7283156,modern,modern-daily-7283156,modern-daily-7283156-2014-07-14
31,1,Wear & Tear,,Sideboard,3,1,UWR Control,Shniper,230 tix,$ 913,240581,2014-07-14,Modern Daily #7283156,modern,modern-daily-7283156,modern-daily-7283156-2014-07-14
32,1,Relic of Progenitus,,Sideboard,3,1,UWR Control,Shniper,230 tix,$ 913,240581,2014-07-14,Modern Daily #7283156,modern,modern-daily-7283156,modern-daily-7283156-2014-07-14
33,1,Rest in Peace,,Sideboard,3,1,UWR Control,Shniper,230 tix,$ 913,240581,2014-07-14,Modern Daily #7283156,modern,modern-daily-7283156,modern-daily-7283156-2014-07-14
34,2,Stony Silence,,Sideboard,3,1,UWR Control,Shniper,230 tix,$ 913,240581,2014-07-14,Modern Daily #7283156,modern,modern-daily-7283156,modern-daily-7283156-2014-07-14
35,2,Anger of the Gods,,Sideboard,3,1,UWR Control,Shniper,230 tix,$ 913,240581,2014-07-14,Modern Daily #7283156,modern,modern-daily-7283156,modern-daily-7283156-2014-07-14
36,1,Flames of the Firebrand,,Sideboard,3,1,UWR Control,Shniper,230 tix,$ 913,240581,2014-07-14,Modern Daily #7283156,modern,modern-daily-7283156,modern-daily-7283156-2014-07-14
37,2,Sowing Salt,,Sideboard,3,1,UWR Control,Shniper,230 tix,$ 913,240581,2014-07-14,Modern Daily #7283156,modern,modern-daily-7283156,modern-daily-7283156-2014-07-14
38,1,Supreme Verdict,,Sideboard,3,1,UWR Control,Shniper,230 tix,$ 913,240581,2014-07-14,Modern Daily #7283156,modern,modern-daily-7283156,modern-daily-7283156-2014-07-14
39,1,"Jace, Memory Adept",,Sideboard,3,1,UWR Control,Shniper,230 tix,$ 913,240581,2014-07-14,Modern Daily #7283156,modern,modern-daily-7283156,modern-daily-7283156-2014-07-14
40,2,"Kiki-Jiki, Mirror Breaker",,Sideboard,3,1,UWR Control,Shniper,230 tix,$ 913,240581,2014-07-14,Modern Daily #7283156,modern,modern-daily-7283156,modern-daily-7283156-2014-07-14
1,4,Snapcaster Mage,,Creatures,3,1,UWR Delver,Androod,319 tix,"$ 1,286",240561,2014-07-14,Modern Daily #7283156,modern,modern-daily-7283156,modern-daily-7283156-2014-07-14
2,4,Spellstutter Sprite,,Creatures,3,1,UWR Delver,Androod,319 tix,"$ 1,286",240561,2014-07-14,Modern Daily #7283156,modern,modern-daily-7283156,modern-daily-7283156-2014-07-14
3,2,Aven Mindcensor,,Creatures,3,1,UWR Delver,Androod,319 tix,"$ 1,286",240561,2014-07-14,Modern Daily #7283156,modern,modern-daily-7283156,modern-daily-7283156-2014-07-14
4,2,Vendilion Clique,,Creatures,3,1,UWR Delver,Androod,319 tix,"$ 1,286",240561,2014-07-14,Modern Daily #7283156,modern,modern-daily-7283156,modern-daily-7283156-2014-07-14
5,1,Restoration Angel,,Creatures,3,1,UWR Delver,Androod,319 tix,"$ 1,286",240561,2014-07-14,Modern Daily #7283156,modern,modern-daily-7283156,modern-daily-7283156-2014-07-14
6,1,"Keranos, God of Storms",,Creatures,3,1,UWR Delver,Androod,319 tix,"$ 1,286",240561,2014-07-14,Modern Daily #7283156,modern,modern-daily-7283156,modern-daily-7283156-2014-07-14
8,1,Burst Lightning,,Spells,3,1,UWR Delver,Androod,319 tix,"$ 1,286",240561,2014-07-14,Modern Daily #7283156,modern,modern-daily-7283156,modern-daily-7283156-2014-07-14
9,4,Lightning Bolt,,Spells,3,1,UWR Delver,Androod,319 tix,"$ 1,286",240561,2014-07-14,Modern Daily #7283156,modern,modern-daily-7283156,modern-daily-7283156-2014-07-14
10,2,Path to Exile,,Spells,3,1,UWR Delver,Androod,319 tix,"$ 1,286",240561,2014-07-14,Modern Daily #7283156,modern,modern-daily-7283156,modern-daily-7283156-2014-07-14
11,4,Spell Snare,,Spells,3,1,UWR Delver,Androod,319 tix,"$ 1,286",240561,2014-07-14,Modern Daily #7283156,modern,modern-daily-7283156,modern-daily-7283156-2014-07-14
12,4,Lightning Helix,,Spells,3,1,UWR Delver,Androod,319 tix,"$ 1,286",240561,2014-07-14,Modern Daily #7283156,modern,modern-daily-7283156,modern-daily-7283156-2014-07-14
13,1,Counterflux,,Spells,3,1,UWR Delver,Androod,319 tix,"$ 1,286",240561,2014-07-14,Modern Daily #7283156,modern,modern-daily-7283156,modern-daily-7283156-2014-07-14
14,1,Electrolyze,,Spells,3,1,UWR Delver,Androod,319 tix,"$ 1,286",240561,2014-07-14,Modern Daily #7283156,modern,modern-daily-7283156,modern-daily-7283156-2014-07-14
15,3,Cryptic Command,,Spells,3,1,UWR Delver,Androod,319 tix,"$ 1,286",240561,2014-07-14,Modern Daily #7283156,modern,modern-daily-7283156,modern-daily-7283156-2014-07-14
17,1,Batterskull,,Artifacts,3,1,UWR Delver,Androod,319 tix,"$ 1,286",240561,2014-07-14,Modern Daily #7283156,modern,modern-daily-7283156,modern-daily-7283156-2014-07-14
19,2,Arid Mesa,,Lands,3,1,UWR Delver,Androod,319 tix,"$ 1,286",240561,2014-07-14,Modern Daily #7283156,modern,modern-daily-7283156,modern-daily-7283156-2014-07-14
20,2,Celestial Colonnade,,Lands,3,1,UWR Delver,Androod,319 tix,"$ 1,286",240561,2014-07-14,Modern Daily #7283156,modern,modern-daily-7283156,modern-daily-7283156-2014-07-14
21,1,Faerie Conclave,,Lands,3,1,UWR Delver,Androod,319 tix,"$ 1,286",240561,2014-07-14,Modern Daily #7283156,modern,modern-daily-7283156,modern-daily-7283156-2014-07-14
22,2,Hallowed Fountain,,Lands,3,1,UWR Delver,Androod,319 tix,"$ 1,286",240561,2014-07-14,Modern Daily #7283156,modern,modern-daily-7283156,modern-daily-7283156-2014-07-14
23,2,Island,,Lands,3,1,UWR Delver,Androod,319 tix,"$ 1,286",240561,2014-07-14,Modern Daily #7283156,modern,modern-daily-7283156,modern-daily-7283156-2014-07-14
24,2,Misty Rainforest,,Lands,3,1,UWR Delver,Androod,319 tix,"$ 1,286",240561,2014-07-14,Modern Daily #7283156,modern,modern-daily-7283156,modern-daily-7283156-2014-07-14
25,1,Mountain,,Lands,3,1,UWR Delver,Androod,319 tix,"$ 1,286",240561,2014-07-14,Modern Daily #7283156,modern,modern-daily-7283156,modern-daily-7283156-2014-07-14
26,3,Mutavault,,Lands,3,1,UWR Delver,Androod,319 tix,"$ 1,286",240561,2014-07-14,Modern Daily #7283156,modern,modern-daily-7283156,modern-daily-7283156-2014-07-14
27,1,Plains,,Lands,3,1,UWR Delver,Androod,319 tix,"$ 1,286",240561,2014-07-14,Modern Daily #7283156,modern,modern-daily-7283156,modern-daily-7283156-2014-07-14
28,1,Sacred Foundry,,Lands,3,1,UWR Delver,Androod,319 tix,"$ 1,286",240561,2014-07-14,Modern Daily #7283156,modern,modern-daily-7283156,modern-daily-7283156-2014-07-14
29,4,Scalding Tarn,,Lands,3,1,UWR Delver,Androod,319 tix,"$ 1,286",240561,2014-07-14,Modern Daily #7283156,modern,modern-daily-7283156,modern-daily-7283156-2014-07-14
30,3,Steam Vents,,Lands,3,1,UWR Delver,Androod,319 tix,"$ 1,286",240561,2014-07-14,Modern Daily #7283156,modern,modern-daily-7283156,modern-daily-7283156-2014-07-14
31,1,Temple of Enlightenment,,Lands,3,1,UWR Delver,Androod,319 tix,"$ 1,286",240561,2014-07-14,Modern Daily #7283156,modern,modern-daily-7283156,modern-daily-7283156-2014-07-14
33,2,Wear & Tear,,Sideboard,3,1,UWR Delver,Androod,319 tix,"$ 1,286",240561,2014-07-14,Modern Daily #7283156,modern,modern-daily-7283156,modern-daily-7283156-2014-07-14
34,2,Magma Spray,,Sideboard,3,1,UWR Delver,Androod,319 tix,"$ 1,286",240561,2014-07-14,Modern Daily #7283156,modern,modern-daily-7283156,modern-daily-7283156-2014-07-14
35,2,Path to Exile,,Sideboard,3,1,UWR Delver,Androod,319 tix,"$ 1,286",240561,2014-07-14,Modern Daily #7283156,modern,modern-daily-7283156,modern-daily-7283156-2014-07-14
36,2,Negate,,Sideboard,3,1,UWR Delver,Androod,319 tix,"$ 1,286",240561,2014-07-14,Modern Daily #7283156,modern,modern-daily-7283156,modern-daily-7283156-2014-07-14
37,1,Ratchet Bomb,,Sideboard,3,1,UWR Delver,Androod,319 tix,"$ 1,286",240561,2014-07-14,Modern Daily #7283156,modern,modern-daily-7283156,modern-daily-7283156-2014-07-14
38,2,Spellskite,,Sideboard,3,1,UWR Delver,Androod,319 tix,"$ 1,286",240561,2014-07-14,Modern Daily #7283156,modern,modern-daily-7283156,modern-daily-7283156-2014-07-14
39,2,Stony Silence,,Sideboard,3,1,UWR Delver,Androod,319 tix,"$ 1,286",240561,2014-07-14,Modern Daily #7283156,modern,modern-daily-7283156,modern-daily-7283156-2014-07-14
40,2,Stone Rain,,Sideboard,3,1,UWR Delver,Androod,319 tix,"$ 1,286",240561,2014-07-14,Modern Daily #7283156,modern,modern-daily-7283156,modern-daily-7283156-2014-07-14
1,4,Snapcaster Mage,,Creatures,3,1,WUR,BobCat,380 tix,"$ 1,401",240572,2014-07-14,Modern Daily #7283156,modern,modern-daily-7283156,modern-daily-7283156-2014-07-14
2,4,Geist of Saint Traft,,Creatures,3,1,WUR,BobCat,380 tix,"$ 1,401",240572,2014-07-14,Modern Daily #7283156,modern,modern-daily-7283156,modern-daily-7283156-2014-07-14
3,2,Vendilion Clique,,Creatures,3,1,WUR,BobCat,380 tix,"$ 1,401",240572,2014-07-14,Modern Daily #7283156,modern,modern-daily-7283156,modern-daily-7283156-2014-07-14
4,2,Restoration Angel,,Creatures,3,1,WUR,BobCat,380 tix,"$ 1,401",240572,2014-07-14,Modern Daily #7283156,modern,modern-daily-7283156,modern-daily-7283156-2014-07-14
5,1,"Keranos, God of Storms",,Creatures,3,1,WUR,BobCat,380 tix,"$ 1,401",240572,2014-07-14,Modern Daily #7283156,modern,modern-daily-7283156,modern-daily-7283156-2014-07-14
7,4,Lightning Bolt,,Spells,3,1,WUR,BobCat,380 tix,"$ 1,401",240572,2014-07-14,Modern Daily #7283156,modern,modern-daily-7283156,modern-daily-7283156-2014-07-14
8,4,Path to Exile,,Spells,3,1,WUR,BobCat,380 tix,"$ 1,401",240572,2014-07-14,Modern Daily #7283156,modern,modern-daily-7283156,modern-daily-7283156-2014-07-14
9,4,Lightning Helix,,Spells,3,1,WUR,BobCat,380 tix,"$ 1,401",240572,2014-07-14,Modern Daily #7283156,modern,modern-daily-7283156,modern-daily-7283156-2014-07-14
10,2,Mana Leak,,Spells,3,1,WUR,BobCat,380 tix,"$ 1,401",240572,2014-07-14,Modern Daily #7283156,modern,modern-daily-7283156,modern-daily-7283156-2014-07-14
11,4,Remand,,Spells,3,1,WUR,BobCat,380 tix,"$ 1,401",240572,2014-07-14,Modern Daily #7283156,modern,modern-daily-7283156,modern-daily-7283156-2014-07-14
12,2,Electrolyze,,Spells,3,1,WUR,BobCat,380 tix,"$ 1,401",240572,2014-07-14,Modern Daily #7283156,modern,modern-daily-7283156,modern-daily-7283156-2014-07-14
13,2,Cryptic Command,,Spells,3,1,WUR,BobCat,380 tix,"$ 1,401",240572,2014-07-14,Modern Daily #7283156,modern,modern-daily-7283156,modern-daily-7283156-2014-07-14
15,3,Arid Mesa,,Lands,3,1,WUR,BobCat,380 tix,"$ 1,401",240572,2014-07-14,Modern Daily #7283156,modern,modern-daily-7283156,modern-daily-7283156-2014-07-14
16,4,Celestial Colonnade,,Lands,3,1,WUR,BobCat,380 tix,"$ 1,401",240572,2014-07-14,Modern Daily #7283156,modern,modern-daily-7283156,modern-daily-7283156-2014-07-14
17,1,Eiganjo Castle,,Lands,3,1,WUR,BobCat,380 tix,"$ 1,401",240572,2014-07-14,Modern Daily #7283156,modern,modern-daily-7283156,modern-daily-7283156-2014-07-14
18,2,Ghost Quarter,,Lands,3,1,WUR,BobCat,380 tix,"$ 1,401",240572,2014-07-14,Modern Daily #7283156,modern,modern-daily-7283156,modern-daily-7283156-2014-07-14
19,2,Hallowed Fountain,,Lands,3,1,WUR,BobCat,380 tix,"$ 1,401",240572,2014-07-14,Modern Daily #7283156,modern,modern-daily-7283156,modern-daily-7283156-2014-07-14
20,2,Island,,Lands,3,1,WUR,BobCat,380 tix,"$ 1,401",240572,2014-07-14,Modern Daily #7283156,modern,modern-daily-7283156,modern-daily-7283156-2014-07-14
21,1,Mountain,,Lands,3,1,WUR,BobCat,380 tix,"$ 1,401",240572,2014-07-14,Modern Daily #7283156,modern,modern-daily-7283156,modern-daily-7283156-2014-07-14
22,1,Plains,,Lands,3,1,WUR,BobCat,380 tix,"$ 1,401",240572,2014-07-14,Modern Daily #7283156,modern,modern-daily-7283156,modern-daily-7283156-2014-07-14
23,1,Sacred Foundry,,Lands,3,1,WUR,BobCat,380 tix,"$ 1,401",240572,2014-07-14,Modern Daily #7283156,modern,modern-daily-7283156,modern-daily-7283156-2014-07-14
24,4,Scalding Tarn,,Lands,3,1,WUR,BobCat,380 tix,"$ 1,401",240572,2014-07-14,Modern Daily #7283156,modern,modern-daily-7283156,modern-daily-7283156-2014-07-14
25,2,Steam Vents,,Lands,3,1,WUR,BobCat,380 tix,"$ 1,401",240572,2014-07-14,Modern Daily #7283156,modern,modern-daily-7283156,modern-daily-7283156-2014-07-14
26,1,Sulfur Falls,,Lands,3,1,WUR,BobCat,380 tix,"$ 1,401",240572,2014-07-14,Modern Daily #7283156,modern,modern-daily-7283156,modern-daily-7283156-2014-07-14
27,1,Tectonic Edge,,Lands,3,1,WUR,BobCat,380 tix,"$ 1,401",240572,2014-07-14,Modern Daily #7283156,modern,modern-daily-7283156,modern-daily-7283156-2014-07-14
29,1,Engineered Explosives,,Sideboard,3,1,WUR,BobCat,380 tix,"$ 1,401",240572,2014-07-14,Modern Daily #7283156,modern,modern-daily-7283156,modern-daily-7283156-2014-07-14
30,1,Wear & Tear,,Sideboard,3,1,WUR,BobCat,380 tix,"$ 1,401",240572,2014-07-14,Modern Daily #7283156,modern,modern-daily-7283156,modern-daily-7283156-2014-07-14
31,2,Pillar of Flame,,Sideboard,3,1,WUR,BobCat,380 tix,"$ 1,401",240572,2014-07-14,Modern Daily #7283156,modern,modern-daily-7283156,modern-daily-7283156-2014-07-14
32,1,Meddling Mage,,Sideboard,3,1,WUR,BobCat,380 tix,"$ 1,401",240572,2014-07-14,Modern Daily #7283156,modern,modern-daily-7283156,modern-daily-7283156-2014-07-14
33,1,Stony Silence,,Sideboard,3,1,WUR,BobCat,380 tix,"$ 1,401",240572,2014-07-14,Modern Daily #7283156,modern,modern-daily-7283156,modern-daily-7283156-2014-07-14
34,1,Anger of the Gods,,Sideboard,3,1,WUR,BobCat,380 tix,"$ 1,401",240572,2014-07-14,Modern Daily #7283156,modern,modern-daily-7283156,modern-daily-7283156-2014-07-14
35,2,Aven Mindcensor,,Sideboard,3,1,WUR,BobCat,380 tix,"$ 1,401",240572,2014-07-14,Modern Daily #7283156,modern,modern-daily-7283156,modern-daily-7283156-2014-07-14
36,2,Counterflux,,Sideboard,3,1,WUR,BobCat,380 tix,"$ 1,401",240572,2014-07-14,Modern Daily #7283156,modern,modern-daily-7283156,modern-daily-7283156-2014-07-14
37,1,Izzet Staticaster,,Sideboard,3,1,WUR,BobCat,380 tix,"$ 1,401",240572,2014-07-14,Modern Daily #7283156,modern,modern-daily-7283156,modern-daily-7283156-2014-07-14
38,1,Timely Reinforcements,,Sideboard,3,1,WUR,BobCat,380 tix,"$ 1,401",240572,2014-07-14,Modern Daily #7283156,modern,modern-daily-7283156,modern-daily-7283156-2014-07-14
39,1,Sowing Salt,,Sideboard,3,1,WUR,BobCat,380 tix,"$ 1,401",240572,2014-07-14,Modern Daily #7283156,modern,modern-daily-7283156,modern-daily-7283156-2014-07-14
40,1,Batterskull,,Sideboard,3,1,WUR,BobCat,380 tix,"$ 1,401",240572,2014-07-14,Modern Daily #7283156,modern,modern-daily-7283156,modern-daily-7283156-2014-07-14
1,4,Delver of Secrets,,Creatures,6,0,American Delver,Charlesjacenorman,273 tix,"$ 1,146",240377,2014-07-13,Modern Premier #7283106,modern,modern-premier-7283106,modern-premier-7283106-2014-07-13
2,3,Grim Lavamancer,,Creatures,6,0,American Delver,Charlesjacenorman,273 tix,"$ 1,146",240377,2014-07-13,Modern Premier #7283106,modern,modern-premier-7283106,modern-premier-7283106-2014-07-13
3,4,Snapcaster Mage,,Creatures,6,0,American Delver,Charlesjacenorman,273 tix,"$ 1,146",240377,2014-07-13,Modern Premier #7283106,modern,modern-premier-7283106,modern-premier-7283106-2014-07-13
4,1,"Sygg, River Cutthroat",,Creatures,6,0,American Delver,Charlesjacenorman,273 tix,"$ 1,146",240377,2014-07-13,Modern Premier #7283106,modern,modern-premier-7283106,modern-premier-7283106-2014-07-13
5,4,Young Pyromancer,,Creatures,6,0,American Delver,Charlesjacenorman,273 tix,"$ 1,146",240377,2014-07-13,Modern Premier #7283106,modern,modern-premier-7283106,modern-premier-7283106-2014-07-13
6,3,Geist of Saint Traft,,Creatures,6,0,American Delver,Charlesjacenorman,273 tix,"$ 1,146",240377,2014-07-13,Modern Premier #7283106,modern,modern-premier-7283106,modern-premier-7283106-2014-07-13
8,4,Lightning Bolt,,Spells,6,0,American Delver,Charlesjacenorman,273 tix,"$ 1,146",240377,2014-07-13,Modern Premier #7283106,modern,modern-premier-7283106,modern-premier-7283106-2014-07-13
9,3,Path to Exile,,Spells,6,0,American Delver,Charlesjacenorman,273 tix,"$ 1,146",240377,2014-07-13,Modern Premier #7283106,modern,modern-premier-7283106,modern-premier-7283106-2014-07-13
10,3,Serum Visions,,Spells,6,0,American Delver,Charlesjacenorman,273 tix,"$ 1,146",240377,2014-07-13,Modern Premier #7283106,modern,modern-premier-7283106,modern-premier-7283106-2014-07-13
11,2,Spell Snare,,Spells,6,0,American Delver,Charlesjacenorman,273 tix,"$ 1,146",240377,2014-07-13,Modern Premier #7283106,modern,modern-premier-7283106,modern-premier-7283106-2014-07-13
12,1,Twisted Image,,Spells,6,0,American Delver,Charlesjacenorman,273 tix,"$ 1,146",240377,2014-07-13,Modern Premier #7283106,modern,modern-premier-7283106,modern-premier-7283106-2014-07-13
13,4,Lightning Helix,,Spells,6,0,American Delver,Charlesjacenorman,273 tix,"$ 1,146",240377,2014-07-13,Modern Premier #7283106,modern,modern-premier-7283106,modern-premier-7283106-2014-07-13
14,2,Mana Leak,,Spells,6,0,American Delver,Charlesjacenorman,273 tix,"$ 1,146",240377,2014-07-13,Modern Premier #7283106,modern,modern-premier-7283106,modern-premier-7283106-2014-07-13
16,4,Arid Mesa,,Lands,6,0,American Delver,Charlesjacenorman,273 tix,"$ 1,146",240377,2014-07-13,Modern Premier #7283106,modern,modern-premier-7283106,modern-premier-7283106-2014-07-13
17,1,Blood Crypt,,Lands,6,0,American Delver,Charlesjacenorman,273 tix,"$ 1,146",240377,2014-07-13,Modern Premier #7283106,modern,modern-premier-7283106,modern-premier-7283106-2014-07-13
18,1,Hallowed Fountain,,Lands,6,0,American Delver,Charlesjacenorman,273 tix,"$ 1,146",240377,2014-07-13,Modern Premier #7283106,modern,modern-premier-7283106,modern-premier-7283106-2014-07-13
19,2,Island,,Lands,6,0,American Delver,Charlesjacenorman,273 tix,"$ 1,146",240377,2014-07-13,Modern Premier #7283106,modern,modern-premier-7283106,modern-premier-7283106-2014-07-13
20,1,Mana Confluence,,Lands,6,0,American Delver,Charlesjacenorman,273 tix,"$ 1,146",240377,2014-07-13,Modern Premier #7283106,modern,modern-premier-7283106,modern-premier-7283106-2014-07-13
21,1,Mountain,,Lands,6,0,American Delver,Charlesjacenorman,273 tix,"$ 1,146",240377,2014-07-13,Modern Premier #7283106,modern,modern-premier-7283106,modern-premier-7283106-2014-07-13
22,1,Plains,,Lands,6,0,American Delver,Charlesjacenorman,273 tix,"$ 1,146",240377,2014-07-13,Modern Premier #7283106,modern,modern-premier-7283106,modern-premier-7283106-2014-07-13
23,1,Sacred Foundry,,Lands,6,0,American Delver,Charlesjacenorman,273 tix,"$ 1,146",240377,2014-07-13,Modern Premier #7283106,modern,modern-premier-7283106,modern-premier-7283106-2014-07-13
24,4,Scalding Tarn,,Lands,6,0,American Delver,Charlesjacenorman,273 tix,"$ 1,146",240377,2014-07-13,Modern Premier #7283106,modern,modern-premier-7283106,modern-premier-7283106-2014-07-13
25,3,Seachrome Coast,,Lands,6,0,American Delver,Charlesjacenorman,273 tix,"$ 1,146",240377,2014-07-13,Modern Premier #7283106,modern,modern-premier-7283106,modern-premier-7283106-2014-07-13
26,2,Steam Vents,,Lands,6,0,American Delver,Charlesjacenorman,273 tix,"$ 1,146",240377,2014-07-13,Modern Premier #7283106,modern,modern-premier-7283106,modern-premier-7283106-2014-07-13
27,1,Watery Grave,,Lands,6,0,American Delver,Charlesjacenorman,273 tix,"$ 1,146",240377,2014-07-13,Modern Premier #7283106,modern,modern-premier-7283106,modern-premier-7283106-2014-07-13
29,2,Bitterblossom,,Sideboard,6,0,American Delver,Charlesjacenorman,273 tix,"$ 1,146",240377,2014-07-13,Modern Premier #7283106,modern,modern-premier-7283106,modern-premier-7283106-2014-07-13
30,2,Combust,,Sideboard,6,0,American Delver,Charlesjacenorman,273 tix,"$ 1,146",240377,2014-07-13,Modern Premier #7283106,modern,modern-premier-7283106,modern-premier-7283106-2014-07-13
31,1,Isochron Scepter,,Sideboard,6,0,American Delver,Charlesjacenorman,273 tix,"$ 1,146",240377,2014-07-13,Modern Premier #7283106,modern,modern-premier-7283106,modern-premier-7283106-2014-07-13
32,2,Rest in Peace,,Sideboard,6,0,American Delver,Charlesjacenorman,273 tix,"$ 1,146",240377,2014-07-13,Modern Premier #7283106,modern,modern-premier-7283106,modern-premier-7283106-2014-07-13
33,3,Stony Silence,,Sideboard,6,0,American Delver,Charlesjacenorman,273 tix,"$ 1,146",240377,2014-07-13,Modern Premier #7283106,modern,modern-premier-7283106,modern-premier-7283106-2014-07-13
34,3,Gifts Ungiven,,Sideboard,6,0,American Delver,Charlesjacenorman,273 tix,"$ 1,146",240377,2014-07-13,Modern Premier #7283106,modern,modern-premier-7283106,modern-premier-7283106-2014-07-13
35,1,Unburial Rites,,Sideboard,6,0,American Delver,Charlesjacenorman,273 tix,"$ 1,146",240377,2014-07-13,Modern Premier #7283106,modern,modern-premier-7283106,modern-premier-7283106-2014-07-13
36,1,"Elesh Norn, Grand Cenobite",,Sideboard,6,0,American Delver,Charlesjacenorman,273 tix,"$ 1,146",240377,2014-07-13,Modern Premier #7283106,modern,modern-premier-7283106,modern-premier-7283106-2014-07-13
1,4,Memnite,,Creatures,5,1,Affinity,Andrea94,366 tix,$ 918,240381,2014-07-13,Modern Premier #7283106,modern,modern-premier-7283106,modern-premier-7283106-2014-07-13
2,4,Ornithopter,,Creatures,5,1,Affinity,Andrea94,366 tix,$ 918,240381,2014-07-13,Modern Premier #7283106,modern,modern-premier-7283106,modern-premier-7283106-2014-07-13
3,4,Signal Pest,,Creatures,5,1,Affinity,Andrea94,366 tix,$ 918,240381,2014-07-13,Modern Premier #7283106,modern,modern-premier-7283106,modern-premier-7283106-2014-07-13
4,4,Arcbound Ravager,,Creatures,5,1,Affinity,Andrea94,366 tix,$ 918,240381,2014-07-13,Modern Premier #7283106,modern,modern-premier-7283106,modern-premier-7283106-2014-07-13
5,4,Steel Overseer,,Creatures,5,1,Affinity,Andrea94,366 tix,$ 918,240381,2014-07-13,Modern Premier #7283106,modern,modern-premier-7283106,modern-premier-7283106-2014-07-13
6,4,Vault Skirge,,Creatures,5,1,Affinity,Andrea94,366 tix,$ 918,240381,2014-07-13,Modern Premier #7283106,modern,modern-premier-7283106,modern-premier-7283106-2014-07-13
7,4,Master of Etherium,,Creatures,5,1,Affinity,Andrea94,366 tix,$ 918,240381,2014-07-13,Modern Premier #7283106,modern,modern-premier-7283106,modern-premier-7283106-2014-07-13
9,1,Dispatch,,Spells,5,1,Affinity,Andrea94,366 tix,$ 918,240381,2014-07-13,Modern Premier #7283106,modern,modern-premier-7283106,modern-premier-7283106-2014-07-13
11,4,Mox Opal,,Artifacts,5,1,Affinity,Andrea94,366 tix,$ 918,240381,2014-07-13,Modern Premier #7283106,modern,modern-premier-7283106,modern-premier-7283106-2014-07-13
12,3,Welding Jar,,Artifacts,5,1,Affinity,Andrea94,366 tix,$ 918,240381,2014-07-13,Modern Premier #7283106,modern,modern-premier-7283106,modern-premier-7283106-2014-07-13
13,4,Springleaf Drum,,Artifacts,5,1,Affinity,Andrea94,366 tix,$ 918,240381,2014-07-13,Modern Premier #7283106,modern,modern-premier-7283106,modern-premier-7283106-2014-07-13
14,4,Cranial Plating,,Artifacts,5,1,Affinity,Andrea94,366 tix,$ 918,240381,2014-07-13,Modern Premier #7283106,modern,modern-premier-7283106,modern-premier-7283106-2014-07-13
16,4,Blinkmoth Nexus,,Lands,5,1,Affinity,Andrea94,366 tix,$ 918,240381,2014-07-13,Modern Premier #7283106,modern,modern-premier-7283106,modern-premier-7283106-2014-07-13
17,4,Darksteel Citadel,,Lands,5,1,Affinity,Andrea94,366 tix,$ 918,240381,2014-07-13,Modern Premier #7283106,modern,modern-premier-7283106,modern-premier-7283106-2014-07-13
18,3,Glimmervoid,,Lands,5,1,Affinity,Andrea94,366 tix,$ 918,240381,2014-07-13,Modern Premier #7283106,modern,modern-premier-7283106,modern-premier-7283106-2014-07-13
19,4,Inkmoth Nexus,,Lands,5,1,Affinity,Andrea94,366 tix,$ 918,240381,2014-07-13,Modern Premier #7283106,modern,modern-premier-7283106,modern-premier-7283106-2014-07-13
20,1,Island,,Lands,5,1,Affinity,Andrea94,366 tix,$ 918,240381,2014-07-13,Modern Premier #7283106,modern,modern-premier-7283106,modern-premier-7283106-2014-07-13
22,1,Dispatch,,Sideboard,5,1,Affinity,Andrea94,366 tix,$ 918,240381,2014-07-13,Modern Premier #7283106,modern,modern-premier-7283106,modern-premier-7283106-2014-07-13
23,3,Galvanic Blast,,Sideboard,5,1,Affinity,Andrea94,366 tix,$ 918,240381,2014-07-13,Modern Premier #7283106,modern,modern-premier-7283106,modern-premier-7283106-2014-07-13
24,3,Thoughtseize,,Sideboard,5,1,Affinity,Andrea94,366 tix,$ 918,240381,2014-07-13,Modern Premier #7283106,modern,modern-premier-7283106,modern-premier-7283106-2014-07-13
25,2,Ancient Grudge,,Sideboard,5,1,Affinity,Andrea94,366 tix,$ 918,240381,2014-07-13,Modern Premier #7283106,modern,modern-premier-7283106,modern-premier-7283106-2014-07-13
26,2,Whipflare,,Sideboard,5,1,Affinity,Andrea94,366 tix,$ 918,240381,2014-07-13,Modern Premier #7283106,modern,modern-premier-7283106,modern-premier-7283106-2014-07-13
27,4,Etched Champion,,Sideboard,5,1,Affinity,Andrea94,366 tix,$ 918,240381,2014-07-13,Modern Premier #7283106,modern,modern-premier-7283106,modern-premier-7283106-2014-07-13
1,4,Pack Rat,,Creatures,5,1,Faeries,IwalkAlone,173 tix,$ 834,240376,2014-07-13,Modern Premier #7283106,modern,modern-premier-7283106,modern-premier-7283106-2014-07-13
2,4,Spellstutter Sprite,,Creatures,5,1,Faeries,IwalkAlone,173 tix,$ 834,240376,2014-07-13,Modern Premier #7283106,modern,modern-premier-7283106,modern-premier-7283106-2014-07-13
3,2,Vendilion Clique,,Creatures,5,1,Faeries,IwalkAlone,173 tix,$ 834,240376,2014-07-13,Modern Premier #7283106,modern,modern-premier-7283106,modern-premier-7283106-2014-07-13
4,2,Mistbind Clique,,Creatures,5,1,Faeries,IwalkAlone,173 tix,$ 834,240376,2014-07-13,Modern Premier #7283106,modern,modern-premier-7283106,modern-premier-7283106-2014-07-13
6,2,Disfigure,,Spells,5,1,Faeries,IwalkAlone,173 tix,$ 834,240376,2014-07-13,Modern Premier #7283106,modern,modern-premier-7283106,modern-premier-7283106-2014-07-13
7,4,Inquisition of Kozilek,,Spells,5,1,Faeries,IwalkAlone,173 tix,$ 834,240376,2014-07-13,Modern Premier #7283106,modern,modern-premier-7283106,modern-premier-7283106-2014-07-13
8,3,Thoughtseize,,Spells,5,1,Faeries,IwalkAlone,173 tix,$ 834,240376,2014-07-13,Modern Premier #7283106,modern,modern-premier-7283106,modern-premier-7283106-2014-07-13
9,1,Doom Blade,,Spells,5,1,Faeries,IwalkAlone,173 tix,$ 834,240376,2014-07-13,Modern Premier #7283106,modern,modern-premier-7283106,modern-premier-7283106-2014-07-13
10,2,Mana Leak,,Spells,5,1,Faeries,IwalkAlone,173 tix,$ 834,240376,2014-07-13,Modern Premier #7283106,modern,modern-premier-7283106,modern-premier-7283106-2014-07-13
11,1,Smother,,Spells,5,1,Faeries,IwalkAlone,173 tix,$ 834,240376,2014-07-13,Modern Premier #7283106,modern,modern-premier-7283106,modern-premier-7283106-2014-07-13
12,1,Dismember,,Spells,5,1,Faeries,IwalkAlone,173 tix,$ 834,240376,2014-07-13,Modern Premier #7283106,modern,modern-premier-7283106,modern-premier-7283106-2014-07-13
13,4,Cryptic Command,,Spells,5,1,Faeries,IwalkAlone,173 tix,$ 834,240376,2014-07-13,Modern Premier #7283106,modern,modern-premier-7283106,modern-premier-7283106-2014-07-13
15,1,Sword of Feast and Famine,,Artifacts,5,1,Faeries,IwalkAlone,173 tix,$ 834,240376,2014-07-13,Modern Premier #7283106,modern,modern-premier-7283106,modern-premier-7283106-2014-07-13
17,4,Bitterblossom,,Enchantments,5,1,Faeries,IwalkAlone,173 tix,$ 834,240376,2014-07-13,Modern Premier #7283106,modern,modern-premier-7283106,modern-premier-7283106-2014-07-13
19,2,Creeping Tar Pit,,Lands,5,1,Faeries,IwalkAlone,173 tix,$ 834,240376,2014-07-13,Modern Premier #7283106,modern,modern-premier-7283106,modern-premier-7283106-2014-07-13
20,4,Darkslick Shores,,Lands,5,1,Faeries,IwalkAlone,173 tix,$ 834,240376,2014-07-13,Modern Premier #7283106,modern,modern-premier-7283106,modern-premier-7283106-2014-07-13
21,3,Island,,Lands,5,1,Faeries,IwalkAlone,173 tix,$ 834,240376,2014-07-13,Modern Premier #7283106,modern,modern-premier-7283106,modern-premier-7283106-2014-07-13
22,4,Mutavault,,Lands,5,1,Faeries,IwalkAlone,173 tix,$ 834,240376,2014-07-13,Modern Premier #7283106,modern,modern-premier-7283106,modern-premier-7283106-2014-07-13
23,4,River of Tears,,Lands,5,1,Faeries,IwalkAlone,173 tix,$ 834,240376,2014-07-13,Modern Premier #7283106,modern,modern-premier-7283106,modern-premier-7283106-2014-07-13
24,4,Secluded Glen,,Lands,5,1,Faeries,IwalkAlone,173 tix,$ 834,240376,2014-07-13,Modern Premier #7283106,modern,modern-premier-7283106,modern-premier-7283106-2014-07-13
25,1,Swamp,,Lands,5,1,Faeries,IwalkAlone,173 tix,$ 834,240376,2014-07-13,Modern Premier #7283106,modern,modern-premier-7283106,modern-premier-7283106-2014-07-13
26,2,Tectonic Edge,,Lands,5,1,Faeries,IwalkAlone,173 tix,$ 834,240376,2014-07-13,Modern Premier #7283106,modern,modern-premier-7283106,modern-premier-7283106-2014-07-13
27,1,Underground River,,Lands,5,1,Faeries,IwalkAlone,173 tix,$ 834,240376,2014-07-13,Modern Premier #7283106,modern,modern-premier-7283106,modern-premier-7283106-2014-07-13
29,2,Tectonic Edge,,Sideboard,5,1,Faeries,IwalkAlone,173 tix,$ 834,240376,2014-07-13,Modern Premier #7283106,modern,modern-premier-7283106,modern-premier-7283106-2014-07-13
30,2,Disfigure,,Sideboard,5,1,Faeries,IwalkAlone,173 tix,$ 834,240376,2014-07-13,Modern Premier #7283106,modern,modern-premier-7283106,modern-premier-7283106-2014-07-13
31,1,Dispel,,Sideboard,5,1,Faeries,IwalkAlone,173 tix,$ 834,240376,2014-07-13,Modern Premier #7283106,modern,modern-premier-7283106,modern-premier-7283106-2014-07-13
32,2,Go for the Throat,,Sideboard,5,1,Faeries,IwalkAlone,173 tix,$ 834,240376,2014-07-13,Modern Premier #7283106,modern,modern-premier-7283106,modern-premier-7283106-2014-07-13
33,2,Ratchet Bomb,,Sideboard,5,1,Faeries,IwalkAlone,173 tix,$ 834,240376,2014-07-13,Modern Premier #7283106,modern,modern-premier-7283106,modern-premier-7283106-2014-07-13
34,2,Crucible of Worlds,,Sideboard,5,1,Faeries,IwalkAlone,173 tix,$ 834,240376,2014-07-13,Modern Premier #7283106,modern,modern-premier-7283106,modern-premier-7283106-2014-07-13
35,1,Mystical Teachings,,Sideboard,5,1,Faeries,IwalkAlone,173 tix,$ 834,240376,2014-07-13,Modern Premier #7283106,modern,modern-premier-7283106,modern-premier-7283106-2014-07-13
36,3,Sower of Temptation,,Sideboard,5,1,Faeries,IwalkAlone,173 tix,$ 834,240376,2014-07-13,Modern Premier #7283106,modern,modern-premier-7283106,modern-premier-7283106-2014-07-13
1,4,Cursecatcher,,Creatures,5,1,Merfolk,WoOtoO,197 tix,$ 583,240380,2014-07-13,Modern Premier #7283106,modern,modern-premier-7283106,modern-premier-7283106-2014-07-13
2,4,Lord of Atlantis,,Creatures,5,1,Merfolk,WoOtoO,197 tix,$ 583,240380,2014-07-13,Modern Premier #7283106,modern,modern-premier-7283106,modern-premier-7283106-2014-07-13
3,4,Master of the Pearl Trident,,Creatures,5,1,Merfolk,WoOtoO,197 tix,$ 583,240380,2014-07-13,Modern Premier #7283106,modern,modern-premier-7283106,modern-premier-7283106-2014-07-13
4,2,Phantasmal Image,,Creatures,5,1,Merfolk,WoOtoO,197 tix,$ 583,240380,2014-07-13,Modern Premier #7283106,modern,modern-premier-7283106,modern-premier-7283106-2014-07-13
5,4,Silvergill Adept,,Creatures,5,1,Merfolk,WoOtoO,197 tix,$ 583,240380,2014-07-13,Modern Premier #7283106,modern,modern-premier-7283106,modern-premier-7283106-2014-07-13
6,4,Merrow Reejerey,,Creatures,5,1,Merfolk,WoOtoO,197 tix,$ 583,240380,2014-07-13,Modern Premier #7283106,modern,modern-premier-7283106,modern-premier-7283106-2014-07-13
7,1,"Thassa, God of the Sea",,Creatures,5,1,Merfolk,WoOtoO,197 tix,$ 583,240380,2014-07-13,Modern Premier #7283106,modern,modern-premier-7283106,modern-premier-7283106-2014-07-13
8,3,Master of Waves,,Creatures,5,1,Merfolk,WoOtoO,197 tix,$ 583,240380,2014-07-13,Modern Premier #7283106,modern,modern-premier-7283106,modern-premier-7283106-2014-07-13
10,4,Path to Exile,,Spells,5,1,Merfolk,WoOtoO,197 tix,$ 583,240380,2014-07-13,Modern Premier #7283106,modern,modern-premier-7283106,modern-premier-7283106-2014-07-13
11,1,Cryptic Command,,Spells,5,1,Merfolk,WoOtoO,197 tix,$ 583,240380,2014-07-13,Modern Premier #7283106,modern,modern-premier-7283106,modern-premier-7283106-2014-07-13
13,4,Aether Vial,,Artifacts,5,1,Merfolk,WoOtoO,197 tix,$ 583,240380,2014-07-13,Modern Premier #7283106,modern,modern-premier-7283106,modern-premier-7283106-2014-07-13
15,4,Spreading Seas,,Enchantments,5,1,Merfolk,WoOtoO,197 tix,$ 583,240380,2014-07-13,Modern Premier #7283106,modern,modern-premier-7283106,modern-premier-7283106-2014-07-13
17,1,Cavern of Souls,,Lands,5,1,Merfolk,WoOtoO,197 tix,$ 583,240380,2014-07-13,Modern Premier #7283106,modern,modern-premier-7283106,modern-premier-7283106-2014-07-13
18,4,Hallowed Fountain,,Lands,5,1,Merfolk,WoOtoO,197 tix,$ 583,240380,2014-07-13,Modern Premier #7283106,modern,modern-premier-7283106,modern-premier-7283106-2014-07-13
19,4,Island,,Lands,5,1,Merfolk,WoOtoO,197 tix,$ 583,240380,2014-07-13,Modern Premier #7283106,modern,modern-premier-7283106,modern-premier-7283106-2014-07-13
20,1,Moorland Haunt,,Lands,5,1,Merfolk,WoOtoO,197 tix,$ 583,240380,2014-07-13,Modern Premier #7283106,modern,modern-premier-7283106,modern-premier-7283106-2014-07-13
21,3,Mutavault,,Lands,5,1,Merfolk,WoOtoO,197 tix,$ 583,240380,2014-07-13,Modern Premier #7283106,modern,modern-premier-7283106,modern-premier-7283106-2014-07-13
22,4,Seachrome Coast,,Lands,5,1,Merfolk,WoOtoO,197 tix,$ 583,240380,2014-07-13,Modern Premier #7283106,modern,modern-premier-7283106,modern-premier-7283106-2014-07-13
23,4,Wanderwine Hub,,Lands,5,1,Merfolk,WoOtoO,197 tix,$ 583,240380,2014-07-13,Modern Premier #7283106,modern,modern-premier-7283106,modern-premier-7283106-2014-07-13
25,1,Mark of Asylum,,Sideboard,5,1,Merfolk,WoOtoO,197 tix,$ 583,240380,2014-07-13,Modern Premier #7283106,modern,modern-premier-7283106,modern-premier-7283106-2014-07-13
26,2,Spellskite,,Sideboard,5,1,Merfolk,WoOtoO,197 tix,$ 583,240380,2014-07-13,Modern Premier #7283106,modern,modern-premier-7283106,modern-premier-7283106-2014-07-13
27,2,Stony Silence,,Sideboard,5,1,Merfolk,WoOtoO,197 tix,$ 583,240380,2014-07-13,Modern Premier #7283106,modern,modern-premier-7283106,modern-premier-7283106-2014-07-13
28,3,Tidebinder Mage,,Sideboard,5,1,Merfolk,WoOtoO,197 tix,$ 583,240380,2014-07-13,Modern Premier #7283106,modern,modern-premier-7283106,modern-premier-7283106-2014-07-13
29,2,Unified Will,,Sideboard,5,1,Merfolk,WoOtoO,197 tix,$ 583,240380,2014-07-13,Modern Premier #7283106,modern,modern-premier-7283106,modern-premier-7283106-2014-07-13
30,1,Dismember,,Sideboard,5,1,Merfolk,WoOtoO,197 tix,$ 583,240380,2014-07-13,Modern Premier #7283106,modern,modern-premier-7283106,modern-premier-7283106-2014-07-13
31,3,Eidolon of Rhetoric,,Sideboard,5,1,Merfolk,WoOtoO,197 tix,$ 583,240380,2014-07-13,Modern Premier #7283106,modern,modern-premier-7283106,modern-premier-7283106-2014-07-13
32,1,Ghostly Prison,,Sideboard,5,1,Merfolk,WoOtoO,197 tix,$ 583,240380,2014-07-13,Modern Premier #7283106,modern,modern-premier-7283106,modern-premier-7283106-2014-07-13
1,4,Kird Ape,,Creatures,4,2,4c Zoo,nmks,427 tix,"$ 1,381",240378,2014-07-13,Modern Premier #7283106,modern,modern-premier-7283106,modern-premier-7283106-2014-07-13
2,4,Noble Hierarch,,Creatures,4,2,4c Zoo,nmks,427 tix,"$ 1,381",240378,2014-07-13,Modern Premier #7283106,modern,modern-premier-7283106,modern-premier-7283106-2014-07-13
3,4,Wild Nacatl,,Creatures,4,2,4c Zoo,nmks,427 tix,"$ 1,381",240378,2014-07-13,Modern Premier #7283106,modern,modern-premier-7283106,modern-premier-7283106-2014-07-13
4,2,Snapcaster Mage,,Creatures,4,2,4c Zoo,nmks,427 tix,"$ 1,381",240378,2014-07-13,Modern Premier #7283106,modern,modern-premier-7283106,modern-premier-7283106-2014-07-13
5,4,Tarmogoyf,,Creatures,4,2,4c Zoo,nmks,427 tix,"$ 1,381",240378,2014-07-13,Modern Premier #7283106,modern,modern-premier-7283106,modern-premier-7283106-2014-07-13
6,4,Geist of Saint Traft,,Creatures,4,2,4c Zoo,nmks,427 tix,"$ 1,381",240378,2014-07-13,Modern Premier #7283106,modern,modern-premier-7283106,modern-premier-7283106-2014-07-13
7,4,Ghor-Clan Rampager,,Creatures,4,2,4c Zoo,nmks,427 tix,"$ 1,381",240378,2014-07-13,Modern Premier #7283106,modern,modern-premier-7283106,modern-premier-7283106-2014-07-13
9,4,Lightning Bolt,,Spells,4,2,4c Zoo,nmks,427 tix,"$ 1,381",240378,2014-07-13,Modern Premier #7283106,modern,modern-premier-7283106,modern-premier-7283106-2014-07-13
10,4,Path to Exile,,Spells,4,2,4c Zoo,nmks,427 tix,"$ 1,381",240378,2014-07-13,Modern Premier #7283106,modern,modern-premier-7283106,modern-premier-7283106-2014-07-13
11,3,Delay,,Spells,4,2,4c Zoo,nmks,427 tix,"$ 1,381",240378,2014-07-13,Modern Premier #7283106,modern,modern-premier-7283106,modern-premier-7283106-2014-07-13
12,2,Bant Charm,,Spells,4,2,4c Zoo,nmks,427 tix,"$ 1,381",240378,2014-07-13,Modern Premier #7283106,modern,modern-premier-7283106,modern-premier-7283106-2014-07-13
14,4,Arid Mesa,,Lands,4,2,4c Zoo,nmks,427 tix,"$ 1,381",240378,2014-07-13,Modern Premier #7283106,modern,modern-premier-7283106,modern-premier-7283106-2014-07-13
15,1,Breeding Pool,,Lands,4,2,4c Zoo,nmks,427 tix,"$ 1,381",240378,2014-07-13,Modern Premier #7283106,modern,modern-premier-7283106,modern-premier-7283106-2014-07-13
16,1,Forest,,Lands,4,2,4c Zoo,nmks,427 tix,"$ 1,381",240378,2014-07-13,Modern Premier #7283106,modern,modern-premier-7283106,modern-premier-7283106-2014-07-13
17,1,Hallowed Fountain,,Lands,4,2,4c Zoo,nmks,427 tix,"$ 1,381",240378,2014-07-13,Modern Premier #7283106,modern,modern-premier-7283106,modern-premier-7283106-2014-07-13
18,4,Misty Rainforest,,Lands,4,2,4c Zoo,nmks,427 tix,"$ 1,381",240378,2014-07-13,Modern Premier #7283106,modern,modern-premier-7283106,modern-premier-7283106-2014-07-13
19,1,Plains,,Lands,4,2,4c Zoo,nmks,427 tix,"$ 1,381",240378,2014-07-13,Modern Premier #7283106,modern,modern-premier-7283106,modern-premier-7283106-2014-07-13
20,1,Sacred Foundry,,Lands,4,2,4c Zoo,nmks,427 tix,"$ 1,381",240378,2014-07-13,Modern Premier #7283106,modern,modern-premier-7283106,modern-premier-7283106-2014-07-13
21,4,Scalding Tarn,,Lands,4,2,4c Zoo,nmks,427 tix,"$ 1,381",240378,2014-07-13,Modern Premier #7283106,modern,modern-premier-7283106,modern-premier-7283106-2014-07-13
22,1,Steam Vents,,Lands,4,2,4c Zoo,nmks,427 tix,"$ 1,381",240378,2014-07-13,Modern Premier #7283106,modern,modern-premier-7283106,modern-premier-7283106-2014-07-13
23,1,Stomping Ground,,Lands,4,2,4c Zoo,nmks,427 tix,"$ 1,381",240378,2014-07-13,Modern Premier #7283106,modern,modern-premier-7283106,modern-premier-7283106-2014-07-13
24,1,Temple Garden,,Lands,4,2,4c Zoo,nmks,427 tix,"$ 1,381",240378,2014-07-13,Modern Premier #7283106,modern,modern-premier-7283106,modern-premier-7283106-2014-07-13
25,1,Verdant Catacombs,,Lands,4,2,4c Zoo,nmks,427 tix,"$ 1,381",240378,2014-07-13,Modern Premier #7283106,modern,modern-premier-7283106,modern-premier-7283106-2014-07-13
27,3,Pillar of Flame,,Sideboard,4,2,4c Zoo,nmks,427 tix,"$ 1,381",240378,2014-07-13,Modern Premier #7283106,modern,modern-premier-7283106,modern-premier-7283106-2014-07-13
28,2,Ancient Grudge,,Sideboard,4,2,4c Zoo,nmks,427 tix,"$ 1,381",240378,2014-07-13,Modern Premier #7283106,modern,modern-premier-7283106,modern-premier-7283106-2014-07-13
29,3,Back to Nature,,Sideboard,4,2,4c Zoo,nmks,427 tix,"$ 1,381",240378,2014-07-13,Modern Premier #7283106,modern,modern-premier-7283106,modern-premier-7283106-2014-07-13
30,1,Combust,,Sideboard,4,2,4c Zoo,nmks,427 tix,"$ 1,381",240378,2014-07-13,Modern Premier #7283106,modern,modern-premier-7283106,modern-premier-7283106-2014-07-13
31,3,Negate,,Sideboard,4,2,4c Zoo,nmks,427 tix,"$ 1,381",240378,2014-07-13,Modern Premier #7283106,modern,modern-premier-7283106,modern-premier-7283106-2014-07-13
32,2,Stony Silence,,Sideboard,4,2,4c Zoo,nmks,427 tix,"$ 1,381",240378,2014-07-13,Modern Premier #7283106,modern,modern-premier-7283106,modern-premier-7283106-2014-07-13
33,1,Bant Charm,,Sideboard,4,2,4c Zoo,nmks,427 tix,"$ 1,381",240378,2014-07-13,Modern Premier #7283106,modern,modern-premier-7283106,modern-premier-7283106-2014-07-13
1,3,"Azusa, Lost but Seeking",,Creatures,4,2,Amulet Bloom,daviusminimus,188 tix,$ 542,240383,2014-07-13,Modern Premier #7283106,modern,modern-premier-7283106,modern-premier-7283106-2014-07-13
2,3,Simian Spirit Guide,,Creatures,4,2,Amulet Bloom,daviusminimus,188 tix,$ 542,240383,2014-07-13,Modern Premier #7283106,modern,modern-premier-7283106,modern-premier-7283106-2014-07-13
3,4,Primeval Titan,,Creatures,4,2,Amulet Bloom,daviusminimus,188 tix,$ 542,240383,2014-07-13,Modern Premier #7283106,modern,modern-premier-7283106,modern-premier-7283106-2014-07-13
5,2,Pact of Negation,,Spells,4,2,Amulet Bloom,daviusminimus,188 tix,$ 542,240383,2014-07-13,Modern Premier #7283106,modern,modern-premier-7283106,modern-premier-7283106-2014-07-13
6,1,Slaughter Pact,,Spells,4,2,Amulet Bloom,daviusminimus,188 tix,$ 542,240383,2014-07-13,Modern Premier #7283106,modern,modern-premier-7283106,modern-premier-7283106-2014-07-13
7,4,Summoner's Pact,,Spells,4,2,Amulet Bloom,daviusminimus,188 tix,$ 542,240383,2014-07-13,Modern Premier #7283106,modern,modern-premier-7283106,modern-premier-7283106-2014-07-13
8,4,Serum Visions,,Spells,4,2,Amulet Bloom,daviusminimus,188 tix,$ 542,240383,2014-07-13,Modern Premier #7283106,modern,modern-premier-7283106,modern-premier-7283106-2014-07-13
9,4,Summer Bloom,,Spells,4,2,Amulet Bloom,daviusminimus,188 tix,$ 542,240383,2014-07-13,Modern Premier #7283106,modern,modern-premier-7283106,modern-premier-7283106-2014-07-13
11,4,Amulet of Vigor,,Artifacts,4,2,Amulet Bloom,daviusminimus,188 tix,$ 542,240383,2014-07-13,Modern Premier #7283106,modern,modern-premier-7283106,modern-premier-7283106-2014-07-13
13,2,Hive Mind,,Enchantments,4,2,Amulet Bloom,daviusminimus,188 tix,$ 542,240383,2014-07-13,Modern Premier #7283106,modern,modern-premier-7283106,modern-premier-7283106-2014-07-13
15,1,Boros Garrison,,Lands,4,2,Amulet Bloom,daviusminimus,188 tix,$ 542,240383,2014-07-13,Modern Premier #7283106,modern,modern-premier-7283106,modern-premier-7283106-2014-07-13
16,1,Cavern of Souls,,Lands,4,2,Amulet Bloom,daviusminimus,188 tix,$ 542,240383,2014-07-13,Modern Premier #7283106,modern,modern-premier-7283106,modern-premier-7283106-2014-07-13
17,3,City of Brass,,Lands,4,2,Amulet Bloom,daviusminimus,188 tix,$ 542,240383,2014-07-13,Modern Premier #7283106,modern,modern-premier-7283106,modern-premier-7283106-2014-07-13
18,1,Forest,,Lands,4,2,Amulet Bloom,daviusminimus,188 tix,$ 542,240383,2014-07-13,Modern Premier #7283106,modern,modern-premier-7283106,modern-premier-7283106-2014-07-13
19,3,Gemstone Mine,,Lands,4,2,Amulet Bloom,daviusminimus,188 tix,$ 542,240383,2014-07-13,Modern Premier #7283106,modern,modern-premier-7283106,modern-premier-7283106-2014-07-13
20,2,Golgari Rot Farm,,Lands,4,2,Amulet Bloom,daviusminimus,188 tix,$ 542,240383,2014-07-13,Modern Premier #7283106,modern,modern-premier-7283106,modern-premier-7283106-2014-07-13
21,2,Gruul Turf,,Lands,4,2,Amulet Bloom,daviusminimus,188 tix,$ 542,240383,2014-07-13,Modern Premier #7283106,modern,modern-premier-7283106,modern-premier-7283106-2014-07-13
22,1,Kabira Crossroads,,Lands,4,2,Amulet Bloom,daviusminimus,188 tix,$ 542,240383,2014-07-13,Modern Premier #7283106,modern,modern-premier-7283106,modern-premier-7283106-2014-07-13
23,1,Kessig Wolf Run,,Lands,4,2,Amulet Bloom,daviusminimus,188 tix,$ 542,240383,2014-07-13,Modern Premier #7283106,modern,modern-premier-7283106,modern-premier-7283106-2014-07-13
24,1,Khalni Garden,,Lands,4,2,Amulet Bloom,daviusminimus,188 tix,$ 542,240383,2014-07-13,Modern Premier #7283106,modern,modern-premier-7283106,modern-premier-7283106-2014-07-13
25,1,Selesnya Sanctuary,,Lands,4,2,Amulet Bloom,daviusminimus,188 tix,$ 542,240383,2014-07-13,Modern Premier #7283106,modern,modern-premier-7283106,modern-premier-7283106-2014-07-13
26,4,Simic Growth Chamber,,Lands,4,2,Amulet Bloom,daviusminimus,188 tix,$ 542,240383,2014-07-13,Modern Premier #7283106,modern,modern-premier-7283106,modern-premier-7283106-2014-07-13
27,1,Slayers' Stronghold,,Lands,4,2,Amulet Bloom,daviusminimus,188 tix,$ 542,240383,2014-07-13,Modern Premier #7283106,modern,modern-premier-7283106,modern-premier-7283106-2014-07-13
28,3,Tendo Ice Bridge,,Lands,4,2,Amulet Bloom,daviusminimus,188 tix,$ 542,240383,2014-07-13,Modern Premier #7283106,modern,modern-premier-7283106,modern-premier-7283106-2014-07-13
29,3,Tolaria West,,Lands,4,2,Amulet Bloom,daviusminimus,188 tix,$ 542,240383,2014-07-13,Modern Premier #7283106,modern,modern-premier-7283106,modern-premier-7283106-2014-07-13
30,1,Vesuva,,Lands,4,2,Amulet Bloom,daviusminimus,188 tix,$ 542,240383,2014-07-13,Modern Premier #7283106,modern,modern-premier-7283106,modern-premier-7283106-2014-07-13
32,1,Bojuka Bog,,Sideboard,4,2,Amulet Bloom,daviusminimus,188 tix,$ 542,240383,2014-07-13,Modern Premier #7283106,modern,modern-premier-7283106,modern-premier-7283106-2014-07-13
33,1,Chalice of the Void,,Sideboard,4,2,Amulet Bloom,daviusminimus,188 tix,$ 542,240383,2014-07-13,Modern Premier #7283106,modern,modern-premier-7283106,modern-premier-7283106-2014-07-13
34,1,Ghost Quarter,,Sideboard,4,2,Amulet Bloom,daviusminimus,188 tix,$ 542,240383,2014-07-13,Modern Premier #7283106,modern,modern-premier-7283106,modern-premier-7283106-2014-07-13
35,1,Path to Exile,,Sideboard,4,2,Amulet Bloom,daviusminimus,188 tix,$ 542,240383,2014-07-13,Modern Premier #7283106,modern,modern-premier-7283106,modern-premier-7283106-2014-07-13
36,2,Thoughtseize,,Sideboard,4,2,Amulet Bloom,daviusminimus,188 tix,$ 542,240383,2014-07-13,Modern Premier #7283106,modern,modern-premier-7283106,modern-premier-7283106-2014-07-13
37,2,Pyroclasm,,Sideboard,4,2,Amulet Bloom,daviusminimus,188 tix,$ 542,240383,2014-07-13,Modern Premier #7283106,modern,modern-premier-7283106,modern-premier-7283106-2014-07-13
38,3,Seal of Primordium,,Sideboard,4,2,Amulet Bloom,daviusminimus,188 tix,$ 542,240383,2014-07-13,Modern Premier #7283106,modern,modern-premier-7283106,modern-premier-7283106-2014-07-13
39,1,Firespout,,Sideboard,4,2,Amulet Bloom,daviusminimus,188 tix,$ 542,240383,2014-07-13,Modern Premier #7283106,modern,modern-premier-7283106,modern-premier-7283106-2014-07-13
40,1,Creeping Corrosion,,Sideboard,4,2,Amulet Bloom,daviusminimus,188 tix,$ 542,240383,2014-07-13,Modern Premier #7283106,modern,modern-premier-7283106,modern-premier-7283106-2014-07-13
41,1,Acidic Slime,,Sideboard,4,2,Amulet Bloom,daviusminimus,188 tix,$ 542,240383,2014-07-13,Modern Premier #7283106,modern,modern-premier-7283106,modern-premier-7283106-2014-07-13
42,1,Hive Mind,,Sideboard,4,2,Amulet Bloom,daviusminimus,188 tix,$ 542,240383,2014-07-13,Modern Premier #7283106,modern,modern-premier-7283106,modern-premier-7283106-2014-07-13
1,4,Firedrinker Satyr,,Creatures,4,2,Burn,Swami,59 tix,$ 52,240386,2014-07-13,Modern Premier #7283106,modern,modern-premier-7283106,modern-premier-7283106-2014-07-13
2,4,Rakdos Cackler,,Creatures,4,2,Burn,Swami,59 tix,$ 52,240386,2014-07-13,Modern Premier #7283106,modern,modern-premier-7283106,modern-premier-7283106-2014-07-13
3,4,Tattermunge Maniac,,Creatures,4,2,Burn,Swami,59 tix,$ 52,240386,2014-07-13,Modern Premier #7283106,modern,modern-premier-7283106,modern-premier-7283106-2014-07-13
4,4,Ash Zealot,,Creatures,4,2,Burn,Swami,59 tix,$ 52,240386,2014-07-13,Modern Premier #7283106,modern,modern-premier-7283106,modern-premier-7283106-2014-07-13
5,4,Eidolon of the Great Revel,,Creatures,4,2,Burn,Swami,59 tix,$ 52,240386,2014-07-13,Modern Premier #7283106,modern,modern-premier-7283106,modern-premier-7283106-2014-07-13
6,2,Stormblood Berserker,,Creatures,4,2,Burn,Swami,59 tix,$ 52,240386,2014-07-13,Modern Premier #7283106,modern,modern-premier-7283106,modern-premier-7283106-2014-07-13
8,4,Lightning Bolt,,Spells,4,2,Burn,Swami,59 tix,$ 52,240386,2014-07-13,Modern Premier #7283106,modern,modern-premier-7283106,modern-premier-7283106-2014-07-13
9,4,Pillar of Flame,,Spells,4,2,Burn,Swami,59 tix,$ 52,240386,2014-07-13,Modern Premier #7283106,modern,modern-premier-7283106,modern-premier-7283106-2014-07-13
10,4,Searing Blaze,,Spells,4,2,Burn,Swami,59 tix,$ 52,240386,2014-07-13,Modern Premier #7283106,modern,modern-premier-7283106,modern-premier-7283106-2014-07-13
11,4,Searing Blood,,Spells,4,2,Burn,Swami,59 tix,$ 52,240386,2014-07-13,Modern Premier #7283106,modern,modern-premier-7283106,modern-premier-7283106-2014-07-13
13,4,Shrine of Burning Rage,,Artifacts,4,2,Burn,Swami,59 tix,$ 52,240386,2014-07-13,Modern Premier #7283106,modern,modern-premier-7283106,modern-premier-7283106-2014-07-13
15,18,Mountain,,Lands,4,2,Burn,Swami,59 tix,$ 52,240386,2014-07-13,Modern Premier #7283106,modern,modern-premier-7283106,modern-premier-7283106-2014-07-13
17,4,Combust,,Sideboard,4,2,Burn,Swami,59 tix,$ 52,240386,2014-07-13,Modern Premier #7283106,modern,modern-premier-7283106,modern-premier-7283106-2014-07-13
18,3,Dragon's Claw,,Sideboard,4,2,Burn,Swami,59 tix,$ 52,240386,2014-07-13,Modern Premier #7283106,modern,modern-premier-7283106,modern-premier-7283106-2014-07-13
19,4,Smash to Smithereens,,Sideboard,4,2,Burn,Swami,59 tix,$ 52,240386,2014-07-13,Modern Premier #7283106,modern,modern-premier-7283106,modern-premier-7283106-2014-07-13
20,4,Goblin Assault,,Sideboard,4,2,Burn,Swami,59 tix,$ 52,240386,2014-07-13,Modern Premier #7283106,modern,modern-premier-7283106,modern-premier-7283106-2014-07-13
1,4,Noble Hierarch,,Creatures,4,2,GW Hatebears,CharlieTheBananaKing,432 tix,$ 803,240385,2014-07-13,Modern Premier #7283106,modern,modern-premier-7283106,modern-premier-7283106-2014-07-13
2,4,Leonin Arbiter,,Creatures,4,2,GW Hatebears,CharlieTheBananaKing,432 tix,$ 803,240385,2014-07-13,Modern Premier #7283106,modern,modern-premier-7283106,modern-premier-7283106-2014-07-13
3,3,Scavenging Ooze,,Creatures,4,2,GW Hatebears,CharlieTheBananaKing,432 tix,$ 803,240385,2014-07-13,Modern Premier #7283106,modern,modern-premier-7283106,modern-premier-7283106-2014-07-13
4,3,"Thalia, Guardian of Thraben",,Creatures,4,2,GW Hatebears,CharlieTheBananaKing,432 tix,$ 803,240385,2014-07-13,Modern Premier #7283106,modern,modern-premier-7283106,modern-premier-7283106-2014-07-13
5,3,Aven Mindcensor,,Creatures,4,2,GW Hatebears,CharlieTheBananaKing,432 tix,$ 803,240385,2014-07-13,Modern Premier #7283106,modern,modern-premier-7283106,modern-premier-7283106-2014-07-13
6,4,Blade Splicer,,Creatures,4,2,GW Hatebears,CharlieTheBananaKing,432 tix,$ 803,240385,2014-07-13,Modern Premier #7283106,modern,modern-premier-7283106,modern-premier-7283106-2014-07-13
7,4,Flickerwisp,,Creatures,4,2,GW Hatebears,CharlieTheBananaKing,432 tix,$ 803,240385,2014-07-13,Modern Premier #7283106,modern,modern-premier-7283106,modern-premier-7283106-2014-07-13
8,1,"Linvala, Keeper of Silence",,Creatures,4,2,GW Hatebears,CharlieTheBananaKing,432 tix,$ 803,240385,2014-07-13,Modern Premier #7283106,modern,modern-premier-7283106,modern-premier-7283106-2014-07-13
9,4,Restoration Angel,,Creatures,4,2,GW Hatebears,CharlieTheBananaKing,432 tix,$ 803,240385,2014-07-13,Modern Premier #7283106,modern,modern-premier-7283106,modern-premier-7283106-2014-07-13
11,4,Path to Exile,,Spells,4,2,GW Hatebears,CharlieTheBananaKing,432 tix,$ 803,240385,2014-07-13,Modern Premier #7283106,modern,modern-premier-7283106,modern-premier-7283106-2014-07-13
13,4,Aether Vial,,Artifacts,4,2,GW Hatebears,CharlieTheBananaKing,432 tix,$ 803,240385,2014-07-13,Modern Premier #7283106,modern,modern-premier-7283106,modern-premier-7283106-2014-07-13
15,1,Eiganjo Castle,,Lands,4,2,GW Hatebears,CharlieTheBananaKing,432 tix,$ 803,240385,2014-07-13,Modern Premier #7283106,modern,modern-premier-7283106,modern-premier-7283106-2014-07-13
16,1,Forest,,Lands,4,2,GW Hatebears,CharlieTheBananaKing,432 tix,$ 803,240385,2014-07-13,Modern Premier #7283106,modern,modern-premier-7283106,modern-premier-7283106-2014-07-13
17,2,Gavony Township,,Lands,4,2,GW Hatebears,CharlieTheBananaKing,432 tix,$ 803,240385,2014-07-13,Modern Premier #7283106,modern,modern-premier-7283106,modern-premier-7283106-2014-07-13
18,4,Ghost Quarter,,Lands,4,2,GW Hatebears,CharlieTheBananaKing,432 tix,$ 803,240385,2014-07-13,Modern Premier #7283106,modern,modern-premier-7283106,modern-premier-7283106-2014-07-13
19,4,Horizon Canopy,,Lands,4,2,GW Hatebears,CharlieTheBananaKing,432 tix,$ 803,240385,2014-07-13,Modern Premier #7283106,modern,modern-premier-7283106,modern-premier-7283106-2014-07-13
20,2,Plains,,Lands,4,2,GW Hatebears,CharlieTheBananaKing,432 tix,$ 803,240385,2014-07-13,Modern Premier #7283106,modern,modern-premier-7283106,modern-premier-7283106-2014-07-13
21,4,Razorverge Thicket,,Lands,4,2,GW Hatebears,CharlieTheBananaKing,432 tix,$ 803,240385,2014-07-13,Modern Premier #7283106,modern,modern-premier-7283106,modern-premier-7283106-2014-07-13
22,4,Temple Garden,,Lands,4,2,GW Hatebears,CharlieTheBananaKing,432 tix,$ 803,240385,2014-07-13,Modern Premier #7283106,modern,modern-premier-7283106,modern-premier-7283106-2014-07-13
24,1,Sunlance,,Sideboard,4,2,GW Hatebears,CharlieTheBananaKing,432 tix,$ 803,240385,2014-07-13,Modern Premier #7283106,modern,modern-premier-7283106,modern-premier-7283106-2014-07-13
25,1,Gaddock Teeg,,Sideboard,4,2,GW Hatebears,CharlieTheBananaKing,432 tix,$ 803,240385,2014-07-13,Modern Premier #7283106,modern,modern-premier-7283106,modern-premier-7283106-2014-07-13
26,2,Mark of Asylum,,Sideboard,4,2,GW Hatebears,CharlieTheBananaKing,432 tix,$ 803,240385,2014-07-13,Modern Premier #7283106,modern,modern-premier-7283106,modern-premier-7283106-2014-07-13
27,1,Qasali Pridemage,,Sideboard,4,2,GW Hatebears,CharlieTheBananaKing,432 tix,$ 803,240385,2014-07-13,Modern Premier #7283106,modern,modern-premier-7283106,modern-premier-7283106-2014-07-13
28,4,Stony Silence,,Sideboard,4,2,GW Hatebears,CharlieTheBananaKing,432 tix,$ 803,240385,2014-07-13,Modern Premier #7283106,modern,modern-premier-7283106,modern-premier-7283106-2014-07-13
29,2,Choke,,Sideboard,4,2,GW Hatebears,CharlieTheBananaKing,432 tix,$ 803,240385,2014-07-13,Modern Premier #7283106,modern,modern-premier-7283106,modern-premier-7283106-2014-07-13
30,2,Crucible of Worlds,,Sideboard,4,2,GW Hatebears,CharlieTheBananaKing,432 tix,$ 803,240385,2014-07-13,Modern Premier #7283106,modern,modern-premier-7283106,modern-premier-7283106-2014-07-13
31,1,Dismember,,Sideboard,4,2,GW Hatebears,CharlieTheBananaKing,432 tix,$ 803,240385,2014-07-13,Modern Premier #7283106,modern,modern-premier-7283106,modern-premier-7283106-2014-07-13
32,1,"Linvala, Keeper of Silence",,Sideboard,4,2,GW Hatebears,CharlieTheBananaKing,432 tix,$ 803,240385,2014-07-13,Modern Premier #7283106,modern,modern-premier-7283106,modern-premier-7283106-2014-07-13
1,4,Arbor Elf,,Creatures,4,2,Gr Devotion Wave,Vagar,42 tix,$ 189,240382,2014-07-13,Modern Premier #7283106,modern,modern-premier-7283106,modern-premier-7283106-2014-07-13
2,3,Burning-Tree Emissary,,Creatures,4,2,Gr Devotion Wave,Vagar,42 tix,$ 189,240382,2014-07-13,Modern Premier #7283106,modern,modern-premier-7283106,modern-premier-7283106-2014-07-13
3,2,Courser of Kruphix,,Creatures,4,2,Gr Devotion Wave,Vagar,42 tix,$ 189,240382,2014-07-13,Modern Premier #7283106,modern,modern-premier-7283106,modern-premier-7283106-2014-07-13
4,4,Eternal Witness,,Creatures,4,2,Gr Devotion Wave,Vagar,42 tix,$ 189,240382,2014-07-13,Modern Premier #7283106,modern,modern-premier-7283106,modern-premier-7283106-2014-07-13
5,1,Predator Ooze,,Creatures,4,2,Gr Devotion Wave,Vagar,42 tix,$ 189,240382,2014-07-13,Modern Premier #7283106,modern,modern-premier-7283106,modern-premier-7283106-2014-07-13
6,3,Wistful Selkie,,Creatures,4,2,Gr Devotion Wave,Vagar,42 tix,$ 189,240382,2014-07-13,Modern Premier #7283106,modern,modern-premier-7283106,modern-premier-7283106-2014-07-13
7,1,Craterhoof Behemoth,,Creatures,4,2,Gr Devotion Wave,Vagar,42 tix,$ 189,240382,2014-07-13,Modern Premier #7283106,modern,modern-premier-7283106,modern-premier-7283106-2014-07-13
8,1,Terastodon,,Creatures,4,2,Gr Devotion Wave,Vagar,42 tix,$ 189,240382,2014-07-13,Modern Premier #7283106,modern,modern-premier-7283106,modern-premier-7283106-2014-07-13
10,4,Garruk Wildspeaker,,Planeswalkers,4,2,Gr Devotion Wave,Vagar,42 tix,$ 189,240382,2014-07-13,Modern Premier #7283106,modern,modern-premier-7283106,modern-premier-7283106-2014-07-13
12,4,Genesis Wave,,Spells,4,2,Gr Devotion Wave,Vagar,42 tix,$ 189,240382,2014-07-13,Modern Premier #7283106,modern,modern-premier-7283106,modern-premier-7283106-2014-07-13
13,2,Primal Command,,Spells,4,2,Gr Devotion Wave,Vagar,42 tix,$ 189,240382,2014-07-13,Modern Premier #7283106,modern,modern-premier-7283106,modern-premier-7283106-2014-07-13
15,3,Expedition Map,,Artifacts,4,2,Gr Devotion Wave,Vagar,42 tix,$ 189,240382,2014-07-13,Modern Premier #7283106,modern,modern-premier-7283106,modern-premier-7283106-2014-07-13
17,4,Utopia Sprawl,,Enchantments,4,2,Gr Devotion Wave,Vagar,42 tix,$ 189,240382,2014-07-13,Modern Premier #7283106,modern,modern-premier-7283106,modern-premier-7283106-2014-07-13
18,3,Fertile Ground,,Enchantments,4,2,Gr Devotion Wave,Vagar,42 tix,$ 189,240382,2014-07-13,Modern Premier #7283106,modern,modern-premier-7283106,modern-premier-7283106-2014-07-13
20,16,Forest,,Lands,4,2,Gr Devotion Wave,Vagar,42 tix,$ 189,240382,2014-07-13,Modern Premier #7283106,modern,modern-premier-7283106,modern-premier-7283106-2014-07-13
21,1,Kessig Wolf Run,,Lands,4,2,Gr Devotion Wave,Vagar,42 tix,$ 189,240382,2014-07-13,Modern Premier #7283106,modern,modern-premier-7283106,modern-premier-7283106-2014-07-13
22,4,"Nykthos, Shrine to Nyx",,Lands,4,2,Gr Devotion Wave,Vagar,42 tix,$ 189,240382,2014-07-13,Modern Premier #7283106,modern,modern-premier-7283106,modern-premier-7283106-2014-07-13
24,1,Bojuka Bog,,Sideboard,4,2,Gr Devotion Wave,Vagar,42 tix,$ 189,240382,2014-07-13,Modern Premier #7283106,modern,modern-premier-7283106,modern-premier-7283106-2014-07-13
25,2,Ghost Quarter,,Sideboard,4,2,Gr Devotion Wave,Vagar,42 tix,$ 189,240382,2014-07-13,Modern Premier #7283106,modern,modern-premier-7283106,modern-premier-7283106-2014-07-13
26,2,Lightning Bolt,,Sideboard,4,2,Gr Devotion Wave,Vagar,42 tix,$ 189,240382,2014-07-13,Modern Premier #7283106,modern,modern-premier-7283106,modern-premier-7283106-2014-07-13
27,3,Nature's Claim,,Sideboard,4,2,Gr Devotion Wave,Vagar,42 tix,$ 189,240382,2014-07-13,Modern Premier #7283106,modern,modern-premier-7283106,modern-premier-7283106-2014-07-13
28,3,Ancient Grudge,,Sideboard,4,2,Gr Devotion Wave,Vagar,42 tix,$ 189,240382,2014-07-13,Modern Premier #7283106,modern,modern-premier-7283106,modern-premier-7283106-2014-07-13
29,3,Beast Within,,Sideboard,4,2,Gr Devotion Wave,Vagar,42 tix,$ 189,240382,2014-07-13,Modern Premier #7283106,modern,modern-premier-7283106,modern-premier-7283106-2014-07-13
30,1,Stone Rain,,Sideboard,4,2,Gr Devotion Wave,Vagar,42 tix,$ 189,240382,2014-07-13,Modern Premier #7283106,modern,modern-premier-7283106,modern-premier-7283106-2014-07-13
1,4,Dark Confidant,,Creatures,4,2,Jund,sakimmd,542 tix,"$ 1,944",240384,2014-07-13,Modern Premier #7283106,modern,modern-premier-7283106,modern-premier-7283106-2014-07-13
2,4,Scavenging Ooze,,Creatures,4,2,Jund,sakimmd,542 tix,"$ 1,944",240384,2014-07-13,Modern Premier #7283106,modern,modern-premier-7283106,modern-premier-7283106-2014-07-13
3,4,Tarmogoyf,,Creatures,4,2,Jund,sakimmd,542 tix,"$ 1,944",240384,2014-07-13,Modern Premier #7283106,modern,modern-premier-7283106,modern-premier-7283106-2014-07-13
4,1,Falkenrath Aristocrat,,Creatures,4,2,Jund,sakimmd,542 tix,"$ 1,944",240384,2014-07-13,Modern Premier #7283106,modern,modern-premier-7283106,modern-premier-7283106-2014-07-13
5,2,Huntmaster of the Fells,,Creatures,4,2,Jund,sakimmd,542 tix,"$ 1,944",240384,2014-07-13,Modern Premier #7283106,modern,modern-premier-7283106,modern-premier-7283106-2014-07-13
7,4,Liliana of the Veil,,Planeswalkers,4,2,Jund,sakimmd,542 tix,"$ 1,944",240384,2014-07-13,Modern Premier #7283106,modern,modern-premier-7283106,modern-premier-7283106-2014-07-13
9,4,Inquisition of Kozilek,,Spells,4,2,Jund,sakimmd,542 tix,"$ 1,944",240384,2014-07-13,Modern Premier #7283106,modern,modern-premier-7283106,modern-premier-7283106-2014-07-13
10,4,Lightning Bolt,,Spells,4,2,Jund,sakimmd,542 tix,"$ 1,944",240384,2014-07-13,Modern Premier #7283106,modern,modern-premier-7283106,modern-premier-7283106-2014-07-13
11,4,Thoughtseize,,Spells,4,2,Jund,sakimmd,542 tix,"$ 1,944",240384,2014-07-13,Modern Premier #7283106,modern,modern-premier-7283106,modern-premier-7283106-2014-07-13
12,3,Abrupt Decay,,Spells,4,2,Jund,sakimmd,542 tix,"$ 1,944",240384,2014-07-13,Modern Premier #7283106,modern,modern-premier-7283106,modern-premier-7283106-2014-07-13
13,2,Terminate,,Spells,4,2,Jund,sakimmd,542 tix,"$ 1,944",240384,2014-07-13,Modern Premier #7283106,modern,modern-premier-7283106,modern-premier-7283106-2014-07-13
15,4,Blackcleave Cliffs,,Lands,4,2,Jund,sakimmd,542 tix,"$ 1,944",240384,2014-07-13,Modern Premier #7283106,modern,modern-premier-7283106,modern-premier-7283106-2014-07-13
16,1,Blood Crypt,,Lands,4,2,Jund,sakimmd,542 tix,"$ 1,944",240384,2014-07-13,Modern Premier #7283106,modern,modern-premier-7283106,modern-premier-7283106-2014-07-13
17,2,Copperline Gorge,,Lands,4,2,Jund,sakimmd,542 tix,"$ 1,944",240384,2014-07-13,Modern Premier #7283106,modern,modern-premier-7283106,modern-premier-7283106-2014-07-13
18,1,Forest,,Lands,4,2,Jund,sakimmd,542 tix,"$ 1,944",240384,2014-07-13,Modern Premier #7283106,modern,modern-premier-7283106,modern-premier-7283106-2014-07-13
19,1,Marsh Flats,,Lands,4,2,Jund,sakimmd,542 tix,"$ 1,944",240384,2014-07-13,Modern Premier #7283106,modern,modern-premier-7283106,modern-premier-7283106-2014-07-13
20,1,Overgrown Tomb,,Lands,4,2,Jund,sakimmd,542 tix,"$ 1,944",240384,2014-07-13,Modern Premier #7283106,modern,modern-premier-7283106,modern-premier-7283106-2014-07-13
21,4,Raging Ravine,,Lands,4,2,Jund,sakimmd,542 tix,"$ 1,944",240384,2014-07-13,Modern Premier #7283106,modern,modern-premier-7283106,modern-premier-7283106-2014-07-13
22,1,Stomping Ground,,Lands,4,2,Jund,sakimmd,542 tix,"$ 1,944",240384,2014-07-13,Modern Premier #7283106,modern,modern-premier-7283106,modern-premier-7283106-2014-07-13
23,2,Swamp,,Lands,4,2,Jund,sakimmd,542 tix,"$ 1,944",240384,2014-07-13,Modern Premier #7283106,modern,modern-premier-7283106,modern-premier-7283106-2014-07-13
24,2,Treetop Village,,Lands,4,2,Jund,sakimmd,542 tix,"$ 1,944",240384,2014-07-13,Modern Premier #7283106,modern,modern-premier-7283106,modern-premier-7283106-2014-07-13
25,1,Twilight Mire,,Lands,4,2,Jund,sakimmd,542 tix,"$ 1,944",240384,2014-07-13,Modern Premier #7283106,modern,modern-premier-7283106,modern-premier-7283106-2014-07-13
26,4,Verdant Catacombs,,Lands,4,2,Jund,sakimmd,542 tix,"$ 1,944",240384,2014-07-13,Modern Premier #7283106,modern,modern-premier-7283106,modern-premier-7283106-2014-07-13
28,3,Tectonic Edge,,Sideboard,4,2,Jund,sakimmd,542 tix,"$ 1,944",240384,2014-07-13,Modern Premier #7283106,modern,modern-premier-7283106,modern-premier-7283106-2014-07-13
29,3,Ancient Grudge,,Sideboard,4,2,Jund,sakimmd,542 tix,"$ 1,944",240384,2014-07-13,Modern Premier #7283106,modern,modern-premier-7283106,modern-premier-7283106-2014-07-13
30,1,Unravel the Aether,,Sideboard,4,2,Jund,sakimmd,542 tix,"$ 1,944",240384,2014-07-13,Modern Premier #7283106,modern,modern-premier-7283106,modern-premier-7283106-2014-07-13
31,2,Anger of the Gods,,Sideboard,4,2,Jund,sakimmd,542 tix,"$ 1,944",240384,2014-07-13,Modern Premier #7283106,modern,modern-premier-7283106,modern-premier-7283106-2014-07-13
32,1,Courser of Kruphix,,Sideboard,4,2,Jund,sakimmd,542 tix,"$ 1,944",240384,2014-07-13,Modern Premier #7283106,modern,modern-premier-7283106,modern-premier-7283106-2014-07-13
33,1,Cunning Sparkmage,,Sideboard,4,2,Jund,sakimmd,542 tix,"$ 1,944",240384,2014-07-13,Modern Premier #7283106,modern,modern-premier-7283106,modern-premier-7283106-2014-07-13
34,3,Molten Rain,,Sideboard,4,2,Jund,sakimmd,542 tix,"$ 1,944",240384,2014-07-13,Modern Premier #7283106,modern,modern-premier-7283106,modern-premier-7283106-2014-07-13
35,1,"Thrun, the Last Troll",,Sideboard,4,2,Jund,sakimmd,542 tix,"$ 1,944",240384,2014-07-13,Modern Premier #7283106,modern,modern-premier-7283106,modern-premier-7283106-2014-07-13
1,4,Dark Confidant,,Creatures,4,2,Junk,JusticeG,584 tix,"$ 1,846",240379,2014-07-13,Modern Premier #7283106,modern,modern-premier-7283106,modern-premier-7283106-2014-07-13
2,4,Scavenging Ooze,,Creatures,4,2,Junk,JusticeG,584 tix,"$ 1,846",240379,2014-07-13,Modern Premier #7283106,modern,modern-premier-7283106,modern-premier-7283106-2014-07-13
3,4,Tarmogoyf,,Creatures,4,2,Junk,JusticeG,584 tix,"$ 1,846",240379,2014-07-13,Modern Premier #7283106,modern,modern-premier-7283106,modern-premier-7283106-2014-07-13
4,1,Desecration Demon,,Creatures,4,2,Junk,JusticeG,584 tix,"$ 1,846",240379,2014-07-13,Modern Premier #7283106,modern,modern-premier-7283106,modern-premier-7283106-2014-07-13
5,2,Obstinate Baloth,,Creatures,4,2,Junk,JusticeG,584 tix,"$ 1,846",240379,2014-07-13,Modern Premier #7283106,modern,modern-premier-7283106,modern-premier-7283106-2014-07-13
7,4,Liliana of the Veil,,Planeswalkers,4,2,Junk,JusticeG,584 tix,"$ 1,846",240379,2014-07-13,Modern Premier #7283106,modern,modern-premier-7283106,modern-premier-7283106-2014-07-13
8,1,Garruk Wildspeaker,,Planeswalkers,4,2,Junk,JusticeG,584 tix,"$ 1,846",240379,2014-07-13,Modern Premier #7283106,modern,modern-premier-7283106,modern-premier-7283106-2014-07-13
10,3,Inquisition of Kozilek,,Spells,4,2,Junk,JusticeG,584 tix,"$ 1,846",240379,2014-07-13,Modern Premier #7283106,modern,modern-premier-7283106,modern-premier-7283106-2014-07-13
11,4,Thoughtseize,,Spells,4,2,Junk,JusticeG,584 tix,"$ 1,846",240379,2014-07-13,Modern Premier #7283106,modern,modern-premier-7283106,modern-premier-7283106-2014-07-13
12,4,Abrupt Decay,,Spells,4,2,Junk,JusticeG,584 tix,"$ 1,846",240379,2014-07-13,Modern Premier #7283106,modern,modern-premier-7283106,modern-premier-7283106-2014-07-13
13,2,Dismember,,Spells,4,2,Junk,JusticeG,584 tix,"$ 1,846",240379,2014-07-13,Modern Premier #7283106,modern,modern-premier-7283106,modern-premier-7283106-2014-07-13
14,1,Maelstrom Pulse,,Spells,4,2,Junk,JusticeG,584 tix,"$ 1,846",240379,2014-07-13,Modern Premier #7283106,modern,modern-premier-7283106,modern-premier-7283106-2014-07-13
15,2,Putrefy,,Spells,4,2,Junk,JusticeG,584 tix,"$ 1,846",240379,2014-07-13,Modern Premier #7283106,modern,modern-premier-7283106,modern-premier-7283106-2014-07-13
17,2,Forest,,Lands,4,2,Junk,JusticeG,584 tix,"$ 1,846",240379,2014-07-13,Modern Premier #7283106,modern,modern-premier-7283106,modern-premier-7283106-2014-07-13
18,2,Marsh Flats,,Lands,4,2,Junk,JusticeG,584 tix,"$ 1,846",240379,2014-07-13,Modern Premier #7283106,modern,modern-premier-7283106,modern-premier-7283106-2014-07-13
19,2,Mutavault,,Lands,4,2,Junk,JusticeG,584 tix,"$ 1,846",240379,2014-07-13,Modern Premier #7283106,modern,modern-premier-7283106,modern-premier-7283106-2014-07-13
20,3,Overgrown Tomb,,Lands,4,2,Junk,JusticeG,584 tix,"$ 1,846",240379,2014-07-13,Modern Premier #7283106,modern,modern-premier-7283106,modern-premier-7283106-2014-07-13
21,2,Swamp,,Lands,4,2,Junk,JusticeG,584 tix,"$ 1,846",240379,2014-07-13,Modern Premier #7283106,modern,modern-premier-7283106,modern-premier-7283106-2014-07-13
22,2,Tectonic Edge,,Lands,4,2,Junk,JusticeG,584 tix,"$ 1,846",240379,2014-07-13,Modern Premier #7283106,modern,modern-premier-7283106,modern-premier-7283106-2014-07-13
23,4,Treetop Village,,Lands,4,2,Junk,JusticeG,584 tix,"$ 1,846",240379,2014-07-13,Modern Premier #7283106,modern,modern-premier-7283106,modern-premier-7283106-2014-07-13
24,2,Twilight Mire,,Lands,4,2,Junk,JusticeG,584 tix,"$ 1,846",240379,2014-07-13,Modern Premier #7283106,modern,modern-premier-7283106,modern-premier-7283106-2014-07-13
25,1,"Urborg, Tomb of Yawgmoth",,Lands,4,2,Junk,JusticeG,584 tix,"$ 1,846",240379,2014-07-13,Modern Premier #7283106,modern,modern-premier-7283106,modern-premier-7283106-2014-07-13
26,4,Verdant Catacombs,,Lands,4,2,Junk,JusticeG,584 tix,"$ 1,846",240379,2014-07-13,Modern Premier #7283106,modern,modern-premier-7283106,modern-premier-7283106-2014-07-13
28,1,Disfigure,,Sideboard,4,2,Junk,JusticeG,584 tix,"$ 1,846",240379,2014-07-13,Modern Premier #7283106,modern,modern-premier-7283106,modern-premier-7283106-2014-07-13
29,1,Duress,,Sideboard,4,2,Junk,JusticeG,584 tix,"$ 1,846",240379,2014-07-13,Modern Premier #7283106,modern,modern-premier-7283106,modern-premier-7283106-2014-07-13
30,2,Grafdigger's Cage,,Sideboard,4,2,Junk,JusticeG,584 tix,"$ 1,846",240379,2014-07-13,Modern Premier #7283106,modern,modern-premier-7283106,modern-premier-7283106-2014-07-13
31,2,Drown in Sorrow,,Sideboard,4,2,Junk,JusticeG,584 tix,"$ 1,846",240379,2014-07-13,Modern Premier #7283106,modern,modern-premier-7283106,modern-premier-7283106-2014-07-13
32,4,Fulminator Mage,,Sideboard,4,2,Junk,JusticeG,584 tix,"$ 1,846",240379,2014-07-13,Modern Premier #7283106,modern,modern-premier-7283106,modern-premier-7283106-2014-07-13
33,3,Creeping Corrosion,,Sideboard,4,2,Junk,JusticeG,584 tix,"$ 1,846",240379,2014-07-13,Modern Premier #7283106,modern,modern-premier-7283106,modern-premier-7283106-2014-07-13
34,1,Hideous Laughter,,Sideboard,4,2,Junk,JusticeG,584 tix,"$ 1,846",240379,2014-07-13,Modern Premier #7283106,modern,modern-premier-7283106,modern-premier-7283106-2014-07-13
35,1,Obstinate Baloth,,Sideboard,4,2,Junk,JusticeG,584 tix,"$ 1,846",240379,2014-07-13,Modern Premier #7283106,modern,modern-premier-7283106,modern-premier-7283106-2014-07-13
1,4,Wurmcoil Engine,,Creatures,4,2,RG Tron,discoverN,291 tix,$ 781,240388,2014-07-13,Modern Premier #7283106,modern,modern-premier-7283106,modern-premier-7283106-2014-07-13
2,1,Sundering Titan,,Creatures,4,2,RG Tron,discoverN,291 tix,$ 781,240388,2014-07-13,Modern Premier #7283106,modern,modern-premier-7283106,modern-premier-7283106-2014-07-13
3,1,"Emrakul, the Aeons Torn",,Creatures,4,2,RG Tron,discoverN,291 tix,$ 781,240388,2014-07-13,Modern Premier #7283106,modern,modern-premier-7283106,modern-premier-7283106-2014-07-13
5,4,Karn Liberated,,Planeswalkers,4,2,RG Tron,discoverN,291 tix,$ 781,240388,2014-07-13,Modern Premier #7283106,modern,modern-premier-7283106,modern-premier-7283106-2014-07-13
7,4,Ancient Stirrings,,Spells,4,2,RG Tron,discoverN,291 tix,$ 781,240388,2014-07-13,Modern Premier #7283106,modern,modern-premier-7283106,modern-premier-7283106-2014-07-13
8,4,Sylvan Scrying,,Spells,4,2,RG Tron,discoverN,291 tix,$ 781,240388,2014-07-13,Modern Premier #7283106,modern,modern-premier-7283106,modern-premier-7283106-2014-07-13
9,1,All Is Dust,,Spells,4,2,RG Tron,discoverN,291 tix,$ 781,240388,2014-07-13,Modern Premier #7283106,modern,modern-premier-7283106,modern-premier-7283106-2014-07-13
11,4,Mishra's Bauble,,Artifacts,4,2,RG Tron,discoverN,291 tix,$ 781,240388,2014-07-13,Modern Premier #7283106,modern,modern-premier-7283106,modern-premier-7283106-2014-07-13
12,4,Chromatic Sphere,,Artifacts,4,2,RG Tron,discoverN,291 tix,$ 781,240388,2014-07-13,Modern Premier #7283106,modern,modern-premier-7283106,modern-premier-7283106-2014-07-13
13,4,Chromatic Star,,Artifacts,4,2,RG Tron,discoverN,291 tix,$ 781,240388,2014-07-13,Modern Premier #7283106,modern,modern-premier-7283106,modern-premier-7283106-2014-07-13
14,4,Expedition Map,,Artifacts,4,2,RG Tron,discoverN,291 tix,$ 781,240388,2014-07-13,Modern Premier #7283106,modern,modern-premier-7283106,modern-premier-7283106-2014-07-13
15,2,Relic of Progenitus,,Artifacts,4,2,RG Tron,discoverN,291 tix,$ 781,240388,2014-07-13,Modern Premier #7283106,modern,modern-premier-7283106,modern-premier-7283106-2014-07-13
16,4,Oblivion Stone,,Artifacts,4,2,RG Tron,discoverN,291 tix,$ 781,240388,2014-07-13,Modern Premier #7283106,modern,modern-premier-7283106,modern-premier-7283106-2014-07-13
18,1,Eye of Ugin,,Lands,4,2,RG Tron,discoverN,291 tix,$ 781,240388,2014-07-13,Modern Premier #7283106,modern,modern-premier-7283106,modern-premier-7283106-2014-07-13
19,1,Forest,,Lands,4,2,RG Tron,discoverN,291 tix,$ 781,240388,2014-07-13,Modern Premier #7283106,modern,modern-premier-7283106,modern-premier-7283106-2014-07-13
20,1,Ghost Quarter,,Lands,4,2,RG Tron,discoverN,291 tix,$ 781,240388,2014-07-13,Modern Premier #7283106,modern,modern-premier-7283106,modern-premier-7283106-2014-07-13
21,4,Grove of the Burnwillows,,Lands,4,2,RG Tron,discoverN,291 tix,$ 781,240388,2014-07-13,Modern Premier #7283106,modern,modern-premier-7283106,modern-premier-7283106-2014-07-13
22,4,Urza's Mine,,Lands,4,2,RG Tron,discoverN,291 tix,$ 781,240388,2014-07-13,Modern Premier #7283106,modern,modern-premier-7283106,modern-premier-7283106-2014-07-13
23,4,Urza's Power Plant,,Lands,4,2,RG Tron,discoverN,291 tix,$ 781,240388,2014-07-13,Modern Premier #7283106,modern,modern-premier-7283106,modern-premier-7283106-2014-07-13
24,4,Urza's Tower,,Lands,4,2,RG Tron,discoverN,291 tix,$ 781,240388,2014-07-13,Modern Premier #7283106,modern,modern-premier-7283106,modern-premier-7283106-2014-07-13
26,4,Nature's Claim,,Sideboard,4,2,RG Tron,discoverN,291 tix,$ 781,240388,2014-07-13,Modern Premier #7283106,modern,modern-premier-7283106,modern-premier-7283106-2014-07-13
27,1,Relic of Progenitus,,Sideboard,4,2,RG Tron,discoverN,291 tix,$ 781,240388,2014-07-13,Modern Premier #7283106,modern,modern-premier-7283106,modern-premier-7283106-2014-07-13
28,3,Defense Grid,,Sideboard,4,2,RG Tron,discoverN,291 tix,$ 781,240388,2014-07-13,Modern Premier #7283106,modern,modern-premier-7283106,modern-premier-7283106-2014-07-13
29,2,Pyroclasm,,Sideboard,4,2,RG Tron,discoverN,291 tix,$ 781,240388,2014-07-13,Modern Premier #7283106,modern,modern-premier-7283106,modern-premier-7283106-2014-07-13
30,3,Spellskite,,Sideboard,4,2,RG Tron,discoverN,291 tix,$ 781,240388,2014-07-13,Modern Premier #7283106,modern,modern-premier-7283106,modern-premier-7283106-2014-07-13
31,1,Bottle Gnomes,,Sideboard,4,2,RG Tron,discoverN,291 tix,$ 781,240388,2014-07-13,Modern Premier #7283106,modern,modern-premier-7283106,modern-premier-7283106-2014-07-13
32,1,Sundering Titan,,Sideboard,4,2,RG Tron,discoverN,291 tix,$ 781,240388,2014-07-13,Modern Premier #7283106,modern,modern-premier-7283106,modern-premier-7283106-2014-07-13
1,2,Grim Lavamancer,,Creatures,4,2,Splinter Twin,wallofspikes,313 tix,"$ 1,150",240387,2014-07-13,Modern Premier #7283106,modern,modern-premier-7283106,modern-premier-7283106-2014-07-13
2,4,Snapcaster Mage,,Creatures,4,2,Splinter Twin,wallofspikes,313 tix,"$ 1,150",240387,2014-07-13,Modern Premier #7283106,modern,modern-premier-7283106,modern-premier-7283106-2014-07-13
3,1,Spellskite,,Creatures,4,2,Splinter Twin,wallofspikes,313 tix,"$ 1,150",240387,2014-07-13,Modern Premier #7283106,modern,modern-premier-7283106,modern-premier-7283106-2014-07-13
4,3,Deceiver Exarch,,Creatures,4,2,Splinter Twin,wallofspikes,313 tix,"$ 1,150",240387,2014-07-13,Modern Premier #7283106,modern,modern-premier-7283106,modern-premier-7283106-2014-07-13
5,3,Pestermite,,Creatures,4,2,Splinter Twin,wallofspikes,313 tix,"$ 1,150",240387,2014-07-13,Modern Premier #7283106,modern,modern-premier-7283106,modern-premier-7283106-2014-07-13
6,1,Vendilion Clique,,Creatures,4,2,Splinter Twin,wallofspikes,313 tix,"$ 1,150",240387,2014-07-13,Modern Premier #7283106,modern,modern-premier-7283106,modern-premier-7283106-2014-07-13
7,1,"Kiki-Jiki, Mirror Breaker",,Creatures,4,2,Splinter Twin,wallofspikes,313 tix,"$ 1,150",240387,2014-07-13,Modern Premier #7283106,modern,modern-premier-7283106,modern-premier-7283106-2014-07-13
9,1,Flame Slash,,Spells,4,2,Splinter Twin,wallofspikes,313 tix,"$ 1,150",240387,2014-07-13,Modern Premier #7283106,modern,modern-premier-7283106,modern-premier-7283106-2014-07-13
10,4,Lightning Bolt,,Spells,4,2,Splinter Twin,wallofspikes,313 tix,"$ 1,150",240387,2014-07-13,Modern Premier #7283106,modern,modern-premier-7283106,modern-premier-7283106-2014-07-13
11,1,Peek,,Spells,4,2,Splinter Twin,wallofspikes,313 tix,"$ 1,150",240387,2014-07-13,Modern Premier #7283106,modern,modern-premier-7283106,modern-premier-7283106-2014-07-13
12,4,Serum Visions,,Spells,4,2,Splinter Twin,wallofspikes,313 tix,"$ 1,150",240387,2014-07-13,Modern Premier #7283106,modern,modern-premier-7283106,modern-premier-7283106-2014-07-13
13,4,Remand,,Spells,4,2,Splinter Twin,wallofspikes,313 tix,"$ 1,150",240387,2014-07-13,Modern Premier #7283106,modern,modern-premier-7283106,modern-premier-7283106-2014-07-13
14,1,Counterflux,,Spells,4,2,Splinter Twin,wallofspikes,313 tix,"$ 1,150",240387,2014-07-13,Modern Premier #7283106,modern,modern-premier-7283106,modern-premier-7283106-2014-07-13
15,2,Electrolyze,,Spells,4,2,Splinter Twin,wallofspikes,313 tix,"$ 1,150",240387,2014-07-13,Modern Premier #7283106,modern,modern-premier-7283106,modern-premier-7283106-2014-07-13
16,2,Cryptic Command,,Spells,4,2,Splinter Twin,wallofspikes,313 tix,"$ 1,150",240387,2014-07-13,Modern Premier #7283106,modern,modern-premier-7283106,modern-premier-7283106-2014-07-13
18,4,Splinter Twin,,Enchantments,4,2,Splinter Twin,wallofspikes,313 tix,"$ 1,150",240387,2014-07-13,Modern Premier #7283106,modern,modern-premier-7283106,modern-premier-7283106-2014-07-13
20,1,Desolate Lighthouse,,Lands,4,2,Splinter Twin,wallofspikes,313 tix,"$ 1,150",240387,2014-07-13,Modern Premier #7283106,modern,modern-premier-7283106,modern-premier-7283106-2014-07-13
21,3,Island,,Lands,4,2,Splinter Twin,wallofspikes,313 tix,"$ 1,150",240387,2014-07-13,Modern Premier #7283106,modern,modern-premier-7283106,modern-premier-7283106-2014-07-13
22,4,Misty Rainforest,,Lands,4,2,Splinter Twin,wallofspikes,313 tix,"$ 1,150",240387,2014-07-13,Modern Premier #7283106,modern,modern-premier-7283106,modern-premier-7283106-2014-07-13
23,1,Mountain,,Lands,4,2,Splinter Twin,wallofspikes,313 tix,"$ 1,150",240387,2014-07-13,Modern Premier #7283106,modern,modern-premier-7283106,modern-premier-7283106-2014-07-13
24,4,Scalding Tarn,,Lands,4,2,Splinter Twin,wallofspikes,313 tix,"$ 1,150",240387,2014-07-13,Modern Premier #7283106,modern,modern-premier-7283106,modern-premier-7283106-2014-07-13
25,3,Steam Vents,,Lands,4,2,Splinter Twin,wallofspikes,313 tix,"$ 1,150",240387,2014-07-13,Modern Premier #7283106,modern,modern-premier-7283106,modern-premier-7283106-2014-07-13
26,1,Stomping Ground,,Lands,4,2,Splinter Twin,wallofspikes,313 tix,"$ 1,150",240387,2014-07-13,Modern Premier #7283106,modern,modern-premier-7283106,modern-premier-7283106-2014-07-13
27,3,Sulfur Falls,,Lands,4,2,Splinter Twin,wallofspikes,313 tix,"$ 1,150",240387,2014-07-13,Modern Premier #7283106,modern,modern-premier-7283106,modern-premier-7283106-2014-07-13
28,2,Tectonic Edge,,Lands,4,2,Splinter Twin,wallofspikes,313 tix,"$ 1,150",240387,2014-07-13,Modern Premier #7283106,modern,modern-premier-7283106,modern-premier-7283106-2014-07-13
30,1,Dispel,,Sideboard,4,2,Splinter Twin,wallofspikes,313 tix,"$ 1,150",240387,2014-07-13,Modern Premier #7283106,modern,modern-premier-7283106,modern-premier-7283106-2014-07-13
31,2,Relic of Progenitus,,Sideboard,4,2,Splinter Twin,wallofspikes,313 tix,"$ 1,150",240387,2014-07-13,Modern Premier #7283106,modern,modern-premier-7283106,modern-premier-7283106-2014-07-13
32,2,Ancient Grudge,,Sideboard,4,2,Splinter Twin,wallofspikes,313 tix,"$ 1,150",240387,2014-07-13,Modern Premier #7283106,modern,modern-premier-7283106,modern-premier-7283106-2014-07-13
33,1,Combust,,Sideboard,4,2,Splinter Twin,wallofspikes,313 tix,"$ 1,150",240387,2014-07-13,Modern Premier #7283106,modern,modern-premier-7283106,modern-premier-7283106-2014-07-13
34,1,Echoing Truth,,Sideboard,4,2,Splinter Twin,wallofspikes,313 tix,"$ 1,150",240387,2014-07-13,Modern Premier #7283106,modern,modern-premier-7283106,modern-premier-7283106-2014-07-13
35,2,Anger of the Gods,,Sideboard,4,2,Splinter Twin,wallofspikes,313 tix,"$ 1,150",240387,2014-07-13,Modern Premier #7283106,modern,modern-premier-7283106,modern-premier-7283106-2014-07-13
36,3,Blood Moon,,Sideboard,4,2,Splinter Twin,wallofspikes,313 tix,"$ 1,150",240387,2014-07-13,Modern Premier #7283106,modern,modern-premier-7283106,modern-premier-7283106-2014-07-13
37,1,Threads of Disloyalty,,Sideboard,4,2,Splinter Twin,wallofspikes,313 tix,"$ 1,150",240387,2014-07-13,Modern Premier #7283106,modern,modern-premier-7283106,modern-premier-7283106-2014-07-13
38,1,Batterskull,,Sideboard,4,2,Splinter Twin,wallofspikes,313 tix,"$ 1,150",240387,2014-07-13,Modern Premier #7283106,modern,modern-premier-7283106,modern-premier-7283106-2014-07-13
39,1,"Keranos, God of Storms",,Sideboard,4,2,Splinter Twin,wallofspikes,313 tix,"$ 1,150",240387,2014-07-13,Modern Premier #7283106,modern,modern-premier-7283106,modern-premier-7283106-2014-07-13
1,4,Cursecatcher,,Creatures,3,3,Merfolk,solufa,150 tix,$ 462,240391,2014-07-13,Modern Premier #7283106,modern,modern-premier-7283106,modern-premier-7283106-2014-07-13
2,4,Mothdust Changeling,,Creatures,3,3,Merfolk,solufa,150 tix,$ 462,240391,2014-07-13,Modern Premier #7283106,modern,modern-premier-7283106,modern-premier-7283106-2014-07-13
3,4,Lord of Atlantis,,Creatures,3,3,Merfolk,solufa,150 tix,$ 462,240391,2014-07-13,Modern Premier #7283106,modern,modern-premier-7283106,modern-premier-7283106-2014-07-13
4,4,Master of the Pearl Trident,,Creatures,3,3,Merfolk,solufa,150 tix,$ 462,240391,2014-07-13,Modern Premier #7283106,modern,modern-premier-7283106,modern-premier-7283106-2014-07-13
5,4,Silvergill Adept,,Creatures,3,3,Merfolk,solufa,150 tix,$ 462,240391,2014-07-13,Modern Premier #7283106,modern,modern-premier-7283106,modern-premier-7283106-2014-07-13
6,4,Spellstutter Sprite,,Creatures,3,3,Merfolk,solufa,150 tix,$ 462,240391,2014-07-13,Modern Premier #7283106,modern,modern-premier-7283106,modern-premier-7283106-2014-07-13
7,4,Merrow Reejerey,,Creatures,3,3,Merfolk,solufa,150 tix,$ 462,240391,2014-07-13,Modern Premier #7283106,modern,modern-premier-7283106,modern-premier-7283106-2014-07-13
8,1,"Thassa, God of the Sea",,Creatures,3,3,Merfolk,solufa,150 tix,$ 462,240391,2014-07-13,Modern Premier #7283106,modern,modern-premier-7283106,modern-premier-7283106-2014-07-13
10,2,Path to Exile,,Spells,3,3,Merfolk,solufa,150 tix,$ 462,240391,2014-07-13,Modern Premier #7283106,modern,modern-premier-7283106,modern-premier-7283106-2014-07-13
12,4,Aether Vial,,Artifacts,3,3,Merfolk,solufa,150 tix,$ 462,240391,2014-07-13,Modern Premier #7283106,modern,modern-premier-7283106,modern-premier-7283106-2014-07-13
14,4,Spreading Seas,,Enchantments,3,3,Merfolk,solufa,150 tix,$ 462,240391,2014-07-13,Modern Premier #7283106,modern,modern-premier-7283106,modern-premier-7283106-2014-07-13
16,4,Hallowed Fountain,,Lands,3,3,Merfolk,solufa,150 tix,$ 462,240391,2014-07-13,Modern Premier #7283106,modern,modern-premier-7283106,modern-premier-7283106-2014-07-13
17,4,Island,,Lands,3,3,Merfolk,solufa,150 tix,$ 462,240391,2014-07-13,Modern Premier #7283106,modern,modern-premier-7283106,modern-premier-7283106-2014-07-13
18,1,Moorland Haunt,,Lands,3,3,Merfolk,solufa,150 tix,$ 462,240391,2014-07-13,Modern Premier #7283106,modern,modern-premier-7283106,modern-premier-7283106-2014-07-13
19,4,Mutavault,,Lands,3,3,Merfolk,solufa,150 tix,$ 462,240391,2014-07-13,Modern Premier #7283106,modern,modern-premier-7283106,modern-premier-7283106-2014-07-13
20,4,Seachrome Coast,,Lands,3,3,Merfolk,solufa,150 tix,$ 462,240391,2014-07-13,Modern Premier #7283106,modern,modern-premier-7283106,modern-premier-7283106-2014-07-13
21,4,Wanderwine Hub,,Lands,3,3,Merfolk,solufa,150 tix,$ 462,240391,2014-07-13,Modern Premier #7283106,modern,modern-premier-7283106,modern-premier-7283106-2014-07-13
23,2,Path to Exile,,Sideboard,3,3,Merfolk,solufa,150 tix,$ 462,240391,2014-07-13,Modern Premier #7283106,modern,modern-premier-7283106,modern-premier-7283106-2014-07-13
24,2,Relic of Progenitus,,Sideboard,3,3,Merfolk,solufa,150 tix,$ 462,240391,2014-07-13,Modern Premier #7283106,modern,modern-premier-7283106,modern-premier-7283106-2014-07-13
25,2,Mark of Asylum,,Sideboard,3,3,Merfolk,solufa,150 tix,$ 462,240391,2014-07-13,Modern Premier #7283106,modern,modern-premier-7283106,modern-premier-7283106-2014-07-13
26,3,Stony Silence,,Sideboard,3,3,Merfolk,solufa,150 tix,$ 462,240391,2014-07-13,Modern Premier #7283106,modern,modern-premier-7283106,modern-premier-7283106-2014-07-13
27,3,Tidebinder Mage,,Sideboard,3,3,Merfolk,solufa,150 tix,$ 462,240391,2014-07-13,Modern Premier #7283106,modern,modern-premier-7283106,modern-premier-7283106-2014-07-13
28,2,Dismember,,Sideboard,3,3,Merfolk,solufa,150 tix,$ 462,240391,2014-07-13,Modern Premier #7283106,modern,modern-premier-7283106,modern-premier-7283106-2014-07-13
29,1,"Ephara, God of the Polis",,Sideboard,3,3,Merfolk,solufa,150 tix,$ 462,240391,2014-07-13,Modern Premier #7283106,modern,modern-premier-7283106,modern-premier-7283106-2014-07-13
1,4,Sakura-Tribe Elder,,Creatures,3,3,Scapeshift,NonoH,280 tix,"$ 1,067",240390,2014-07-13,Modern Premier #7283106,modern,modern-premier-7283106,modern-premier-7283106-2014-07-13
2,2,Snapcaster Mage,,Creatures,3,3,Scapeshift,NonoH,280 tix,"$ 1,067",240390,2014-07-13,Modern Premier #7283106,modern,modern-premier-7283106,modern-premier-7283106-2014-07-13
4,1,Repeal,,Spells,3,3,Scapeshift,NonoH,280 tix,"$ 1,067",240390,2014-07-13,Modern Premier #7283106,modern,modern-premier-7283106,modern-premier-7283106-2014-07-13
5,4,Serum Visions,,Spells,3,3,Scapeshift,NonoH,280 tix,"$ 1,067",240390,2014-07-13,Modern Premier #7283106,modern,modern-premier-7283106,modern-premier-7283106-2014-07-13
6,1,Farseek,,Spells,3,3,Scapeshift,NonoH,280 tix,"$ 1,067",240390,2014-07-13,Modern Premier #7283106,modern,modern-premier-7283106,modern-premier-7283106-2014-07-13
7,2,Izzet Charm,,Spells,3,3,Scapeshift,NonoH,280 tix,"$ 1,067",240390,2014-07-13,Modern Premier #7283106,modern,modern-premier-7283106,modern-premier-7283106-2014-07-13
8,3,Peer Through Depths,,Spells,3,3,Scapeshift,NonoH,280 tix,"$ 1,067",240390,2014-07-13,Modern Premier #7283106,modern,modern-premier-7283106,modern-premier-7283106-2014-07-13
9,4,Remand,,Spells,3,3,Scapeshift,NonoH,280 tix,"$ 1,067",240390,2014-07-13,Modern Premier #7283106,modern,modern-premier-7283106,modern-premier-7283106-2014-07-13
10,1,Telling Time,,Spells,3,3,Scapeshift,NonoH,280 tix,"$ 1,067",240390,2014-07-13,Modern Premier #7283106,modern,modern-premier-7283106,modern-premier-7283106-2014-07-13
11,2,Electrolyze,,Spells,3,3,Scapeshift,NonoH,280 tix,"$ 1,067",240390,2014-07-13,Modern Premier #7283106,modern,modern-premier-7283106,modern-premier-7283106-2014-07-13
12,4,Search for Tomorrow,,Spells,3,3,Scapeshift,NonoH,280 tix,"$ 1,067",240390,2014-07-13,Modern Premier #7283106,modern,modern-premier-7283106,modern-premier-7283106-2014-07-13
13,4,Cryptic Command,,Spells,3,3,Scapeshift,NonoH,280 tix,"$ 1,067",240390,2014-07-13,Modern Premier #7283106,modern,modern-premier-7283106,modern-premier-7283106-2014-07-13
14,4,Scapeshift,,Spells,3,3,Scapeshift,NonoH,280 tix,"$ 1,067",240390,2014-07-13,Modern Premier #7283106,modern,modern-premier-7283106,modern-premier-7283106-2014-07-13
16,2,Breeding Pool,,Lands,3,3,Scapeshift,NonoH,280 tix,"$ 1,067",240390,2014-07-13,Modern Premier #7283106,modern,modern-premier-7283106,modern-premier-7283106-2014-07-13
17,2,Flooded Grove,,Lands,3,3,Scapeshift,NonoH,280 tix,"$ 1,067",240390,2014-07-13,Modern Premier #7283106,modern,modern-premier-7283106,modern-premier-7283106-2014-07-13
18,2,Forest,,Lands,3,3,Scapeshift,NonoH,280 tix,"$ 1,067",240390,2014-07-13,Modern Premier #7283106,modern,modern-premier-7283106,modern-premier-7283106-2014-07-13
19,3,Island,,Lands,3,3,Scapeshift,NonoH,280 tix,"$ 1,067",240390,2014-07-13,Modern Premier #7283106,modern,modern-premier-7283106,modern-premier-7283106-2014-07-13
20,3,Misty Rainforest,,Lands,3,3,Scapeshift,NonoH,280 tix,"$ 1,067",240390,2014-07-13,Modern Premier #7283106,modern,modern-premier-7283106,modern-premier-7283106-2014-07-13
21,2,Mountain,,Lands,3,3,Scapeshift,NonoH,280 tix,"$ 1,067",240390,2014-07-13,Modern Premier #7283106,modern,modern-premier-7283106,modern-premier-7283106-2014-07-13
22,4,Steam Vents,,Lands,3,3,Scapeshift,NonoH,280 tix,"$ 1,067",240390,2014-07-13,Modern Premier #7283106,modern,modern-premier-7283106,modern-premier-7283106-2014-07-13
23,4,Stomping Ground,,Lands,3,3,Scapeshift,NonoH,280 tix,"$ 1,067",240390,2014-07-13,Modern Premier #7283106,modern,modern-premier-7283106,modern-premier-7283106-2014-07-13
24,2,"Valakut, the Molten Pinnacle",,Lands,3,3,Scapeshift,NonoH,280 tix,"$ 1,067",240390,2014-07-13,Modern Premier #7283106,modern,modern-premier-7283106,modern-premier-7283106-2014-07-13
26,2,Engineered Explosives,,Sideboard,3,3,Scapeshift,NonoH,280 tix,"$ 1,067",240390,2014-07-13,Modern Premier #7283106,modern,modern-premier-7283106,modern-premier-7283106-2014-07-13
27,2,Nature's Claim,,Sideboard,3,3,Scapeshift,NonoH,280 tix,"$ 1,067",240390,2014-07-13,Modern Premier #7283106,modern,modern-premier-7283106,modern-premier-7283106-2014-07-13
28,2,Swan Song,,Sideboard,3,3,Scapeshift,NonoH,280 tix,"$ 1,067",240390,2014-07-13,Modern Premier #7283106,modern,modern-premier-7283106,modern-premier-7283106-2014-07-13
29,3,Anger of the Gods,,Sideboard,3,3,Scapeshift,NonoH,280 tix,"$ 1,067",240390,2014-07-13,Modern Premier #7283106,modern,modern-premier-7283106,modern-premier-7283106-2014-07-13
30,4,Obstinate Baloth,,Sideboard,3,3,Scapeshift,NonoH,280 tix,"$ 1,067",240390,2014-07-13,Modern Premier #7283106,modern,modern-premier-7283106,modern-premier-7283106-2014-07-13
31,2,"Teferi, Mage of Zhalfir",,Sideboard,3,3,Scapeshift,NonoH,280 tix,"$ 1,067",240390,2014-07-13,Modern Premier #7283106,modern,modern-premier-7283106,modern-premier-7283106-2014-07-13
1,4,Snapcaster Mage,,Creatures,3,3,UWR Control,YYsapporo,330 tix,"$ 1,303",240389,2014-07-13,Modern Premier #7283106,modern,modern-premier-7283106,modern-premier-7283106-2014-07-13
2,4,Geist of Saint Traft,,Creatures,3,3,UWR Control,YYsapporo,330 tix,"$ 1,303",240389,2014-07-13,Modern Premier #7283106,modern,modern-premier-7283106,modern-premier-7283106-2014-07-13
3,4,Restoration Angel,,Creatures,3,3,UWR Control,YYsapporo,330 tix,"$ 1,303",240389,2014-07-13,Modern Premier #7283106,modern,modern-premier-7283106,modern-premier-7283106-2014-07-13
5,4,Lightning Bolt,,Spells,3,3,UWR Control,YYsapporo,330 tix,"$ 1,303",240389,2014-07-13,Modern Premier #7283106,modern,modern-premier-7283106,modern-premier-7283106-2014-07-13
6,4,Path to Exile,,Spells,3,3,UWR Control,YYsapporo,330 tix,"$ 1,303",240389,2014-07-13,Modern Premier #7283106,modern,modern-premier-7283106,modern-premier-7283106-2014-07-13
7,2,Spell Snare,,Spells,3,3,UWR Control,YYsapporo,330 tix,"$ 1,303",240389,2014-07-13,Modern Premier #7283106,modern,modern-premier-7283106,modern-premier-7283106-2014-07-13
8,4,Lightning Helix,,Spells,3,3,UWR Control,YYsapporo,330 tix,"$ 1,303",240389,2014-07-13,Modern Premier #7283106,modern,modern-premier-7283106,modern-premier-7283106-2014-07-13
9,3,Mana Leak,,Spells,3,3,UWR Control,YYsapporo,330 tix,"$ 1,303",240389,2014-07-13,Modern Premier #7283106,modern,modern-premier-7283106,modern-premier-7283106-2014-07-13
10,1,Remand,,Spells,3,3,UWR Control,YYsapporo,330 tix,"$ 1,303",240389,2014-07-13,Modern Premier #7283106,modern,modern-premier-7283106,modern-premier-7283106-2014-07-13
11,2,Electrolyze,,Spells,3,3,UWR Control,YYsapporo,330 tix,"$ 1,303",240389,2014-07-13,Modern Premier #7283106,modern,modern-premier-7283106,modern-premier-7283106-2014-07-13
12,3,Cryptic Command,,Spells,3,3,UWR Control,YYsapporo,330 tix,"$ 1,303",240389,2014-07-13,Modern Premier #7283106,modern,modern-premier-7283106,modern-premier-7283106-2014-07-13
14,4,Arid Mesa,,Lands,3,3,UWR Control,YYsapporo,330 tix,"$ 1,303",240389,2014-07-13,Modern Premier #7283106,modern,modern-premier-7283106,modern-premier-7283106-2014-07-13
15,4,Celestial Colonnade,,Lands,3,3,UWR Control,YYsapporo,330 tix,"$ 1,303",240389,2014-07-13,Modern Premier #7283106,modern,modern-premier-7283106,modern-premier-7283106-2014-07-13
16,2,Hallowed Fountain,,Lands,3,3,UWR Control,YYsapporo,330 tix,"$ 1,303",240389,2014-07-13,Modern Premier #7283106,modern,modern-premier-7283106,modern-premier-7283106-2014-07-13
17,2,Island,,Lands,3,3,UWR Control,YYsapporo,330 tix,"$ 1,303",240389,2014-07-13,Modern Premier #7283106,modern,modern-premier-7283106,modern-premier-7283106-2014-07-13
18,1,Mountain,,Lands,3,3,UWR Control,YYsapporo,330 tix,"$ 1,303",240389,2014-07-13,Modern Premier #7283106,modern,modern-premier-7283106,modern-premier-7283106-2014-07-13
19,1,Plains,,Lands,3,3,UWR Control,YYsapporo,330 tix,"$ 1,303",240389,2014-07-13,Modern Premier #7283106,modern,modern-premier-7283106,modern-premier-7283106-2014-07-13
20,1,Sacred Foundry,,Lands,3,3,UWR Control,YYsapporo,330 tix,"$ 1,303",240389,2014-07-13,Modern Premier #7283106,modern,modern-premier-7283106,modern-premier-7283106-2014-07-13
21,4,Scalding Tarn,,Lands,3,3,UWR Control,YYsapporo,330 tix,"$ 1,303",240389,2014-07-13,Modern Premier #7283106,modern,modern-premier-7283106,modern-premier-7283106-2014-07-13
22,2,Steam Vents,,Lands,3,3,UWR Control,YYsapporo,330 tix,"$ 1,303",240389,2014-07-13,Modern Premier #7283106,modern,modern-premier-7283106,modern-premier-7283106-2014-07-13
23,2,Sulfur Falls,,Lands,3,3,UWR Control,YYsapporo,330 tix,"$ 1,303",240389,2014-07-13,Modern Premier #7283106,modern,modern-premier-7283106,modern-premier-7283106-2014-07-13
24,2,Tectonic Edge,,Lands,3,3,UWR Control,YYsapporo,330 tix,"$ 1,303",240389,2014-07-13,Modern Premier #7283106,modern,modern-premier-7283106,modern-premier-7283106-2014-07-13
26,2,Wear & Tear,,Sideboard,3,3,UWR Control,YYsapporo,330 tix,"$ 1,303",240389,2014-07-13,Modern Premier #7283106,modern,modern-premier-7283106,modern-premier-7283106-2014-07-13
27,1,Combust,,Sideboard,3,3,UWR Control,YYsapporo,330 tix,"$ 1,303",240389,2014-07-13,Modern Premier #7283106,modern,modern-premier-7283106,modern-premier-7283106-2014-07-13
28,2,Negate,,Sideboard,3,3,UWR Control,YYsapporo,330 tix,"$ 1,303",240389,2014-07-13,Modern Premier #7283106,modern,modern-premier-7283106,modern-premier-7283106-2014-07-13
29,2,Stony Silence,,Sideboard,3,3,UWR Control,YYsapporo,330 tix,"$ 1,303",240389,2014-07-13,Modern Premier #7283106,modern,modern-premier-7283106,modern-premier-7283106-2014-07-13
30,1,Counterflux,,Sideboard,3,3,UWR Control,YYsapporo,330 tix,"$ 1,303",240389,2014-07-13,Modern Premier #7283106,modern,modern-premier-7283106,modern-premier-7283106-2014-07-13
31,4,Izzet Staticaster,,Sideboard,3,3,UWR Control,YYsapporo,330 tix,"$ 1,303",240389,2014-07-13,Modern Premier #7283106,modern,modern-premier-7283106,modern-premier-7283106-2014-07-13
32,2,Threads of Disloyalty,,Sideboard,3,3,UWR Control,YYsapporo,330 tix,"$ 1,303",240389,2014-07-13,Modern Premier #7283106,modern,modern-premier-7283106,modern-premier-7283106-2014-07-13
33,1,Batterskull,,Sideboard,3,3,UWR Control,YYsapporo,330 tix,"$ 1,303",240389,2014-07-13,Modern Premier #7283106,modern,modern-premier-7283106,modern-premier-7283106-2014-07-13
1,2,Memnite,,Creatures,5,0,Affinity,Joshsantos92,397 tix,$ 936,240395,2014-07-13,Modern Premier #7283071,modern,modern-premier-7283071,modern-premier-7283071-2014-07-13
2,4,Ornithopter,,Creatures,5,0,Affinity,Joshsantos92,397 tix,$ 936,240395,2014-07-13,Modern Premier #7283071,modern,modern-premier-7283071,modern-premier-7283071-2014-07-13
3,4,Signal Pest,,Creatures,5,0,Affinity,Joshsantos92,397 tix,$ 936,240395,2014-07-13,Modern Premier #7283071,modern,modern-premier-7283071,modern-premier-7283071-2014-07-13
4,4,Arcbound Ravager,,Creatures,5,0,Affinity,Joshsantos92,397 tix,$ 936,240395,2014-07-13,Modern Premier #7283071,modern,modern-premier-7283071,modern-premier-7283071-2014-07-13
5,4,Steel Overseer,,Creatures,5,0,Affinity,Joshsantos92,397 tix,$ 936,240395,2014-07-13,Modern Premier #7283071,modern,modern-premier-7283071,modern-premier-7283071-2014-07-13
6,4,Vault Skirge,,Creatures,5,0,Affinity,Joshsantos92,397 tix,$ 936,240395,2014-07-13,Modern Premier #7283071,modern,modern-premier-7283071,modern-premier-7283071-2014-07-13
7,3,Etched Champion,,Creatures,5,0,Affinity,Joshsantos92,397 tix,$ 936,240395,2014-07-13,Modern Premier #7283071,modern,modern-premier-7283071,modern-premier-7283071-2014-07-13
8,1,Master of Etherium,,Creatures,5,0,Affinity,Joshsantos92,397 tix,$ 936,240395,2014-07-13,Modern Premier #7283071,modern,modern-premier-7283071,modern-premier-7283071-2014-07-13
10,2,Galvanic Blast,,Spells,5,0,Affinity,Joshsantos92,397 tix,$ 936,240395,2014-07-13,Modern Premier #7283071,modern,modern-premier-7283071,modern-premier-7283071-2014-07-13
11,3,Thoughtcast,,Spells,5,0,Affinity,Joshsantos92,397 tix,$ 936,240395,2014-07-13,Modern Premier #7283071,modern,modern-premier-7283071,modern-premier-7283071-2014-07-13
13,4,Mox Opal,,Artifacts,5,0,Affinity,Joshsantos92,397 tix,$ 936,240395,2014-07-13,Modern Premier #7283071,modern,modern-premier-7283071,modern-premier-7283071-2014-07-13
14,1,Welding Jar,,Artifacts,5,0,Affinity,Joshsantos92,397 tix,$ 936,240395,2014-07-13,Modern Premier #7283071,modern,modern-premier-7283071,modern-premier-7283071-2014-07-13
15,4,Springleaf Drum,,Artifacts,5,0,Affinity,Joshsantos92,397 tix,$ 936,240395,2014-07-13,Modern Premier #7283071,modern,modern-premier-7283071,modern-premier-7283071-2014-07-13
16,4,Cranial Plating,,Artifacts,5,0,Affinity,Joshsantos92,397 tix,$ 936,240395,2014-07-13,Modern Premier #7283071,modern,modern-premier-7283071,modern-premier-7283071-2014-07-13
18,4,Blinkmoth Nexus,,Lands,5,0,Affinity,Joshsantos92,397 tix,$ 936,240395,2014-07-13,Modern Premier #7283071,modern,modern-premier-7283071,modern-premier-7283071-2014-07-13
19,4,Darksteel Citadel,,Lands,5,0,Affinity,Joshsantos92,397 tix,$ 936,240395,2014-07-13,Modern Premier #7283071,modern,modern-premier-7283071,modern-premier-7283071-2014-07-13
20,3,Glimmervoid,,Lands,5,0,Affinity,Joshsantos92,397 tix,$ 936,240395,2014-07-13,Modern Premier #7283071,modern,modern-premier-7283071,modern-premier-7283071-2014-07-13
21,4,Inkmoth Nexus,,Lands,5,0,Affinity,Joshsantos92,397 tix,$ 936,240395,2014-07-13,Modern Premier #7283071,modern,modern-premier-7283071,modern-premier-7283071-2014-07-13
22,1,Island,,Lands,5,0,Affinity,Joshsantos92,397 tix,$ 936,240395,2014-07-13,Modern Premier #7283071,modern,modern-premier-7283071,modern-premier-7283071-2014-07-13
24,1,Grafdigger's Cage,,Sideboard,5,0,Affinity,Joshsantos92,397 tix,$ 936,240395,2014-07-13,Modern Premier #7283071,modern,modern-premier-7283071,modern-premier-7283071-2014-07-13
25,2,Gut Shot,,Sideboard,5,0,Affinity,Joshsantos92,397 tix,$ 936,240395,2014-07-13,Modern Premier #7283071,modern,modern-premier-7283071,modern-premier-7283071-2014-07-13
26,1,Nature's Claim,,Sideboard,5,0,Affinity,Joshsantos92,397 tix,$ 936,240395,2014-07-13,Modern Premier #7283071,modern,modern-premier-7283071,modern-premier-7283071-2014-07-13
27,1,Relic of Progenitus,,Sideboard,5,0,Affinity,Joshsantos92,397 tix,$ 936,240395,2014-07-13,Modern Premier #7283071,modern,modern-premier-7283071,modern-premier-7283071-2014-07-13
28,1,Spell Pierce,,Sideboard,5,0,Affinity,Joshsantos92,397 tix,$ 936,240395,2014-07-13,Modern Premier #7283071,modern,modern-premier-7283071,modern-premier-7283071-2014-07-13
29,2,Thoughtseize,,Sideboard,5,0,Affinity,Joshsantos92,397 tix,$ 936,240395,2014-07-13,Modern Premier #7283071,modern,modern-premier-7283071,modern-premier-7283071-2014-07-13
30,1,Ancient Grudge,,Sideboard,5,0,Affinity,Joshsantos92,397 tix,$ 936,240395,2014-07-13,Modern Premier #7283071,modern,modern-premier-7283071,modern-premier-7283071-2014-07-13
31,2,Spellskite,,Sideboard,5,0,Affinity,Joshsantos92,397 tix,$ 936,240395,2014-07-13,Modern Premier #7283071,modern,modern-premier-7283071,modern-premier-7283071-2014-07-13
32,1,Torpor Orb,,Sideboard,5,0,Affinity,Joshsantos92,397 tix,$ 936,240395,2014-07-13,Modern Premier #7283071,modern,modern-premier-7283071,modern-premier-7283071-2014-07-13
33,1,Blood Moon,,Sideboard,5,0,Affinity,Joshsantos92,397 tix,$ 936,240395,2014-07-13,Modern Premier #7283071,modern,modern-premier-7283071,modern-premier-7283071-2014-07-13
34,1,Dismember,,Sideboard,5,0,Affinity,Joshsantos92,397 tix,$ 936,240395,2014-07-13,Modern Premier #7283071,modern,modern-premier-7283071,modern-premier-7283071-2014-07-13
35,1,Master of Etherium,,Sideboard,5,0,Affinity,Joshsantos92,397 tix,$ 936,240395,2014-07-13,Modern Premier #7283071,modern,modern-premier-7283071,modern-premier-7283071-2014-07-13
1,4,Noble Hierarch,,Creatures,5,0,GW Hatebears,CharlieTheBananaKing,432 tix,$ 803,240392,2014-07-13,Modern Premier #7283071,modern,modern-premier-7283071,modern-premier-7283071-2014-07-13
2,4,Leonin Arbiter,,Creatures,5,0,GW Hatebears,CharlieTheBananaKing,432 tix,$ 803,240392,2014-07-13,Modern Premier #7283071,modern,modern-premier-7283071,modern-premier-7283071-2014-07-13
3,3,Scavenging Ooze,,Creatures,5,0,GW Hatebears,CharlieTheBananaKing,432 tix,$ 803,240392,2014-07-13,Modern Premier #7283071,modern,modern-premier-7283071,modern-premier-7283071-2014-07-13
4,3,"Thalia, Guardian of Thraben",,Creatures,5,0,GW Hatebears,CharlieTheBananaKing,432 tix,$ 803,240392,2014-07-13,Modern Premier #7283071,modern,modern-premier-7283071,modern-premier-7283071-2014-07-13
5,3,Aven Mindcensor,,Creatures,5,0,GW Hatebears,CharlieTheBananaKing,432 tix,$ 803,240392,2014-07-13,Modern Premier #7283071,modern,modern-premier-7283071,modern-premier-7283071-2014-07-13
6,4,Blade Splicer,,Creatures,5,0,GW Hatebears,CharlieTheBananaKing,432 tix,$ 803,240392,2014-07-13,Modern Premier #7283071,modern,modern-premier-7283071,modern-premier-7283071-2014-07-13
7,4,Flickerwisp,,Creatures,5,0,GW Hatebears,CharlieTheBananaKing,432 tix,$ 803,240392,2014-07-13,Modern Premier #7283071,modern,modern-premier-7283071,modern-premier-7283071-2014-07-13
8,1,"Linvala, Keeper of Silence",,Creatures,5,0,GW Hatebears,CharlieTheBananaKing,432 tix,$ 803,240392,2014-07-13,Modern Premier #7283071,modern,modern-premier-7283071,modern-premier-7283071-2014-07-13
9,4,Restoration Angel,,Creatures,5,0,GW Hatebears,CharlieTheBananaKing,432 tix,$ 803,240392,2014-07-13,Modern Premier #7283071,modern,modern-premier-7283071,modern-premier-7283071-2014-07-13
11,4,Path to Exile,,Spells,5,0,GW Hatebears,CharlieTheBananaKing,432 tix,$ 803,240392,2014-07-13,Modern Premier #7283071,modern,modern-premier-7283071,modern-premier-7283071-2014-07-13
13,4,Aether Vial,,Artifacts,5,0,GW Hatebears,CharlieTheBananaKing,432 tix,$ 803,240392,2014-07-13,Modern Premier #7283071,modern,modern-premier-7283071,modern-premier-7283071-2014-07-13
15,1,Eiganjo Castle,,Lands,5,0,GW Hatebears,CharlieTheBananaKing,432 tix,$ 803,240392,2014-07-13,Modern Premier #7283071,modern,modern-premier-7283071,modern-premier-7283071-2014-07-13
16,1,Forest,,Lands,5,0,GW Hatebears,CharlieTheBananaKing,432 tix,$ 803,240392,2014-07-13,Modern Premier #7283071,modern,modern-premier-7283071,modern-premier-7283071-2014-07-13
17,2,Gavony Township,,Lands,5,0,GW Hatebears,CharlieTheBananaKing,432 tix,$ 803,240392,2014-07-13,Modern Premier #7283071,modern,modern-premier-7283071,modern-premier-7283071-2014-07-13
18,4,Ghost Quarter,,Lands,5,0,GW Hatebears,CharlieTheBananaKing,432 tix,$ 803,240392,2014-07-13,Modern Premier #7283071,modern,modern-premier-7283071,modern-premier-7283071-2014-07-13
19,4,Horizon Canopy,,Lands,5,0,GW Hatebears,CharlieTheBananaKing,432 tix,$ 803,240392,2014-07-13,Modern Premier #7283071,modern,modern-premier-7283071,modern-premier-7283071-2014-07-13
20,2,Plains,,Lands,5,0,GW Hatebears,CharlieTheBananaKing,432 tix,$ 803,240392,2014-07-13,Modern Premier #7283071,modern,modern-premier-7283071,modern-premier-7283071-2014-07-13
21,4,Razorverge Thicket,,Lands,5,0,GW Hatebears,CharlieTheBananaKing,432 tix,$ 803,240392,2014-07-13,Modern Premier #7283071,modern,modern-premier-7283071,modern-premier-7283071-2014-07-13
22,4,Temple Garden,,Lands,5,0,GW Hatebears,CharlieTheBananaKing,432 tix,$ 803,240392,2014-07-13,Modern Premier #7283071,modern,modern-premier-7283071,modern-premier-7283071-2014-07-13
24,1,Sunlance,,Sideboard,5,0,GW Hatebears,CharlieTheBananaKing,432 tix,$ 803,240392,2014-07-13,Modern Premier #7283071,modern,modern-premier-7283071,modern-premier-7283071-2014-07-13
25,1,Gaddock Teeg,,Sideboard,5,0,GW Hatebears,CharlieTheBananaKing,432 tix,$ 803,240392,2014-07-13,Modern Premier #7283071,modern,modern-premier-7283071,modern-premier-7283071-2014-07-13
26,2,Mark of Asylum,,Sideboard,5,0,GW Hatebears,CharlieTheBananaKing,432 tix,$ 803,240392,2014-07-13,Modern Premier #7283071,modern,modern-premier-7283071,modern-premier-7283071-2014-07-13
27,1,Qasali Pridemage,,Sideboard,5,0,GW Hatebears,CharlieTheBananaKing,432 tix,$ 803,240392,2014-07-13,Modern Premier #7283071,modern,modern-premier-7283071,modern-premier-7283071-2014-07-13
28,4,Stony Silence,,Sideboard,5,0,GW Hatebears,CharlieTheBananaKing,432 tix,$ 803,240392,2014-07-13,Modern Premier #7283071,modern,modern-premier-7283071,modern-premier-7283071-2014-07-13
29,2,Choke,,Sideboard,5,0,GW Hatebears,CharlieTheBananaKing,432 tix,$ 803,240392,2014-07-13,Modern Premier #7283071,modern,modern-premier-7283071,modern-premier-7283071-2014-07-13
30,2,Crucible of Worlds,,Sideboard,5,0,GW Hatebears,CharlieTheBananaKing,432 tix,$ 803,240392,2014-07-13,Modern Premier #7283071,modern,modern-premier-7283071,modern-premier-7283071-2014-07-13
31,1,Dismember,,Sideboard,5,0,GW Hatebears,CharlieTheBananaKing,432 tix,$ 803,240392,2014-07-13,Modern Premier #7283071,modern,modern-premier-7283071,modern-premier-7283071-2014-07-13
32,1,"Linvala, Keeper of Silence",,Sideboard,5,0,GW Hatebears,CharlieTheBananaKing,432 tix,$ 803,240392,2014-07-13,Modern Premier #7283071,modern,modern-premier-7283071,modern-premier-7283071-2014-07-13
1,1,Dryad Arbor,,Creatures,5,0,Living End,mechalink,304 tix,$ 986,240396,2014-07-13,Modern Premier #7283071,modern,modern-premier-7283071,modern-premier-7283071-2014-07-13
2,2,Fulminator Mage,,Creatures,5,0,Living End,mechalink,304 tix,$ 986,240396,2014-07-13,Modern Premier #7283071,modern,modern-premier-7283071,modern-premier-7283071-2014-07-13
3,4,Simian Spirit Guide,,Creatures,5,0,Living End,mechalink,304 tix,$ 986,240396,2014-07-13,Modern Premier #7283071,modern,modern-premier-7283071,modern-premier-7283071-2014-07-13
4,2,Avalanche Riders,,Creatures,5,0,Living End,mechalink,304 tix,$ 986,240396,2014-07-13,Modern Premier #7283071,modern,modern-premier-7283071,modern-premier-7283071-2014-07-13
5,4,Deadshot Minotaur,,Creatures,5,0,Living End,mechalink,304 tix,$ 986,240396,2014-07-13,Modern Premier #7283071,modern,modern-premier-7283071,modern-premier-7283071-2014-07-13
6,4,Monstrous Carabid,,Creatures,5,0,Living End,mechalink,304 tix,$ 986,240396,2014-07-13,Modern Premier #7283071,modern,modern-premier-7283071,modern-premier-7283071-2014-07-13
7,4,Street Wraith,,Creatures,5,0,Living End,mechalink,304 tix,$ 986,240396,2014-07-13,Modern Premier #7283071,modern,modern-premier-7283071,modern-premier-7283071-2014-07-13
8,4,Pale Recluse,,Creatures,5,0,Living End,mechalink,304 tix,$ 986,240396,2014-07-13,Modern Premier #7283071,modern,modern-premier-7283071,modern-premier-7283071-2014-07-13
9,2,Twisted Abomination,,Creatures,5,0,Living End,mechalink,304 tix,$ 986,240396,2014-07-13,Modern Premier #7283071,modern,modern-premier-7283071,modern-premier-7283071-2014-07-13
11,3,Living End,,Spells,5,0,Living End,mechalink,304 tix,$ 986,240396,2014-07-13,Modern Premier #7283071,modern,modern-premier-7283071,modern-premier-7283071-2014-07-13
12,4,Demonic Dread,,Spells,5,0,Living End,mechalink,304 tix,$ 986,240396,2014-07-13,Modern Premier #7283071,modern,modern-premier-7283071,modern-premier-7283071-2014-07-13
13,4,Violent Outburst,,Spells,5,0,Living End,mechalink,304 tix,$ 986,240396,2014-07-13,Modern Premier #7283071,modern,modern-premier-7283071,modern-premier-7283071-2014-07-13
15,4,Blood Moon,,Enchantments,5,0,Living End,mechalink,304 tix,$ 986,240396,2014-07-13,Modern Premier #7283071,modern,modern-premier-7283071,modern-premier-7283071-2014-07-13
17,4,Blackcleave Cliffs,,Lands,5,0,Living End,mechalink,304 tix,$ 986,240396,2014-07-13,Modern Premier #7283071,modern,modern-premier-7283071,modern-premier-7283071-2014-07-13
18,1,Blood Crypt,,Lands,5,0,Living End,mechalink,304 tix,$ 986,240396,2014-07-13,Modern Premier #7283071,modern,modern-premier-7283071,modern-premier-7283071-2014-07-13
19,1,Forest,,Lands,5,0,Living End,mechalink,304 tix,$ 986,240396,2014-07-13,Modern Premier #7283071,modern,modern-premier-7283071,modern-premier-7283071-2014-07-13
20,1,Godless Shrine,,Lands,5,0,Living End,mechalink,304 tix,$ 986,240396,2014-07-13,Modern Premier #7283071,modern,modern-premier-7283071,modern-premier-7283071-2014-07-13
21,2,Grove of the Burnwillows,,Lands,5,0,Living End,mechalink,304 tix,$ 986,240396,2014-07-13,Modern Premier #7283071,modern,modern-premier-7283071,modern-premier-7283071-2014-07-13
22,1,Overgrown Tomb,,Lands,5,0,Living End,mechalink,304 tix,$ 986,240396,2014-07-13,Modern Premier #7283071,modern,modern-premier-7283071,modern-premier-7283071-2014-07-13
23,1,Plains,,Lands,5,0,Living End,mechalink,304 tix,$ 986,240396,2014-07-13,Modern Premier #7283071,modern,modern-premier-7283071,modern-premier-7283071-2014-07-13
24,1,Stomping Ground,,Lands,5,0,Living End,mechalink,304 tix,$ 986,240396,2014-07-13,Modern Premier #7283071,modern,modern-premier-7283071,modern-premier-7283071-2014-07-13
25,2,Swamp,,Lands,5,0,Living End,mechalink,304 tix,$ 986,240396,2014-07-13,Modern Premier #7283071,modern,modern-premier-7283071,modern-premier-7283071-2014-07-13
26,4,Verdant Catacombs,,Lands,5,0,Living End,mechalink,304 tix,$ 986,240396,2014-07-13,Modern Premier #7283071,modern,modern-premier-7283071,modern-premier-7283071-2014-07-13
28,1,Stony Silence,,Sideboard,5,0,Living End,mechalink,304 tix,$ 986,240396,2014-07-13,Modern Premier #7283071,modern,modern-premier-7283071,modern-premier-7283071-2014-07-13
29,3,Beast Within,,Sideboard,5,0,Living End,mechalink,304 tix,$ 986,240396,2014-07-13,Modern Premier #7283071,modern,modern-premier-7283071,modern-premier-7283071-2014-07-13
30,2,Fulminator Mage,,Sideboard,5,0,Living End,mechalink,304 tix,$ 986,240396,2014-07-13,Modern Premier #7283071,modern,modern-premier-7283071,modern-premier-7283071-2014-07-13
31,3,Gnaw to the Bone,,Sideboard,5,0,Living End,mechalink,304 tix,$ 986,240396,2014-07-13,Modern Premier #7283071,modern,modern-premier-7283071,modern-premier-7283071-2014-07-13
32,4,Leyline of the Void,,Sideboard,5,0,Living End,mechalink,304 tix,$ 986,240396,2014-07-13,Modern Premier #7283071,modern,modern-premier-7283071,modern-premier-7283071-2014-07-13
33,2,Ingot Chewer,,Sideboard,5,0,Living End,mechalink,304 tix,$ 986,240396,2014-07-13,Modern Premier #7283071,modern,modern-premier-7283071,modern-premier-7283071-2014-07-13
1,4,Sakura-Tribe Elder,,Creatures,5,0,Scapeshift,HugoVenda,240 tix,"$ 1,013",240394,2014-07-13,Modern Premier #7283071,modern,modern-premier-7283071,modern-premier-7283071-2014-07-13
2,3,Snapcaster Mage,,Creatures,5,0,Scapeshift,HugoVenda,240 tix,"$ 1,013",240394,2014-07-13,Modern Premier #7283071,modern,modern-premier-7283071,modern-premier-7283071-2014-07-13
4,2,Repeal,,Spells,5,0,Scapeshift,HugoVenda,240 tix,"$ 1,013",240394,2014-07-13,Modern Premier #7283071,modern,modern-premier-7283071,modern-premier-7283071-2014-07-13
5,4,Serum Visions,,Spells,5,0,Scapeshift,HugoVenda,240 tix,"$ 1,013",240394,2014-07-13,Modern Premier #7283071,modern,modern-premier-7283071,modern-premier-7283071-2014-07-13
6,3,Izzet Charm,,Spells,5,0,Scapeshift,HugoVenda,240 tix,"$ 1,013",240394,2014-07-13,Modern Premier #7283071,modern,modern-premier-7283071,modern-premier-7283071-2014-07-13
7,4,Remand,,Spells,5,0,Scapeshift,HugoVenda,240 tix,"$ 1,013",240394,2014-07-13,Modern Premier #7283071,modern,modern-premier-7283071,modern-premier-7283071-2014-07-13
8,3,Telling Time,,Spells,5,0,Scapeshift,HugoVenda,240 tix,"$ 1,013",240394,2014-07-13,Modern Premier #7283071,modern,modern-premier-7283071,modern-premier-7283071-2014-07-13
9,2,Electrolyze,,Spells,5,0,Scapeshift,HugoVenda,240 tix,"$ 1,013",240394,2014-07-13,Modern Premier #7283071,modern,modern-premier-7283071,modern-premier-7283071-2014-07-13
10,4,Search for Tomorrow,,Spells,5,0,Scapeshift,HugoVenda,240 tix,"$ 1,013",240394,2014-07-13,Modern Premier #7283071,modern,modern-premier-7283071,modern-premier-7283071-2014-07-13
11,3,Cryptic Command,,Spells,5,0,Scapeshift,HugoVenda,240 tix,"$ 1,013",240394,2014-07-13,Modern Premier #7283071,modern,modern-premier-7283071,modern-premier-7283071-2014-07-13
12,4,Scapeshift,,Spells,5,0,Scapeshift,HugoVenda,240 tix,"$ 1,013",240394,2014-07-13,Modern Premier #7283071,modern,modern-premier-7283071,modern-premier-7283071-2014-07-13
14,1,Breeding Pool,,Lands,5,0,Scapeshift,HugoVenda,240 tix,"$ 1,013",240394,2014-07-13,Modern Premier #7283071,modern,modern-premier-7283071,modern-premier-7283071-2014-07-13
15,1,Cascade Bluffs,,Lands,5,0,Scapeshift,HugoVenda,240 tix,"$ 1,013",240394,2014-07-13,Modern Premier #7283071,modern,modern-premier-7283071,modern-premier-7283071-2014-07-13
16,1,Flooded Grove,,Lands,5,0,Scapeshift,HugoVenda,240 tix,"$ 1,013",240394,2014-07-13,Modern Premier #7283071,modern,modern-premier-7283071,modern-premier-7283071-2014-07-13
17,3,Forest,,Lands,5,0,Scapeshift,HugoVenda,240 tix,"$ 1,013",240394,2014-07-13,Modern Premier #7283071,modern,modern-premier-7283071,modern-premier-7283071-2014-07-13
18,1,Halimar Depths,,Lands,5,0,Scapeshift,HugoVenda,240 tix,"$ 1,013",240394,2014-07-13,Modern Premier #7283071,modern,modern-premier-7283071,modern-premier-7283071-2014-07-13
19,3,Island,,Lands,5,0,Scapeshift,HugoVenda,240 tix,"$ 1,013",240394,2014-07-13,Modern Premier #7283071,modern,modern-premier-7283071,modern-premier-7283071-2014-07-13
20,2,Misty Rainforest,,Lands,5,0,Scapeshift,HugoVenda,240 tix,"$ 1,013",240394,2014-07-13,Modern Premier #7283071,modern,modern-premier-7283071,modern-premier-7283071-2014-07-13
21,2,Mountain,,Lands,5,0,Scapeshift,HugoVenda,240 tix,"$ 1,013",240394,2014-07-13,Modern Premier #7283071,modern,modern-premier-7283071,modern-premier-7283071-2014-07-13
22,4,Steam Vents,,Lands,5,0,Scapeshift,HugoVenda,240 tix,"$ 1,013",240394,2014-07-13,Modern Premier #7283071,modern,modern-premier-7283071,modern-premier-7283071-2014-07-13
23,4,Stomping Ground,,Lands,5,0,Scapeshift,HugoVenda,240 tix,"$ 1,013",240394,2014-07-13,Modern Premier #7283071,modern,modern-premier-7283071,modern-premier-7283071-2014-07-13
24,2,"Valakut, the Molten Pinnacle",,Lands,5,0,Scapeshift,HugoVenda,240 tix,"$ 1,013",240394,2014-07-13,Modern Premier #7283071,modern,modern-premier-7283071,modern-premier-7283071-2014-07-13
26,1,"Boseiju, Who Shelters All",,Sideboard,5,0,Scapeshift,HugoVenda,240 tix,"$ 1,013",240394,2014-07-13,Modern Premier #7283071,modern,modern-premier-7283071,modern-premier-7283071-2014-07-13
27,1,Engineered Explosives,,Sideboard,5,0,Scapeshift,HugoVenda,240 tix,"$ 1,013",240394,2014-07-13,Modern Premier #7283071,modern,modern-premier-7283071,modern-premier-7283071-2014-07-13
28,2,Relic of Progenitus,,Sideboard,5,0,Scapeshift,HugoVenda,240 tix,"$ 1,013",240394,2014-07-13,Modern Premier #7283071,modern,modern-premier-7283071,modern-premier-7283071-2014-07-13
29,2,Swan Song,,Sideboard,5,0,Scapeshift,HugoVenda,240 tix,"$ 1,013",240394,2014-07-13,Modern Premier #7283071,modern,modern-premier-7283071,modern-premier-7283071-2014-07-13
30,2,Ancient Grudge,,Sideboard,5,0,Scapeshift,HugoVenda,240 tix,"$ 1,013",240394,2014-07-13,Modern Premier #7283071,modern,modern-premier-7283071,modern-premier-7283071-2014-07-13
31,1,Redirect,,Sideboard,5,0,Scapeshift,HugoVenda,240 tix,"$ 1,013",240394,2014-07-13,Modern Premier #7283071,modern,modern-premier-7283071,modern-premier-7283071-2014-07-13
32,1,Spellskite,,Sideboard,5,0,Scapeshift,HugoVenda,240 tix,"$ 1,013",240394,2014-07-13,Modern Premier #7283071,modern,modern-premier-7283071,modern-premier-7283071-2014-07-13
33,2,Anger of the Gods,,Sideboard,5,0,Scapeshift,HugoVenda,240 tix,"$ 1,013",240394,2014-07-13,Modern Premier #7283071,modern,modern-premier-7283071,modern-premier-7283071-2014-07-13
34,2,Obstinate Baloth,,Sideboard,5,0,Scapeshift,HugoVenda,240 tix,"$ 1,013",240394,2014-07-13,Modern Premier #7283071,modern,modern-premier-7283071,modern-premier-7283071-2014-07-13
35,1,Batterskull,,Sideboard,5,0,Scapeshift,HugoVenda,240 tix,"$ 1,013",240394,2014-07-13,Modern Premier #7283071,modern,modern-premier-7283071,modern-premier-7283071-2014-07-13
1,1,Grim Lavamancer,,Creatures,5,0,Splinter Twin,skeelzsama,327 tix,"$ 1,195",240393,2014-07-13,Modern Premier #7283071,modern,modern-premier-7283071,modern-premier-7283071-2014-07-13
2,4,Snapcaster Mage,,Creatures,5,0,Splinter Twin,skeelzsama,327 tix,"$ 1,195",240393,2014-07-13,Modern Premier #7283071,modern,modern-premier-7283071,modern-premier-7283071-2014-07-13
3,3,Deceiver Exarch,,Creatures,5,0,Splinter Twin,skeelzsama,327 tix,"$ 1,195",240393,2014-07-13,Modern Premier #7283071,modern,modern-premier-7283071,modern-premier-7283071-2014-07-13
4,3,Pestermite,,Creatures,5,0,Splinter Twin,skeelzsama,327 tix,"$ 1,195",240393,2014-07-13,Modern Premier #7283071,modern,modern-premier-7283071,modern-premier-7283071-2014-07-13
5,1,Breaching Hippocamp,,Creatures,5,0,Splinter Twin,skeelzsama,327 tix,"$ 1,195",240393,2014-07-13,Modern Premier #7283071,modern,modern-premier-7283071,modern-premier-7283071-2014-07-13
7,1,Flame Slash,,Spells,5,0,Splinter Twin,skeelzsama,327 tix,"$ 1,195",240393,2014-07-13,Modern Premier #7283071,modern,modern-premier-7283071,modern-premier-7283071-2014-07-13
8,4,Lightning Bolt,,Spells,5,0,Splinter Twin,skeelzsama,327 tix,"$ 1,195",240393,2014-07-13,Modern Premier #7283071,modern,modern-premier-7283071,modern-premier-7283071-2014-07-13
9,1,Mizzium Skin,,Spells,5,0,Splinter Twin,skeelzsama,327 tix,"$ 1,195",240393,2014-07-13,Modern Premier #7283071,modern,modern-premier-7283071,modern-premier-7283071-2014-07-13
10,4,Serum Visions,,Spells,5,0,Splinter Twin,skeelzsama,327 tix,"$ 1,195",240393,2014-07-13,Modern Premier #7283071,modern,modern-premier-7283071,modern-premier-7283071-2014-07-13
11,1,Spell Snare,,Spells,5,0,Splinter Twin,skeelzsama,327 tix,"$ 1,195",240393,2014-07-13,Modern Premier #7283071,modern,modern-premier-7283071,modern-premier-7283071-2014-07-13
12,3,Mana Leak,,Spells,5,0,Splinter Twin,skeelzsama,327 tix,"$ 1,195",240393,2014-07-13,Modern Premier #7283071,modern,modern-premier-7283071,modern-premier-7283071-2014-07-13
13,3,Remand,,Spells,5,0,Splinter Twin,skeelzsama,327 tix,"$ 1,195",240393,2014-07-13,Modern Premier #7283071,modern,modern-premier-7283071,modern-premier-7283071-2014-07-13
14,1,Electrolyze,,Spells,5,0,Splinter Twin,skeelzsama,327 tix,"$ 1,195",240393,2014-07-13,Modern Premier #7283071,modern,modern-premier-7283071,modern-premier-7283071-2014-07-13
15,3,Cryptic Command,,Spells,5,0,Splinter Twin,skeelzsama,327 tix,"$ 1,195",240393,2014-07-13,Modern Premier #7283071,modern,modern-premier-7283071,modern-premier-7283071-2014-07-13
17,4,Splinter Twin,,Enchantments,5,0,Splinter Twin,skeelzsama,327 tix,"$ 1,195",240393,2014-07-13,Modern Premier #7283071,modern,modern-premier-7283071,modern-premier-7283071-2014-07-13
19,1,Desolate Lighthouse,,Lands,5,0,Splinter Twin,skeelzsama,327 tix,"$ 1,195",240393,2014-07-13,Modern Premier #7283071,modern,modern-premier-7283071,modern-premier-7283071-2014-07-13
20,5,Island,,Lands,5,0,Splinter Twin,skeelzsama,327 tix,"$ 1,195",240393,2014-07-13,Modern Premier #7283071,modern,modern-premier-7283071,modern-premier-7283071-2014-07-13
21,4,Misty Rainforest,,Lands,5,0,Splinter Twin,skeelzsama,327 tix,"$ 1,195",240393,2014-07-13,Modern Premier #7283071,modern,modern-premier-7283071,modern-premier-7283071-2014-07-13
22,1,Mountain,,Lands,5,0,Splinter Twin,skeelzsama,327 tix,"$ 1,195",240393,2014-07-13,Modern Premier #7283071,modern,modern-premier-7283071,modern-premier-7283071-2014-07-13
23,4,Scalding Tarn,,Lands,5,0,Splinter Twin,skeelzsama,327 tix,"$ 1,195",240393,2014-07-13,Modern Premier #7283071,modern,modern-premier-7283071,modern-premier-7283071-2014-07-13
24,3,Steam Vents,,Lands,5,0,Splinter Twin,skeelzsama,327 tix,"$ 1,195",240393,2014-07-13,Modern Premier #7283071,modern,modern-premier-7283071,modern-premier-7283071-2014-07-13
25,1,Stomping Ground,,Lands,5,0,Splinter Twin,skeelzsama,327 tix,"$ 1,195",240393,2014-07-13,Modern Premier #7283071,modern,modern-premier-7283071,modern-premier-7283071-2014-07-13
26,3,Sulfur Falls,,Lands,5,0,Splinter Twin,skeelzsama,327 tix,"$ 1,195",240393,2014-07-13,Modern Premier #7283071,modern,modern-premier-7283071,modern-premier-7283071-2014-07-13
27,1,Tectonic Edge,,Lands,5,0,Splinter Twin,skeelzsama,327 tix,"$ 1,195",240393,2014-07-13,Modern Premier #7283071,modern,modern-premier-7283071,modern-premier-7283071-2014-07-13
29,1,Engineered Explosives,,Sideboard,5,0,Splinter Twin,skeelzsama,327 tix,"$ 1,195",240393,2014-07-13,Modern Premier #7283071,modern,modern-premier-7283071,modern-premier-7283071-2014-07-13
30,2,Ancient Grudge,,Sideboard,5,0,Splinter Twin,skeelzsama,327 tix,"$ 1,195",240393,2014-07-13,Modern Premier #7283071,modern,modern-premier-7283071,modern-premier-7283071-2014-07-13
31,1,Combust,,Sideboard,5,0,Splinter Twin,skeelzsama,327 tix,"$ 1,195",240393,2014-07-13,Modern Premier #7283071,modern,modern-premier-7283071,modern-premier-7283071-2014-07-13
32,1,Negate,,Sideboard,5,0,Splinter Twin,skeelzsama,327 tix,"$ 1,195",240393,2014-07-13,Modern Premier #7283071,modern,modern-premier-7283071,modern-premier-7283071-2014-07-13
33,1,Spellskite,,Sideboard,5,0,Splinter Twin,skeelzsama,327 tix,"$ 1,195",240393,2014-07-13,Modern Premier #7283071,modern,modern-premier-7283071,modern-premier-7283071-2014-07-13
34,2,Anger of the Gods,,Sideboard,5,0,Splinter Twin,skeelzsama,327 tix,"$ 1,195",240393,2014-07-13,Modern Premier #7283071,modern,modern-premier-7283071,modern-premier-7283071-2014-07-13
35,2,Blood Moon,,Sideboard,5,0,Splinter Twin,skeelzsama,327 tix,"$ 1,195",240393,2014-07-13,Modern Premier #7283071,modern,modern-premier-7283071,modern-premier-7283071-2014-07-13
36,1,Counterflux,,Sideboard,5,0,Splinter Twin,skeelzsama,327 tix,"$ 1,195",240393,2014-07-13,Modern Premier #7283071,modern,modern-premier-7283071,modern-premier-7283071-2014-07-13
37,2,Threads of Disloyalty,,Sideboard,5,0,Splinter Twin,skeelzsama,327 tix,"$ 1,195",240393,2014-07-13,Modern Premier #7283071,modern,modern-premier-7283071,modern-premier-7283071-2014-07-13
38,1,Batterskull,,Sideboard,5,0,Splinter Twin,skeelzsama,327 tix,"$ 1,195",240393,2014-07-13,Modern Premier #7283071,modern,modern-premier-7283071,modern-premier-7283071-2014-07-13
39,1,"Keranos, God of Storms",,Sideboard,5,0,Splinter Twin,skeelzsama,327 tix,"$ 1,195",240393,2014-07-13,Modern Premier #7283071,modern,modern-premier-7283071,modern-premier-7283071-2014-07-13
1,3,"Keranos, God of Storms",,Creatures,4,1,Blue Moon,_GMac_,327 tix,$ 971,240398,2014-07-13,Modern Premier #7283071,modern,modern-premier-7283071,modern-premier-7283071-2014-07-13
3,4,Lightning Bolt,,Spells,4,1,Blue Moon,_GMac_,327 tix,$ 971,240398,2014-07-13,Modern Premier #7283071,modern,modern-premier-7283071,modern-premier-7283071-2014-07-13
4,4,Serum Visions,,Spells,4,1,Blue Moon,_GMac_,327 tix,$ 971,240398,2014-07-13,Modern Premier #7283071,modern,modern-premier-7283071,modern-premier-7283071-2014-07-13
5,2,Boomerang,,Spells,4,1,Blue Moon,_GMac_,327 tix,$ 971,240398,2014-07-13,Modern Premier #7283071,modern,modern-premier-7283071,modern-premier-7283071-2014-07-13
6,4,Mana Leak,,Spells,4,1,Blue Moon,_GMac_,327 tix,$ 971,240398,2014-07-13,Modern Premier #7283071,modern,modern-premier-7283071,modern-premier-7283071-2014-07-13
7,2,Anger of the Gods,,Spells,4,1,Blue Moon,_GMac_,327 tix,$ 971,240398,2014-07-13,Modern Premier #7283071,modern,modern-premier-7283071,modern-premier-7283071-2014-07-13
8,3,Electrolyze,,Spells,4,1,Blue Moon,_GMac_,327 tix,$ 971,240398,2014-07-13,Modern Premier #7283071,modern,modern-premier-7283071,modern-premier-7283071-2014-07-13
9,4,Cryptic Command,,Spells,4,1,Blue Moon,_GMac_,327 tix,$ 971,240398,2014-07-13,Modern Premier #7283071,modern,modern-premier-7283071,modern-premier-7283071-2014-07-13
11,3,Relic of Progenitus,,Artifacts,4,1,Blue Moon,_GMac_,327 tix,$ 971,240398,2014-07-13,Modern Premier #7283071,modern,modern-premier-7283071,modern-premier-7283071-2014-07-13
12,2,Vedalken Shackles,,Artifacts,4,1,Blue Moon,_GMac_,327 tix,$ 971,240398,2014-07-13,Modern Premier #7283071,modern,modern-premier-7283071,modern-premier-7283071-2014-07-13
14,4,Spreading Seas,,Enchantments,4,1,Blue Moon,_GMac_,327 tix,$ 971,240398,2014-07-13,Modern Premier #7283071,modern,modern-premier-7283071,modern-premier-7283071-2014-07-13
15,2,Blood Moon,,Enchantments,4,1,Blue Moon,_GMac_,327 tix,$ 971,240398,2014-07-13,Modern Premier #7283071,modern,modern-premier-7283071,modern-premier-7283071-2014-07-13
17,1,Desolate Lighthouse,,Lands,4,1,Blue Moon,_GMac_,327 tix,$ 971,240398,2014-07-13,Modern Premier #7283071,modern,modern-premier-7283071,modern-premier-7283071-2014-07-13
18,8,Island,,Lands,4,1,Blue Moon,_GMac_,327 tix,$ 971,240398,2014-07-13,Modern Premier #7283071,modern,modern-premier-7283071,modern-premier-7283071-2014-07-13
19,3,Misty Rainforest,,Lands,4,1,Blue Moon,_GMac_,327 tix,$ 971,240398,2014-07-13,Modern Premier #7283071,modern,modern-premier-7283071,modern-premier-7283071-2014-07-13
20,1,Mountain,,Lands,4,1,Blue Moon,_GMac_,327 tix,$ 971,240398,2014-07-13,Modern Premier #7283071,modern,modern-premier-7283071,modern-premier-7283071-2014-07-13
21,4,Scalding Tarn,,Lands,4,1,Blue Moon,_GMac_,327 tix,$ 971,240398,2014-07-13,Modern Premier #7283071,modern,modern-premier-7283071,modern-premier-7283071-2014-07-13
22,3,Steam Vents,,Lands,4,1,Blue Moon,_GMac_,327 tix,$ 971,240398,2014-07-13,Modern Premier #7283071,modern,modern-premier-7283071,modern-premier-7283071-2014-07-13
23,3,Sulfur Falls,,Lands,4,1,Blue Moon,_GMac_,327 tix,$ 971,240398,2014-07-13,Modern Premier #7283071,modern,modern-premier-7283071,modern-premier-7283071-2014-07-13
25,2,Engineered Explosives,,Sideboard,4,1,Blue Moon,_GMac_,327 tix,$ 971,240398,2014-07-13,Modern Premier #7283071,modern,modern-premier-7283071,modern-premier-7283071-2014-07-13
26,2,Magma Spray,,Sideboard,4,1,Blue Moon,_GMac_,327 tix,$ 971,240398,2014-07-13,Modern Premier #7283071,modern,modern-premier-7283071,modern-premier-7283071-2014-07-13
27,1,Relic of Progenitus,,Sideboard,4,1,Blue Moon,_GMac_,327 tix,$ 971,240398,2014-07-13,Modern Premier #7283071,modern,modern-premier-7283071,modern-premier-7283071-2014-07-13
28,2,Vandalblast,,Sideboard,4,1,Blue Moon,_GMac_,327 tix,$ 971,240398,2014-07-13,Modern Premier #7283071,modern,modern-premier-7283071,modern-premier-7283071-2014-07-13
29,2,Combust,,Sideboard,4,1,Blue Moon,_GMac_,327 tix,$ 971,240398,2014-07-13,Modern Premier #7283071,modern,modern-premier-7283071,modern-premier-7283071-2014-07-13
30,2,Negate,,Sideboard,4,1,Blue Moon,_GMac_,327 tix,$ 971,240398,2014-07-13,Modern Premier #7283071,modern,modern-premier-7283071,modern-premier-7283071-2014-07-13
31,1,Anger of the Gods,,Sideboard,4,1,Blue Moon,_GMac_,327 tix,$ 971,240398,2014-07-13,Modern Premier #7283071,modern,modern-premier-7283071,modern-premier-7283071-2014-07-13
32,1,Blood Moon,,Sideboard,4,1,Blue Moon,_GMac_,327 tix,$ 971,240398,2014-07-13,Modern Premier #7283071,modern,modern-premier-7283071,modern-premier-7283071-2014-07-13
33,1,Counterflux,,Sideboard,4,1,Blue Moon,_GMac_,327 tix,$ 971,240398,2014-07-13,Modern Premier #7283071,modern,modern-premier-7283071,modern-premier-7283071-2014-07-13
34,1,Shatterstorm,,Sideboard,4,1,Blue Moon,_GMac_,327 tix,$ 971,240398,2014-07-13,Modern Premier #7283071,modern,modern-premier-7283071,modern-premier-7283071-2014-07-13
1,4,Goblin Guide,,Creatures,4,1,Burn,mareamarea,244 tix,$ 920,240404,2014-07-13,Modern Premier #7283071,modern,modern-premier-7283071,modern-premier-7283071-2014-07-13
2,3,Grim Lavamancer,,Creatures,4,1,Burn,mareamarea,244 tix,$ 920,240404,2014-07-13,Modern Premier #7283071,modern,modern-premier-7283071,modern-premier-7283071-2014-07-13
3,2,Vexing Devil,,Creatures,4,1,Burn,mareamarea,244 tix,$ 920,240404,2014-07-13,Modern Premier #7283071,modern,modern-premier-7283071,modern-premier-7283071-2014-07-13
4,4,Eidolon of the Great Revel,,Creatures,4,1,Burn,mareamarea,244 tix,$ 920,240404,2014-07-13,Modern Premier #7283071,modern,modern-premier-7283071,modern-premier-7283071-2014-07-13
6,4,Bump in the Night,,Spells,4,1,Burn,mareamarea,244 tix,$ 920,240404,2014-07-13,Modern Premier #7283071,modern,modern-premier-7283071,modern-premier-7283071-2014-07-13
7,4,Lava Spike,,Spells,4,1,Burn,mareamarea,244 tix,$ 920,240404,2014-07-13,Modern Premier #7283071,modern,modern-premier-7283071,modern-premier-7283071-2014-07-13
8,4,Lightning Bolt,,Spells,4,1,Burn,mareamarea,244 tix,$ 920,240404,2014-07-13,Modern Premier #7283071,modern,modern-premier-7283071,modern-premier-7283071-2014-07-13
9,4,Shard Volley,,Spells,4,1,Burn,mareamarea,244 tix,$ 920,240404,2014-07-13,Modern Premier #7283071,modern,modern-premier-7283071,modern-premier-7283071-2014-07-13
10,3,Searing Blaze,,Spells,4,1,Burn,mareamarea,244 tix,$ 920,240404,2014-07-13,Modern Premier #7283071,modern,modern-premier-7283071,modern-premier-7283071-2014-07-13
11,4,Skullcrack,,Spells,4,1,Burn,mareamarea,244 tix,$ 920,240404,2014-07-13,Modern Premier #7283071,modern,modern-premier-7283071,modern-premier-7283071-2014-07-13
12,4,Rift Bolt,,Spells,4,1,Burn,mareamarea,244 tix,$ 920,240404,2014-07-13,Modern Premier #7283071,modern,modern-premier-7283071,modern-premier-7283071-2014-07-13
14,4,Arid Mesa,,Lands,4,1,Burn,mareamarea,244 tix,$ 920,240404,2014-07-13,Modern Premier #7283071,modern,modern-premier-7283071,modern-premier-7283071-2014-07-13
15,4,Blackcleave Cliffs,,Lands,4,1,Burn,mareamarea,244 tix,$ 920,240404,2014-07-13,Modern Premier #7283071,modern,modern-premier-7283071,modern-premier-7283071-2014-07-13
16,1,Blood Crypt,,Lands,4,1,Burn,mareamarea,244 tix,$ 920,240404,2014-07-13,Modern Premier #7283071,modern,modern-premier-7283071,modern-premier-7283071-2014-07-13
17,2,Copperline Gorge,,Lands,4,1,Burn,mareamarea,244 tix,$ 920,240404,2014-07-13,Modern Premier #7283071,modern,modern-premier-7283071,modern-premier-7283071-2014-07-13
18,4,Mountain,,Lands,4,1,Burn,mareamarea,244 tix,$ 920,240404,2014-07-13,Modern Premier #7283071,modern,modern-premier-7283071,modern-premier-7283071-2014-07-13
19,4,Scalding Tarn,,Lands,4,1,Burn,mareamarea,244 tix,$ 920,240404,2014-07-13,Modern Premier #7283071,modern,modern-premier-7283071,modern-premier-7283071-2014-07-13
20,1,Stomping Ground,,Lands,4,1,Burn,mareamarea,244 tix,$ 920,240404,2014-07-13,Modern Premier #7283071,modern,modern-premier-7283071,modern-premier-7283071-2014-07-13
22,4,Destructive Revelry,,Sideboard,4,1,Burn,mareamarea,244 tix,$ 920,240404,2014-07-13,Modern Premier #7283071,modern,modern-premier-7283071,modern-premier-7283071-2014-07-13
23,3,Dragon's Claw,,Sideboard,4,1,Burn,mareamarea,244 tix,$ 920,240404,2014-07-13,Modern Premier #7283071,modern,modern-premier-7283071,modern-premier-7283071-2014-07-13
24,2,Rakdos Charm,,Sideboard,4,1,Burn,mareamarea,244 tix,$ 920,240404,2014-07-13,Modern Premier #7283071,modern,modern-premier-7283071,modern-premier-7283071-2014-07-13
25,1,Searing Blaze,,Sideboard,4,1,Burn,mareamarea,244 tix,$ 920,240404,2014-07-13,Modern Premier #7283071,modern,modern-premier-7283071,modern-premier-7283071-2014-07-13
26,3,Searing Blood,,Sideboard,4,1,Burn,mareamarea,244 tix,$ 920,240404,2014-07-13,Modern Premier #7283071,modern,modern-premier-7283071,modern-premier-7283071-2014-07-13
27,2,Shrine of Burning Rage,,Sideboard,4,1,Burn,mareamarea,244 tix,$ 920,240404,2014-07-13,Modern Premier #7283071,modern,modern-premier-7283071,modern-premier-7283071-2014-07-13
1,4,Glistener Elf,,Creatures,4,1,Infect,Wigi,48 tix,$ 134,240401,2014-07-13,Modern Premier #7283071,modern,modern-premier-7283071,modern-premier-7283071-2014-07-13
2,4,Ichorclaw Myr,,Creatures,4,1,Infect,Wigi,48 tix,$ 134,240401,2014-07-13,Modern Premier #7283071,modern,modern-premier-7283071,modern-premier-7283071-2014-07-13
3,4,Necropede,,Creatures,4,1,Infect,Wigi,48 tix,$ 134,240401,2014-07-13,Modern Premier #7283071,modern,modern-premier-7283071,modern-premier-7283071-2014-07-13
5,2,Giant Growth,,Spells,4,1,Infect,Wigi,48 tix,$ 134,240401,2014-07-13,Modern Premier #7283071,modern,modern-premier-7283071,modern-premier-7283071-2014-07-13
6,4,Groundswell,,Spells,4,1,Infect,Wigi,48 tix,$ 134,240401,2014-07-13,Modern Premier #7283071,modern,modern-premier-7283071,modern-premier-7283071-2014-07-13
7,2,Might of Old Krosa,,Spells,4,1,Infect,Wigi,48 tix,$ 134,240401,2014-07-13,Modern Premier #7283071,modern,modern-premier-7283071,modern-premier-7283071-2014-07-13
8,4,Mutagenic Growth,,Spells,4,1,Infect,Wigi,48 tix,$ 134,240401,2014-07-13,Modern Premier #7283071,modern,modern-premier-7283071,modern-premier-7283071-2014-07-13
9,2,Ranger's Guile,,Spells,4,1,Infect,Wigi,48 tix,$ 134,240401,2014-07-13,Modern Premier #7283071,modern,modern-premier-7283071,modern-premier-7283071-2014-07-13
10,4,Vines of Vastwood,,Spells,4,1,Infect,Wigi,48 tix,$ 134,240401,2014-07-13,Modern Premier #7283071,modern,modern-premier-7283071,modern-premier-7283071-2014-07-13
11,4,Apostle's Blessing,,Spells,4,1,Infect,Wigi,48 tix,$ 134,240401,2014-07-13,Modern Premier #7283071,modern,modern-premier-7283071,modern-premier-7283071-2014-07-13
13,4,Rancor,,Enchantments,4,1,Infect,Wigi,48 tix,$ 134,240401,2014-07-13,Modern Premier #7283071,modern,modern-premier-7283071,modern-premier-7283071-2014-07-13
15,4,Cathedral of War,,Lands,4,1,Infect,Wigi,48 tix,$ 134,240401,2014-07-13,Modern Premier #7283071,modern,modern-premier-7283071,modern-premier-7283071-2014-07-13
16,12,Forest,,Lands,4,1,Infect,Wigi,48 tix,$ 134,240401,2014-07-13,Modern Premier #7283071,modern,modern-premier-7283071,modern-premier-7283071-2014-07-13
17,4,Inkmoth Nexus,,Lands,4,1,Infect,Wigi,48 tix,$ 134,240401,2014-07-13,Modern Premier #7283071,modern,modern-premier-7283071,modern-premier-7283071-2014-07-13
18,2,Pendelhaven,,Lands,4,1,Infect,Wigi,48 tix,$ 134,240401,2014-07-13,Modern Premier #7283071,modern,modern-premier-7283071,modern-premier-7283071-2014-07-13
20,4,Tormod's Crypt,,Sideboard,4,1,Infect,Wigi,48 tix,$ 134,240401,2014-07-13,Modern Premier #7283071,modern,modern-premier-7283071,modern-premier-7283071-2014-07-13
21,2,Fog,,Sideboard,4,1,Infect,Wigi,48 tix,$ 134,240401,2014-07-13,Modern Premier #7283071,modern,modern-premier-7283071,modern-premier-7283071-2014-07-13
22,2,Might of Old Krosa,,Sideboard,4,1,Infect,Wigi,48 tix,$ 134,240401,2014-07-13,Modern Premier #7283071,modern,modern-premier-7283071,modern-premier-7283071-2014-07-13
23,4,Nature's Claim,,Sideboard,4,1,Infect,Wigi,48 tix,$ 134,240401,2014-07-13,Modern Premier #7283071,modern,modern-premier-7283071,modern-premier-7283071-2014-07-13
24,2,Pithing Needle,,Sideboard,4,1,Infect,Wigi,48 tix,$ 134,240401,2014-07-13,Modern Premier #7283071,modern,modern-premier-7283071,modern-premier-7283071-2014-07-13
25,1,Ranger's Guile,,Sideboard,4,1,Infect,Wigi,48 tix,$ 134,240401,2014-07-13,Modern Premier #7283071,modern,modern-premier-7283071,modern-premier-7283071-2014-07-13
1,4,Cursecatcher,,Creatures,4,1,Merfolk,rbnfv,172 tix,$ 512,240397,2014-07-13,Modern Premier #7283071,modern,modern-premier-7283071,modern-premier-7283071-2014-07-13
2,3,Coralhelm Commander,,Creatures,4,1,Merfolk,rbnfv,172 tix,$ 512,240397,2014-07-13,Modern Premier #7283071,modern,modern-premier-7283071,modern-premier-7283071-2014-07-13
3,4,Lord of Atlantis,,Creatures,4,1,Merfolk,rbnfv,172 tix,$ 512,240397,2014-07-13,Modern Premier #7283071,modern,modern-premier-7283071,modern-premier-7283071-2014-07-13
4,4,Master of the Pearl Trident,,Creatures,4,1,Merfolk,rbnfv,172 tix,$ 512,240397,2014-07-13,Modern Premier #7283071,modern,modern-premier-7283071,modern-premier-7283071-2014-07-13
5,4,Silvergill Adept,,Creatures,4,1,Merfolk,rbnfv,172 tix,$ 512,240397,2014-07-13,Modern Premier #7283071,modern,modern-premier-7283071,modern-premier-7283071-2014-07-13
6,1,"Sygg, River Guide",,Creatures,4,1,Merfolk,rbnfv,172 tix,$ 512,240397,2014-07-13,Modern Premier #7283071,modern,modern-premier-7283071,modern-premier-7283071-2014-07-13
7,2,"Kira, Great Glass-Spinner",,Creatures,4,1,Merfolk,rbnfv,172 tix,$ 512,240397,2014-07-13,Modern Premier #7283071,modern,modern-premier-7283071,modern-premier-7283071-2014-07-13
8,4,Merrow Reejerey,,Creatures,4,1,Merfolk,rbnfv,172 tix,$ 512,240397,2014-07-13,Modern Premier #7283071,modern,modern-premier-7283071,modern-premier-7283071-2014-07-13
9,2,"Thassa, God of the Sea",,Creatures,4,1,Merfolk,rbnfv,172 tix,$ 512,240397,2014-07-13,Modern Premier #7283071,modern,modern-premier-7283071,modern-premier-7283071-2014-07-13
10,1,Master of Waves,,Creatures,4,1,Merfolk,rbnfv,172 tix,$ 512,240397,2014-07-13,Modern Premier #7283071,modern,modern-premier-7283071,modern-premier-7283071-2014-07-13
12,3,Path to Exile,,Spells,4,1,Merfolk,rbnfv,172 tix,$ 512,240397,2014-07-13,Modern Premier #7283071,modern,modern-premier-7283071,modern-premier-7283071-2014-07-13
14,4,Aether Vial,,Artifacts,4,1,Merfolk,rbnfv,172 tix,$ 512,240397,2014-07-13,Modern Premier #7283071,modern,modern-premier-7283071,modern-premier-7283071-2014-07-13
16,3,Spreading Seas,,Enchantments,4,1,Merfolk,rbnfv,172 tix,$ 512,240397,2014-07-13,Modern Premier #7283071,modern,modern-premier-7283071,modern-premier-7283071-2014-07-13
18,1,Ghost Quarter,,Lands,4,1,Merfolk,rbnfv,172 tix,$ 512,240397,2014-07-13,Modern Premier #7283071,modern,modern-premier-7283071,modern-premier-7283071-2014-07-13
19,4,Hallowed Fountain,,Lands,4,1,Merfolk,rbnfv,172 tix,$ 512,240397,2014-07-13,Modern Premier #7283071,modern,modern-premier-7283071,modern-premier-7283071-2014-07-13
20,4,Island,,Lands,4,1,Merfolk,rbnfv,172 tix,$ 512,240397,2014-07-13,Modern Premier #7283071,modern,modern-premier-7283071,modern-premier-7283071-2014-07-13
21,4,Mutavault,,Lands,4,1,Merfolk,rbnfv,172 tix,$ 512,240397,2014-07-13,Modern Premier #7283071,modern,modern-premier-7283071,modern-premier-7283071-2014-07-13
22,4,Seachrome Coast,,Lands,4,1,Merfolk,rbnfv,172 tix,$ 512,240397,2014-07-13,Modern Premier #7283071,modern,modern-premier-7283071,modern-premier-7283071-2014-07-13
23,4,Wanderwine Hub,,Lands,4,1,Merfolk,rbnfv,172 tix,$ 512,240397,2014-07-13,Modern Premier #7283071,modern,modern-premier-7283071,modern-premier-7283071-2014-07-13
25,2,Swan Song,,Sideboard,4,1,Merfolk,rbnfv,172 tix,$ 512,240397,2014-07-13,Modern Premier #7283071,modern,modern-premier-7283071,modern-premier-7283071-2014-07-13
26,2,"Kataki, War's Wage",,Sideboard,4,1,Merfolk,rbnfv,172 tix,$ 512,240397,2014-07-13,Modern Premier #7283071,modern,modern-premier-7283071,modern-premier-7283071-2014-07-13
27,3,Rest in Peace,,Sideboard,4,1,Merfolk,rbnfv,172 tix,$ 512,240397,2014-07-13,Modern Premier #7283071,modern,modern-premier-7283071,modern-premier-7283071-2014-07-13
28,2,Spellskite,,Sideboard,4,1,Merfolk,rbnfv,172 tix,$ 512,240397,2014-07-13,Modern Premier #7283071,modern,modern-premier-7283071,modern-premier-7283071-2014-07-13
29,1,Spreading Seas,,Sideboard,4,1,Merfolk,rbnfv,172 tix,$ 512,240397,2014-07-13,Modern Premier #7283071,modern,modern-premier-7283071,modern-premier-7283071-2014-07-13
30,2,Tidebinder Mage,,Sideboard,4,1,Merfolk,rbnfv,172 tix,$ 512,240397,2014-07-13,Modern Premier #7283071,modern,modern-premier-7283071,modern-premier-7283071-2014-07-13
31,2,Detention Sphere,,Sideboard,4,1,Merfolk,rbnfv,172 tix,$ 512,240397,2014-07-13,Modern Premier #7283071,modern,modern-premier-7283071,modern-premier-7283071-2014-07-13
32,1,Mindbreak Trap,,Sideboard,4,1,Merfolk,rbnfv,172 tix,$ 512,240397,2014-07-13,Modern Premier #7283071,modern,modern-premier-7283071,modern-premier-7283071-2014-07-13
1,3,Wurmcoil Engine,,Creatures,4,1,RG Tron,shadowempire88,265 tix,$ 791,240400,2014-07-13,Modern Premier #7283071,modern,modern-premier-7283071,modern-premier-7283071-2014-07-13
2,1,Sundering Titan,,Creatures,4,1,RG Tron,shadowempire88,265 tix,$ 791,240400,2014-07-13,Modern Premier #7283071,modern,modern-premier-7283071,modern-premier-7283071-2014-07-13
3,1,"Emrakul, the Aeons Torn",,Creatures,4,1,RG Tron,shadowempire88,265 tix,$ 791,240400,2014-07-13,Modern Premier #7283071,modern,modern-premier-7283071,modern-premier-7283071-2014-07-13
5,4,Karn Liberated,,Planeswalkers,4,1,RG Tron,shadowempire88,265 tix,$ 791,240400,2014-07-13,Modern Premier #7283071,modern,modern-premier-7283071,modern-premier-7283071-2014-07-13
7,4,Ancient Stirrings,,Spells,4,1,RG Tron,shadowempire88,265 tix,$ 791,240400,2014-07-13,Modern Premier #7283071,modern,modern-premier-7283071,modern-premier-7283071-2014-07-13
8,3,Pyroclasm,,Spells,4,1,RG Tron,shadowempire88,265 tix,$ 791,240400,2014-07-13,Modern Premier #7283071,modern,modern-premier-7283071,modern-premier-7283071-2014-07-13
9,4,Sylvan Scrying,,Spells,4,1,RG Tron,shadowempire88,265 tix,$ 791,240400,2014-07-13,Modern Premier #7283071,modern,modern-premier-7283071,modern-premier-7283071-2014-07-13
10,2,All Is Dust,,Spells,4,1,RG Tron,shadowempire88,265 tix,$ 791,240400,2014-07-13,Modern Premier #7283071,modern,modern-premier-7283071,modern-premier-7283071-2014-07-13
12,4,Chromatic Sphere,,Artifacts,4,1,RG Tron,shadowempire88,265 tix,$ 791,240400,2014-07-13,Modern Premier #7283071,modern,modern-premier-7283071,modern-premier-7283071-2014-07-13
13,4,Chromatic Star,,Artifacts,4,1,RG Tron,shadowempire88,265 tix,$ 791,240400,2014-07-13,Modern Premier #7283071,modern,modern-premier-7283071,modern-premier-7283071-2014-07-13
14,4,Expedition Map,,Artifacts,4,1,RG Tron,shadowempire88,265 tix,$ 791,240400,2014-07-13,Modern Premier #7283071,modern,modern-premier-7283071,modern-premier-7283071-2014-07-13
15,4,Relic of Progenitus,,Artifacts,4,1,RG Tron,shadowempire88,265 tix,$ 791,240400,2014-07-13,Modern Premier #7283071,modern,modern-premier-7283071,modern-premier-7283071-2014-07-13
16,3,Oblivion Stone,,Artifacts,4,1,RG Tron,shadowempire88,265 tix,$ 791,240400,2014-07-13,Modern Premier #7283071,modern,modern-premier-7283071,modern-premier-7283071-2014-07-13
18,1,Eye of Ugin,,Lands,4,1,RG Tron,shadowempire88,265 tix,$ 791,240400,2014-07-13,Modern Premier #7283071,modern,modern-premier-7283071,modern-premier-7283071-2014-07-13
19,1,Forest,,Lands,4,1,RG Tron,shadowempire88,265 tix,$ 791,240400,2014-07-13,Modern Premier #7283071,modern,modern-premier-7283071,modern-premier-7283071-2014-07-13
20,2,Ghost Quarter,,Lands,4,1,RG Tron,shadowempire88,265 tix,$ 791,240400,2014-07-13,Modern Premier #7283071,modern,modern-premier-7283071,modern-premier-7283071-2014-07-13
21,4,Grove of the Burnwillows,,Lands,4,1,RG Tron,shadowempire88,265 tix,$ 791,240400,2014-07-13,Modern Premier #7283071,modern,modern-premier-7283071,modern-premier-7283071-2014-07-13
22,4,Urza's Mine,,Lands,4,1,RG Tron,shadowempire88,265 tix,$ 791,240400,2014-07-13,Modern Premier #7283071,modern,modern-premier-7283071,modern-premier-7283071-2014-07-13
23,4,Urza's Power Plant,,Lands,4,1,RG Tron,shadowempire88,265 tix,$ 791,240400,2014-07-13,Modern Premier #7283071,modern,modern-premier-7283071,modern-premier-7283071-2014-07-13
24,4,Urza's Tower,,Lands,4,1,RG Tron,shadowempire88,265 tix,$ 791,240400,2014-07-13,Modern Premier #7283071,modern,modern-premier-7283071,modern-premier-7283071-2014-07-13
26,3,Nature's Claim,,Sideboard,4,1,RG Tron,shadowempire88,265 tix,$ 791,240400,2014-07-13,Modern Premier #7283071,modern,modern-premier-7283071,modern-premier-7283071-2014-07-13
27,2,Combust,,Sideboard,4,1,RG Tron,shadowempire88,265 tix,$ 791,240400,2014-07-13,Modern Premier #7283071,modern,modern-premier-7283071,modern-premier-7283071-2014-07-13
28,2,Spellskite,,Sideboard,4,1,RG Tron,shadowempire88,265 tix,$ 791,240400,2014-07-13,Modern Premier #7283071,modern,modern-premier-7283071,modern-premier-7283071-2014-07-13
29,2,Torpor Orb,,Sideboard,4,1,RG Tron,shadowempire88,265 tix,$ 791,240400,2014-07-13,Modern Premier #7283071,modern,modern-premier-7283071,modern-premier-7283071-2014-07-13
30,1,Oblivion Stone,,Sideboard,4,1,RG Tron,shadowempire88,265 tix,$ 791,240400,2014-07-13,Modern Premier #7283071,modern,modern-premier-7283071,modern-premier-7283071-2014-07-13
31,2,Thragtusk,,Sideboard,4,1,RG Tron,shadowempire88,265 tix,$ 791,240400,2014-07-13,Modern Premier #7283071,modern,modern-premier-7283071,modern-premier-7283071-2014-07-13
32,1,Wurmcoil Engine,,Sideboard,4,1,RG Tron,shadowempire88,265 tix,$ 791,240400,2014-07-13,Modern Premier #7283071,modern,modern-premier-7283071,modern-premier-7283071-2014-07-13
33,1,All Is Dust,,Sideboard,4,1,RG Tron,shadowempire88,265 tix,$ 791,240400,2014-07-13,Modern Premier #7283071,modern,modern-premier-7283071,modern-premier-7283071-2014-07-13
34,1,Sundering Titan,,Sideboard,4,1,RG Tron,shadowempire88,265 tix,$ 791,240400,2014-07-13,Modern Premier #7283071,modern,modern-premier-7283071,modern-premier-7283071-2014-07-13
1,4,Snapcaster Mage,,Creatures,4,1,RUG Midrange,daibloXSC,388 tix,"$ 1,329",240399,2014-07-13,Modern Premier #7283071,modern,modern-premier-7283071,modern-premier-7283071-2014-07-13
2,3,Vendilion Clique,,Creatures,4,1,RUG Midrange,daibloXSC,388 tix,"$ 1,329",240399,2014-07-13,Modern Premier #7283071,modern,modern-premier-7283071,modern-premier-7283071-2014-07-13
4,4,Lightning Bolt,,Spells,4,1,RUG Midrange,daibloXSC,388 tix,"$ 1,329",240399,2014-07-13,Modern Premier #7283071,modern,modern-premier-7283071,modern-premier-7283071-2014-07-13
5,4,Serum Visions,,Spells,4,1,RUG Midrange,daibloXSC,388 tix,"$ 1,329",240399,2014-07-13,Modern Premier #7283071,modern,modern-premier-7283071,modern-premier-7283071-2014-07-13
6,3,Spell Snare,,Spells,4,1,RUG Midrange,daibloXSC,388 tix,"$ 1,329",240399,2014-07-13,Modern Premier #7283071,modern,modern-premier-7283071,modern-premier-7283071-2014-07-13
7,2,Mana Leak,,Spells,4,1,RUG Midrange,daibloXSC,388 tix,"$ 1,329",240399,2014-07-13,Modern Premier #7283071,modern,modern-premier-7283071,modern-premier-7283071-2014-07-13
8,3,Remand,,Spells,4,1,RUG Midrange,daibloXSC,388 tix,"$ 1,329",240399,2014-07-13,Modern Premier #7283071,modern,modern-premier-7283071,modern-premier-7283071-2014-07-13
9,3,Electrolyze,,Spells,4,1,RUG Midrange,daibloXSC,388 tix,"$ 1,329",240399,2014-07-13,Modern Premier #7283071,modern,modern-premier-7283071,modern-premier-7283071-2014-07-13
10,4,Cryptic Command,,Spells,4,1,RUG Midrange,daibloXSC,388 tix,"$ 1,329",240399,2014-07-13,Modern Premier #7283071,modern,modern-premier-7283071,modern-premier-7283071-2014-07-13
12,3,Vedalken Shackles,,Artifacts,4,1,RUG Midrange,daibloXSC,388 tix,"$ 1,329",240399,2014-07-13,Modern Premier #7283071,modern,modern-premier-7283071,modern-premier-7283071-2014-07-13
13,1,Batterskull,,Artifacts,4,1,RUG Midrange,daibloXSC,388 tix,"$ 1,329",240399,2014-07-13,Modern Premier #7283071,modern,modern-premier-7283071,modern-premier-7283071-2014-07-13
15,3,Blood Moon,,Enchantments,4,1,RUG Midrange,daibloXSC,388 tix,"$ 1,329",240399,2014-07-13,Modern Premier #7283071,modern,modern-premier-7283071,modern-premier-7283071-2014-07-13
17,1,Academy Ruins,,Lands,4,1,RUG Midrange,daibloXSC,388 tix,"$ 1,329",240399,2014-07-13,Modern Premier #7283071,modern,modern-premier-7283071,modern-premier-7283071-2014-07-13
18,1,Desolate Lighthouse,,Lands,4,1,RUG Midrange,daibloXSC,388 tix,"$ 1,329",240399,2014-07-13,Modern Premier #7283071,modern,modern-premier-7283071,modern-premier-7283071-2014-07-13
19,10,Island,,Lands,4,1,RUG Midrange,daibloXSC,388 tix,"$ 1,329",240399,2014-07-13,Modern Premier #7283071,modern,modern-premier-7283071,modern-premier-7283071-2014-07-13
20,4,Misty Rainforest,,Lands,4,1,RUG Midrange,daibloXSC,388 tix,"$ 1,329",240399,2014-07-13,Modern Premier #7283071,modern,modern-premier-7283071,modern-premier-7283071-2014-07-13
21,1,Mountain,,Lands,4,1,RUG Midrange,daibloXSC,388 tix,"$ 1,329",240399,2014-07-13,Modern Premier #7283071,modern,modern-premier-7283071,modern-premier-7283071-2014-07-13
22,4,Scalding Tarn,,Lands,4,1,RUG Midrange,daibloXSC,388 tix,"$ 1,329",240399,2014-07-13,Modern Premier #7283071,modern,modern-premier-7283071,modern-premier-7283071-2014-07-13
23,3,Steam Vents,,Lands,4,1,RUG Midrange,daibloXSC,388 tix,"$ 1,329",240399,2014-07-13,Modern Premier #7283071,modern,modern-premier-7283071,modern-premier-7283071-2014-07-13
25,1,Engineered Explosives,,Sideboard,4,1,RUG Midrange,daibloXSC,388 tix,"$ 1,329",240399,2014-07-13,Modern Premier #7283071,modern,modern-premier-7283071,modern-premier-7283071-2014-07-13
26,2,Dispel,,Sideboard,4,1,RUG Midrange,daibloXSC,388 tix,"$ 1,329",240399,2014-07-13,Modern Premier #7283071,modern,modern-premier-7283071,modern-premier-7283071-2014-07-13
27,2,Relic of Progenitus,,Sideboard,4,1,RUG Midrange,daibloXSC,388 tix,"$ 1,329",240399,2014-07-13,Modern Premier #7283071,modern,modern-premier-7283071,modern-premier-7283071-2014-07-13
28,2,Vandalblast,,Sideboard,4,1,RUG Midrange,daibloXSC,388 tix,"$ 1,329",240399,2014-07-13,Modern Premier #7283071,modern,modern-premier-7283071,modern-premier-7283071-2014-07-13
29,2,Combust,,Sideboard,4,1,RUG Midrange,daibloXSC,388 tix,"$ 1,329",240399,2014-07-13,Modern Premier #7283071,modern,modern-premier-7283071,modern-premier-7283071-2014-07-13
30,1,Negate,,Sideboard,4,1,RUG Midrange,daibloXSC,388 tix,"$ 1,329",240399,2014-07-13,Modern Premier #7283071,modern,modern-premier-7283071,modern-premier-7283071-2014-07-13
31,1,Shadow of Doubt,,Sideboard,4,1,RUG Midrange,daibloXSC,388 tix,"$ 1,329",240399,2014-07-13,Modern Premier #7283071,modern,modern-premier-7283071,modern-premier-7283071-2014-07-13
32,1,Spellskite,,Sideboard,4,1,RUG Midrange,daibloXSC,388 tix,"$ 1,329",240399,2014-07-13,Modern Premier #7283071,modern,modern-premier-7283071,modern-premier-7283071-2014-07-13
33,2,Anger of the Gods,,Sideboard,4,1,RUG Midrange,daibloXSC,388 tix,"$ 1,329",240399,2014-07-13,Modern Premier #7283071,modern,modern-premier-7283071,modern-premier-7283071-2014-07-13
34,1,Batterskull,,Sideboard,4,1,RUG Midrange,daibloXSC,388 tix,"$ 1,329",240399,2014-07-13,Modern Premier #7283071,modern,modern-premier-7283071,modern-premier-7283071-2014-07-13
1,4,Delver of Secrets,,Creatures,4,1,UR Delver,MR_Thompson,253 tix,"$ 1,001",240402,2014-07-13,Modern Premier #7283071,modern,modern-premier-7283071,modern-premier-7283071-2014-07-13
2,2,Grim Lavamancer,,Creatures,4,1,UR Delver,MR_Thompson,253 tix,"$ 1,001",240402,2014-07-13,Modern Premier #7283071,modern,modern-premier-7283071,modern-premier-7283071-2014-07-13
3,4,Snapcaster Mage,,Creatures,4,1,UR Delver,MR_Thompson,253 tix,"$ 1,001",240402,2014-07-13,Modern Premier #7283071,modern,modern-premier-7283071,modern-premier-7283071-2014-07-13
4,4,Young Pyromancer,,Creatures,4,1,UR Delver,MR_Thompson,253 tix,"$ 1,001",240402,2014-07-13,Modern Premier #7283071,modern,modern-premier-7283071,modern-premier-7283071-2014-07-13
6,4,Gitaxian Probe,,Spells,4,1,UR Delver,MR_Thompson,253 tix,"$ 1,001",240402,2014-07-13,Modern Premier #7283071,modern,modern-premier-7283071,modern-premier-7283071-2014-07-13
7,4,Lightning Bolt,,Spells,4,1,UR Delver,MR_Thompson,253 tix,"$ 1,001",240402,2014-07-13,Modern Premier #7283071,modern,modern-premier-7283071,modern-premier-7283071-2014-07-13
8,2,Pillar of Flame,,Spells,4,1,UR Delver,MR_Thompson,253 tix,"$ 1,001",240402,2014-07-13,Modern Premier #7283071,modern,modern-premier-7283071,modern-premier-7283071-2014-07-13
9,4,Serum Visions,,Spells,4,1,UR Delver,MR_Thompson,253 tix,"$ 1,001",240402,2014-07-13,Modern Premier #7283071,modern,modern-premier-7283071,modern-premier-7283071-2014-07-13
10,1,Spell Pierce,,Spells,4,1,UR Delver,MR_Thompson,253 tix,"$ 1,001",240402,2014-07-13,Modern Premier #7283071,modern,modern-premier-7283071,modern-premier-7283071-2014-07-13
11,2,Spell Snare,,Spells,4,1,UR Delver,MR_Thompson,253 tix,"$ 1,001",240402,2014-07-13,Modern Premier #7283071,modern,modern-premier-7283071,modern-premier-7283071-2014-07-13
12,2,Vapor Snag,,Spells,4,1,UR Delver,MR_Thompson,253 tix,"$ 1,001",240402,2014-07-13,Modern Premier #7283071,modern,modern-premier-7283071,modern-premier-7283071-2014-07-13
13,3,Mana Leak,,Spells,4,1,UR Delver,MR_Thompson,253 tix,"$ 1,001",240402,2014-07-13,Modern Premier #7283071,modern,modern-premier-7283071,modern-premier-7283071-2014-07-13
14,3,Remand,,Spells,4,1,UR Delver,MR_Thompson,253 tix,"$ 1,001",240402,2014-07-13,Modern Premier #7283071,modern,modern-premier-7283071,modern-premier-7283071-2014-07-13
15,1,Electrolyze,,Spells,4,1,UR Delver,MR_Thompson,253 tix,"$ 1,001",240402,2014-07-13,Modern Premier #7283071,modern,modern-premier-7283071,modern-premier-7283071-2014-07-13
17,1,Sword of Fire and Ice,,Artifacts,4,1,UR Delver,MR_Thompson,253 tix,"$ 1,001",240402,2014-07-13,Modern Premier #7283071,modern,modern-premier-7283071,modern-premier-7283071-2014-07-13
19,6,Island,,Lands,4,1,UR Delver,MR_Thompson,253 tix,"$ 1,001",240402,2014-07-13,Modern Premier #7283071,modern,modern-premier-7283071,modern-premier-7283071-2014-07-13
20,2,Mountain,,Lands,4,1,UR Delver,MR_Thompson,253 tix,"$ 1,001",240402,2014-07-13,Modern Premier #7283071,modern,modern-premier-7283071,modern-premier-7283071-2014-07-13
21,4,Scalding Tarn,,Lands,4,1,UR Delver,MR_Thompson,253 tix,"$ 1,001",240402,2014-07-13,Modern Premier #7283071,modern,modern-premier-7283071,modern-premier-7283071-2014-07-13
22,4,Steam Vents,,Lands,4,1,UR Delver,MR_Thompson,253 tix,"$ 1,001",240402,2014-07-13,Modern Premier #7283071,modern,modern-premier-7283071,modern-premier-7283071-2014-07-13
23,3,Sulfur Falls,,Lands,4,1,UR Delver,MR_Thompson,253 tix,"$ 1,001",240402,2014-07-13,Modern Premier #7283071,modern,modern-premier-7283071,modern-premier-7283071-2014-07-13
25,1,Engineered Explosives,,Sideboard,4,1,UR Delver,MR_Thompson,253 tix,"$ 1,001",240402,2014-07-13,Modern Premier #7283071,modern,modern-premier-7283071,modern-premier-7283071-2014-07-13
26,2,Relic of Progenitus,,Sideboard,4,1,UR Delver,MR_Thompson,253 tix,"$ 1,001",240402,2014-07-13,Modern Premier #7283071,modern,modern-premier-7283071,modern-premier-7283071-2014-07-13
27,2,Shattering Spree,,Sideboard,4,1,UR Delver,MR_Thompson,253 tix,"$ 1,001",240402,2014-07-13,Modern Premier #7283071,modern,modern-premier-7283071,modern-premier-7283071-2014-07-13
28,2,Combust,,Sideboard,4,1,UR Delver,MR_Thompson,253 tix,"$ 1,001",240402,2014-07-13,Modern Premier #7283071,modern,modern-premier-7283071,modern-premier-7283071-2014-07-13
29,2,Spellskite,,Sideboard,4,1,UR Delver,MR_Thompson,253 tix,"$ 1,001",240402,2014-07-13,Modern Premier #7283071,modern,modern-premier-7283071,modern-premier-7283071-2014-07-13
30,2,Blood Moon,,Sideboard,4,1,UR Delver,MR_Thompson,253 tix,"$ 1,001",240402,2014-07-13,Modern Premier #7283071,modern,modern-premier-7283071,modern-premier-7283071-2014-07-13
31,2,Counterflux,,Sideboard,4,1,UR Delver,MR_Thompson,253 tix,"$ 1,001",240402,2014-07-13,Modern Premier #7283071,modern,modern-premier-7283071,modern-premier-7283071-2014-07-13
32,1,Izzet Staticaster,,Sideboard,4,1,UR Delver,MR_Thompson,253 tix,"$ 1,001",240402,2014-07-13,Modern Premier #7283071,modern,modern-premier-7283071,modern-premier-7283071-2014-07-13
33,1,Threads of Disloyalty,,Sideboard,4,1,UR Delver,MR_Thompson,253 tix,"$ 1,001",240402,2014-07-13,Modern Premier #7283071,modern,modern-premier-7283071,modern-premier-7283071-2014-07-13
1,1,Wurmcoil Engine,,Creatures,4,1,UW Tron,McWinSauce,179 tix,$ 588,240403,2014-07-13,Modern Premier #7283071,modern,modern-premier-7283071,modern-premier-7283071-2014-07-13
2,1,"Elesh Norn, Grand Cenobite",,Creatures,4,1,UW Tron,McWinSauce,179 tix,$ 588,240403,2014-07-13,Modern Premier #7283071,modern,modern-premier-7283071,modern-premier-7283071-2014-07-13
3,1,"Iona, Shield of Emeria",,Creatures,4,1,UW Tron,McWinSauce,179 tix,$ 588,240403,2014-07-13,Modern Premier #7283071,modern,modern-premier-7283071,modern-premier-7283071-2014-07-13
4,1,"Emrakul, the Aeons Torn",,Creatures,4,1,UW Tron,McWinSauce,179 tix,$ 588,240403,2014-07-13,Modern Premier #7283071,modern,modern-premier-7283071,modern-premier-7283071-2014-07-13
6,1,Condescend,,Spells,4,1,UW Tron,McWinSauce,179 tix,$ 588,240403,2014-07-13,Modern Premier #7283071,modern,modern-premier-7283071,modern-premier-7283071-2014-07-13
7,4,Path to Exile,,Spells,4,1,UW Tron,McWinSauce,179 tix,$ 588,240403,2014-07-13,Modern Premier #7283071,modern,modern-premier-7283071,modern-premier-7283071-2014-07-13
8,3,Remand,,Spells,4,1,UW Tron,McWinSauce,179 tix,$ 588,240403,2014-07-13,Modern Premier #7283071,modern,modern-premier-7283071,modern-premier-7283071-2014-07-13
9,1,Sphinx's Revelation,,Spells,4,1,UW Tron,McWinSauce,179 tix,$ 588,240403,2014-07-13,Modern Premier #7283071,modern,modern-premier-7283071,modern-premier-7283071-2014-07-13
10,4,Thirst for Knowledge,,Spells,4,1,UW Tron,McWinSauce,179 tix,$ 588,240403,2014-07-13,Modern Premier #7283071,modern,modern-premier-7283071,modern-premier-7283071-2014-07-13
11,1,Timely Reinforcements,,Spells,4,1,UW Tron,McWinSauce,179 tix,$ 588,240403,2014-07-13,Modern Premier #7283071,modern,modern-premier-7283071,modern-premier-7283071-2014-07-13
12,1,Day of Judgment,,Spells,4,1,UW Tron,McWinSauce,179 tix,$ 588,240403,2014-07-13,Modern Premier #7283071,modern,modern-premier-7283071,modern-premier-7283071-2014-07-13
13,4,Gifts Ungiven,,Spells,4,1,UW Tron,McWinSauce,179 tix,$ 588,240403,2014-07-13,Modern Premier #7283071,modern,modern-premier-7283071,modern-premier-7283071-2014-07-13
14,1,Supreme Verdict,,Spells,4,1,UW Tron,McWinSauce,179 tix,$ 588,240403,2014-07-13,Modern Premier #7283071,modern,modern-premier-7283071,modern-premier-7283071-2014-07-13
15,1,Wrath of God,,Spells,4,1,UW Tron,McWinSauce,179 tix,$ 588,240403,2014-07-13,Modern Premier #7283071,modern,modern-premier-7283071,modern-premier-7283071-2014-07-13
16,1,Unburial Rites,,Spells,4,1,UW Tron,McWinSauce,179 tix,$ 588,240403,2014-07-13,Modern Premier #7283071,modern,modern-premier-7283071,modern-premier-7283071-2014-07-13
18,2,Expedition Map,,Artifacts,4,1,UW Tron,McWinSauce,179 tix,$ 588,240403,2014-07-13,Modern Premier #7283071,modern,modern-premier-7283071,modern-premier-7283071-2014-07-13
19,4,Azorius Signet,,Artifacts,4,1,UW Tron,McWinSauce,179 tix,$ 588,240403,2014-07-13,Modern Premier #7283071,modern,modern-premier-7283071,modern-premier-7283071-2014-07-13
20,1,Batterskull,,Artifacts,4,1,UW Tron,McWinSauce,179 tix,$ 588,240403,2014-07-13,Modern Premier #7283071,modern,modern-premier-7283071,modern-premier-7283071-2014-07-13
22,1,Detention Sphere,,Enchantments,4,1,UW Tron,McWinSauce,179 tix,$ 588,240403,2014-07-13,Modern Premier #7283071,modern,modern-premier-7283071,modern-premier-7283071-2014-07-13
24,4,Celestial Colonnade,,Lands,4,1,UW Tron,McWinSauce,179 tix,$ 588,240403,2014-07-13,Modern Premier #7283071,modern,modern-premier-7283071,modern-premier-7283071-2014-07-13
25,1,Ghost Quarter,,Lands,4,1,UW Tron,McWinSauce,179 tix,$ 588,240403,2014-07-13,Modern Premier #7283071,modern,modern-premier-7283071,modern-premier-7283071-2014-07-13
26,3,Hallowed Fountain,,Lands,4,1,UW Tron,McWinSauce,179 tix,$ 588,240403,2014-07-13,Modern Premier #7283071,modern,modern-premier-7283071,modern-premier-7283071-2014-07-13
27,1,Island,,Lands,4,1,UW Tron,McWinSauce,179 tix,$ 588,240403,2014-07-13,Modern Premier #7283071,modern,modern-premier-7283071,modern-premier-7283071-2014-07-13
28,1,Plains,,Lands,4,1,UW Tron,McWinSauce,179 tix,$ 588,240403,2014-07-13,Modern Premier #7283071,modern,modern-premier-7283071,modern-premier-7283071-2014-07-13
29,3,Seachrome Coast,,Lands,4,1,UW Tron,McWinSauce,179 tix,$ 588,240403,2014-07-13,Modern Premier #7283071,modern,modern-premier-7283071,modern-premier-7283071-2014-07-13
30,1,Snow-Covered Island,,Lands,4,1,UW Tron,McWinSauce,179 tix,$ 588,240403,2014-07-13,Modern Premier #7283071,modern,modern-premier-7283071,modern-premier-7283071-2014-07-13
31,4,Urza's Mine,,Lands,4,1,UW Tron,McWinSauce,179 tix,$ 588,240403,2014-07-13,Modern Premier #7283071,modern,modern-premier-7283071,modern-premier-7283071-2014-07-13
32,4,Urza's Power Plant,,Lands,4,1,UW Tron,McWinSauce,179 tix,$ 588,240403,2014-07-13,Modern Premier #7283071,modern,modern-premier-7283071,modern-premier-7283071-2014-07-13
33,4,Urza's Tower,,Lands,4,1,UW Tron,McWinSauce,179 tix,$ 588,240403,2014-07-13,Modern Premier #7283071,modern,modern-premier-7283071,modern-premier-7283071-2014-07-13
35,2,Dispel,,Sideboard,4,1,UW Tron,McWinSauce,179 tix,$ 588,240403,2014-07-13,Modern Premier #7283071,modern,modern-premier-7283071,modern-premier-7283071-2014-07-13
36,1,Grafdigger's Cage,,Sideboard,4,1,UW Tron,McWinSauce,179 tix,$ 588,240403,2014-07-13,Modern Premier #7283071,modern,modern-premier-7283071,modern-premier-7283071-2014-07-13
37,2,Porphyry Nodes,,Sideboard,4,1,UW Tron,McWinSauce,179 tix,$ 588,240403,2014-07-13,Modern Premier #7283071,modern,modern-premier-7283071,modern-premier-7283071-2014-07-13
38,2,Celestial Purge,,Sideboard,4,1,UW Tron,McWinSauce,179 tix,$ 588,240403,2014-07-13,Modern Premier #7283071,modern,modern-premier-7283071,modern-premier-7283071-2014-07-13
39,1,Disenchant,,Sideboard,4,1,UW Tron,McWinSauce,179 tix,$ 588,240403,2014-07-13,Modern Premier #7283071,modern,modern-premier-7283071,modern-premier-7283071-2014-07-13
40,1,Negate,,Sideboard,4,1,UW Tron,McWinSauce,179 tix,$ 588,240403,2014-07-13,Modern Premier #7283071,modern,modern-premier-7283071,modern-premier-7283071-2014-07-13
41,1,Torpor Orb,,Sideboard,4,1,UW Tron,McWinSauce,179 tix,$ 588,240403,2014-07-13,Modern Premier #7283071,modern,modern-premier-7283071,modern-premier-7283071-2014-07-13
42,3,Ghostly Prison,,Sideboard,4,1,UW Tron,McWinSauce,179 tix,$ 588,240403,2014-07-13,Modern Premier #7283071,modern,modern-premier-7283071,modern-premier-7283071-2014-07-13
43,1,Timely Reinforcements,,Sideboard,4,1,UW Tron,McWinSauce,179 tix,$ 588,240403,2014-07-13,Modern Premier #7283071,modern,modern-premier-7283071,modern-premier-7283071-2014-07-13
44,1,Mindbreak Trap,,Sideboard,4,1,UW Tron,McWinSauce,179 tix,$ 588,240403,2014-07-13,Modern Premier #7283071,modern,modern-premier-7283071,modern-premier-7283071-2014-07-13
1,2,Snapcaster Mage,,Creatures,3,2,American Twin,Fitch5000,281 tix,"$ 1,115",240405,2014-07-13,Modern Premier #7283071,modern,modern-premier-7283071,modern-premier-7283071-2014-07-13
2,4,Wall of Omens,,Creatures,3,2,American Twin,Fitch5000,281 tix,"$ 1,115",240405,2014-07-13,Modern Premier #7283071,modern,modern-premier-7283071,modern-premier-7283071-2014-07-13
3,4,Deceiver Exarch,,Creatures,3,2,American Twin,Fitch5000,281 tix,"$ 1,115",240405,2014-07-13,Modern Premier #7283071,modern,modern-premier-7283071,modern-premier-7283071-2014-07-13
4,4,Restoration Angel,,Creatures,3,2,American Twin,Fitch5000,281 tix,"$ 1,115",240405,2014-07-13,Modern Premier #7283071,modern,modern-premier-7283071,modern-premier-7283071-2014-07-13
5,3,"Kiki-Jiki, Mirror Breaker",,Creatures,3,2,American Twin,Fitch5000,281 tix,"$ 1,115",240405,2014-07-13,Modern Premier #7283071,modern,modern-premier-7283071,modern-premier-7283071-2014-07-13
7,4,Lightning Bolt,,Spells,3,2,American Twin,Fitch5000,281 tix,"$ 1,115",240405,2014-07-13,Modern Premier #7283071,modern,modern-premier-7283071,modern-premier-7283071-2014-07-13
8,4,Path to Exile,,Spells,3,2,American Twin,Fitch5000,281 tix,"$ 1,115",240405,2014-07-13,Modern Premier #7283071,modern,modern-premier-7283071,modern-premier-7283071-2014-07-13
9,3,Lightning Helix,,Spells,3,2,American Twin,Fitch5000,281 tix,"$ 1,115",240405,2014-07-13,Modern Premier #7283071,modern,modern-premier-7283071,modern-premier-7283071-2014-07-13
10,4,Remand,,Spells,3,2,American Twin,Fitch5000,281 tix,"$ 1,115",240405,2014-07-13,Modern Premier #7283071,modern,modern-premier-7283071,modern-premier-7283071-2014-07-13
12,4,Splinter Twin,,Enchantments,3,2,American Twin,Fitch5000,281 tix,"$ 1,115",240405,2014-07-13,Modern Premier #7283071,modern,modern-premier-7283071,modern-premier-7283071-2014-07-13
14,4,Arid Mesa,,Lands,3,2,American Twin,Fitch5000,281 tix,"$ 1,115",240405,2014-07-13,Modern Premier #7283071,modern,modern-premier-7283071,modern-premier-7283071-2014-07-13
15,4,Celestial Colonnade,,Lands,3,2,American Twin,Fitch5000,281 tix,"$ 1,115",240405,2014-07-13,Modern Premier #7283071,modern,modern-premier-7283071,modern-premier-7283071-2014-07-13
16,1,Hallowed Fountain,,Lands,3,2,American Twin,Fitch5000,281 tix,"$ 1,115",240405,2014-07-13,Modern Premier #7283071,modern,modern-premier-7283071,modern-premier-7283071-2014-07-13
17,2,Island,,Lands,3,2,American Twin,Fitch5000,281 tix,"$ 1,115",240405,2014-07-13,Modern Premier #7283071,modern,modern-premier-7283071,modern-premier-7283071-2014-07-13
18,1,Mountain,,Lands,3,2,American Twin,Fitch5000,281 tix,"$ 1,115",240405,2014-07-13,Modern Premier #7283071,modern,modern-premier-7283071,modern-premier-7283071-2014-07-13
19,2,Plains,,Lands,3,2,American Twin,Fitch5000,281 tix,"$ 1,115",240405,2014-07-13,Modern Premier #7283071,modern,modern-premier-7283071,modern-premier-7283071-2014-07-13
20,2,Sacred Foundry,,Lands,3,2,American Twin,Fitch5000,281 tix,"$ 1,115",240405,2014-07-13,Modern Premier #7283071,modern,modern-premier-7283071,modern-premier-7283071-2014-07-13
21,4,Scalding Tarn,,Lands,3,2,American Twin,Fitch5000,281 tix,"$ 1,115",240405,2014-07-13,Modern Premier #7283071,modern,modern-premier-7283071,modern-premier-7283071-2014-07-13
22,2,Steam Vents,,Lands,3,2,American Twin,Fitch5000,281 tix,"$ 1,115",240405,2014-07-13,Modern Premier #7283071,modern,modern-premier-7283071,modern-premier-7283071-2014-07-13
23,2,Sulfur Falls,,Lands,3,2,American Twin,Fitch5000,281 tix,"$ 1,115",240405,2014-07-13,Modern Premier #7283071,modern,modern-premier-7283071,modern-premier-7283071-2014-07-13
25,2,Wear & Tear,,Sideboard,3,2,American Twin,Fitch5000,281 tix,"$ 1,115",240405,2014-07-13,Modern Premier #7283071,modern,modern-premier-7283071,modern-premier-7283071-2014-07-13
26,3,Dispel,,Sideboard,3,2,American Twin,Fitch5000,281 tix,"$ 1,115",240405,2014-07-13,Modern Premier #7283071,modern,modern-premier-7283071,modern-premier-7283071-2014-07-13
27,1,Lightning Helix,,Sideboard,3,2,American Twin,Fitch5000,281 tix,"$ 1,115",240405,2014-07-13,Modern Premier #7283071,modern,modern-premier-7283071,modern-premier-7283071-2014-07-13
28,2,Rest in Peace,,Sideboard,3,2,American Twin,Fitch5000,281 tix,"$ 1,115",240405,2014-07-13,Modern Premier #7283071,modern,modern-premier-7283071,modern-premier-7283071-2014-07-13
29,2,Spellskite,,Sideboard,3,2,American Twin,Fitch5000,281 tix,"$ 1,115",240405,2014-07-13,Modern Premier #7283071,modern,modern-premier-7283071,modern-premier-7283071-2014-07-13
30,2,Stony Silence,,Sideboard,3,2,American Twin,Fitch5000,281 tix,"$ 1,115",240405,2014-07-13,Modern Premier #7283071,modern,modern-premier-7283071,modern-premier-7283071-2014-07-13
31,3,Anger of the Gods,,Sideboard,3,2,American Twin,Fitch5000,281 tix,"$ 1,115",240405,2014-07-13,Modern Premier #7283071,modern,modern-premier-7283071,modern-premier-7283071-2014-07-13
1,4,Dark Confidant,,Creatures,3,2,Junk,inosta,578 tix,"$ 1,882",240407,2014-07-13,Modern Premier #7283071,modern,modern-premier-7283071,modern-premier-7283071-2014-07-13
2,4,Scavenging Ooze,,Creatures,3,2,Junk,inosta,578 tix,"$ 1,882",240407,2014-07-13,Modern Premier #7283071,modern,modern-premier-7283071,modern-premier-7283071-2014-07-13
3,4,Tarmogoyf,,Creatures,3,2,Junk,inosta,578 tix,"$ 1,882",240407,2014-07-13,Modern Premier #7283071,modern,modern-premier-7283071,modern-premier-7283071-2014-07-13
4,2,Fulminator Mage,,Creatures,3,2,Junk,inosta,578 tix,"$ 1,882",240407,2014-07-13,Modern Premier #7283071,modern,modern-premier-7283071,modern-premier-7283071-2014-07-13
5,2,Obstinate Baloth,,Creatures,3,2,Junk,inosta,578 tix,"$ 1,882",240407,2014-07-13,Modern Premier #7283071,modern,modern-premier-7283071,modern-premier-7283071-2014-07-13
7,4,Liliana of the Veil,,Planeswalkers,3,2,Junk,inosta,578 tix,"$ 1,882",240407,2014-07-13,Modern Premier #7283071,modern,modern-premier-7283071,modern-premier-7283071-2014-07-13
9,1,Slaughter Pact,,Spells,3,2,Junk,inosta,578 tix,"$ 1,882",240407,2014-07-13,Modern Premier #7283071,modern,modern-premier-7283071,modern-premier-7283071-2014-07-13
10,4,Inquisition of Kozilek,,Spells,3,2,Junk,inosta,578 tix,"$ 1,882",240407,2014-07-13,Modern Premier #7283071,modern,modern-premier-7283071,modern-premier-7283071-2014-07-13
11,3,Thoughtseize,,Spells,3,2,Junk,inosta,578 tix,"$ 1,882",240407,2014-07-13,Modern Premier #7283071,modern,modern-premier-7283071,modern-premier-7283071-2014-07-13
12,4,Abrupt Decay,,Spells,3,2,Junk,inosta,578 tix,"$ 1,882",240407,2014-07-13,Modern Premier #7283071,modern,modern-premier-7283071,modern-premier-7283071-2014-07-13
13,2,Dismember,,Spells,3,2,Junk,inosta,578 tix,"$ 1,882",240407,2014-07-13,Modern Premier #7283071,modern,modern-premier-7283071,modern-premier-7283071-2014-07-13
14,2,Maelstrom Pulse,,Spells,3,2,Junk,inosta,578 tix,"$ 1,882",240407,2014-07-13,Modern Premier #7283071,modern,modern-premier-7283071,modern-premier-7283071-2014-07-13
16,1,Forest,,Lands,3,2,Junk,inosta,578 tix,"$ 1,882",240407,2014-07-13,Modern Premier #7283071,modern,modern-premier-7283071,modern-premier-7283071-2014-07-13
17,2,Marsh Flats,,Lands,3,2,Junk,inosta,578 tix,"$ 1,882",240407,2014-07-13,Modern Premier #7283071,modern,modern-premier-7283071,modern-premier-7283071-2014-07-13
18,1,Misty Rainforest,,Lands,3,2,Junk,inosta,578 tix,"$ 1,882",240407,2014-07-13,Modern Premier #7283071,modern,modern-premier-7283071,modern-premier-7283071-2014-07-13
19,3,Mutavault,,Lands,3,2,Junk,inosta,578 tix,"$ 1,882",240407,2014-07-13,Modern Premier #7283071,modern,modern-premier-7283071,modern-premier-7283071-2014-07-13
20,4,Overgrown Tomb,,Lands,3,2,Junk,inosta,578 tix,"$ 1,882",240407,2014-07-13,Modern Premier #7283071,modern,modern-premier-7283071,modern-premier-7283071-2014-07-13
21,2,Swamp,,Lands,3,2,Junk,inosta,578 tix,"$ 1,882",240407,2014-07-13,Modern Premier #7283071,modern,modern-premier-7283071,modern-premier-7283071-2014-07-13
22,4,Treetop Village,,Lands,3,2,Junk,inosta,578 tix,"$ 1,882",240407,2014-07-13,Modern Premier #7283071,modern,modern-premier-7283071,modern-premier-7283071-2014-07-13
23,2,Twilight Mire,,Lands,3,2,Junk,inosta,578 tix,"$ 1,882",240407,2014-07-13,Modern Premier #7283071,modern,modern-premier-7283071,modern-premier-7283071-2014-07-13
24,1,"Urborg, Tomb of Yawgmoth",,Lands,3,2,Junk,inosta,578 tix,"$ 1,882",240407,2014-07-13,Modern Premier #7283071,modern,modern-premier-7283071,modern-premier-7283071-2014-07-13
25,4,Verdant Catacombs,,Lands,3,2,Junk,inosta,578 tix,"$ 1,882",240407,2014-07-13,Modern Premier #7283071,modern,modern-premier-7283071,modern-premier-7283071-2014-07-13
27,2,Disfigure,,Sideboard,3,2,Junk,inosta,578 tix,"$ 1,882",240407,2014-07-13,Modern Premier #7283071,modern,modern-premier-7283071,modern-premier-7283071-2014-07-13
28,2,Duress,,Sideboard,3,2,Junk,inosta,578 tix,"$ 1,882",240407,2014-07-13,Modern Premier #7283071,modern,modern-premier-7283071,modern-premier-7283071-2014-07-13
29,1,Seal of Primordium,,Sideboard,3,2,Junk,inosta,578 tix,"$ 1,882",240407,2014-07-13,Modern Premier #7283071,modern,modern-premier-7283071,modern-premier-7283071-2014-07-13
30,2,Drown in Sorrow,,Sideboard,3,2,Junk,inosta,578 tix,"$ 1,882",240407,2014-07-13,Modern Premier #7283071,modern,modern-premier-7283071,modern-premier-7283071-2014-07-13
31,1,Fulminator Mage,,Sideboard,3,2,Junk,inosta,578 tix,"$ 1,882",240407,2014-07-13,Modern Premier #7283071,modern,modern-premier-7283071,modern-premier-7283071-2014-07-13
32,3,Lifebane Zombie,,Sideboard,3,2,Junk,inosta,578 tix,"$ 1,882",240407,2014-07-13,Modern Premier #7283071,modern,modern-premier-7283071,modern-premier-7283071-2014-07-13
33,2,Creeping Corrosion,,Sideboard,3,2,Junk,inosta,578 tix,"$ 1,882",240407,2014-07-13,Modern Premier #7283071,modern,modern-premier-7283071,modern-premier-7283071-2014-07-13
34,2,Obstinate Baloth,,Sideboard,3,2,Junk,inosta,578 tix,"$ 1,882",240407,2014-07-13,Modern Premier #7283071,modern,modern-premier-7283071,modern-premier-7283071-2014-07-13
1,1,"Emrakul, the Aeons Torn",,Creatures,3,2,Polymorph Control,innocentsky,284 tix,"$ 1,012",240406,2014-07-13,Modern Premier #7283071,modern,modern-premier-7283071,modern-premier-7283071-2014-07-13
3,2,Pact of Negation,,Spells,3,2,Polymorph Control,innocentsky,284 tix,"$ 1,012",240406,2014-07-13,Modern Premier #7283071,modern,modern-premier-7283071,modern-premier-7283071-2014-07-13
4,4,Inquisition of Kozilek,,Spells,3,2,Polymorph Control,innocentsky,284 tix,"$ 1,012",240406,2014-07-13,Modern Premier #7283071,modern,modern-premier-7283071,modern-premier-7283071-2014-07-13
5,4,Thoughtseize,,Spells,3,2,Polymorph Control,innocentsky,284 tix,"$ 1,012",240406,2014-07-13,Modern Premier #7283071,modern,modern-premier-7283071,modern-premier-7283071-2014-07-13
6,4,Mana Leak,,Spells,3,2,Polymorph Control,innocentsky,284 tix,"$ 1,012",240406,2014-07-13,Modern Premier #7283071,modern,modern-premier-7283071,modern-premier-7283071-2014-07-13
7,4,Telling Time,,Spells,3,2,Polymorph Control,innocentsky,284 tix,"$ 1,012",240406,2014-07-13,Modern Premier #7283071,modern,modern-premier-7283071,modern-premier-7283071-2014-07-13
8,2,Thirst for Knowledge,,Spells,3,2,Polymorph Control,innocentsky,284 tix,"$ 1,012",240406,2014-07-13,Modern Premier #7283071,modern,modern-premier-7283071,modern-premier-7283071-2014-07-13
9,4,Cryptic Command,,Spells,3,2,Polymorph Control,innocentsky,284 tix,"$ 1,012",240406,2014-07-13,Modern Premier #7283071,modern,modern-premier-7283071,modern-premier-7283071-2014-07-13
10,3,Damnation,,Spells,3,2,Polymorph Control,innocentsky,284 tix,"$ 1,012",240406,2014-07-13,Modern Premier #7283071,modern,modern-premier-7283071,modern-premier-7283071-2014-07-13
11,3,Polymorph,,Spells,3,2,Polymorph Control,innocentsky,284 tix,"$ 1,012",240406,2014-07-13,Modern Premier #7283071,modern,modern-premier-7283071,modern-premier-7283071-2014-07-13
13,4,Bitterblossom,,Enchantments,3,2,Polymorph Control,innocentsky,284 tix,"$ 1,012",240406,2014-07-13,Modern Premier #7283071,modern,modern-premier-7283071,modern-premier-7283071-2014-07-13
15,1,"Boseiju, Who Shelters All",,Lands,3,2,Polymorph Control,innocentsky,284 tix,"$ 1,012",240406,2014-07-13,Modern Premier #7283071,modern,modern-premier-7283071,modern-premier-7283071-2014-07-13
16,4,Creeping Tar Pit,,Lands,3,2,Polymorph Control,innocentsky,284 tix,"$ 1,012",240406,2014-07-13,Modern Premier #7283071,modern,modern-premier-7283071,modern-premier-7283071-2014-07-13
17,4,Darkslick Shores,,Lands,3,2,Polymorph Control,innocentsky,284 tix,"$ 1,012",240406,2014-07-13,Modern Premier #7283071,modern,modern-premier-7283071,modern-premier-7283071-2014-07-13
18,1,Island,,Lands,3,2,Polymorph Control,innocentsky,284 tix,"$ 1,012",240406,2014-07-13,Modern Premier #7283071,modern,modern-premier-7283071,modern-premier-7283071-2014-07-13
19,4,Mutavault,,Lands,3,2,Polymorph Control,innocentsky,284 tix,"$ 1,012",240406,2014-07-13,Modern Premier #7283071,modern,modern-premier-7283071,modern-premier-7283071-2014-07-13
20,1,Reflecting Pool,,Lands,3,2,Polymorph Control,innocentsky,284 tix,"$ 1,012",240406,2014-07-13,Modern Premier #7283071,modern,modern-premier-7283071,modern-premier-7283071-2014-07-13
21,4,River of Tears,,Lands,3,2,Polymorph Control,innocentsky,284 tix,"$ 1,012",240406,2014-07-13,Modern Premier #7283071,modern,modern-premier-7283071,modern-premier-7283071-2014-07-13
22,1,Swamp,,Lands,3,2,Polymorph Control,innocentsky,284 tix,"$ 1,012",240406,2014-07-13,Modern Premier #7283071,modern,modern-premier-7283071,modern-premier-7283071-2014-07-13
23,4,Temple of Deceit,,Lands,3,2,Polymorph Control,innocentsky,284 tix,"$ 1,012",240406,2014-07-13,Modern Premier #7283071,modern,modern-premier-7283071,modern-premier-7283071-2014-07-13
24,2,Tolaria West,,Lands,3,2,Polymorph Control,innocentsky,284 tix,"$ 1,012",240406,2014-07-13,Modern Premier #7283071,modern,modern-premier-7283071,modern-premier-7283071-2014-07-13
26,2,Engineered Explosives,,Sideboard,3,2,Polymorph Control,innocentsky,284 tix,"$ 1,012",240406,2014-07-13,Modern Premier #7283071,modern,modern-premier-7283071,modern-premier-7283071-2014-07-13
27,2,Doom Blade,,Sideboard,3,2,Polymorph Control,innocentsky,284 tix,"$ 1,012",240406,2014-07-13,Modern Premier #7283071,modern,modern-premier-7283071,modern-premier-7283071-2014-07-13
28,2,Isochron Scepter,,Sideboard,3,2,Polymorph Control,innocentsky,284 tix,"$ 1,012",240406,2014-07-13,Modern Premier #7283071,modern,modern-premier-7283071,modern-premier-7283071-2014-07-13
29,2,Mind Shatter,,Sideboard,3,2,Polymorph Control,innocentsky,284 tix,"$ 1,012",240406,2014-07-13,Modern Premier #7283071,modern,modern-premier-7283071,modern-premier-7283071-2014-07-13
30,1,Smother,,Sideboard,3,2,Polymorph Control,innocentsky,284 tix,"$ 1,012",240406,2014-07-13,Modern Premier #7283071,modern,modern-premier-7283071,modern-premier-7283071-2014-07-13
31,2,Spellskite,,Sideboard,3,2,Polymorph Control,innocentsky,284 tix,"$ 1,012",240406,2014-07-13,Modern Premier #7283071,modern,modern-premier-7283071,modern-premier-7283071-2014-07-13
32,2,Memoricide,,Sideboard,3,2,Polymorph Control,innocentsky,284 tix,"$ 1,012",240406,2014-07-13,Modern Premier #7283071,modern,modern-premier-7283071,modern-premier-7283071-2014-07-13
33,2,Batterskull,,Sideboard,3,2,Polymorph Control,innocentsky,284 tix,"$ 1,012",240406,2014-07-13,Modern Premier #7283071,modern,modern-premier-7283071,modern-premier-7283071-2014-07-13
1,4,Dark Confidant,,Creatures,4,0,Junk,Traumerei112,589 tix,"$ 1,959",240412,2014-07-13,Modern Daily #7283116,modern,modern-daily-7283116,modern-daily-7283116-2014-07-13
2,3,Scavenging Ooze,,Creatures,4,0,Junk,Traumerei112,589 tix,"$ 1,959",240412,2014-07-13,Modern Daily #7283116,modern,modern-daily-7283116,modern-daily-7283116-2014-07-13
3,4,Tarmogoyf,,Creatures,4,0,Junk,Traumerei112,589 tix,"$ 1,959",240412,2014-07-13,Modern Daily #7283116,modern,modern-daily-7283116,modern-daily-7283116-2014-07-13
5,4,Liliana of the Veil,,Planeswalkers,4,0,Junk,Traumerei112,589 tix,"$ 1,959",240412,2014-07-13,Modern Daily #7283116,modern,modern-daily-7283116,modern-daily-7283116-2014-07-13
6,1,Garruk Wildspeaker,,Planeswalkers,4,0,Junk,Traumerei112,589 tix,"$ 1,959",240412,2014-07-13,Modern Daily #7283116,modern,modern-daily-7283116,modern-daily-7283116-2014-07-13
8,1,Slaughter Pact,,Spells,4,0,Junk,Traumerei112,589 tix,"$ 1,959",240412,2014-07-13,Modern Daily #7283116,modern,modern-daily-7283116,modern-daily-7283116-2014-07-13
9,1,Disfigure,,Spells,4,0,Junk,Traumerei112,589 tix,"$ 1,959",240412,2014-07-13,Modern Daily #7283116,modern,modern-daily-7283116,modern-daily-7283116-2014-07-13
10,3,Inquisition of Kozilek,,Spells,4,0,Junk,Traumerei112,589 tix,"$ 1,959",240412,2014-07-13,Modern Daily #7283116,modern,modern-daily-7283116,modern-daily-7283116-2014-07-13
11,3,Thoughtseize,,Spells,4,0,Junk,Traumerei112,589 tix,"$ 1,959",240412,2014-07-13,Modern Daily #7283116,modern,modern-daily-7283116,modern-daily-7283116-2014-07-13
12,4,Abrupt Decay,,Spells,4,0,Junk,Traumerei112,589 tix,"$ 1,959",240412,2014-07-13,Modern Daily #7283116,modern,modern-daily-7283116,modern-daily-7283116-2014-07-13
13,2,Dismember,,Spells,4,0,Junk,Traumerei112,589 tix,"$ 1,959",240412,2014-07-13,Modern Daily #7283116,modern,modern-daily-7283116,modern-daily-7283116-2014-07-13
14,3,Lingering Souls,,Spells,4,0,Junk,Traumerei112,589 tix,"$ 1,959",240412,2014-07-13,Modern Daily #7283116,modern,modern-daily-7283116,modern-daily-7283116-2014-07-13
15,2,Maelstrom Pulse,,Spells,4,0,Junk,Traumerei112,589 tix,"$ 1,959",240412,2014-07-13,Modern Daily #7283116,modern,modern-daily-7283116,modern-daily-7283116-2014-07-13
17,1,Forest,,Lands,4,0,Junk,Traumerei112,589 tix,"$ 1,959",240412,2014-07-13,Modern Daily #7283116,modern,modern-daily-7283116,modern-daily-7283116-2014-07-13
18,1,Godless Shrine,,Lands,4,0,Junk,Traumerei112,589 tix,"$ 1,959",240412,2014-07-13,Modern Daily #7283116,modern,modern-daily-7283116,modern-daily-7283116-2014-07-13
19,4,Marsh Flats,,Lands,4,0,Junk,Traumerei112,589 tix,"$ 1,959",240412,2014-07-13,Modern Daily #7283116,modern,modern-daily-7283116,modern-daily-7283116-2014-07-13
20,2,Overgrown Tomb,,Lands,4,0,Junk,Traumerei112,589 tix,"$ 1,959",240412,2014-07-13,Modern Daily #7283116,modern,modern-daily-7283116,modern-daily-7283116-2014-07-13
21,1,Stirring Wildwood,,Lands,4,0,Junk,Traumerei112,589 tix,"$ 1,959",240412,2014-07-13,Modern Daily #7283116,modern,modern-daily-7283116,modern-daily-7283116-2014-07-13
22,2,Swamp,,Lands,4,0,Junk,Traumerei112,589 tix,"$ 1,959",240412,2014-07-13,Modern Daily #7283116,modern,modern-daily-7283116,modern-daily-7283116-2014-07-13
23,4,Tectonic Edge,,Lands,4,0,Junk,Traumerei112,589 tix,"$ 1,959",240412,2014-07-13,Modern Daily #7283116,modern,modern-daily-7283116,modern-daily-7283116-2014-07-13
24,1,Temple Garden,,Lands,4,0,Junk,Traumerei112,589 tix,"$ 1,959",240412,2014-07-13,Modern Daily #7283116,modern,modern-daily-7283116,modern-daily-7283116-2014-07-13
25,3,Treetop Village,,Lands,4,0,Junk,Traumerei112,589 tix,"$ 1,959",240412,2014-07-13,Modern Daily #7283116,modern,modern-daily-7283116,modern-daily-7283116-2014-07-13
26,1,Twilight Mire,,Lands,4,0,Junk,Traumerei112,589 tix,"$ 1,959",240412,2014-07-13,Modern Daily #7283116,modern,modern-daily-7283116,modern-daily-7283116-2014-07-13
27,1,"Urborg, Tomb of Yawgmoth",,Lands,4,0,Junk,Traumerei112,589 tix,"$ 1,959",240412,2014-07-13,Modern Daily #7283116,modern,modern-daily-7283116,modern-daily-7283116-2014-07-13
28,4,Verdant Catacombs,,Lands,4,0,Junk,Traumerei112,589 tix,"$ 1,959",240412,2014-07-13,Modern Daily #7283116,modern,modern-daily-7283116,modern-daily-7283116-2014-07-13
30,1,Slaughter Pact,,Sideboard,4,0,Junk,Traumerei112,589 tix,"$ 1,959",240412,2014-07-13,Modern Daily #7283116,modern,modern-daily-7283116,modern-daily-7283116-2014-07-13
31,2,Grafdigger's Cage,,Sideboard,4,0,Junk,Traumerei112,589 tix,"$ 1,959",240412,2014-07-13,Modern Daily #7283116,modern,modern-daily-7283116,modern-daily-7283116-2014-07-13
32,1,Stony Silence,,Sideboard,4,0,Junk,Traumerei112,589 tix,"$ 1,959",240412,2014-07-13,Modern Daily #7283116,modern,modern-daily-7283116,modern-daily-7283116-2014-07-13
33,1,Drown in Sorrow,,Sideboard,4,0,Junk,Traumerei112,589 tix,"$ 1,959",240412,2014-07-13,Modern Daily #7283116,modern,modern-daily-7283116,modern-daily-7283116-2014-07-13
34,3,Fulminator Mage,,Sideboard,4,0,Junk,Traumerei112,589 tix,"$ 1,959",240412,2014-07-13,Modern Daily #7283116,modern,modern-daily-7283116,modern-daily-7283116-2014-07-13
35,2,Kitchen Finks,,Sideboard,4,0,Junk,Traumerei112,589 tix,"$ 1,959",240412,2014-07-13,Modern Daily #7283116,modern,modern-daily-7283116,modern-daily-7283116-2014-07-13
36,1,Phyrexian Arena,,Sideboard,4,0,Junk,Traumerei112,589 tix,"$ 1,959",240412,2014-07-13,Modern Daily #7283116,modern,modern-daily-7283116,modern-daily-7283116-2014-07-13
37,1,Sword of Light and Shadow,,Sideboard,4,0,Junk,Traumerei112,589 tix,"$ 1,959",240412,2014-07-13,Modern Daily #7283116,modern,modern-daily-7283116,modern-daily-7283116-2014-07-13
38,2,Creeping Corrosion,,Sideboard,4,0,Junk,Traumerei112,589 tix,"$ 1,959",240412,2014-07-13,Modern Daily #7283116,modern,modern-daily-7283116,modern-daily-7283116-2014-07-13
39,1,Batterskull,,Sideboard,4,0,Junk,Traumerei112,589 tix,"$ 1,959",240412,2014-07-13,Modern Daily #7283116,modern,modern-daily-7283116,modern-daily-7283116-2014-07-13
1,4,Birds of Paradise,,Creatures,4,0,Kiki Pod,armlx,311 tix,$ 778,240411,2014-07-13,Modern Daily #7283116,modern,modern-daily-7283116,modern-daily-7283116-2014-07-13
2,4,Noble Hierarch,,Creatures,4,0,Kiki Pod,armlx,311 tix,$ 778,240411,2014-07-13,Modern Daily #7283116,modern,modern-daily-7283116,modern-daily-7283116-2014-07-13
3,1,Phantasmal Image,,Creatures,4,0,Kiki Pod,armlx,311 tix,$ 778,240411,2014-07-13,Modern Daily #7283116,modern,modern-daily-7283116,modern-daily-7283116-2014-07-13
4,1,Qasali Pridemage,,Creatures,4,0,Kiki Pod,armlx,311 tix,$ 778,240411,2014-07-13,Modern Daily #7283116,modern,modern-daily-7283116,modern-daily-7283116-2014-07-13
5,2,Scavenging Ooze,,Creatures,4,0,Kiki Pod,armlx,311 tix,$ 778,240411,2014-07-13,Modern Daily #7283116,modern,modern-daily-7283116,modern-daily-7283116-2014-07-13
6,1,Spellskite,,Creatures,4,0,Kiki Pod,armlx,311 tix,$ 778,240411,2014-07-13,Modern Daily #7283116,modern,modern-daily-7283116,modern-daily-7283116-2014-07-13
7,2,Voice of Resurgence,,Creatures,4,0,Kiki Pod,armlx,311 tix,$ 778,240411,2014-07-13,Modern Daily #7283116,modern,modern-daily-7283116,modern-daily-7283116-2014-07-13
8,2,Wall of Roots,,Creatures,4,0,Kiki Pod,armlx,311 tix,$ 778,240411,2014-07-13,Modern Daily #7283116,modern,modern-daily-7283116,modern-daily-7283116-2014-07-13
9,2,Deceiver Exarch,,Creatures,4,0,Kiki Pod,armlx,311 tix,$ 778,240411,2014-07-13,Modern Daily #7283116,modern,modern-daily-7283116,modern-daily-7283116-2014-07-13
10,1,Eternal Witness,,Creatures,4,0,Kiki Pod,armlx,311 tix,$ 778,240411,2014-07-13,Modern Daily #7283116,modern,modern-daily-7283116,modern-daily-7283116-2014-07-13
11,2,Kitchen Finks,,Creatures,4,0,Kiki Pod,armlx,311 tix,$ 778,240411,2014-07-13,Modern Daily #7283116,modern,modern-daily-7283116,modern-daily-7283116-2014-07-13
12,1,Glen Elendra Archmage,,Creatures,4,0,Kiki Pod,armlx,311 tix,$ 778,240411,2014-07-13,Modern Daily #7283116,modern,modern-daily-7283116,modern-daily-7283116-2014-07-13
13,1,"Linvala, Keeper of Silence",,Creatures,4,0,Kiki Pod,armlx,311 tix,$ 778,240411,2014-07-13,Modern Daily #7283116,modern,modern-daily-7283116,modern-daily-7283116-2014-07-13
14,1,Murderous Redcap,,Creatures,4,0,Kiki Pod,armlx,311 tix,$ 778,240411,2014-07-13,Modern Daily #7283116,modern,modern-daily-7283116,modern-daily-7283116-2014-07-13
15,3,Restoration Angel,,Creatures,4,0,Kiki Pod,armlx,311 tix,$ 778,240411,2014-07-13,Modern Daily #7283116,modern,modern-daily-7283116,modern-daily-7283116-2014-07-13
16,2,"Kiki-Jiki, Mirror Breaker",,Creatures,4,0,Kiki Pod,armlx,311 tix,$ 778,240411,2014-07-13,Modern Daily #7283116,modern,modern-daily-7283116,modern-daily-7283116-2014-07-13
17,1,Zealous Conscripts,,Creatures,4,0,Kiki Pod,armlx,311 tix,$ 778,240411,2014-07-13,Modern Daily #7283116,modern,modern-daily-7283116,modern-daily-7283116-2014-07-13
19,2,Chord of Calling,,Spells,4,0,Kiki Pod,armlx,311 tix,$ 778,240411,2014-07-13,Modern Daily #7283116,modern,modern-daily-7283116,modern-daily-7283116-2014-07-13
21,4,Birthing Pod,,Artifacts,4,0,Kiki Pod,armlx,311 tix,$ 778,240411,2014-07-13,Modern Daily #7283116,modern,modern-daily-7283116,modern-daily-7283116-2014-07-13
23,3,Arid Mesa,,Lands,4,0,Kiki Pod,armlx,311 tix,$ 778,240411,2014-07-13,Modern Daily #7283116,modern,modern-daily-7283116,modern-daily-7283116-2014-07-13
24,1,Breeding Pool,,Lands,4,0,Kiki Pod,armlx,311 tix,$ 778,240411,2014-07-13,Modern Daily #7283116,modern,modern-daily-7283116,modern-daily-7283116-2014-07-13
25,1,Fire-Lit Thicket,,Lands,4,0,Kiki Pod,armlx,311 tix,$ 778,240411,2014-07-13,Modern Daily #7283116,modern,modern-daily-7283116,modern-daily-7283116-2014-07-13
26,1,Forest,,Lands,4,0,Kiki Pod,armlx,311 tix,$ 778,240411,2014-07-13,Modern Daily #7283116,modern,modern-daily-7283116,modern-daily-7283116-2014-07-13
27,3,Gavony Township,,Lands,4,0,Kiki Pod,armlx,311 tix,$ 778,240411,2014-07-13,Modern Daily #7283116,modern,modern-daily-7283116,modern-daily-7283116-2014-07-13
28,4,Grove of the Burnwillows,,Lands,4,0,Kiki Pod,armlx,311 tix,$ 778,240411,2014-07-13,Modern Daily #7283116,modern,modern-daily-7283116,modern-daily-7283116-2014-07-13
29,1,Hallowed Fountain,,Lands,4,0,Kiki Pod,armlx,311 tix,$ 778,240411,2014-07-13,Modern Daily #7283116,modern,modern-daily-7283116,modern-daily-7283116-2014-07-13
30,4,Misty Rainforest,,Lands,4,0,Kiki Pod,armlx,311 tix,$ 778,240411,2014-07-13,Modern Daily #7283116,modern,modern-daily-7283116,modern-daily-7283116-2014-07-13
31,1,Plains,,Lands,4,0,Kiki Pod,armlx,311 tix,$ 778,240411,2014-07-13,Modern Daily #7283116,modern,modern-daily-7283116,modern-daily-7283116-2014-07-13
32,1,Sacred Foundry,,Lands,4,0,Kiki Pod,armlx,311 tix,$ 778,240411,2014-07-13,Modern Daily #7283116,modern,modern-daily-7283116,modern-daily-7283116-2014-07-13
33,1,Steam Vents,,Lands,4,0,Kiki Pod,armlx,311 tix,$ 778,240411,2014-07-13,Modern Daily #7283116,modern,modern-daily-7283116,modern-daily-7283116-2014-07-13
34,1,Stomping Ground,,Lands,4,0,Kiki Pod,armlx,311 tix,$ 778,240411,2014-07-13,Modern Daily #7283116,modern,modern-daily-7283116,modern-daily-7283116-2014-07-13
35,1,Temple Garden,,Lands,4,0,Kiki Pod,armlx,311 tix,$ 778,240411,2014-07-13,Modern Daily #7283116,modern,modern-daily-7283116,modern-daily-7283116-2014-07-13
37,2,Path to Exile,,Sideboard,4,0,Kiki Pod,armlx,311 tix,$ 778,240411,2014-07-13,Modern Daily #7283116,modern,modern-daily-7283116,modern-daily-7283116-2014-07-13
38,1,Ancient Grudge,,Sideboard,4,0,Kiki Pod,armlx,311 tix,$ 778,240411,2014-07-13,Modern Daily #7283116,modern,modern-daily-7283116,modern-daily-7283116-2014-07-13
39,2,Combust,,Sideboard,4,0,Kiki Pod,armlx,311 tix,$ 778,240411,2014-07-13,Modern Daily #7283116,modern,modern-daily-7283116,modern-daily-7283116-2014-07-13
40,2,Negate,,Sideboard,4,0,Kiki Pod,armlx,311 tix,$ 778,240411,2014-07-13,Modern Daily #7283116,modern,modern-daily-7283116,modern-daily-7283116-2014-07-13
41,1,Aven Mindcensor,,Sideboard,4,0,Kiki Pod,armlx,311 tix,$ 778,240411,2014-07-13,Modern Daily #7283116,modern,modern-daily-7283116,modern-daily-7283116-2014-07-13
42,1,Eidolon of Rhetoric,,Sideboard,4,0,Kiki Pod,armlx,311 tix,$ 778,240411,2014-07-13,Modern Daily #7283116,modern,modern-daily-7283116,modern-daily-7283116-2014-07-13
43,1,Fiend Hunter,,Sideboard,4,0,Kiki Pod,armlx,311 tix,$ 778,240411,2014-07-13,Modern Daily #7283116,modern,modern-daily-7283116,modern-daily-7283116-2014-07-13
44,1,Harmonic Sliver,,Sideboard,4,0,Kiki Pod,armlx,311 tix,$ 778,240411,2014-07-13,Modern Daily #7283116,modern,modern-daily-7283116,modern-daily-7283116-2014-07-13
45,1,Izzet Staticaster,,Sideboard,4,0,Kiki Pod,armlx,311 tix,$ 778,240411,2014-07-13,Modern Daily #7283116,modern,modern-daily-7283116,modern-daily-7283116-2014-07-13
46,1,Kitchen Finks,,Sideboard,4,0,Kiki Pod,armlx,311 tix,$ 778,240411,2014-07-13,Modern Daily #7283116,modern,modern-daily-7283116,modern-daily-7283116-2014-07-13
47,1,Avalanche Riders,,Sideboard,4,0,Kiki Pod,armlx,311 tix,$ 778,240411,2014-07-13,Modern Daily #7283116,modern,modern-daily-7283116,modern-daily-7283116-2014-07-13
48,1,"Thrun, the Last Troll",,Sideboard,4,0,Kiki Pod,armlx,311 tix,$ 778,240411,2014-07-13,Modern Daily #7283116,modern,modern-daily-7283116,modern-daily-7283116-2014-07-13
1,4,Cursecatcher,,Creatures,4,0,Merfolk,Tojarra17,114 tix,$ 313,240410,2014-07-13,Modern Daily #7283116,modern,modern-daily-7283116,modern-daily-7283116-2014-07-13
2,4,Lord of Atlantis,,Creatures,4,0,Merfolk,Tojarra17,114 tix,$ 313,240410,2014-07-13,Modern Daily #7283116,modern,modern-daily-7283116,modern-daily-7283116-2014-07-13
3,4,Master of the Pearl Trident,,Creatures,4,0,Merfolk,Tojarra17,114 tix,$ 313,240410,2014-07-13,Modern Daily #7283116,modern,modern-daily-7283116,modern-daily-7283116-2014-07-13
4,1,Phantasmal Image,,Creatures,4,0,Merfolk,Tojarra17,114 tix,$ 313,240410,2014-07-13,Modern Daily #7283116,modern,modern-daily-7283116,modern-daily-7283116-2014-07-13
5,4,Silvergill Adept,,Creatures,4,0,Merfolk,Tojarra17,114 tix,$ 313,240410,2014-07-13,Modern Daily #7283116,modern,modern-daily-7283116,modern-daily-7283116-2014-07-13
6,1,"Sygg, River Cutthroat",,Creatures,4,0,Merfolk,Tojarra17,114 tix,$ 313,240410,2014-07-13,Modern Daily #7283116,modern,modern-daily-7283116,modern-daily-7283116-2014-07-13
7,1,Voidmage Prodigy,,Creatures,4,0,Merfolk,Tojarra17,114 tix,$ 313,240410,2014-07-13,Modern Daily #7283116,modern,modern-daily-7283116,modern-daily-7283116-2014-07-13
8,4,Merrow Reejerey,,Creatures,4,0,Merfolk,Tojarra17,114 tix,$ 313,240410,2014-07-13,Modern Daily #7283116,modern,modern-daily-7283116,modern-daily-7283116-2014-07-13
9,1,"Thassa, God of the Sea",,Creatures,4,0,Merfolk,Tojarra17,114 tix,$ 313,240410,2014-07-13,Modern Daily #7283116,modern,modern-daily-7283116,modern-daily-7283116-2014-07-13
10,2,Master of Waves,,Creatures,4,0,Merfolk,Tojarra17,114 tix,$ 313,240410,2014-07-13,Modern Daily #7283116,modern,modern-daily-7283116,modern-daily-7283116-2014-07-13
12,2,Spell Pierce,,Spells,4,0,Merfolk,Tojarra17,114 tix,$ 313,240410,2014-07-13,Modern Daily #7283116,modern,modern-daily-7283116,modern-daily-7283116-2014-07-13
13,2,Vapor Snag,,Spells,4,0,Merfolk,Tojarra17,114 tix,$ 313,240410,2014-07-13,Modern Daily #7283116,modern,modern-daily-7283116,modern-daily-7283116-2014-07-13
14,1,Echoing Truth,,Spells,4,0,Merfolk,Tojarra17,114 tix,$ 313,240410,2014-07-13,Modern Daily #7283116,modern,modern-daily-7283116,modern-daily-7283116-2014-07-13
15,1,Muddle the Mixture,,Spells,4,0,Merfolk,Tojarra17,114 tix,$ 313,240410,2014-07-13,Modern Daily #7283116,modern,modern-daily-7283116,modern-daily-7283116-2014-07-13
17,4,Aether Vial,,Artifacts,4,0,Merfolk,Tojarra17,114 tix,$ 313,240410,2014-07-13,Modern Daily #7283116,modern,modern-daily-7283116,modern-daily-7283116-2014-07-13
18,1,Vedalken Shackles,,Artifacts,4,0,Merfolk,Tojarra17,114 tix,$ 313,240410,2014-07-13,Modern Daily #7283116,modern,modern-daily-7283116,modern-daily-7283116-2014-07-13
20,3,Spreading Seas,,Enchantments,4,0,Merfolk,Tojarra17,114 tix,$ 313,240410,2014-07-13,Modern Daily #7283116,modern,modern-daily-7283116,modern-daily-7283116-2014-07-13
22,17,Island,,Lands,4,0,Merfolk,Tojarra17,114 tix,$ 313,240410,2014-07-13,Modern Daily #7283116,modern,modern-daily-7283116,modern-daily-7283116-2014-07-13
23,3,Tectonic Edge,,Lands,4,0,Merfolk,Tojarra17,114 tix,$ 313,240410,2014-07-13,Modern Daily #7283116,modern,modern-daily-7283116,modern-daily-7283116-2014-07-13
25,2,Annul,,Sideboard,4,0,Merfolk,Tojarra17,114 tix,$ 313,240410,2014-07-13,Modern Daily #7283116,modern,modern-daily-7283116,modern-daily-7283116-2014-07-13
26,1,Vapor Snag,,Sideboard,4,0,Merfolk,Tojarra17,114 tix,$ 313,240410,2014-07-13,Modern Daily #7283116,modern,modern-daily-7283116,modern-daily-7283116-2014-07-13
27,1,Into the Roil,,Sideboard,4,0,Merfolk,Tojarra17,114 tix,$ 313,240410,2014-07-13,Modern Daily #7283116,modern,modern-daily-7283116,modern-daily-7283116-2014-07-13
28,1,Muddle the Mixture,,Sideboard,4,0,Merfolk,Tojarra17,114 tix,$ 313,240410,2014-07-13,Modern Daily #7283116,modern,modern-daily-7283116,modern-daily-7283116-2014-07-13
29,1,Redirect,,Sideboard,4,0,Merfolk,Tojarra17,114 tix,$ 313,240410,2014-07-13,Modern Daily #7283116,modern,modern-daily-7283116,modern-daily-7283116-2014-07-13
30,3,Spellskite,,Sideboard,4,0,Merfolk,Tojarra17,114 tix,$ 313,240410,2014-07-13,Modern Daily #7283116,modern,modern-daily-7283116,modern-daily-7283116-2014-07-13
31,1,Spreading Seas,,Sideboard,4,0,Merfolk,Tojarra17,114 tix,$ 313,240410,2014-07-13,Modern Daily #7283116,modern,modern-daily-7283116,modern-daily-7283116-2014-07-13
32,2,Squelch,,Sideboard,4,0,Merfolk,Tojarra17,114 tix,$ 313,240410,2014-07-13,Modern Daily #7283116,modern,modern-daily-7283116,modern-daily-7283116-2014-07-13
33,2,Vedalken Shackles,,Sideboard,4,0,Merfolk,Tojarra17,114 tix,$ 313,240410,2014-07-13,Modern Daily #7283116,modern,modern-daily-7283116,modern-daily-7283116-2014-07-13
1,3,Snapcaster Mage,,Creatures,4,0,Splinter Twin,Matti,322 tix,"$ 1,129",240409,2014-07-13,Modern Daily #7283116,modern,modern-daily-7283116,modern-daily-7283116-2014-07-13
2,4,Deceiver Exarch,,Creatures,4,0,Splinter Twin,Matti,322 tix,"$ 1,129",240409,2014-07-13,Modern Daily #7283116,modern,modern-daily-7283116,modern-daily-7283116-2014-07-13
3,2,Pestermite,,Creatures,4,0,Splinter Twin,Matti,322 tix,"$ 1,129",240409,2014-07-13,Modern Daily #7283116,modern,modern-daily-7283116,modern-daily-7283116-2014-07-13
4,2,Vendilion Clique,,Creatures,4,0,Splinter Twin,Matti,322 tix,"$ 1,129",240409,2014-07-13,Modern Daily #7283116,modern,modern-daily-7283116,modern-daily-7283116-2014-07-13
5,1,"Kiki-Jiki, Mirror Breaker",,Creatures,4,0,Splinter Twin,Matti,322 tix,"$ 1,129",240409,2014-07-13,Modern Daily #7283116,modern,modern-daily-7283116,modern-daily-7283116-2014-07-13
7,2,Dispel,,Spells,4,0,Splinter Twin,Matti,322 tix,"$ 1,129",240409,2014-07-13,Modern Daily #7283116,modern,modern-daily-7283116,modern-daily-7283116-2014-07-13
8,2,Flame Slash,,Spells,4,0,Splinter Twin,Matti,322 tix,"$ 1,129",240409,2014-07-13,Modern Daily #7283116,modern,modern-daily-7283116,modern-daily-7283116-2014-07-13
9,1,Gitaxian Probe,,Spells,4,0,Splinter Twin,Matti,322 tix,"$ 1,129",240409,2014-07-13,Modern Daily #7283116,modern,modern-daily-7283116,modern-daily-7283116-2014-07-13
10,4,Lightning Bolt,,Spells,4,0,Splinter Twin,Matti,322 tix,"$ 1,129",240409,2014-07-13,Modern Daily #7283116,modern,modern-daily-7283116,modern-daily-7283116-2014-07-13
11,1,Peek,,Spells,4,0,Splinter Twin,Matti,322 tix,"$ 1,129",240409,2014-07-13,Modern Daily #7283116,modern,modern-daily-7283116,modern-daily-7283116-2014-07-13
12,4,Serum Visions,,Spells,4,0,Splinter Twin,Matti,322 tix,"$ 1,129",240409,2014-07-13,Modern Daily #7283116,modern,modern-daily-7283116,modern-daily-7283116-2014-07-13
13,4,Remand,,Spells,4,0,Splinter Twin,Matti,322 tix,"$ 1,129",240409,2014-07-13,Modern Daily #7283116,modern,modern-daily-7283116,modern-daily-7283116-2014-07-13
14,1,Electrolyze,,Spells,4,0,Splinter Twin,Matti,322 tix,"$ 1,129",240409,2014-07-13,Modern Daily #7283116,modern,modern-daily-7283116,modern-daily-7283116-2014-07-13
15,2,Cryptic Command,,Spells,4,0,Splinter Twin,Matti,322 tix,"$ 1,129",240409,2014-07-13,Modern Daily #7283116,modern,modern-daily-7283116,modern-daily-7283116-2014-07-13
17,4,Splinter Twin,,Enchantments,4,0,Splinter Twin,Matti,322 tix,"$ 1,129",240409,2014-07-13,Modern Daily #7283116,modern,modern-daily-7283116,modern-daily-7283116-2014-07-13
19,1,Desolate Lighthouse,,Lands,4,0,Splinter Twin,Matti,322 tix,"$ 1,129",240409,2014-07-13,Modern Daily #7283116,modern,modern-daily-7283116,modern-daily-7283116-2014-07-13
20,5,Island,,Lands,4,0,Splinter Twin,Matti,322 tix,"$ 1,129",240409,2014-07-13,Modern Daily #7283116,modern,modern-daily-7283116,modern-daily-7283116-2014-07-13
21,4,Misty Rainforest,,Lands,4,0,Splinter Twin,Matti,322 tix,"$ 1,129",240409,2014-07-13,Modern Daily #7283116,modern,modern-daily-7283116,modern-daily-7283116-2014-07-13
22,1,Mountain,,Lands,4,0,Splinter Twin,Matti,322 tix,"$ 1,129",240409,2014-07-13,Modern Daily #7283116,modern,modern-daily-7283116,modern-daily-7283116-2014-07-13
23,4,Scalding Tarn,,Lands,4,0,Splinter Twin,Matti,322 tix,"$ 1,129",240409,2014-07-13,Modern Daily #7283116,modern,modern-daily-7283116,modern-daily-7283116-2014-07-13
24,3,Steam Vents,,Lands,4,0,Splinter Twin,Matti,322 tix,"$ 1,129",240409,2014-07-13,Modern Daily #7283116,modern,modern-daily-7283116,modern-daily-7283116-2014-07-13
25,1,Stomping Ground,,Lands,4,0,Splinter Twin,Matti,322 tix,"$ 1,129",240409,2014-07-13,Modern Daily #7283116,modern,modern-daily-7283116,modern-daily-7283116-2014-07-13
26,4,Sulfur Falls,,Lands,4,0,Splinter Twin,Matti,322 tix,"$ 1,129",240409,2014-07-13,Modern Daily #7283116,modern,modern-daily-7283116,modern-daily-7283116-2014-07-13
28,3,Pact of Negation,,Sideboard,4,0,Splinter Twin,Matti,322 tix,"$ 1,129",240409,2014-07-13,Modern Daily #7283116,modern,modern-daily-7283116,modern-daily-7283116-2014-07-13
29,1,Swan Song,,Sideboard,4,0,Splinter Twin,Matti,322 tix,"$ 1,129",240409,2014-07-13,Modern Daily #7283116,modern,modern-daily-7283116,modern-daily-7283116-2014-07-13
30,2,Ancient Grudge,,Sideboard,4,0,Splinter Twin,Matti,322 tix,"$ 1,129",240409,2014-07-13,Modern Daily #7283116,modern,modern-daily-7283116,modern-daily-7283116-2014-07-13
31,1,Anger of the Gods,,Sideboard,4,0,Splinter Twin,Matti,322 tix,"$ 1,129",240409,2014-07-13,Modern Daily #7283116,modern,modern-daily-7283116,modern-daily-7283116-2014-07-13
32,3,Blood Moon,,Sideboard,4,0,Splinter Twin,Matti,322 tix,"$ 1,129",240409,2014-07-13,Modern Daily #7283116,modern,modern-daily-7283116,modern-daily-7283116-2014-07-13
33,1,Threads of Disloyalty,,Sideboard,4,0,Splinter Twin,Matti,322 tix,"$ 1,129",240409,2014-07-13,Modern Daily #7283116,modern,modern-daily-7283116,modern-daily-7283116-2014-07-13
34,1,Sowing Salt,,Sideboard,4,0,Splinter Twin,Matti,322 tix,"$ 1,129",240409,2014-07-13,Modern Daily #7283116,modern,modern-daily-7283116,modern-daily-7283116-2014-07-13
35,2,Batterskull,,Sideboard,4,0,Splinter Twin,Matti,322 tix,"$ 1,129",240409,2014-07-13,Modern Daily #7283116,modern,modern-daily-7283116,modern-daily-7283116-2014-07-13
36,1,"Keranos, God of Storms",,Sideboard,4,0,Splinter Twin,Matti,322 tix,"$ 1,129",240409,2014-07-13,Modern Daily #7283116,modern,modern-daily-7283116,modern-daily-7283116-2014-07-13
1,4,Delver of Secrets,,Creatures,4,0,UR Delver,isomorphic,219 tix,$ 900,240408,2014-07-13,Modern Daily #7283116,modern,modern-daily-7283116,modern-daily-7283116-2014-07-13
2,2,Grim Lavamancer,,Creatures,4,0,UR Delver,isomorphic,219 tix,$ 900,240408,2014-07-13,Modern Daily #7283116,modern,modern-daily-7283116,modern-daily-7283116-2014-07-13
3,4,Snapcaster Mage,,Creatures,4,0,UR Delver,isomorphic,219 tix,$ 900,240408,2014-07-13,Modern Daily #7283116,modern,modern-daily-7283116,modern-daily-7283116-2014-07-13
4,4,Young Pyromancer,,Creatures,4,0,UR Delver,isomorphic,219 tix,$ 900,240408,2014-07-13,Modern Daily #7283116,modern,modern-daily-7283116,modern-daily-7283116-2014-07-13
5,1,Vendilion Clique,,Creatures,4,0,UR Delver,isomorphic,219 tix,$ 900,240408,2014-07-13,Modern Daily #7283116,modern,modern-daily-7283116,modern-daily-7283116-2014-07-13
7,4,Gitaxian Probe,,Spells,4,0,UR Delver,isomorphic,219 tix,$ 900,240408,2014-07-13,Modern Daily #7283116,modern,modern-daily-7283116,modern-daily-7283116-2014-07-13
8,4,Lightning Bolt,,Spells,4,0,UR Delver,isomorphic,219 tix,$ 900,240408,2014-07-13,Modern Daily #7283116,modern,modern-daily-7283116,modern-daily-7283116-2014-07-13
9,1,Pillar of Flame,,Spells,4,0,UR Delver,isomorphic,219 tix,$ 900,240408,2014-07-13,Modern Daily #7283116,modern,modern-daily-7283116,modern-daily-7283116-2014-07-13
10,4,Serum Visions,,Spells,4,0,UR Delver,isomorphic,219 tix,$ 900,240408,2014-07-13,Modern Daily #7283116,modern,modern-daily-7283116,modern-daily-7283116-2014-07-13
11,1,Spell Pierce,,Spells,4,0,UR Delver,isomorphic,219 tix,$ 900,240408,2014-07-13,Modern Daily #7283116,modern,modern-daily-7283116,modern-daily-7283116-2014-07-13
12,2,Spell Snare,,Spells,4,0,UR Delver,isomorphic,219 tix,$ 900,240408,2014-07-13,Modern Daily #7283116,modern,modern-daily-7283116,modern-daily-7283116-2014-07-13
13,2,Vapor Snag,,Spells,4,0,UR Delver,isomorphic,219 tix,$ 900,240408,2014-07-13,Modern Daily #7283116,modern,modern-daily-7283116,modern-daily-7283116-2014-07-13
14,1,Deprive,,Spells,4,0,UR Delver,isomorphic,219 tix,$ 900,240408,2014-07-13,Modern Daily #7283116,modern,modern-daily-7283116,modern-daily-7283116-2014-07-13
15,2,Mana Leak,,Spells,4,0,UR Delver,isomorphic,219 tix,$ 900,240408,2014-07-13,Modern Daily #7283116,modern,modern-daily-7283116,modern-daily-7283116-2014-07-13
16,3,Remand,,Spells,4,0,UR Delver,isomorphic,219 tix,$ 900,240408,2014-07-13,Modern Daily #7283116,modern,modern-daily-7283116,modern-daily-7283116-2014-07-13
17,1,Electrolyze,,Spells,4,0,UR Delver,isomorphic,219 tix,$ 900,240408,2014-07-13,Modern Daily #7283116,modern,modern-daily-7283116,modern-daily-7283116-2014-07-13
19,1,Sword of Feast and Famine,,Artifacts,4,0,UR Delver,isomorphic,219 tix,$ 900,240408,2014-07-13,Modern Daily #7283116,modern,modern-daily-7283116,modern-daily-7283116-2014-07-13
21,6,Island,,Lands,4,0,UR Delver,isomorphic,219 tix,$ 900,240408,2014-07-13,Modern Daily #7283116,modern,modern-daily-7283116,modern-daily-7283116-2014-07-13
22,2,Mountain,,Lands,4,0,UR Delver,isomorphic,219 tix,$ 900,240408,2014-07-13,Modern Daily #7283116,modern,modern-daily-7283116,modern-daily-7283116-2014-07-13
23,4,Scalding Tarn,,Lands,4,0,UR Delver,isomorphic,219 tix,$ 900,240408,2014-07-13,Modern Daily #7283116,modern,modern-daily-7283116,modern-daily-7283116-2014-07-13
24,4,Steam Vents,,Lands,4,0,UR Delver,isomorphic,219 tix,$ 900,240408,2014-07-13,Modern Daily #7283116,modern,modern-daily-7283116,modern-daily-7283116-2014-07-13
25,3,Sulfur Falls,,Lands,4,0,UR Delver,isomorphic,219 tix,$ 900,240408,2014-07-13,Modern Daily #7283116,modern,modern-daily-7283116,modern-daily-7283116-2014-07-13
27,1,Pillar of Flame,,Sideboard,4,0,UR Delver,isomorphic,219 tix,$ 900,240408,2014-07-13,Modern Daily #7283116,modern,modern-daily-7283116,modern-daily-7283116-2014-07-13
28,1,Shattering Spree,,Sideboard,4,0,UR Delver,isomorphic,219 tix,$ 900,240408,2014-07-13,Modern Daily #7283116,modern,modern-daily-7283116,modern-daily-7283116-2014-07-13
29,1,Spell Snare,,Sideboard,4,0,UR Delver,isomorphic,219 tix,$ 900,240408,2014-07-13,Modern Daily #7283116,modern,modern-daily-7283116,modern-daily-7283116-2014-07-13
30,2,Twisted Image,,Sideboard,4,0,UR Delver,isomorphic,219 tix,$ 900,240408,2014-07-13,Modern Daily #7283116,modern,modern-daily-7283116,modern-daily-7283116-2014-07-13
31,1,Vandalblast,,Sideboard,4,0,UR Delver,isomorphic,219 tix,$ 900,240408,2014-07-13,Modern Daily #7283116,modern,modern-daily-7283116,modern-daily-7283116-2014-07-13
32,2,Combust,,Sideboard,4,0,UR Delver,isomorphic,219 tix,$ 900,240408,2014-07-13,Modern Daily #7283116,modern,modern-daily-7283116,modern-daily-7283116-2014-07-13
33,1,Spellskite,,Sideboard,4,0,UR Delver,isomorphic,219 tix,$ 900,240408,2014-07-13,Modern Daily #7283116,modern,modern-daily-7283116,modern-daily-7283116-2014-07-13
34,2,Blood Moon,,Sideboard,4,0,UR Delver,isomorphic,219 tix,$ 900,240408,2014-07-13,Modern Daily #7283116,modern,modern-daily-7283116,modern-daily-7283116-2014-07-13
35,1,Counterflux,,Sideboard,4,0,UR Delver,isomorphic,219 tix,$ 900,240408,2014-07-13,Modern Daily #7283116,modern,modern-daily-7283116,modern-daily-7283116-2014-07-13
36,2,Threads of Disloyalty,,Sideboard,4,0,UR Delver,isomorphic,219 tix,$ 900,240408,2014-07-13,Modern Daily #7283116,modern,modern-daily-7283116,modern-daily-7283116-2014-07-13
37,1,Shatterstorm,,Sideboard,4,0,UR Delver,isomorphic,219 tix,$ 900,240408,2014-07-13,Modern Daily #7283116,modern,modern-daily-7283116,modern-daily-7283116-2014-07-13
1,3,Memnite,,Creatures,3,1,Affinity,Crywolf102190,388 tix,$ 933,240413,2014-07-13,Modern Daily #7283116,modern,modern-daily-7283116,modern-daily-7283116-2014-07-13
2,4,Ornithopter,,Creatures,3,1,Affinity,Crywolf102190,388 tix,$ 933,240413,2014-07-13,Modern Daily #7283116,modern,modern-daily-7283116,modern-daily-7283116-2014-07-13
3,4,Signal Pest,,Creatures,3,1,Affinity,Crywolf102190,388 tix,$ 933,240413,2014-07-13,Modern Daily #7283116,modern,modern-daily-7283116,modern-daily-7283116-2014-07-13
4,4,Arcbound Ravager,,Creatures,3,1,Affinity,Crywolf102190,388 tix,$ 933,240413,2014-07-13,Modern Daily #7283116,modern,modern-daily-7283116,modern-daily-7283116-2014-07-13
5,3,Steel Overseer,,Creatures,3,1,Affinity,Crywolf102190,388 tix,$ 933,240413,2014-07-13,Modern Daily #7283116,modern,modern-daily-7283116,modern-daily-7283116-2014-07-13
6,4,Vault Skirge,,Creatures,3,1,Affinity,Crywolf102190,388 tix,$ 933,240413,2014-07-13,Modern Daily #7283116,modern,modern-daily-7283116,modern-daily-7283116-2014-07-13
7,2,Etched Champion,,Creatures,3,1,Affinity,Crywolf102190,388 tix,$ 933,240413,2014-07-13,Modern Daily #7283116,modern,modern-daily-7283116,modern-daily-7283116-2014-07-13
8,2,Master of Etherium,,Creatures,3,1,Affinity,Crywolf102190,388 tix,$ 933,240413,2014-07-13,Modern Daily #7283116,modern,modern-daily-7283116,modern-daily-7283116-2014-07-13
10,3,Galvanic Blast,,Spells,3,1,Affinity,Crywolf102190,388 tix,$ 933,240413,2014-07-13,Modern Daily #7283116,modern,modern-daily-7283116,modern-daily-7283116-2014-07-13
11,3,Thoughtcast,,Spells,3,1,Affinity,Crywolf102190,388 tix,$ 933,240413,2014-07-13,Modern Daily #7283116,modern,modern-daily-7283116,modern-daily-7283116-2014-07-13
13,4,Mox Opal,,Artifacts,3,1,Affinity,Crywolf102190,388 tix,$ 933,240413,2014-07-13,Modern Daily #7283116,modern,modern-daily-7283116,modern-daily-7283116-2014-07-13
14,4,Springleaf Drum,,Artifacts,3,1,Affinity,Crywolf102190,388 tix,$ 933,240413,2014-07-13,Modern Daily #7283116,modern,modern-daily-7283116,modern-daily-7283116-2014-07-13
15,4,Cranial Plating,,Artifacts,3,1,Affinity,Crywolf102190,388 tix,$ 933,240413,2014-07-13,Modern Daily #7283116,modern,modern-daily-7283116,modern-daily-7283116-2014-07-13
17,4,Blinkmoth Nexus,,Lands,3,1,Affinity,Crywolf102190,388 tix,$ 933,240413,2014-07-13,Modern Daily #7283116,modern,modern-daily-7283116,modern-daily-7283116-2014-07-13
18,4,Darksteel Citadel,,Lands,3,1,Affinity,Crywolf102190,388 tix,$ 933,240413,2014-07-13,Modern Daily #7283116,modern,modern-daily-7283116,modern-daily-7283116-2014-07-13
19,4,Glimmervoid,,Lands,3,1,Affinity,Crywolf102190,388 tix,$ 933,240413,2014-07-13,Modern Daily #7283116,modern,modern-daily-7283116,modern-daily-7283116-2014-07-13
20,4,Inkmoth Nexus,,Lands,3,1,Affinity,Crywolf102190,388 tix,$ 933,240413,2014-07-13,Modern Daily #7283116,modern,modern-daily-7283116,modern-daily-7283116-2014-07-13
22,1,Grafdigger's Cage,,Sideboard,3,1,Affinity,Crywolf102190,388 tix,$ 933,240413,2014-07-13,Modern Daily #7283116,modern,modern-daily-7283116,modern-daily-7283116-2014-07-13
23,1,Illness in the Ranks,,Sideboard,3,1,Affinity,Crywolf102190,388 tix,$ 933,240413,2014-07-13,Modern Daily #7283116,modern,modern-daily-7283116,modern-daily-7283116-2014-07-13
24,1,Spell Pierce,,Sideboard,3,1,Affinity,Crywolf102190,388 tix,$ 933,240413,2014-07-13,Modern Daily #7283116,modern,modern-daily-7283116,modern-daily-7283116-2014-07-13
25,2,Thoughtseize,,Sideboard,3,1,Affinity,Crywolf102190,388 tix,$ 933,240413,2014-07-13,Modern Daily #7283116,modern,modern-daily-7283116,modern-daily-7283116-2014-07-13
26,3,Ancient Grudge,,Sideboard,3,1,Affinity,Crywolf102190,388 tix,$ 933,240413,2014-07-13,Modern Daily #7283116,modern,modern-daily-7283116,modern-daily-7283116-2014-07-13
27,2,Spellskite,,Sideboard,3,1,Affinity,Crywolf102190,388 tix,$ 933,240413,2014-07-13,Modern Daily #7283116,modern,modern-daily-7283116,modern-daily-7283116-2014-07-13
28,1,Whipflare,,Sideboard,3,1,Affinity,Crywolf102190,388 tix,$ 933,240413,2014-07-13,Modern Daily #7283116,modern,modern-daily-7283116,modern-daily-7283116-2014-07-13
29,1,Blood Moon,,Sideboard,3,1,Affinity,Crywolf102190,388 tix,$ 933,240413,2014-07-13,Modern Daily #7283116,modern,modern-daily-7283116,modern-daily-7283116-2014-07-13
30,1,Dismember,,Sideboard,3,1,Affinity,Crywolf102190,388 tix,$ 933,240413,2014-07-13,Modern Daily #7283116,modern,modern-daily-7283116,modern-daily-7283116-2014-07-13
31,1,Etched Champion,,Sideboard,3,1,Affinity,Crywolf102190,388 tix,$ 933,240413,2014-07-13,Modern Daily #7283116,modern,modern-daily-7283116,modern-daily-7283116-2014-07-13
32,1,Rule of Law,,Sideboard,3,1,Affinity,Crywolf102190,388 tix,$ 933,240413,2014-07-13,Modern Daily #7283116,modern,modern-daily-7283116,modern-daily-7283116-2014-07-13
1,3,Memnite,,Creatures,3,1,Affinity,HellMurder,372 tix,$ 900,240424,2014-07-13,Modern Daily #7283116,modern,modern-daily-7283116,modern-daily-7283116-2014-07-13
2,4,Ornithopter,,Creatures,3,1,Affinity,HellMurder,372 tix,$ 900,240424,2014-07-13,Modern Daily #7283116,modern,modern-daily-7283116,modern-daily-7283116-2014-07-13
3,4,Signal Pest,,Creatures,3,1,Affinity,HellMurder,372 tix,$ 900,240424,2014-07-13,Modern Daily #7283116,modern,modern-daily-7283116,modern-daily-7283116-2014-07-13
4,4,Arcbound Ravager,,Creatures,3,1,Affinity,HellMurder,372 tix,$ 900,240424,2014-07-13,Modern Daily #7283116,modern,modern-daily-7283116,modern-daily-7283116-2014-07-13
5,4,Steel Overseer,,Creatures,3,1,Affinity,HellMurder,372 tix,$ 900,240424,2014-07-13,Modern Daily #7283116,modern,modern-daily-7283116,modern-daily-7283116-2014-07-13
6,4,Vault Skirge,,Creatures,3,1,Affinity,HellMurder,372 tix,$ 900,240424,2014-07-13,Modern Daily #7283116,modern,modern-daily-7283116,modern-daily-7283116-2014-07-13
7,2,Master of Etherium,,Creatures,3,1,Affinity,HellMurder,372 tix,$ 900,240424,2014-07-13,Modern Daily #7283116,modern,modern-daily-7283116,modern-daily-7283116-2014-07-13
9,4,Galvanic Blast,,Spells,3,1,Affinity,HellMurder,372 tix,$ 900,240424,2014-07-13,Modern Daily #7283116,modern,modern-daily-7283116,modern-daily-7283116-2014-07-13
10,2,Shrapnel Blast,,Spells,3,1,Affinity,HellMurder,372 tix,$ 900,240424,2014-07-13,Modern Daily #7283116,modern,modern-daily-7283116,modern-daily-7283116-2014-07-13
12,4,Mox Opal,,Artifacts,3,1,Affinity,HellMurder,372 tix,$ 900,240424,2014-07-13,Modern Daily #7283116,modern,modern-daily-7283116,modern-daily-7283116-2014-07-13
13,4,Springleaf Drum,,Artifacts,3,1,Affinity,HellMurder,372 tix,$ 900,240424,2014-07-13,Modern Daily #7283116,modern,modern-daily-7283116,modern-daily-7283116-2014-07-13
14,4,Cranial Plating,,Artifacts,3,1,Affinity,HellMurder,372 tix,$ 900,240424,2014-07-13,Modern Daily #7283116,modern,modern-daily-7283116,modern-daily-7283116-2014-07-13
16,4,Blinkmoth Nexus,,Lands,3,1,Affinity,HellMurder,372 tix,$ 900,240424,2014-07-13,Modern Daily #7283116,modern,modern-daily-7283116,modern-daily-7283116-2014-07-13
17,4,Darksteel Citadel,,Lands,3,1,Affinity,HellMurder,372 tix,$ 900,240424,2014-07-13,Modern Daily #7283116,modern,modern-daily-7283116,modern-daily-7283116-2014-07-13
18,4,Glimmervoid,,Lands,3,1,Affinity,HellMurder,372 tix,$ 900,240424,2014-07-13,Modern Daily #7283116,modern,modern-daily-7283116,modern-daily-7283116-2014-07-13
19,4,Inkmoth Nexus,,Lands,3,1,Affinity,HellMurder,372 tix,$ 900,240424,2014-07-13,Modern Daily #7283116,modern,modern-daily-7283116,modern-daily-7283116-2014-07-13
20,1,Mountain,,Lands,3,1,Affinity,HellMurder,372 tix,$ 900,240424,2014-07-13,Modern Daily #7283116,modern,modern-daily-7283116,modern-daily-7283116-2014-07-13
22,2,Wear & Tear,,Sideboard,3,1,Affinity,HellMurder,372 tix,$ 900,240424,2014-07-13,Modern Daily #7283116,modern,modern-daily-7283116,modern-daily-7283116-2014-07-13
23,2,Grafdigger's Cage,,Sideboard,3,1,Affinity,HellMurder,372 tix,$ 900,240424,2014-07-13,Modern Daily #7283116,modern,modern-daily-7283116,modern-daily-7283116-2014-07-13
24,1,Gut Shot,,Sideboard,3,1,Affinity,HellMurder,372 tix,$ 900,240424,2014-07-13,Modern Daily #7283116,modern,modern-daily-7283116,modern-daily-7283116-2014-07-13
25,2,Ancient Grudge,,Sideboard,3,1,Affinity,HellMurder,372 tix,$ 900,240424,2014-07-13,Modern Daily #7283116,modern,modern-daily-7283116,modern-daily-7283116-2014-07-13
26,2,Spellskite,,Sideboard,3,1,Affinity,HellMurder,372 tix,$ 900,240424,2014-07-13,Modern Daily #7283116,modern,modern-daily-7283116,modern-daily-7283116-2014-07-13
27,1,Whipflare,,Sideboard,3,1,Affinity,HellMurder,372 tix,$ 900,240424,2014-07-13,Modern Daily #7283116,modern,modern-daily-7283116,modern-daily-7283116-2014-07-13
28,1,Choke,,Sideboard,3,1,Affinity,HellMurder,372 tix,$ 900,240424,2014-07-13,Modern Daily #7283116,modern,modern-daily-7283116,modern-daily-7283116-2014-07-13
29,1,Dismember,,Sideboard,3,1,Affinity,HellMurder,372 tix,$ 900,240424,2014-07-13,Modern Daily #7283116,modern,modern-daily-7283116,modern-daily-7283116-2014-07-13
30,2,Etched Champion,,Sideboard,3,1,Affinity,HellMurder,372 tix,$ 900,240424,2014-07-13,Modern Daily #7283116,modern,modern-daily-7283116,modern-daily-7283116-2014-07-13
31,1,Rule of Law,,Sideboard,3,1,Affinity,HellMurder,372 tix,$ 900,240424,2014-07-13,Modern Daily #7283116,modern,modern-daily-7283116,modern-daily-7283116-2014-07-13
1,1,Sakura-Tribe Scout,,Creatures,3,1,Amulet Bloom,shinolikesbugs,212 tix,$ 521,240422,2014-07-13,Modern Daily #7283116,modern,modern-daily-7283116,modern-daily-7283116-2014-07-13
2,2,"Azusa, Lost but Seeking",,Creatures,3,1,Amulet Bloom,shinolikesbugs,212 tix,$ 521,240422,2014-07-13,Modern Daily #7283116,modern,modern-daily-7283116,modern-daily-7283116-2014-07-13
3,4,Primeval Titan,,Creatures,3,1,Amulet Bloom,shinolikesbugs,212 tix,$ 521,240422,2014-07-13,Modern Daily #7283116,modern,modern-daily-7283116,modern-daily-7283116-2014-07-13
5,2,Pact of Negation,,Spells,3,1,Amulet Bloom,shinolikesbugs,212 tix,$ 521,240422,2014-07-13,Modern Daily #7283116,modern,modern-daily-7283116,modern-daily-7283116-2014-07-13
6,1,Slaughter Pact,,Spells,3,1,Amulet Bloom,shinolikesbugs,212 tix,$ 521,240422,2014-07-13,Modern Daily #7283116,modern,modern-daily-7283116,modern-daily-7283116-2014-07-13
7,4,Summoner's Pact,,Spells,3,1,Amulet Bloom,shinolikesbugs,212 tix,$ 521,240422,2014-07-13,Modern Daily #7283116,modern,modern-daily-7283116,modern-daily-7283116-2014-07-13
8,4,Ancient Stirrings,,Spells,3,1,Amulet Bloom,shinolikesbugs,212 tix,$ 521,240422,2014-07-13,Modern Daily #7283116,modern,modern-daily-7283116,modern-daily-7283116-2014-07-13
9,4,Serum Visions,,Spells,3,1,Amulet Bloom,shinolikesbugs,212 tix,$ 521,240422,2014-07-13,Modern Daily #7283116,modern,modern-daily-7283116,modern-daily-7283116-2014-07-13
10,4,Summer Bloom,,Spells,3,1,Amulet Bloom,shinolikesbugs,212 tix,$ 521,240422,2014-07-13,Modern Daily #7283116,modern,modern-daily-7283116,modern-daily-7283116-2014-07-13
12,4,Amulet of Vigor,,Artifacts,3,1,Amulet Bloom,shinolikesbugs,212 tix,$ 521,240422,2014-07-13,Modern Daily #7283116,modern,modern-daily-7283116,modern-daily-7283116-2014-07-13
14,3,Hive Mind,,Enchantments,3,1,Amulet Bloom,shinolikesbugs,212 tix,$ 521,240422,2014-07-13,Modern Daily #7283116,modern,modern-daily-7283116,modern-daily-7283116-2014-07-13
16,1,Boros Garrison,,Lands,3,1,Amulet Bloom,shinolikesbugs,212 tix,$ 521,240422,2014-07-13,Modern Daily #7283116,modern,modern-daily-7283116,modern-daily-7283116-2014-07-13
17,1,Cavern of Souls,,Lands,3,1,Amulet Bloom,shinolikesbugs,212 tix,$ 521,240422,2014-07-13,Modern Daily #7283116,modern,modern-daily-7283116,modern-daily-7283116-2014-07-13
18,1,Forest,,Lands,3,1,Amulet Bloom,shinolikesbugs,212 tix,$ 521,240422,2014-07-13,Modern Daily #7283116,modern,modern-daily-7283116,modern-daily-7283116-2014-07-13
19,3,Gemstone Mine,,Lands,3,1,Amulet Bloom,shinolikesbugs,212 tix,$ 521,240422,2014-07-13,Modern Daily #7283116,modern,modern-daily-7283116,modern-daily-7283116-2014-07-13
20,1,Golgari Rot Farm,,Lands,3,1,Amulet Bloom,shinolikesbugs,212 tix,$ 521,240422,2014-07-13,Modern Daily #7283116,modern,modern-daily-7283116,modern-daily-7283116-2014-07-13
21,3,Gruul Turf,,Lands,3,1,Amulet Bloom,shinolikesbugs,212 tix,$ 521,240422,2014-07-13,Modern Daily #7283116,modern,modern-daily-7283116,modern-daily-7283116-2014-07-13
22,1,Kabira Crossroads,,Lands,3,1,Amulet Bloom,shinolikesbugs,212 tix,$ 521,240422,2014-07-13,Modern Daily #7283116,modern,modern-daily-7283116,modern-daily-7283116-2014-07-13
23,1,Khalni Garden,,Lands,3,1,Amulet Bloom,shinolikesbugs,212 tix,$ 521,240422,2014-07-13,Modern Daily #7283116,modern,modern-daily-7283116,modern-daily-7283116-2014-07-13
24,1,Selesnya Sanctuary,,Lands,3,1,Amulet Bloom,shinolikesbugs,212 tix,$ 521,240422,2014-07-13,Modern Daily #7283116,modern,modern-daily-7283116,modern-daily-7283116-2014-07-13
25,4,Simic Growth Chamber,,Lands,3,1,Amulet Bloom,shinolikesbugs,212 tix,$ 521,240422,2014-07-13,Modern Daily #7283116,modern,modern-daily-7283116,modern-daily-7283116-2014-07-13
26,1,Slayers' Stronghold,,Lands,3,1,Amulet Bloom,shinolikesbugs,212 tix,$ 521,240422,2014-07-13,Modern Daily #7283116,modern,modern-daily-7283116,modern-daily-7283116-2014-07-13
27,1,"Sunhome, Fortress of the Legion",,Lands,3,1,Amulet Bloom,shinolikesbugs,212 tix,$ 521,240422,2014-07-13,Modern Daily #7283116,modern,modern-daily-7283116,modern-daily-7283116-2014-07-13
28,1,Temple of Mystery,,Lands,3,1,Amulet Bloom,shinolikesbugs,212 tix,$ 521,240422,2014-07-13,Modern Daily #7283116,modern,modern-daily-7283116,modern-daily-7283116-2014-07-13
29,3,Tendo Ice Bridge,,Lands,3,1,Amulet Bloom,shinolikesbugs,212 tix,$ 521,240422,2014-07-13,Modern Daily #7283116,modern,modern-daily-7283116,modern-daily-7283116-2014-07-13
30,3,Tolaria West,,Lands,3,1,Amulet Bloom,shinolikesbugs,212 tix,$ 521,240422,2014-07-13,Modern Daily #7283116,modern,modern-daily-7283116,modern-daily-7283116-2014-07-13
31,1,Vesuva,,Lands,3,1,Amulet Bloom,shinolikesbugs,212 tix,$ 521,240422,2014-07-13,Modern Daily #7283116,modern,modern-daily-7283116,modern-daily-7283116-2014-07-13
33,1,Engineered Explosives,,Sideboard,3,1,Amulet Bloom,shinolikesbugs,212 tix,$ 521,240422,2014-07-13,Modern Daily #7283116,modern,modern-daily-7283116,modern-daily-7283116-2014-07-13
34,1,Ghost Quarter,,Sideboard,3,1,Amulet Bloom,shinolikesbugs,212 tix,$ 521,240422,2014-07-13,Modern Daily #7283116,modern,modern-daily-7283116,modern-daily-7283116-2014-07-13
35,1,Grafdigger's Cage,,Sideboard,3,1,Amulet Bloom,shinolikesbugs,212 tix,$ 521,240422,2014-07-13,Modern Daily #7283116,modern,modern-daily-7283116,modern-daily-7283116-2014-07-13
36,1,Pithing Needle,,Sideboard,3,1,Amulet Bloom,shinolikesbugs,212 tix,$ 521,240422,2014-07-13,Modern Daily #7283116,modern,modern-daily-7283116,modern-daily-7283116-2014-07-13
37,2,Pyroclasm,,Sideboard,3,1,Amulet Bloom,shinolikesbugs,212 tix,$ 521,240422,2014-07-13,Modern Daily #7283116,modern,modern-daily-7283116,modern-daily-7283116-2014-07-13
38,3,Seal of Primordium,,Sideboard,3,1,Amulet Bloom,shinolikesbugs,212 tix,$ 521,240422,2014-07-13,Modern Daily #7283116,modern,modern-daily-7283116,modern-daily-7283116-2014-07-13
39,2,Stony Silence,,Sideboard,3,1,Amulet Bloom,shinolikesbugs,212 tix,$ 521,240422,2014-07-13,Modern Daily #7283116,modern,modern-daily-7283116,modern-daily-7283116-2014-07-13
40,2,Dismember,,Sideboard,3,1,Amulet Bloom,shinolikesbugs,212 tix,$ 521,240422,2014-07-13,Modern Daily #7283116,modern,modern-daily-7283116,modern-daily-7283116-2014-07-13
41,2,Eternal Witness,,Sideboard,3,1,Amulet Bloom,shinolikesbugs,212 tix,$ 521,240422,2014-07-13,Modern Daily #7283116,modern,modern-daily-7283116,modern-daily-7283116-2014-07-13
1,4,Goblin Guide,,Creatures,3,1,Burn,nello,85 tix,$ 231,240414,2014-07-13,Modern Daily #7283116,modern,modern-daily-7283116,modern-daily-7283116-2014-07-13
2,4,Vexing Devil,,Creatures,3,1,Burn,nello,85 tix,$ 231,240414,2014-07-13,Modern Daily #7283116,modern,modern-daily-7283116,modern-daily-7283116-2014-07-13
3,4,Eidolon of the Great Revel,,Creatures,3,1,Burn,nello,85 tix,$ 231,240414,2014-07-13,Modern Daily #7283116,modern,modern-daily-7283116,modern-daily-7283116-2014-07-13
5,4,Lava Spike,,Spells,3,1,Burn,nello,85 tix,$ 231,240414,2014-07-13,Modern Daily #7283116,modern,modern-daily-7283116,modern-daily-7283116-2014-07-13
6,4,Lightning Bolt,,Spells,3,1,Burn,nello,85 tix,$ 231,240414,2014-07-13,Modern Daily #7283116,modern,modern-daily-7283116,modern-daily-7283116-2014-07-13
7,3,Shard Volley,,Spells,3,1,Burn,nello,85 tix,$ 231,240414,2014-07-13,Modern Daily #7283116,modern,modern-daily-7283116,modern-daily-7283116-2014-07-13
8,2,Magma Jet,,Spells,3,1,Burn,nello,85 tix,$ 231,240414,2014-07-13,Modern Daily #7283116,modern,modern-daily-7283116,modern-daily-7283116-2014-07-13
9,3,Searing Blaze,,Spells,3,1,Burn,nello,85 tix,$ 231,240414,2014-07-13,Modern Daily #7283116,modern,modern-daily-7283116,modern-daily-7283116-2014-07-13
10,4,Skullcrack,,Spells,3,1,Burn,nello,85 tix,$ 231,240414,2014-07-13,Modern Daily #7283116,modern,modern-daily-7283116,modern-daily-7283116-2014-07-13
11,4,Flames of the Blood Hand,,Spells,3,1,Burn,nello,85 tix,$ 231,240414,2014-07-13,Modern Daily #7283116,modern,modern-daily-7283116,modern-daily-7283116-2014-07-13
12,4,Rift Bolt,,Spells,3,1,Burn,nello,85 tix,$ 231,240414,2014-07-13,Modern Daily #7283116,modern,modern-daily-7283116,modern-daily-7283116-2014-07-13
14,20,Mountain,,Lands,3,1,Burn,nello,85 tix,$ 231,240414,2014-07-13,Modern Daily #7283116,modern,modern-daily-7283116,modern-daily-7283116-2014-07-13
16,2,Relic of Progenitus,,Sideboard,3,1,Burn,nello,85 tix,$ 231,240414,2014-07-13,Modern Daily #7283116,modern,modern-daily-7283116,modern-daily-7283116-2014-07-13
17,3,Combust,,Sideboard,3,1,Burn,nello,85 tix,$ 231,240414,2014-07-13,Modern Daily #7283116,modern,modern-daily-7283116,modern-daily-7283116-2014-07-13
18,2,Dragon's Claw,,Sideboard,3,1,Burn,nello,85 tix,$ 231,240414,2014-07-13,Modern Daily #7283116,modern,modern-daily-7283116,modern-daily-7283116-2014-07-13
19,2,Searing Blood,,Sideboard,3,1,Burn,nello,85 tix,$ 231,240414,2014-07-13,Modern Daily #7283116,modern,modern-daily-7283116,modern-daily-7283116-2014-07-13
20,3,Smash to Smithereens,,Sideboard,3,1,Burn,nello,85 tix,$ 231,240414,2014-07-13,Modern Daily #7283116,modern,modern-daily-7283116,modern-daily-7283116-2014-07-13
21,3,Molten Rain,,Sideboard,3,1,Burn,nello,85 tix,$ 231,240414,2014-07-13,Modern Daily #7283116,modern,modern-daily-7283116,modern-daily-7283116-2014-07-13
1,4,Goblin Guide,,Creatures,3,1,Burn,rightningbolt,83 tix,$ 197,240429,2014-07-13,Modern Daily #7283116,modern,modern-daily-7283116,modern-daily-7283116-2014-07-13
2,4,Spark Elemental,,Creatures,3,1,Burn,rightningbolt,83 tix,$ 197,240429,2014-07-13,Modern Daily #7283116,modern,modern-daily-7283116,modern-daily-7283116-2014-07-13
3,4,Eidolon of the Great Revel,,Creatures,3,1,Burn,rightningbolt,83 tix,$ 197,240429,2014-07-13,Modern Daily #7283116,modern,modern-daily-7283116,modern-daily-7283116-2014-07-13
4,4,Hellspark Elemental,,Creatures,3,1,Burn,rightningbolt,83 tix,$ 197,240429,2014-07-13,Modern Daily #7283116,modern,modern-daily-7283116,modern-daily-7283116-2014-07-13
6,4,Lava Spike,,Spells,3,1,Burn,rightningbolt,83 tix,$ 197,240429,2014-07-13,Modern Daily #7283116,modern,modern-daily-7283116,modern-daily-7283116-2014-07-13
7,4,Lightning Bolt,,Spells,3,1,Burn,rightningbolt,83 tix,$ 197,240429,2014-07-13,Modern Daily #7283116,modern,modern-daily-7283116,modern-daily-7283116-2014-07-13
8,4,Shard Volley,,Spells,3,1,Burn,rightningbolt,83 tix,$ 197,240429,2014-07-13,Modern Daily #7283116,modern,modern-daily-7283116,modern-daily-7283116-2014-07-13
9,4,Searing Blaze,,Spells,3,1,Burn,rightningbolt,83 tix,$ 197,240429,2014-07-13,Modern Daily #7283116,modern,modern-daily-7283116,modern-daily-7283116-2014-07-13
10,4,Skullcrack,,Spells,3,1,Burn,rightningbolt,83 tix,$ 197,240429,2014-07-13,Modern Daily #7283116,modern,modern-daily-7283116,modern-daily-7283116-2014-07-13
11,4,Rift Bolt,,Spells,3,1,Burn,rightningbolt,83 tix,$ 197,240429,2014-07-13,Modern Daily #7283116,modern,modern-daily-7283116,modern-daily-7283116-2014-07-13
13,20,Mountain,,Lands,3,1,Burn,rightningbolt,83 tix,$ 197,240429,2014-07-13,Modern Daily #7283116,modern,modern-daily-7283116,modern-daily-7283116-2014-07-13
15,3,Relic of Progenitus,,Sideboard,3,1,Burn,rightningbolt,83 tix,$ 197,240429,2014-07-13,Modern Daily #7283116,modern,modern-daily-7283116,modern-daily-7283116-2014-07-13
16,2,Combust,,Sideboard,3,1,Burn,rightningbolt,83 tix,$ 197,240429,2014-07-13,Modern Daily #7283116,modern,modern-daily-7283116,modern-daily-7283116-2014-07-13
17,3,Dragon's Claw,,Sideboard,3,1,Burn,rightningbolt,83 tix,$ 197,240429,2014-07-13,Modern Daily #7283116,modern,modern-daily-7283116,modern-daily-7283116-2014-07-13
18,1,Searing Blood,,Sideboard,3,1,Burn,rightningbolt,83 tix,$ 197,240429,2014-07-13,Modern Daily #7283116,modern,modern-daily-7283116,modern-daily-7283116-2014-07-13
19,3,Smash to Smithereens,,Sideboard,3,1,Burn,rightningbolt,83 tix,$ 197,240429,2014-07-13,Modern Daily #7283116,modern,modern-daily-7283116,modern-daily-7283116-2014-07-13
20,3,Molten Rain,,Sideboard,3,1,Burn,rightningbolt,83 tix,$ 197,240429,2014-07-13,Modern Daily #7283116,modern,modern-daily-7283116,modern-daily-7283116-2014-07-13
1,2,Pack Rat,,Creatures,3,1,Esper Gifts,Section_8,406 tix,"$ 1,532",240418,2014-07-13,Modern Daily #7283116,modern,modern-daily-7283116,modern-daily-7283116-2014-07-13
2,4,Snapcaster Mage,,Creatures,3,1,Esper Gifts,Section_8,406 tix,"$ 1,532",240418,2014-07-13,Modern Daily #7283116,modern,modern-daily-7283116,modern-daily-7283116-2014-07-13
3,1,Grave Titan,,Creatures,3,1,Esper Gifts,Section_8,406 tix,"$ 1,532",240418,2014-07-13,Modern Daily #7283116,modern,modern-daily-7283116,modern-daily-7283116-2014-07-13
4,1,"Elesh Norn, Grand Cenobite",,Creatures,3,1,Esper Gifts,Section_8,406 tix,"$ 1,532",240418,2014-07-13,Modern Daily #7283116,modern,modern-daily-7283116,modern-daily-7283116-2014-07-13
6,2,Liliana of the Veil,,Planeswalkers,3,1,Esper Gifts,Section_8,406 tix,"$ 1,532",240418,2014-07-13,Modern Daily #7283116,modern,modern-daily-7283116,modern-daily-7283116-2014-07-13
8,1,Slaughter Pact,,Spells,3,1,Esper Gifts,Section_8,406 tix,"$ 1,532",240418,2014-07-13,Modern Daily #7283116,modern,modern-daily-7283116,modern-daily-7283116-2014-07-13
9,3,Inquisition of Kozilek,,Spells,3,1,Esper Gifts,Section_8,406 tix,"$ 1,532",240418,2014-07-13,Modern Daily #7283116,modern,modern-daily-7283116,modern-daily-7283116-2014-07-13
10,4,Path to Exile,,Spells,3,1,Esper Gifts,Section_8,406 tix,"$ 1,532",240418,2014-07-13,Modern Daily #7283116,modern,modern-daily-7283116,modern-daily-7283116-2014-07-13
11,2,Thoughtseize,,Spells,3,1,Esper Gifts,Section_8,406 tix,"$ 1,532",240418,2014-07-13,Modern Daily #7283116,modern,modern-daily-7283116,modern-daily-7283116-2014-07-13
12,1,Doom Blade,,Spells,3,1,Esper Gifts,Section_8,406 tix,"$ 1,532",240418,2014-07-13,Modern Daily #7283116,modern,modern-daily-7283116,modern-daily-7283116-2014-07-13
13,4,Remand,,Spells,3,1,Esper Gifts,Section_8,406 tix,"$ 1,532",240418,2014-07-13,Modern Daily #7283116,modern,modern-daily-7283116,modern-daily-7283116-2014-07-13
14,1,Smother,,Spells,3,1,Esper Gifts,Section_8,406 tix,"$ 1,532",240418,2014-07-13,Modern Daily #7283116,modern,modern-daily-7283116,modern-daily-7283116-2014-07-13
15,3,Lingering Souls,,Spells,3,1,Esper Gifts,Section_8,406 tix,"$ 1,532",240418,2014-07-13,Modern Daily #7283116,modern,modern-daily-7283116,modern-daily-7283116-2014-07-13
16,2,Cryptic Command,,Spells,3,1,Esper Gifts,Section_8,406 tix,"$ 1,532",240418,2014-07-13,Modern Daily #7283116,modern,modern-daily-7283116,modern-daily-7283116-2014-07-13
17,3,Gifts Ungiven,,Spells,3,1,Esper Gifts,Section_8,406 tix,"$ 1,532",240418,2014-07-13,Modern Daily #7283116,modern,modern-daily-7283116,modern-daily-7283116-2014-07-13
18,1,Unburial Rites,,Spells,3,1,Esper Gifts,Section_8,406 tix,"$ 1,532",240418,2014-07-13,Modern Daily #7283116,modern,modern-daily-7283116,modern-daily-7283116-2014-07-13
20,3,Celestial Colonnade,,Lands,3,1,Esper Gifts,Section_8,406 tix,"$ 1,532",240418,2014-07-13,Modern Daily #7283116,modern,modern-daily-7283116,modern-daily-7283116-2014-07-13
21,1,Creeping Tar Pit,,Lands,3,1,Esper Gifts,Section_8,406 tix,"$ 1,532",240418,2014-07-13,Modern Daily #7283116,modern,modern-daily-7283116,modern-daily-7283116-2014-07-13
22,1,Drowned Catacomb,,Lands,3,1,Esper Gifts,Section_8,406 tix,"$ 1,532",240418,2014-07-13,Modern Daily #7283116,modern,modern-daily-7283116,modern-daily-7283116-2014-07-13
23,1,Godless Shrine,,Lands,3,1,Esper Gifts,Section_8,406 tix,"$ 1,532",240418,2014-07-13,Modern Daily #7283116,modern,modern-daily-7283116,modern-daily-7283116-2014-07-13
24,2,Hallowed Fountain,,Lands,3,1,Esper Gifts,Section_8,406 tix,"$ 1,532",240418,2014-07-13,Modern Daily #7283116,modern,modern-daily-7283116,modern-daily-7283116-2014-07-13
25,1,Island,,Lands,3,1,Esper Gifts,Section_8,406 tix,"$ 1,532",240418,2014-07-13,Modern Daily #7283116,modern,modern-daily-7283116,modern-daily-7283116-2014-07-13
26,4,Marsh Flats,,Lands,3,1,Esper Gifts,Section_8,406 tix,"$ 1,532",240418,2014-07-13,Modern Daily #7283116,modern,modern-daily-7283116,modern-daily-7283116-2014-07-13
27,1,Plains,,Lands,3,1,Esper Gifts,Section_8,406 tix,"$ 1,532",240418,2014-07-13,Modern Daily #7283116,modern,modern-daily-7283116,modern-daily-7283116-2014-07-13
28,1,River of Tears,,Lands,3,1,Esper Gifts,Section_8,406 tix,"$ 1,532",240418,2014-07-13,Modern Daily #7283116,modern,modern-daily-7283116,modern-daily-7283116-2014-07-13
29,3,Scalding Tarn,,Lands,3,1,Esper Gifts,Section_8,406 tix,"$ 1,532",240418,2014-07-13,Modern Daily #7283116,modern,modern-daily-7283116,modern-daily-7283116-2014-07-13
30,1,Snow-Covered Plains,,Lands,3,1,Esper Gifts,Section_8,406 tix,"$ 1,532",240418,2014-07-13,Modern Daily #7283116,modern,modern-daily-7283116,modern-daily-7283116-2014-07-13
31,1,Sunken Ruins,,Lands,3,1,Esper Gifts,Section_8,406 tix,"$ 1,532",240418,2014-07-13,Modern Daily #7283116,modern,modern-daily-7283116,modern-daily-7283116-2014-07-13
32,1,Swamp,,Lands,3,1,Esper Gifts,Section_8,406 tix,"$ 1,532",240418,2014-07-13,Modern Daily #7283116,modern,modern-daily-7283116,modern-daily-7283116-2014-07-13
33,1,"Urborg, Tomb of Yawgmoth",,Lands,3,1,Esper Gifts,Section_8,406 tix,"$ 1,532",240418,2014-07-13,Modern Daily #7283116,modern,modern-daily-7283116,modern-daily-7283116-2014-07-13
34,1,Vault of the Archangel,,Lands,3,1,Esper Gifts,Section_8,406 tix,"$ 1,532",240418,2014-07-13,Modern Daily #7283116,modern,modern-daily-7283116,modern-daily-7283116-2014-07-13
35,2,Watery Grave,,Lands,3,1,Esper Gifts,Section_8,406 tix,"$ 1,532",240418,2014-07-13,Modern Daily #7283116,modern,modern-daily-7283116,modern-daily-7283116-2014-07-13
37,1,Ghost Quarter,,Sideboard,3,1,Esper Gifts,Section_8,406 tix,"$ 1,532",240418,2014-07-13,Modern Daily #7283116,modern,modern-daily-7283116,modern-daily-7283116-2014-07-13
38,1,Tectonic Edge,,Sideboard,3,1,Esper Gifts,Section_8,406 tix,"$ 1,532",240418,2014-07-13,Modern Daily #7283116,modern,modern-daily-7283116,modern-daily-7283116-2014-07-13
39,2,Thoughtseize,,Sideboard,3,1,Esper Gifts,Section_8,406 tix,"$ 1,532",240418,2014-07-13,Modern Daily #7283116,modern,modern-daily-7283116,modern-daily-7283116-2014-07-13
40,1,Celestial Purge,,Sideboard,3,1,Esper Gifts,Section_8,406 tix,"$ 1,532",240418,2014-07-13,Modern Daily #7283116,modern,modern-daily-7283116,modern-daily-7283116-2014-07-13
41,2,Negate,,Sideboard,3,1,Esper Gifts,Section_8,406 tix,"$ 1,532",240418,2014-07-13,Modern Daily #7283116,modern,modern-daily-7283116,modern-daily-7283116-2014-07-13
42,2,Stony Silence,,Sideboard,3,1,Esper Gifts,Section_8,406 tix,"$ 1,532",240418,2014-07-13,Modern Daily #7283116,modern,modern-daily-7283116,modern-daily-7283116-2014-07-13
43,1,Fulminator Mage,,Sideboard,3,1,Esper Gifts,Section_8,406 tix,"$ 1,532",240418,2014-07-13,Modern Daily #7283116,modern,modern-daily-7283116,modern-daily-7283116-2014-07-13
44,1,Lingering Souls,,Sideboard,3,1,Esper Gifts,Section_8,406 tix,"$ 1,532",240418,2014-07-13,Modern Daily #7283116,modern,modern-daily-7283116,modern-daily-7283116-2014-07-13
45,2,Timely Reinforcements,,Sideboard,3,1,Esper Gifts,Section_8,406 tix,"$ 1,532",240418,2014-07-13,Modern Daily #7283116,modern,modern-daily-7283116,modern-daily-7283116-2014-07-13
46,1,Terastodon,,Sideboard,3,1,Esper Gifts,Section_8,406 tix,"$ 1,532",240418,2014-07-13,Modern Daily #7283116,modern,modern-daily-7283116,modern-daily-7283116-2014-07-13
47,1,"Iona, Shield of Emeria",,Sideboard,3,1,Esper Gifts,Section_8,406 tix,"$ 1,532",240418,2014-07-13,Modern Daily #7283116,modern,modern-daily-7283116,modern-daily-7283116-2014-07-13
1,4,Dark Confidant,,Creatures,3,1,Junk,RandomDrooler,540 tix,"$ 1,795",240425,2014-07-13,Modern Daily #7283116,modern,modern-daily-7283116,modern-daily-7283116-2014-07-13
2,3,Scavenging Ooze,,Creatures,3,1,Junk,RandomDrooler,540 tix,"$ 1,795",240425,2014-07-13,Modern Daily #7283116,modern,modern-daily-7283116,modern-daily-7283116-2014-07-13
3,4,Tarmogoyf,,Creatures,3,1,Junk,RandomDrooler,540 tix,"$ 1,795",240425,2014-07-13,Modern Daily #7283116,modern,modern-daily-7283116,modern-daily-7283116-2014-07-13
5,4,Liliana of the Veil,,Planeswalkers,3,1,Junk,RandomDrooler,540 tix,"$ 1,795",240425,2014-07-13,Modern Daily #7283116,modern,modern-daily-7283116,modern-daily-7283116-2014-07-13
6,1,Garruk Wildspeaker,,Planeswalkers,3,1,Junk,RandomDrooler,540 tix,"$ 1,795",240425,2014-07-13,Modern Daily #7283116,modern,modern-daily-7283116,modern-daily-7283116-2014-07-13
8,1,Slaughter Pact,,Spells,3,1,Junk,RandomDrooler,540 tix,"$ 1,795",240425,2014-07-13,Modern Daily #7283116,modern,modern-daily-7283116,modern-daily-7283116-2014-07-13
9,1,Disfigure,,Spells,3,1,Junk,RandomDrooler,540 tix,"$ 1,795",240425,2014-07-13,Modern Daily #7283116,modern,modern-daily-7283116,modern-daily-7283116-2014-07-13
10,3,Inquisition of Kozilek,,Spells,3,1,Junk,RandomDrooler,540 tix,"$ 1,795",240425,2014-07-13,Modern Daily #7283116,modern,modern-daily-7283116,modern-daily-7283116-2014-07-13
11,3,Thoughtseize,,Spells,3,1,Junk,RandomDrooler,540 tix,"$ 1,795",240425,2014-07-13,Modern Daily #7283116,modern,modern-daily-7283116,modern-daily-7283116-2014-07-13
12,4,Abrupt Decay,,Spells,3,1,Junk,RandomDrooler,540 tix,"$ 1,795",240425,2014-07-13,Modern Daily #7283116,modern,modern-daily-7283116,modern-daily-7283116-2014-07-13
13,3,Dismember,,Spells,3,1,Junk,RandomDrooler,540 tix,"$ 1,795",240425,2014-07-13,Modern Daily #7283116,modern,modern-daily-7283116,modern-daily-7283116-2014-07-13
14,4,Lingering Souls,,Spells,3,1,Junk,RandomDrooler,540 tix,"$ 1,795",240425,2014-07-13,Modern Daily #7283116,modern,modern-daily-7283116,modern-daily-7283116-2014-07-13
16,1,Forest,,Lands,3,1,Junk,RandomDrooler,540 tix,"$ 1,795",240425,2014-07-13,Modern Daily #7283116,modern,modern-daily-7283116,modern-daily-7283116-2014-07-13
17,1,Godless Shrine,,Lands,3,1,Junk,RandomDrooler,540 tix,"$ 1,795",240425,2014-07-13,Modern Daily #7283116,modern,modern-daily-7283116,modern-daily-7283116-2014-07-13
18,4,Marsh Flats,,Lands,3,1,Junk,RandomDrooler,540 tix,"$ 1,795",240425,2014-07-13,Modern Daily #7283116,modern,modern-daily-7283116,modern-daily-7283116-2014-07-13
19,2,Overgrown Tomb,,Lands,3,1,Junk,RandomDrooler,540 tix,"$ 1,795",240425,2014-07-13,Modern Daily #7283116,modern,modern-daily-7283116,modern-daily-7283116-2014-07-13
20,1,Razorverge Thicket,,Lands,3,1,Junk,RandomDrooler,540 tix,"$ 1,795",240425,2014-07-13,Modern Daily #7283116,modern,modern-daily-7283116,modern-daily-7283116-2014-07-13
21,2,Swamp,,Lands,3,1,Junk,RandomDrooler,540 tix,"$ 1,795",240425,2014-07-13,Modern Daily #7283116,modern,modern-daily-7283116,modern-daily-7283116-2014-07-13
22,4,Tectonic Edge,,Lands,3,1,Junk,RandomDrooler,540 tix,"$ 1,795",240425,2014-07-13,Modern Daily #7283116,modern,modern-daily-7283116,modern-daily-7283116-2014-07-13
23,3,Treetop Village,,Lands,3,1,Junk,RandomDrooler,540 tix,"$ 1,795",240425,2014-07-13,Modern Daily #7283116,modern,modern-daily-7283116,modern-daily-7283116-2014-07-13
24,1,Twilight Mire,,Lands,3,1,Junk,RandomDrooler,540 tix,"$ 1,795",240425,2014-07-13,Modern Daily #7283116,modern,modern-daily-7283116,modern-daily-7283116-2014-07-13
25,1,"Urborg, Tomb of Yawgmoth",,Lands,3,1,Junk,RandomDrooler,540 tix,"$ 1,795",240425,2014-07-13,Modern Daily #7283116,modern,modern-daily-7283116,modern-daily-7283116-2014-07-13
26,4,Verdant Catacombs,,Lands,3,1,Junk,RandomDrooler,540 tix,"$ 1,795",240425,2014-07-13,Modern Daily #7283116,modern,modern-daily-7283116,modern-daily-7283116-2014-07-13
27,1,Woodland Cemetery,,Lands,3,1,Junk,RandomDrooler,540 tix,"$ 1,795",240425,2014-07-13,Modern Daily #7283116,modern,modern-daily-7283116,modern-daily-7283116-2014-07-13
29,1,Slaughter Pact,,Sideboard,3,1,Junk,RandomDrooler,540 tix,"$ 1,795",240425,2014-07-13,Modern Daily #7283116,modern,modern-daily-7283116,modern-daily-7283116-2014-07-13
30,1,Darkblast,,Sideboard,3,1,Junk,RandomDrooler,540 tix,"$ 1,795",240425,2014-07-13,Modern Daily #7283116,modern,modern-daily-7283116,modern-daily-7283116-2014-07-13
31,1,Disfigure,,Sideboard,3,1,Junk,RandomDrooler,540 tix,"$ 1,795",240425,2014-07-13,Modern Daily #7283116,modern,modern-daily-7283116,modern-daily-7283116-2014-07-13
32,2,Grafdigger's Cage,,Sideboard,3,1,Junk,RandomDrooler,540 tix,"$ 1,795",240425,2014-07-13,Modern Daily #7283116,modern,modern-daily-7283116,modern-daily-7283116-2014-07-13
33,1,Thoughtseize,,Sideboard,3,1,Junk,RandomDrooler,540 tix,"$ 1,795",240425,2014-07-13,Modern Daily #7283116,modern,modern-daily-7283116,modern-daily-7283116-2014-07-13
34,3,Stony Silence,,Sideboard,3,1,Junk,RandomDrooler,540 tix,"$ 1,795",240425,2014-07-13,Modern Daily #7283116,modern,modern-daily-7283116,modern-daily-7283116-2014-07-13
35,2,Aven Mindcensor,,Sideboard,3,1,Junk,RandomDrooler,540 tix,"$ 1,795",240425,2014-07-13,Modern Daily #7283116,modern,modern-daily-7283116,modern-daily-7283116-2014-07-13
36,1,Creeping Corrosion,,Sideboard,3,1,Junk,RandomDrooler,540 tix,"$ 1,795",240425,2014-07-13,Modern Daily #7283116,modern,modern-daily-7283116,modern-daily-7283116-2014-07-13
37,1,Night of Souls' Betrayal,,Sideboard,3,1,Junk,RandomDrooler,540 tix,"$ 1,795",240425,2014-07-13,Modern Daily #7283116,modern,modern-daily-7283116,modern-daily-7283116-2014-07-13
38,1,Skinrender,,Sideboard,3,1,Junk,RandomDrooler,540 tix,"$ 1,795",240425,2014-07-13,Modern Daily #7283116,modern,modern-daily-7283116,modern-daily-7283116-2014-07-13
39,1,"Thrun, the Last Troll",,Sideboard,3,1,Junk,RandomDrooler,540 tix,"$ 1,795",240425,2014-07-13,Modern Daily #7283116,modern,modern-daily-7283116,modern-daily-7283116-2014-07-13
1,4,Dark Confidant,,Creatures,3,1,Junk,jono mizer,602 tix,"$ 1,921",240431,2014-07-13,Modern Daily #7283116,modern,modern-daily-7283116,modern-daily-7283116-2014-07-13
2,3,Scavenging Ooze,,Creatures,3,1,Junk,jono mizer,602 tix,"$ 1,921",240431,2014-07-13,Modern Daily #7283116,modern,modern-daily-7283116,modern-daily-7283116-2014-07-13
3,4,Tarmogoyf,,Creatures,3,1,Junk,jono mizer,602 tix,"$ 1,921",240431,2014-07-13,Modern Daily #7283116,modern,modern-daily-7283116,modern-daily-7283116-2014-07-13
5,4,Liliana of the Veil,,Planeswalkers,3,1,Junk,jono mizer,602 tix,"$ 1,921",240431,2014-07-13,Modern Daily #7283116,modern,modern-daily-7283116,modern-daily-7283116-2014-07-13
7,1,Slaughter Pact,,Spells,3,1,Junk,jono mizer,602 tix,"$ 1,921",240431,2014-07-13,Modern Daily #7283116,modern,modern-daily-7283116,modern-daily-7283116-2014-07-13
8,1,Disfigure,,Spells,3,1,Junk,jono mizer,602 tix,"$ 1,921",240431,2014-07-13,Modern Daily #7283116,modern,modern-daily-7283116,modern-daily-7283116-2014-07-13
9,3,Inquisition of Kozilek,,Spells,3,1,Junk,jono mizer,602 tix,"$ 1,921",240431,2014-07-13,Modern Daily #7283116,modern,modern-daily-7283116,modern-daily-7283116-2014-07-13
10,4,Thoughtseize,,Spells,3,1,Junk,jono mizer,602 tix,"$ 1,921",240431,2014-07-13,Modern Daily #7283116,modern,modern-daily-7283116,modern-daily-7283116-2014-07-13
11,3,Abrupt Decay,,Spells,3,1,Junk,jono mizer,602 tix,"$ 1,921",240431,2014-07-13,Modern Daily #7283116,modern,modern-daily-7283116,modern-daily-7283116-2014-07-13
12,3,Dismember,,Spells,3,1,Junk,jono mizer,602 tix,"$ 1,921",240431,2014-07-13,Modern Daily #7283116,modern,modern-daily-7283116,modern-daily-7283116-2014-07-13
13,4,Lingering Souls,,Spells,3,1,Junk,jono mizer,602 tix,"$ 1,921",240431,2014-07-13,Modern Daily #7283116,modern,modern-daily-7283116,modern-daily-7283116-2014-07-13
14,1,Maelstrom Pulse,,Spells,3,1,Junk,jono mizer,602 tix,"$ 1,921",240431,2014-07-13,Modern Daily #7283116,modern,modern-daily-7283116,modern-daily-7283116-2014-07-13
16,1,Forest,,Lands,3,1,Junk,jono mizer,602 tix,"$ 1,921",240431,2014-07-13,Modern Daily #7283116,modern,modern-daily-7283116,modern-daily-7283116-2014-07-13
17,1,Godless Shrine,,Lands,3,1,Junk,jono mizer,602 tix,"$ 1,921",240431,2014-07-13,Modern Daily #7283116,modern,modern-daily-7283116,modern-daily-7283116-2014-07-13
18,4,Marsh Flats,,Lands,3,1,Junk,jono mizer,602 tix,"$ 1,921",240431,2014-07-13,Modern Daily #7283116,modern,modern-daily-7283116,modern-daily-7283116-2014-07-13
19,2,Overgrown Tomb,,Lands,3,1,Junk,jono mizer,602 tix,"$ 1,921",240431,2014-07-13,Modern Daily #7283116,modern,modern-daily-7283116,modern-daily-7283116-2014-07-13
20,2,Swamp,,Lands,3,1,Junk,jono mizer,602 tix,"$ 1,921",240431,2014-07-13,Modern Daily #7283116,modern,modern-daily-7283116,modern-daily-7283116-2014-07-13
21,3,Tectonic Edge,,Lands,3,1,Junk,jono mizer,602 tix,"$ 1,921",240431,2014-07-13,Modern Daily #7283116,modern,modern-daily-7283116,modern-daily-7283116-2014-07-13
22,1,Temple Garden,,Lands,3,1,Junk,jono mizer,602 tix,"$ 1,921",240431,2014-07-13,Modern Daily #7283116,modern,modern-daily-7283116,modern-daily-7283116-2014-07-13
23,4,Treetop Village,,Lands,3,1,Junk,jono mizer,602 tix,"$ 1,921",240431,2014-07-13,Modern Daily #7283116,modern,modern-daily-7283116,modern-daily-7283116-2014-07-13
24,2,Twilight Mire,,Lands,3,1,Junk,jono mizer,602 tix,"$ 1,921",240431,2014-07-13,Modern Daily #7283116,modern,modern-daily-7283116,modern-daily-7283116-2014-07-13
25,1,"Urborg, Tomb of Yawgmoth",,Lands,3,1,Junk,jono mizer,602 tix,"$ 1,921",240431,2014-07-13,Modern Daily #7283116,modern,modern-daily-7283116,modern-daily-7283116-2014-07-13
26,4,Verdant Catacombs,,Lands,3,1,Junk,jono mizer,602 tix,"$ 1,921",240431,2014-07-13,Modern Daily #7283116,modern,modern-daily-7283116,modern-daily-7283116-2014-07-13
28,1,Duress,,Sideboard,3,1,Junk,jono mizer,602 tix,"$ 1,921",240431,2014-07-13,Modern Daily #7283116,modern,modern-daily-7283116,modern-daily-7283116-2014-07-13
29,2,Grafdigger's Cage,,Sideboard,3,1,Junk,jono mizer,602 tix,"$ 1,921",240431,2014-07-13,Modern Daily #7283116,modern,modern-daily-7283116,modern-daily-7283116-2014-07-13
30,1,Golgari Charm,,Sideboard,3,1,Junk,jono mizer,602 tix,"$ 1,921",240431,2014-07-13,Modern Daily #7283116,modern,modern-daily-7283116,modern-daily-7283116-2014-07-13
31,1,Scavenging Ooze,,Sideboard,3,1,Junk,jono mizer,602 tix,"$ 1,921",240431,2014-07-13,Modern Daily #7283116,modern,modern-daily-7283116,modern-daily-7283116-2014-07-13
32,2,Stony Silence,,Sideboard,3,1,Junk,jono mizer,602 tix,"$ 1,921",240431,2014-07-13,Modern Daily #7283116,modern,modern-daily-7283116,modern-daily-7283116-2014-07-13
33,1,Drown in Sorrow,,Sideboard,3,1,Junk,jono mizer,602 tix,"$ 1,921",240431,2014-07-13,Modern Daily #7283116,modern,modern-daily-7283116,modern-daily-7283116-2014-07-13
34,3,Fulminator Mage,,Sideboard,3,1,Junk,jono mizer,602 tix,"$ 1,921",240431,2014-07-13,Modern Daily #7283116,modern,modern-daily-7283116,modern-daily-7283116-2014-07-13
35,1,Damnation,,Sideboard,3,1,Junk,jono mizer,602 tix,"$ 1,921",240431,2014-07-13,Modern Daily #7283116,modern,modern-daily-7283116,modern-daily-7283116-2014-07-13
36,2,Obstinate Baloth,,Sideboard,3,1,Junk,jono mizer,602 tix,"$ 1,921",240431,2014-07-13,Modern Daily #7283116,modern,modern-daily-7283116,modern-daily-7283116-2014-07-13
37,1,Batterskull,,Sideboard,3,1,Junk,jono mizer,602 tix,"$ 1,921",240431,2014-07-13,Modern Daily #7283116,modern,modern-daily-7283116,modern-daily-7283116-2014-07-13
1,4,Birds of Paradise,,Creatures,3,1,Melira Pod,Sneaky homunkulus,262 tix,$ 839,240430,2014-07-13,Modern Daily #7283116,modern,modern-daily-7283116,modern-daily-7283116-2014-07-13
2,3,Noble Hierarch,,Creatures,3,1,Melira Pod,Sneaky homunkulus,262 tix,$ 839,240430,2014-07-13,Modern Daily #7283116,modern,modern-daily-7283116,modern-daily-7283116-2014-07-13
3,1,Viscera Seer,,Creatures,3,1,Melira Pod,Sneaky homunkulus,262 tix,$ 839,240430,2014-07-13,Modern Daily #7283116,modern,modern-daily-7283116,modern-daily-7283116-2014-07-13
4,1,"Melira, Sylvok Outcast",,Creatures,3,1,Melira Pod,Sneaky homunkulus,262 tix,$ 839,240430,2014-07-13,Modern Daily #7283116,modern,modern-daily-7283116,modern-daily-7283116-2014-07-13
5,1,Qasali Pridemage,,Creatures,3,1,Melira Pod,Sneaky homunkulus,262 tix,$ 839,240430,2014-07-13,Modern Daily #7283116,modern,modern-daily-7283116,modern-daily-7283116-2014-07-13
6,1,Scavenging Ooze,,Creatures,3,1,Melira Pod,Sneaky homunkulus,262 tix,$ 839,240430,2014-07-13,Modern Daily #7283116,modern,modern-daily-7283116,modern-daily-7283116-2014-07-13
7,1,Spellskite,,Creatures,3,1,Melira Pod,Sneaky homunkulus,262 tix,$ 839,240430,2014-07-13,Modern Daily #7283116,modern,modern-daily-7283116,modern-daily-7283116-2014-07-13
8,3,Voice of Resurgence,,Creatures,3,1,Melira Pod,Sneaky homunkulus,262 tix,$ 839,240430,2014-07-13,Modern Daily #7283116,modern,modern-daily-7283116,modern-daily-7283116-2014-07-13
9,1,Wall of Roots,,Creatures,3,1,Melira Pod,Sneaky homunkulus,262 tix,$ 839,240430,2014-07-13,Modern Daily #7283116,modern,modern-daily-7283116,modern-daily-7283116-2014-07-13
10,1,Eternal Witness,,Creatures,3,1,Melira Pod,Sneaky homunkulus,262 tix,$ 839,240430,2014-07-13,Modern Daily #7283116,modern,modern-daily-7283116,modern-daily-7283116-2014-07-13
11,4,Kitchen Finks,,Creatures,3,1,Melira Pod,Sneaky homunkulus,262 tix,$ 839,240430,2014-07-13,Modern Daily #7283116,modern,modern-daily-7283116,modern-daily-7283116-2014-07-13
12,1,Orzhov Pontiff,,Creatures,3,1,Melira Pod,Sneaky homunkulus,262 tix,$ 839,240430,2014-07-13,Modern Daily #7283116,modern,modern-daily-7283116,modern-daily-7283116-2014-07-13
13,1,Sin Collector,,Creatures,3,1,Melira Pod,Sneaky homunkulus,262 tix,$ 839,240430,2014-07-13,Modern Daily #7283116,modern,modern-daily-7283116,modern-daily-7283116-2014-07-13
14,1,"Linvala, Keeper of Silence",,Creatures,3,1,Melira Pod,Sneaky homunkulus,262 tix,$ 839,240430,2014-07-13,Modern Daily #7283116,modern,modern-daily-7283116,modern-daily-7283116-2014-07-13
15,1,Murderous Redcap,,Creatures,3,1,Melira Pod,Sneaky homunkulus,262 tix,$ 839,240430,2014-07-13,Modern Daily #7283116,modern,modern-daily-7283116,modern-daily-7283116-2014-07-13
16,1,Ranger of Eos,,Creatures,3,1,Melira Pod,Sneaky homunkulus,262 tix,$ 839,240430,2014-07-13,Modern Daily #7283116,modern,modern-daily-7283116,modern-daily-7283116-2014-07-13
17,1,Restoration Angel,,Creatures,3,1,Melira Pod,Sneaky homunkulus,262 tix,$ 839,240430,2014-07-13,Modern Daily #7283116,modern,modern-daily-7283116,modern-daily-7283116-2014-07-13
18,1,Reveillark,,Creatures,3,1,Melira Pod,Sneaky homunkulus,262 tix,$ 839,240430,2014-07-13,Modern Daily #7283116,modern,modern-daily-7283116,modern-daily-7283116-2014-07-13
19,1,Shriekmaw,,Creatures,3,1,Melira Pod,Sneaky homunkulus,262 tix,$ 839,240430,2014-07-13,Modern Daily #7283116,modern,modern-daily-7283116,modern-daily-7283116-2014-07-13
21,2,Abrupt Decay,,Spells,3,1,Melira Pod,Sneaky homunkulus,262 tix,$ 839,240430,2014-07-13,Modern Daily #7283116,modern,modern-daily-7283116,modern-daily-7283116-2014-07-13
22,2,Chord of Calling,,Spells,3,1,Melira Pod,Sneaky homunkulus,262 tix,$ 839,240430,2014-07-13,Modern Daily #7283116,modern,modern-daily-7283116,modern-daily-7283116-2014-07-13
24,4,Birthing Pod,,Artifacts,3,1,Melira Pod,Sneaky homunkulus,262 tix,$ 839,240430,2014-07-13,Modern Daily #7283116,modern,modern-daily-7283116,modern-daily-7283116-2014-07-13
26,2,Forest,,Lands,3,1,Melira Pod,Sneaky homunkulus,262 tix,$ 839,240430,2014-07-13,Modern Daily #7283116,modern,modern-daily-7283116,modern-daily-7283116-2014-07-13
27,3,Gavony Township,,Lands,3,1,Melira Pod,Sneaky homunkulus,262 tix,$ 839,240430,2014-07-13,Modern Daily #7283116,modern,modern-daily-7283116,modern-daily-7283116-2014-07-13
28,1,Godless Shrine,,Lands,3,1,Melira Pod,Sneaky homunkulus,262 tix,$ 839,240430,2014-07-13,Modern Daily #7283116,modern,modern-daily-7283116,modern-daily-7283116-2014-07-13
29,4,Marsh Flats,,Lands,3,1,Melira Pod,Sneaky homunkulus,262 tix,$ 839,240430,2014-07-13,Modern Daily #7283116,modern,modern-daily-7283116,modern-daily-7283116-2014-07-13
30,2,Overgrown Tomb,,Lands,3,1,Melira Pod,Sneaky homunkulus,262 tix,$ 839,240430,2014-07-13,Modern Daily #7283116,modern,modern-daily-7283116,modern-daily-7283116-2014-07-13
31,1,Plains,,Lands,3,1,Melira Pod,Sneaky homunkulus,262 tix,$ 839,240430,2014-07-13,Modern Daily #7283116,modern,modern-daily-7283116,modern-daily-7283116-2014-07-13
32,3,Razorverge Thicket,,Lands,3,1,Melira Pod,Sneaky homunkulus,262 tix,$ 839,240430,2014-07-13,Modern Daily #7283116,modern,modern-daily-7283116,modern-daily-7283116-2014-07-13
33,1,Swamp,,Lands,3,1,Melira Pod,Sneaky homunkulus,262 tix,$ 839,240430,2014-07-13,Modern Daily #7283116,modern,modern-daily-7283116,modern-daily-7283116-2014-07-13
34,2,Temple Garden,,Lands,3,1,Melira Pod,Sneaky homunkulus,262 tix,$ 839,240430,2014-07-13,Modern Daily #7283116,modern,modern-daily-7283116,modern-daily-7283116-2014-07-13
35,4,Verdant Catacombs,,Lands,3,1,Melira Pod,Sneaky homunkulus,262 tix,$ 839,240430,2014-07-13,Modern Daily #7283116,modern,modern-daily-7283116,modern-daily-7283116-2014-07-13
37,1,Slaughter Pact,,Sideboard,3,1,Melira Pod,Sneaky homunkulus,262 tix,$ 839,240430,2014-07-13,Modern Daily #7283116,modern,modern-daily-7283116,modern-daily-7283116-2014-07-13
38,1,Path to Exile,,Sideboard,3,1,Melira Pod,Sneaky homunkulus,262 tix,$ 839,240430,2014-07-13,Modern Daily #7283116,modern,modern-daily-7283116,modern-daily-7283116-2014-07-13
39,4,Thoughtseize,,Sideboard,3,1,Melira Pod,Sneaky homunkulus,262 tix,$ 839,240430,2014-07-13,Modern Daily #7283116,modern,modern-daily-7283116,modern-daily-7283116-2014-07-13
40,1,Abrupt Decay,,Sideboard,3,1,Melira Pod,Sneaky homunkulus,262 tix,$ 839,240430,2014-07-13,Modern Daily #7283116,modern,modern-daily-7283116,modern-daily-7283116-2014-07-13
41,1,"Kataki, War's Wage",,Sideboard,3,1,Melira Pod,Sneaky homunkulus,262 tix,$ 839,240430,2014-07-13,Modern Daily #7283116,modern,modern-daily-7283116,modern-daily-7283116-2014-07-13
42,1,Scavenging Ooze,,Sideboard,3,1,Melira Pod,Sneaky homunkulus,262 tix,$ 839,240430,2014-07-13,Modern Daily #7283116,modern,modern-daily-7283116,modern-daily-7283116-2014-07-13
43,1,Aven Mindcensor,,Sideboard,3,1,Melira Pod,Sneaky homunkulus,262 tix,$ 839,240430,2014-07-13,Modern Daily #7283116,modern,modern-daily-7283116,modern-daily-7283116-2014-07-13
44,1,Eidolon of Rhetoric,,Sideboard,3,1,Melira Pod,Sneaky homunkulus,262 tix,$ 839,240430,2014-07-13,Modern Daily #7283116,modern,modern-daily-7283116,modern-daily-7283116-2014-07-13
45,1,Harmonic Sliver,,Sideboard,3,1,Melira Pod,Sneaky homunkulus,262 tix,$ 839,240430,2014-07-13,Modern Daily #7283116,modern,modern-daily-7283116,modern-daily-7283116-2014-07-13
46,1,Entomber Exarch,,Sideboard,3,1,Melira Pod,Sneaky homunkulus,262 tix,$ 839,240430,2014-07-13,Modern Daily #7283116,modern,modern-daily-7283116,modern-daily-7283116-2014-07-13
47,1,Obstinate Baloth,,Sideboard,3,1,Melira Pod,Sneaky homunkulus,262 tix,$ 839,240430,2014-07-13,Modern Daily #7283116,modern,modern-daily-7283116,modern-daily-7283116-2014-07-13
48,1,"Thrun, the Last Troll",,Sideboard,3,1,Melira Pod,Sneaky homunkulus,262 tix,$ 839,240430,2014-07-13,Modern Daily #7283116,modern,modern-daily-7283116,modern-daily-7283116-2014-07-13
1,4,Cursecatcher,,Creatures,3,1,Merfolk,TheFalkenrath,194 tix,$ 552,240426,2014-07-13,Modern Daily #7283116,modern,modern-daily-7283116,modern-daily-7283116-2014-07-13
2,1,Coralhelm Commander,,Creatures,3,1,Merfolk,TheFalkenrath,194 tix,$ 552,240426,2014-07-13,Modern Daily #7283116,modern,modern-daily-7283116,modern-daily-7283116-2014-07-13
3,4,Lord of Atlantis,,Creatures,3,1,Merfolk,TheFalkenrath,194 tix,$ 552,240426,2014-07-13,Modern Daily #7283116,modern,modern-daily-7283116,modern-daily-7283116-2014-07-13
4,4,Master of the Pearl Trident,,Creatures,3,1,Merfolk,TheFalkenrath,194 tix,$ 552,240426,2014-07-13,Modern Daily #7283116,modern,modern-daily-7283116,modern-daily-7283116-2014-07-13
5,3,Phantasmal Image,,Creatures,3,1,Merfolk,TheFalkenrath,194 tix,$ 552,240426,2014-07-13,Modern Daily #7283116,modern,modern-daily-7283116,modern-daily-7283116-2014-07-13
6,4,Silvergill Adept,,Creatures,3,1,Merfolk,TheFalkenrath,194 tix,$ 552,240426,2014-07-13,Modern Daily #7283116,modern,modern-daily-7283116,modern-daily-7283116-2014-07-13
7,2,Spellskite,,Creatures,3,1,Merfolk,TheFalkenrath,194 tix,$ 552,240426,2014-07-13,Modern Daily #7283116,modern,modern-daily-7283116,modern-daily-7283116-2014-07-13
8,1,"Sygg, River Cutthroat",,Creatures,3,1,Merfolk,TheFalkenrath,194 tix,$ 552,240426,2014-07-13,Modern Daily #7283116,modern,modern-daily-7283116,modern-daily-7283116-2014-07-13
9,1,"Kira, Great Glass-Spinner",,Creatures,3,1,Merfolk,TheFalkenrath,194 tix,$ 552,240426,2014-07-13,Modern Daily #7283116,modern,modern-daily-7283116,modern-daily-7283116-2014-07-13
10,4,Merrow Reejerey,,Creatures,3,1,Merfolk,TheFalkenrath,194 tix,$ 552,240426,2014-07-13,Modern Daily #7283116,modern,modern-daily-7283116,modern-daily-7283116-2014-07-13
11,1,"Thassa, God of the Sea",,Creatures,3,1,Merfolk,TheFalkenrath,194 tix,$ 552,240426,2014-07-13,Modern Daily #7283116,modern,modern-daily-7283116,modern-daily-7283116-2014-07-13
12,1,Wake Thrasher,,Creatures,3,1,Merfolk,TheFalkenrath,194 tix,$ 552,240426,2014-07-13,Modern Daily #7283116,modern,modern-daily-7283116,modern-daily-7283116-2014-07-13
13,1,Master of Waves,,Creatures,3,1,Merfolk,TheFalkenrath,194 tix,$ 552,240426,2014-07-13,Modern Daily #7283116,modern,modern-daily-7283116,modern-daily-7283116-2014-07-13
15,1,Vapor Snag,,Spells,3,1,Merfolk,TheFalkenrath,194 tix,$ 552,240426,2014-07-13,Modern Daily #7283116,modern,modern-daily-7283116,modern-daily-7283116-2014-07-13
17,4,Aether Vial,,Artifacts,3,1,Merfolk,TheFalkenrath,194 tix,$ 552,240426,2014-07-13,Modern Daily #7283116,modern,modern-daily-7283116,modern-daily-7283116-2014-07-13
19,4,Spreading Seas,,Enchantments,3,1,Merfolk,TheFalkenrath,194 tix,$ 552,240426,2014-07-13,Modern Daily #7283116,modern,modern-daily-7283116,modern-daily-7283116-2014-07-13
21,2,Cavern of Souls,,Lands,3,1,Merfolk,TheFalkenrath,194 tix,$ 552,240426,2014-07-13,Modern Daily #7283116,modern,modern-daily-7283116,modern-daily-7283116-2014-07-13
22,15,Island,,Lands,3,1,Merfolk,TheFalkenrath,194 tix,$ 552,240426,2014-07-13,Modern Daily #7283116,modern,modern-daily-7283116,modern-daily-7283116-2014-07-13
23,3,Mutavault,,Lands,3,1,Merfolk,TheFalkenrath,194 tix,$ 552,240426,2014-07-13,Modern Daily #7283116,modern,modern-daily-7283116,modern-daily-7283116-2014-07-13
25,2,Ghost Quarter,,Sideboard,3,1,Merfolk,TheFalkenrath,194 tix,$ 552,240426,2014-07-13,Modern Daily #7283116,modern,modern-daily-7283116,modern-daily-7283116-2014-07-13
26,1,Grafdigger's Cage,,Sideboard,3,1,Merfolk,TheFalkenrath,194 tix,$ 552,240426,2014-07-13,Modern Daily #7283116,modern,modern-daily-7283116,modern-daily-7283116-2014-07-13
27,2,Relic of Progenitus,,Sideboard,3,1,Merfolk,TheFalkenrath,194 tix,$ 552,240426,2014-07-13,Modern Daily #7283116,modern,modern-daily-7283116,modern-daily-7283116-2014-07-13
28,2,Spell Pierce,,Sideboard,3,1,Merfolk,TheFalkenrath,194 tix,$ 552,240426,2014-07-13,Modern Daily #7283116,modern,modern-daily-7283116,modern-daily-7283116-2014-07-13
29,2,Steel Sabotage,,Sideboard,3,1,Merfolk,TheFalkenrath,194 tix,$ 552,240426,2014-07-13,Modern Daily #7283116,modern,modern-daily-7283116,modern-daily-7283116-2014-07-13
30,1,Swan Song,,Sideboard,3,1,Merfolk,TheFalkenrath,194 tix,$ 552,240426,2014-07-13,Modern Daily #7283116,modern,modern-daily-7283116,modern-daily-7283116-2014-07-13
31,2,Torpor Orb,,Sideboard,3,1,Merfolk,TheFalkenrath,194 tix,$ 552,240426,2014-07-13,Modern Daily #7283116,modern,modern-daily-7283116,modern-daily-7283116-2014-07-13
32,2,Unified Will,,Sideboard,3,1,Merfolk,TheFalkenrath,194 tix,$ 552,240426,2014-07-13,Modern Daily #7283116,modern,modern-daily-7283116,modern-daily-7283116-2014-07-13
33,1,"Kira, Great Glass-Spinner",,Sideboard,3,1,Merfolk,TheFalkenrath,194 tix,$ 552,240426,2014-07-13,Modern Daily #7283116,modern,modern-daily-7283116,modern-daily-7283116-2014-07-13
1,4,Cloudfin Raptor,,Creatures,3,1,Merfolk,YepImNaked,122 tix,$ 316,240427,2014-07-13,Modern Daily #7283116,modern,modern-daily-7283116,modern-daily-7283116-2014-07-13
2,4,Cursecatcher,,Creatures,3,1,Merfolk,YepImNaked,122 tix,$ 316,240427,2014-07-13,Modern Daily #7283116,modern,modern-daily-7283116,modern-daily-7283116-2014-07-13
3,1,Coralhelm Commander,,Creatures,3,1,Merfolk,YepImNaked,122 tix,$ 316,240427,2014-07-13,Modern Daily #7283116,modern,modern-daily-7283116,modern-daily-7283116-2014-07-13
4,4,Lord of Atlantis,,Creatures,3,1,Merfolk,YepImNaked,122 tix,$ 316,240427,2014-07-13,Modern Daily #7283116,modern,modern-daily-7283116,modern-daily-7283116-2014-07-13
5,4,Master of the Pearl Trident,,Creatures,3,1,Merfolk,YepImNaked,122 tix,$ 316,240427,2014-07-13,Modern Daily #7283116,modern,modern-daily-7283116,modern-daily-7283116-2014-07-13
6,1,Phantasmal Image,,Creatures,3,1,Merfolk,YepImNaked,122 tix,$ 316,240427,2014-07-13,Modern Daily #7283116,modern,modern-daily-7283116,modern-daily-7283116-2014-07-13
7,4,Silvergill Adept,,Creatures,3,1,Merfolk,YepImNaked,122 tix,$ 316,240427,2014-07-13,Modern Daily #7283116,modern,modern-daily-7283116,modern-daily-7283116-2014-07-13
8,4,Merrow Reejerey,,Creatures,3,1,Merfolk,YepImNaked,122 tix,$ 316,240427,2014-07-13,Modern Daily #7283116,modern,modern-daily-7283116,modern-daily-7283116-2014-07-13
9,1,"Thassa, God of the Sea",,Creatures,3,1,Merfolk,YepImNaked,122 tix,$ 316,240427,2014-07-13,Modern Daily #7283116,modern,modern-daily-7283116,modern-daily-7283116-2014-07-13
10,2,Master of Waves,,Creatures,3,1,Merfolk,YepImNaked,122 tix,$ 316,240427,2014-07-13,Modern Daily #7283116,modern,modern-daily-7283116,modern-daily-7283116-2014-07-13
12,2,Aquitect's Will,,Spells,3,1,Merfolk,YepImNaked,122 tix,$ 316,240427,2014-07-13,Modern Daily #7283116,modern,modern-daily-7283116,modern-daily-7283116-2014-07-13
13,2,Spell Pierce,,Spells,3,1,Merfolk,YepImNaked,122 tix,$ 316,240427,2014-07-13,Modern Daily #7283116,modern,modern-daily-7283116,modern-daily-7283116-2014-07-13
14,3,Vapor Snag,,Spells,3,1,Merfolk,YepImNaked,122 tix,$ 316,240427,2014-07-13,Modern Daily #7283116,modern,modern-daily-7283116,modern-daily-7283116-2014-07-13
16,4,Aether Vial,,Artifacts,3,1,Merfolk,YepImNaked,122 tix,$ 316,240427,2014-07-13,Modern Daily #7283116,modern,modern-daily-7283116,modern-daily-7283116-2014-07-13
18,17,Island,,Lands,3,1,Merfolk,YepImNaked,122 tix,$ 316,240427,2014-07-13,Modern Daily #7283116,modern,modern-daily-7283116,modern-daily-7283116-2014-07-13
19,3,Mutavault,,Lands,3,1,Merfolk,YepImNaked,122 tix,$ 316,240427,2014-07-13,Modern Daily #7283116,modern,modern-daily-7283116,modern-daily-7283116-2014-07-13
21,3,Relic of Progenitus,,Sideboard,3,1,Merfolk,YepImNaked,122 tix,$ 316,240427,2014-07-13,Modern Daily #7283116,modern,modern-daily-7283116,modern-daily-7283116-2014-07-13
22,2,Spell Pierce,,Sideboard,3,1,Merfolk,YepImNaked,122 tix,$ 316,240427,2014-07-13,Modern Daily #7283116,modern,modern-daily-7283116,modern-daily-7283116-2014-07-13
23,3,Steel Sabotage,,Sideboard,3,1,Merfolk,YepImNaked,122 tix,$ 316,240427,2014-07-13,Modern Daily #7283116,modern,modern-daily-7283116,modern-daily-7283116-2014-07-13
24,3,Spreading Seas,,Sideboard,3,1,Merfolk,YepImNaked,122 tix,$ 316,240427,2014-07-13,Modern Daily #7283116,modern,modern-daily-7283116,modern-daily-7283116-2014-07-13
25,2,Unified Will,,Sideboard,3,1,Merfolk,YepImNaked,122 tix,$ 316,240427,2014-07-13,Modern Daily #7283116,modern,modern-daily-7283116,modern-daily-7283116-2014-07-13
26,1,Dismember,,Sideboard,3,1,Merfolk,YepImNaked,122 tix,$ 316,240427,2014-07-13,Modern Daily #7283116,modern,modern-daily-7283116,modern-daily-7283116-2014-07-13
27,1,"Kira, Great Glass-Spinner",,Sideboard,3,1,Merfolk,YepImNaked,122 tix,$ 316,240427,2014-07-13,Modern Daily #7283116,modern,modern-daily-7283116,modern-daily-7283116-2014-07-13
1,4,Sakura-Tribe Elder,,Creatures,3,1,Omenshift,BrainStew53,154 tix,$ 888,240416,2014-07-13,Modern Daily #7283116,modern,modern-daily-7283116,modern-daily-7283116-2014-07-13
2,3,Oracle of Mul Daya,,Creatures,3,1,Omenshift,BrainStew53,154 tix,$ 888,240416,2014-07-13,Modern Daily #7283116,modern,modern-daily-7283116,modern-daily-7283116-2014-07-13
4,2,Rapid Hybridization,,Spells,3,1,Omenshift,BrainStew53,154 tix,$ 888,240416,2014-07-13,Modern Daily #7283116,modern,modern-daily-7283116,modern-daily-7283116-2014-07-13
5,2,Repeal,,Spells,3,1,Omenshift,BrainStew53,154 tix,$ 888,240416,2014-07-13,Modern Daily #7283116,modern,modern-daily-7283116,modern-daily-7283116-2014-07-13
6,4,Serum Visions,,Spells,3,1,Omenshift,BrainStew53,154 tix,$ 888,240416,2014-07-13,Modern Daily #7283116,modern,modern-daily-7283116,modern-daily-7283116-2014-07-13
7,4,Explore,,Spells,3,1,Omenshift,BrainStew53,154 tix,$ 888,240416,2014-07-13,Modern Daily #7283116,modern,modern-daily-7283116,modern-daily-7283116-2014-07-13
8,4,Remand,,Spells,3,1,Omenshift,BrainStew53,154 tix,$ 888,240416,2014-07-13,Modern Daily #7283116,modern,modern-daily-7283116,modern-daily-7283116-2014-07-13
9,3,Cryptic Command,,Spells,3,1,Omenshift,BrainStew53,154 tix,$ 888,240416,2014-07-13,Modern Daily #7283116,modern,modern-daily-7283116,modern-daily-7283116-2014-07-13
10,3,Scapeshift,,Spells,3,1,Omenshift,BrainStew53,154 tix,$ 888,240416,2014-07-13,Modern Daily #7283116,modern,modern-daily-7283116,modern-daily-7283116-2014-07-13
12,4,Prismatic Omen,,Enchantments,3,1,Omenshift,BrainStew53,154 tix,$ 888,240416,2014-07-13,Modern Daily #7283116,modern,modern-daily-7283116,modern-daily-7283116-2014-07-13
14,1,Breeding Pool,,Lands,3,1,Omenshift,BrainStew53,154 tix,$ 888,240416,2014-07-13,Modern Daily #7283116,modern,modern-daily-7283116,modern-daily-7283116-2014-07-13
15,1,Cascade Bluffs,,Lands,3,1,Omenshift,BrainStew53,154 tix,$ 888,240416,2014-07-13,Modern Daily #7283116,modern,modern-daily-7283116,modern-daily-7283116-2014-07-13
16,3,Flooded Grove,,Lands,3,1,Omenshift,BrainStew53,154 tix,$ 888,240416,2014-07-13,Modern Daily #7283116,modern,modern-daily-7283116,modern-daily-7283116-2014-07-13
17,3,Forest,,Lands,3,1,Omenshift,BrainStew53,154 tix,$ 888,240416,2014-07-13,Modern Daily #7283116,modern,modern-daily-7283116,modern-daily-7283116-2014-07-13
18,1,Halimar Depths,,Lands,3,1,Omenshift,BrainStew53,154 tix,$ 888,240416,2014-07-13,Modern Daily #7283116,modern,modern-daily-7283116,modern-daily-7283116-2014-07-13
19,3,Island,,Lands,3,1,Omenshift,BrainStew53,154 tix,$ 888,240416,2014-07-13,Modern Daily #7283116,modern,modern-daily-7283116,modern-daily-7283116-2014-07-13
20,3,Misty Rainforest,,Lands,3,1,Omenshift,BrainStew53,154 tix,$ 888,240416,2014-07-13,Modern Daily #7283116,modern,modern-daily-7283116,modern-daily-7283116-2014-07-13
21,1,Mountain,,Lands,3,1,Omenshift,BrainStew53,154 tix,$ 888,240416,2014-07-13,Modern Daily #7283116,modern,modern-daily-7283116,modern-daily-7283116-2014-07-13
22,3,Steam Vents,,Lands,3,1,Omenshift,BrainStew53,154 tix,$ 888,240416,2014-07-13,Modern Daily #7283116,modern,modern-daily-7283116,modern-daily-7283116-2014-07-13
23,4,Stomping Ground,,Lands,3,1,Omenshift,BrainStew53,154 tix,$ 888,240416,2014-07-13,Modern Daily #7283116,modern,modern-daily-7283116,modern-daily-7283116-2014-07-13
24,4,"Valakut, the Molten Pinnacle",,Lands,3,1,Omenshift,BrainStew53,154 tix,$ 888,240416,2014-07-13,Modern Daily #7283116,modern,modern-daily-7283116,modern-daily-7283116-2014-07-13
26,3,Relic of Progenitus,,Sideboard,3,1,Omenshift,BrainStew53,154 tix,$ 888,240416,2014-07-13,Modern Daily #7283116,modern,modern-daily-7283116,modern-daily-7283116-2014-07-13
27,3,Swan Song,,Sideboard,3,1,Omenshift,BrainStew53,154 tix,$ 888,240416,2014-07-13,Modern Daily #7283116,modern,modern-daily-7283116,modern-daily-7283116-2014-07-13
28,2,Ancient Grudge,,Sideboard,3,1,Omenshift,BrainStew53,154 tix,$ 888,240416,2014-07-13,Modern Daily #7283116,modern,modern-daily-7283116,modern-daily-7283116-2014-07-13
29,2,Combust,,Sideboard,3,1,Omenshift,BrainStew53,154 tix,$ 888,240416,2014-07-13,Modern Daily #7283116,modern,modern-daily-7283116,modern-daily-7283116-2014-07-13
30,3,Anger of the Gods,,Sideboard,3,1,Omenshift,BrainStew53,154 tix,$ 888,240416,2014-07-13,Modern Daily #7283116,modern,modern-daily-7283116,modern-daily-7283116-2014-07-13
31,2,Urban Evolution,,Sideboard,3,1,Omenshift,BrainStew53,154 tix,$ 888,240416,2014-07-13,Modern Daily #7283116,modern,modern-daily-7283116,modern-daily-7283116-2014-07-13
1,4,Wurmcoil Engine,,Creatures,3,1,RG Tron,usokui3,258 tix,$ 776,240432,2014-07-13,Modern Daily #7283116,modern,modern-daily-7283116,modern-daily-7283116-2014-07-13
2,1,"Emrakul, the Aeons Torn",,Creatures,3,1,RG Tron,usokui3,258 tix,$ 776,240432,2014-07-13,Modern Daily #7283116,modern,modern-daily-7283116,modern-daily-7283116-2014-07-13
4,4,Karn Liberated,,Planeswalkers,3,1,RG Tron,usokui3,258 tix,$ 776,240432,2014-07-13,Modern Daily #7283116,modern,modern-daily-7283116,modern-daily-7283116-2014-07-13
6,4,Ancient Stirrings,,Spells,3,1,RG Tron,usokui3,258 tix,$ 776,240432,2014-07-13,Modern Daily #7283116,modern,modern-daily-7283116,modern-daily-7283116-2014-07-13
7,3,Pyroclasm,,Spells,3,1,RG Tron,usokui3,258 tix,$ 776,240432,2014-07-13,Modern Daily #7283116,modern,modern-daily-7283116,modern-daily-7283116-2014-07-13
8,4,Sylvan Scrying,,Spells,3,1,RG Tron,usokui3,258 tix,$ 776,240432,2014-07-13,Modern Daily #7283116,modern,modern-daily-7283116,modern-daily-7283116-2014-07-13
10,4,Chromatic Sphere,,Artifacts,3,1,RG Tron,usokui3,258 tix,$ 776,240432,2014-07-13,Modern Daily #7283116,modern,modern-daily-7283116,modern-daily-7283116-2014-07-13
11,4,Chromatic Star,,Artifacts,3,1,RG Tron,usokui3,258 tix,$ 776,240432,2014-07-13,Modern Daily #7283116,modern,modern-daily-7283116,modern-daily-7283116-2014-07-13
12,4,Expedition Map,,Artifacts,3,1,RG Tron,usokui3,258 tix,$ 776,240432,2014-07-13,Modern Daily #7283116,modern,modern-daily-7283116,modern-daily-7283116-2014-07-13
13,3,Relic of Progenitus,,Artifacts,3,1,RG Tron,usokui3,258 tix,$ 776,240432,2014-07-13,Modern Daily #7283116,modern,modern-daily-7283116,modern-daily-7283116-2014-07-13
14,4,Oblivion Stone,,Artifacts,3,1,RG Tron,usokui3,258 tix,$ 776,240432,2014-07-13,Modern Daily #7283116,modern,modern-daily-7283116,modern-daily-7283116-2014-07-13
16,1,Eye of Ugin,,Lands,3,1,RG Tron,usokui3,258 tix,$ 776,240432,2014-07-13,Modern Daily #7283116,modern,modern-daily-7283116,modern-daily-7283116-2014-07-13
17,2,Ghost Quarter,,Lands,3,1,RG Tron,usokui3,258 tix,$ 776,240432,2014-07-13,Modern Daily #7283116,modern,modern-daily-7283116,modern-daily-7283116-2014-07-13
18,4,Grove of the Burnwillows,,Lands,3,1,RG Tron,usokui3,258 tix,$ 776,240432,2014-07-13,Modern Daily #7283116,modern,modern-daily-7283116,modern-daily-7283116-2014-07-13
19,1,Karplusan Forest,,Lands,3,1,RG Tron,usokui3,258 tix,$ 776,240432,2014-07-13,Modern Daily #7283116,modern,modern-daily-7283116,modern-daily-7283116-2014-07-13
20,1,Snow-Covered Forest,,Lands,3,1,RG Tron,usokui3,258 tix,$ 776,240432,2014-07-13,Modern Daily #7283116,modern,modern-daily-7283116,modern-daily-7283116-2014-07-13
21,4,Urza's Mine,,Lands,3,1,RG Tron,usokui3,258 tix,$ 776,240432,2014-07-13,Modern Daily #7283116,modern,modern-daily-7283116,modern-daily-7283116-2014-07-13
22,4,Urza's Power Plant,,Lands,3,1,RG Tron,usokui3,258 tix,$ 776,240432,2014-07-13,Modern Daily #7283116,modern,modern-daily-7283116,modern-daily-7283116-2014-07-13
23,4,Urza's Tower,,Lands,3,1,RG Tron,usokui3,258 tix,$ 776,240432,2014-07-13,Modern Daily #7283116,modern,modern-daily-7283116,modern-daily-7283116-2014-07-13
25,4,Nature's Claim,,Sideboard,3,1,RG Tron,usokui3,258 tix,$ 776,240432,2014-07-13,Modern Daily #7283116,modern,modern-daily-7283116,modern-daily-7283116-2014-07-13
26,3,Combust,,Sideboard,3,1,RG Tron,usokui3,258 tix,$ 776,240432,2014-07-13,Modern Daily #7283116,modern,modern-daily-7283116,modern-daily-7283116-2014-07-13
27,1,Pyroclasm,,Sideboard,3,1,RG Tron,usokui3,258 tix,$ 776,240432,2014-07-13,Modern Daily #7283116,modern,modern-daily-7283116,modern-daily-7283116-2014-07-13
28,1,Crucible of Worlds,,Sideboard,3,1,RG Tron,usokui3,258 tix,$ 776,240432,2014-07-13,Modern Daily #7283116,modern,modern-daily-7283116,modern-daily-7283116-2014-07-13
29,3,Boil,,Sideboard,3,1,RG Tron,usokui3,258 tix,$ 776,240432,2014-07-13,Modern Daily #7283116,modern,modern-daily-7283116,modern-daily-7283116-2014-07-13
30,2,Thragtusk,,Sideboard,3,1,RG Tron,usokui3,258 tix,$ 776,240432,2014-07-13,Modern Daily #7283116,modern,modern-daily-7283116,modern-daily-7283116-2014-07-13
31,1,Platinum Angel,,Sideboard,3,1,RG Tron,usokui3,258 tix,$ 776,240432,2014-07-13,Modern Daily #7283116,modern,modern-daily-7283116,modern-daily-7283116-2014-07-13
1,4,Sakura-Tribe Elder,,Creatures,3,1,Scapeshift,_SickDraw,202 tix,$ 871,240420,2014-07-13,Modern Daily #7283116,modern,modern-daily-7283116,modern-daily-7283116-2014-07-13
2,2,Snapcaster Mage,,Creatures,3,1,Scapeshift,_SickDraw,202 tix,$ 871,240420,2014-07-13,Modern Daily #7283116,modern,modern-daily-7283116,modern-daily-7283116-2014-07-13
4,4,Serum Visions,,Spells,3,1,Scapeshift,_SickDraw,202 tix,$ 871,240420,2014-07-13,Modern Daily #7283116,modern,modern-daily-7283116,modern-daily-7283116-2014-07-13
5,2,Spell Snare,,Spells,3,1,Scapeshift,_SickDraw,202 tix,$ 871,240420,2014-07-13,Modern Daily #7283116,modern,modern-daily-7283116,modern-daily-7283116-2014-07-13
6,3,Izzet Charm,,Spells,3,1,Scapeshift,_SickDraw,202 tix,$ 871,240420,2014-07-13,Modern Daily #7283116,modern,modern-daily-7283116,modern-daily-7283116-2014-07-13
7,4,Peer Through Depths,,Spells,3,1,Scapeshift,_SickDraw,202 tix,$ 871,240420,2014-07-13,Modern Daily #7283116,modern,modern-daily-7283116,modern-daily-7283116-2014-07-13
8,4,Remand,,Spells,3,1,Scapeshift,_SickDraw,202 tix,$ 871,240420,2014-07-13,Modern Daily #7283116,modern,modern-daily-7283116,modern-daily-7283116-2014-07-13
9,2,Electrolyze,,Spells,3,1,Scapeshift,_SickDraw,202 tix,$ 871,240420,2014-07-13,Modern Daily #7283116,modern,modern-daily-7283116,modern-daily-7283116-2014-07-13
10,4,Search for Tomorrow,,Spells,3,1,Scapeshift,_SickDraw,202 tix,$ 871,240420,2014-07-13,Modern Daily #7283116,modern,modern-daily-7283116,modern-daily-7283116-2014-07-13
11,3,Cryptic Command,,Spells,3,1,Scapeshift,_SickDraw,202 tix,$ 871,240420,2014-07-13,Modern Daily #7283116,modern,modern-daily-7283116,modern-daily-7283116-2014-07-13
12,4,Scapeshift,,Spells,3,1,Scapeshift,_SickDraw,202 tix,$ 871,240420,2014-07-13,Modern Daily #7283116,modern,modern-daily-7283116,modern-daily-7283116-2014-07-13
14,1,Breeding Pool,,Lands,3,1,Scapeshift,_SickDraw,202 tix,$ 871,240420,2014-07-13,Modern Daily #7283116,modern,modern-daily-7283116,modern-daily-7283116-2014-07-13
15,2,Flooded Grove,,Lands,3,1,Scapeshift,_SickDraw,202 tix,$ 871,240420,2014-07-13,Modern Daily #7283116,modern,modern-daily-7283116,modern-daily-7283116-2014-07-13
16,3,Forest,,Lands,3,1,Scapeshift,_SickDraw,202 tix,$ 871,240420,2014-07-13,Modern Daily #7283116,modern,modern-daily-7283116,modern-daily-7283116-2014-07-13
17,3,Island,,Lands,3,1,Scapeshift,_SickDraw,202 tix,$ 871,240420,2014-07-13,Modern Daily #7283116,modern,modern-daily-7283116,modern-daily-7283116-2014-07-13
18,3,Misty Rainforest,,Lands,3,1,Scapeshift,_SickDraw,202 tix,$ 871,240420,2014-07-13,Modern Daily #7283116,modern,modern-daily-7283116,modern-daily-7283116-2014-07-13
19,2,Mountain,,Lands,3,1,Scapeshift,_SickDraw,202 tix,$ 871,240420,2014-07-13,Modern Daily #7283116,modern,modern-daily-7283116,modern-daily-7283116-2014-07-13
20,4,Steam Vents,,Lands,3,1,Scapeshift,_SickDraw,202 tix,$ 871,240420,2014-07-13,Modern Daily #7283116,modern,modern-daily-7283116,modern-daily-7283116-2014-07-13
21,4,Stomping Ground,,Lands,3,1,Scapeshift,_SickDraw,202 tix,$ 871,240420,2014-07-13,Modern Daily #7283116,modern,modern-daily-7283116,modern-daily-7283116-2014-07-13
22,2,"Valakut, the Molten Pinnacle",,Lands,3,1,Scapeshift,_SickDraw,202 tix,$ 871,240420,2014-07-13,Modern Daily #7283116,modern,modern-daily-7283116,modern-daily-7283116-2014-07-13
24,1,Gigadrowse,,Sideboard,3,1,Scapeshift,_SickDraw,202 tix,$ 871,240420,2014-07-13,Modern Daily #7283116,modern,modern-daily-7283116,modern-daily-7283116-2014-07-13
25,1,Ancient Grudge,,Sideboard,3,1,Scapeshift,_SickDraw,202 tix,$ 871,240420,2014-07-13,Modern Daily #7283116,modern,modern-daily-7283116,modern-daily-7283116-2014-07-13
26,1,Combust,,Sideboard,3,1,Scapeshift,_SickDraw,202 tix,$ 871,240420,2014-07-13,Modern Daily #7283116,modern,modern-daily-7283116,modern-daily-7283116-2014-07-13
27,1,Destructive Revelry,,Sideboard,3,1,Scapeshift,_SickDraw,202 tix,$ 871,240420,2014-07-13,Modern Daily #7283116,modern,modern-daily-7283116,modern-daily-7283116-2014-07-13
28,2,Anger of the Gods,,Sideboard,3,1,Scapeshift,_SickDraw,202 tix,$ 871,240420,2014-07-13,Modern Daily #7283116,modern,modern-daily-7283116,modern-daily-7283116-2014-07-13
29,2,Counterflux,,Sideboard,3,1,Scapeshift,_SickDraw,202 tix,$ 871,240420,2014-07-13,Modern Daily #7283116,modern,modern-daily-7283116,modern-daily-7283116-2014-07-13
30,2,Obstinate Baloth,,Sideboard,3,1,Scapeshift,_SickDraw,202 tix,$ 871,240420,2014-07-13,Modern Daily #7283116,modern,modern-daily-7283116,modern-daily-7283116-2014-07-13
31,2,Shatterstorm,,Sideboard,3,1,Scapeshift,_SickDraw,202 tix,$ 871,240420,2014-07-13,Modern Daily #7283116,modern,modern-daily-7283116,modern-daily-7283116-2014-07-13
32,1,"Keranos, God of Storms",,Sideboard,3,1,Scapeshift,_SickDraw,202 tix,$ 871,240420,2014-07-13,Modern Daily #7283116,modern,modern-daily-7283116,modern-daily-7283116-2014-07-13
33,1,"Teferi, Mage of Zhalfir",,Sideboard,3,1,Scapeshift,_SickDraw,202 tix,$ 871,240420,2014-07-13,Modern Daily #7283116,modern,modern-daily-7283116,modern-daily-7283116-2014-07-13
34,1,Inferno Titan,,Sideboard,3,1,Scapeshift,_SickDraw,202 tix,$ 871,240420,2014-07-13,Modern Daily #7283116,modern,modern-daily-7283116,modern-daily-7283116-2014-07-13
1,4,Sakura-Tribe Elder,,Creatures,3,1,Scapeshift,Derayler,269 tix,"$ 1,064",240421,2014-07-13,Modern Daily #7283116,modern,modern-daily-7283116,modern-daily-7283116-2014-07-13
2,2,Snapcaster Mage,,Creatures,3,1,Scapeshift,Derayler,269 tix,"$ 1,064",240421,2014-07-13,Modern Daily #7283116,modern,modern-daily-7283116,modern-daily-7283116-2014-07-13
4,1,Gigadrowse,,Spells,3,1,Scapeshift,Derayler,269 tix,"$ 1,064",240421,2014-07-13,Modern Daily #7283116,modern,modern-daily-7283116,modern-daily-7283116-2014-07-13
5,2,Lightning Bolt,,Spells,3,1,Scapeshift,Derayler,269 tix,"$ 1,064",240421,2014-07-13,Modern Daily #7283116,modern,modern-daily-7283116,modern-daily-7283116-2014-07-13
6,3,Farseek,,Spells,3,1,Scapeshift,Derayler,269 tix,"$ 1,064",240421,2014-07-13,Modern Daily #7283116,modern,modern-daily-7283116,modern-daily-7283116-2014-07-13
7,2,Izzet Charm,,Spells,3,1,Scapeshift,Derayler,269 tix,"$ 1,064",240421,2014-07-13,Modern Daily #7283116,modern,modern-daily-7283116,modern-daily-7283116-2014-07-13
8,3,Peer Through Depths,,Spells,3,1,Scapeshift,Derayler,269 tix,"$ 1,064",240421,2014-07-13,Modern Daily #7283116,modern,modern-daily-7283116,modern-daily-7283116-2014-07-13
9,4,Remand,,Spells,3,1,Scapeshift,Derayler,269 tix,"$ 1,064",240421,2014-07-13,Modern Daily #7283116,modern,modern-daily-7283116,modern-daily-7283116-2014-07-13
10,2,Electrolyze,,Spells,3,1,Scapeshift,Derayler,269 tix,"$ 1,064",240421,2014-07-13,Modern Daily #7283116,modern,modern-daily-7283116,modern-daily-7283116-2014-07-13
11,4,Search for Tomorrow,,Spells,3,1,Scapeshift,Derayler,269 tix,"$ 1,064",240421,2014-07-13,Modern Daily #7283116,modern,modern-daily-7283116,modern-daily-7283116-2014-07-13
12,4,Cryptic Command,,Spells,3,1,Scapeshift,Derayler,269 tix,"$ 1,064",240421,2014-07-13,Modern Daily #7283116,modern,modern-daily-7283116,modern-daily-7283116-2014-07-13
13,4,Scapeshift,,Spells,3,1,Scapeshift,Derayler,269 tix,"$ 1,064",240421,2014-07-13,Modern Daily #7283116,modern,modern-daily-7283116,modern-daily-7283116-2014-07-13
15,2,Breeding Pool,,Lands,3,1,Scapeshift,Derayler,269 tix,"$ 1,064",240421,2014-07-13,Modern Daily #7283116,modern,modern-daily-7283116,modern-daily-7283116-2014-07-13
16,2,Flooded Grove,,Lands,3,1,Scapeshift,Derayler,269 tix,"$ 1,064",240421,2014-07-13,Modern Daily #7283116,modern,modern-daily-7283116,modern-daily-7283116-2014-07-13
17,2,Forest,,Lands,3,1,Scapeshift,Derayler,269 tix,"$ 1,064",240421,2014-07-13,Modern Daily #7283116,modern,modern-daily-7283116,modern-daily-7283116-2014-07-13
18,3,Island,,Lands,3,1,Scapeshift,Derayler,269 tix,"$ 1,064",240421,2014-07-13,Modern Daily #7283116,modern,modern-daily-7283116,modern-daily-7283116-2014-07-13
19,4,Misty Rainforest,,Lands,3,1,Scapeshift,Derayler,269 tix,"$ 1,064",240421,2014-07-13,Modern Daily #7283116,modern,modern-daily-7283116,modern-daily-7283116-2014-07-13
20,2,Mountain,,Lands,3,1,Scapeshift,Derayler,269 tix,"$ 1,064",240421,2014-07-13,Modern Daily #7283116,modern,modern-daily-7283116,modern-daily-7283116-2014-07-13
21,4,Steam Vents,,Lands,3,1,Scapeshift,Derayler,269 tix,"$ 1,064",240421,2014-07-13,Modern Daily #7283116,modern,modern-daily-7283116,modern-daily-7283116-2014-07-13
22,4,Stomping Ground,,Lands,3,1,Scapeshift,Derayler,269 tix,"$ 1,064",240421,2014-07-13,Modern Daily #7283116,modern,modern-daily-7283116,modern-daily-7283116-2014-07-13
23,2,"Valakut, the Molten Pinnacle",,Lands,3,1,Scapeshift,Derayler,269 tix,"$ 1,064",240421,2014-07-13,Modern Daily #7283116,modern,modern-daily-7283116,modern-daily-7283116-2014-07-13
25,1,Engineered Explosives,,Sideboard,3,1,Scapeshift,Derayler,269 tix,"$ 1,064",240421,2014-07-13,Modern Daily #7283116,modern,modern-daily-7283116,modern-daily-7283116-2014-07-13
26,1,Gigadrowse,,Sideboard,3,1,Scapeshift,Derayler,269 tix,"$ 1,064",240421,2014-07-13,Modern Daily #7283116,modern,modern-daily-7283116,modern-daily-7283116-2014-07-13
27,2,Nature's Claim,,Sideboard,3,1,Scapeshift,Derayler,269 tix,"$ 1,064",240421,2014-07-13,Modern Daily #7283116,modern,modern-daily-7283116,modern-daily-7283116-2014-07-13
28,1,Swan Song,,Sideboard,3,1,Scapeshift,Derayler,269 tix,"$ 1,064",240421,2014-07-13,Modern Daily #7283116,modern,modern-daily-7283116,modern-daily-7283116-2014-07-13
29,1,Negate,,Sideboard,3,1,Scapeshift,Derayler,269 tix,"$ 1,064",240421,2014-07-13,Modern Daily #7283116,modern,modern-daily-7283116,modern-daily-7283116-2014-07-13
30,1,Counterflux,,Sideboard,3,1,Scapeshift,Derayler,269 tix,"$ 1,064",240421,2014-07-13,Modern Daily #7283116,modern,modern-daily-7283116,modern-daily-7283116-2014-07-13
31,3,Obstinate Baloth,,Sideboard,3,1,Scapeshift,Derayler,269 tix,"$ 1,064",240421,2014-07-13,Modern Daily #7283116,modern,modern-daily-7283116,modern-daily-7283116-2014-07-13
32,2,Shatterstorm,,Sideboard,3,1,Scapeshift,Derayler,269 tix,"$ 1,064",240421,2014-07-13,Modern Daily #7283116,modern,modern-daily-7283116,modern-daily-7283116-2014-07-13
33,1,Inferno Titan,,Sideboard,3,1,Scapeshift,Derayler,269 tix,"$ 1,064",240421,2014-07-13,Modern Daily #7283116,modern,modern-daily-7283116,modern-daily-7283116-2014-07-13
34,2,Wurmcoil Engine,,Sideboard,3,1,Scapeshift,Derayler,269 tix,"$ 1,064",240421,2014-07-13,Modern Daily #7283116,modern,modern-daily-7283116,modern-daily-7283116-2014-07-13
1,4,Sakura-Tribe Elder,,Creatures,3,1,Scapeshift,HugoVenda,240 tix,"$ 1,013",240428,2014-07-13,Modern Daily #7283116,modern,modern-daily-7283116,modern-daily-7283116-2014-07-13
2,3,Snapcaster Mage,,Creatures,3,1,Scapeshift,HugoVenda,240 tix,"$ 1,013",240428,2014-07-13,Modern Daily #7283116,modern,modern-daily-7283116,modern-daily-7283116-2014-07-13
4,2,Repeal,,Spells,3,1,Scapeshift,HugoVenda,240 tix,"$ 1,013",240428,2014-07-13,Modern Daily #7283116,modern,modern-daily-7283116,modern-daily-7283116-2014-07-13
5,4,Serum Visions,,Spells,3,1,Scapeshift,HugoVenda,240 tix,"$ 1,013",240428,2014-07-13,Modern Daily #7283116,modern,modern-daily-7283116,modern-daily-7283116-2014-07-13
6,3,Izzet Charm,,Spells,3,1,Scapeshift,HugoVenda,240 tix,"$ 1,013",240428,2014-07-13,Modern Daily #7283116,modern,modern-daily-7283116,modern-daily-7283116-2014-07-13
7,4,Remand,,Spells,3,1,Scapeshift,HugoVenda,240 tix,"$ 1,013",240428,2014-07-13,Modern Daily #7283116,modern,modern-daily-7283116,modern-daily-7283116-2014-07-13
8,3,Telling Time,,Spells,3,1,Scapeshift,HugoVenda,240 tix,"$ 1,013",240428,2014-07-13,Modern Daily #7283116,modern,modern-daily-7283116,modern-daily-7283116-2014-07-13
9,2,Electrolyze,,Spells,3,1,Scapeshift,HugoVenda,240 tix,"$ 1,013",240428,2014-07-13,Modern Daily #7283116,modern,modern-daily-7283116,modern-daily-7283116-2014-07-13
10,4,Search for Tomorrow,,Spells,3,1,Scapeshift,HugoVenda,240 tix,"$ 1,013",240428,2014-07-13,Modern Daily #7283116,modern,modern-daily-7283116,modern-daily-7283116-2014-07-13
11,3,Cryptic Command,,Spells,3,1,Scapeshift,HugoVenda,240 tix,"$ 1,013",240428,2014-07-13,Modern Daily #7283116,modern,modern-daily-7283116,modern-daily-7283116-2014-07-13
12,4,Scapeshift,,Spells,3,1,Scapeshift,HugoVenda,240 tix,"$ 1,013",240428,2014-07-13,Modern Daily #7283116,modern,modern-daily-7283116,modern-daily-7283116-2014-07-13
14,1,Breeding Pool,,Lands,3,1,Scapeshift,HugoVenda,240 tix,"$ 1,013",240428,2014-07-13,Modern Daily #7283116,modern,modern-daily-7283116,modern-daily-7283116-2014-07-13
15,1,Cascade Bluffs,,Lands,3,1,Scapeshift,HugoVenda,240 tix,"$ 1,013",240428,2014-07-13,Modern Daily #7283116,modern,modern-daily-7283116,modern-daily-7283116-2014-07-13
16,1,Flooded Grove,,Lands,3,1,Scapeshift,HugoVenda,240 tix,"$ 1,013",240428,2014-07-13,Modern Daily #7283116,modern,modern-daily-7283116,modern-daily-7283116-2014-07-13
17,3,Forest,,Lands,3,1,Scapeshift,HugoVenda,240 tix,"$ 1,013",240428,2014-07-13,Modern Daily #7283116,modern,modern-daily-7283116,modern-daily-7283116-2014-07-13
18,1,Halimar Depths,,Lands,3,1,Scapeshift,HugoVenda,240 tix,"$ 1,013",240428,2014-07-13,Modern Daily #7283116,modern,modern-daily-7283116,modern-daily-7283116-2014-07-13
19,3,Island,,Lands,3,1,Scapeshift,HugoVenda,240 tix,"$ 1,013",240428,2014-07-13,Modern Daily #7283116,modern,modern-daily-7283116,modern-daily-7283116-2014-07-13
20,2,Misty Rainforest,,Lands,3,1,Scapeshift,HugoVenda,240 tix,"$ 1,013",240428,2014-07-13,Modern Daily #7283116,modern,modern-daily-7283116,modern-daily-7283116-2014-07-13
21,2,Mountain,,Lands,3,1,Scapeshift,HugoVenda,240 tix,"$ 1,013",240428,2014-07-13,Modern Daily #7283116,modern,modern-daily-7283116,modern-daily-7283116-2014-07-13
22,4,Steam Vents,,Lands,3,1,Scapeshift,HugoVenda,240 tix,"$ 1,013",240428,2014-07-13,Modern Daily #7283116,modern,modern-daily-7283116,modern-daily-7283116-2014-07-13
23,4,Stomping Ground,,Lands,3,1,Scapeshift,HugoVenda,240 tix,"$ 1,013",240428,2014-07-13,Modern Daily #7283116,modern,modern-daily-7283116,modern-daily-7283116-2014-07-13
24,2,"Valakut, the Molten Pinnacle",,Lands,3,1,Scapeshift,HugoVenda,240 tix,"$ 1,013",240428,2014-07-13,Modern Daily #7283116,modern,modern-daily-7283116,modern-daily-7283116-2014-07-13
26,1,"Boseiju, Who Shelters All",,Sideboard,3,1,Scapeshift,HugoVenda,240 tix,"$ 1,013",240428,2014-07-13,Modern Daily #7283116,modern,modern-daily-7283116,modern-daily-7283116-2014-07-13
27,1,Engineered Explosives,,Sideboard,3,1,Scapeshift,HugoVenda,240 tix,"$ 1,013",240428,2014-07-13,Modern Daily #7283116,modern,modern-daily-7283116,modern-daily-7283116-2014-07-13
28,2,Relic of Progenitus,,Sideboard,3,1,Scapeshift,HugoVenda,240 tix,"$ 1,013",240428,2014-07-13,Modern Daily #7283116,modern,modern-daily-7283116,modern-daily-7283116-2014-07-13
29,2,Swan Song,,Sideboard,3,1,Scapeshift,HugoVenda,240 tix,"$ 1,013",240428,2014-07-13,Modern Daily #7283116,modern,modern-daily-7283116,modern-daily-7283116-2014-07-13
30,2,Ancient Grudge,,Sideboard,3,1,Scapeshift,HugoVenda,240 tix,"$ 1,013",240428,2014-07-13,Modern Daily #7283116,modern,modern-daily-7283116,modern-daily-7283116-2014-07-13
31,1,Redirect,,Sideboard,3,1,Scapeshift,HugoVenda,240 tix,"$ 1,013",240428,2014-07-13,Modern Daily #7283116,modern,modern-daily-7283116,modern-daily-7283116-2014-07-13
32,1,Spellskite,,Sideboard,3,1,Scapeshift,HugoVenda,240 tix,"$ 1,013",240428,2014-07-13,Modern Daily #7283116,modern,modern-daily-7283116,modern-daily-7283116-2014-07-13
33,2,Anger of the Gods,,Sideboard,3,1,Scapeshift,HugoVenda,240 tix,"$ 1,013",240428,2014-07-13,Modern Daily #7283116,modern,modern-daily-7283116,modern-daily-7283116-2014-07-13
34,2,Obstinate Baloth,,Sideboard,3,1,Scapeshift,HugoVenda,240 tix,"$ 1,013",240428,2014-07-13,Modern Daily #7283116,modern,modern-daily-7283116,modern-daily-7283116-2014-07-13
35,1,Batterskull,,Sideboard,3,1,Scapeshift,HugoVenda,240 tix,"$ 1,013",240428,2014-07-13,Modern Daily #7283116,modern,modern-daily-7283116,modern-daily-7283116-2014-07-13
1,2,Grim Lavamancer,,Creatures,3,1,Splinter Twin,erpa,294 tix,"$ 1,134",240415,2014-07-13,Modern Daily #7283116,modern,modern-daily-7283116,modern-daily-7283116-2014-07-13
2,4,Snapcaster Mage,,Creatures,3,1,Splinter Twin,erpa,294 tix,"$ 1,134",240415,2014-07-13,Modern Daily #7283116,modern,modern-daily-7283116,modern-daily-7283116-2014-07-13
3,3,Deceiver Exarch,,Creatures,3,1,Splinter Twin,erpa,294 tix,"$ 1,134",240415,2014-07-13,Modern Daily #7283116,modern,modern-daily-7283116,modern-daily-7283116-2014-07-13
4,3,Pestermite,,Creatures,3,1,Splinter Twin,erpa,294 tix,"$ 1,134",240415,2014-07-13,Modern Daily #7283116,modern,modern-daily-7283116,modern-daily-7283116-2014-07-13
5,1,"Kiki-Jiki, Mirror Breaker",,Creatures,3,1,Splinter Twin,erpa,294 tix,"$ 1,134",240415,2014-07-13,Modern Daily #7283116,modern,modern-daily-7283116,modern-daily-7283116-2014-07-13
7,1,Flame Slash,,Spells,3,1,Splinter Twin,erpa,294 tix,"$ 1,134",240415,2014-07-13,Modern Daily #7283116,modern,modern-daily-7283116,modern-daily-7283116-2014-07-13
8,4,Lightning Bolt,,Spells,3,1,Splinter Twin,erpa,294 tix,"$ 1,134",240415,2014-07-13,Modern Daily #7283116,modern,modern-daily-7283116,modern-daily-7283116-2014-07-13
9,2,Peek,,Spells,3,1,Splinter Twin,erpa,294 tix,"$ 1,134",240415,2014-07-13,Modern Daily #7283116,modern,modern-daily-7283116,modern-daily-7283116-2014-07-13
10,4,Serum Visions,,Spells,3,1,Splinter Twin,erpa,294 tix,"$ 1,134",240415,2014-07-13,Modern Daily #7283116,modern,modern-daily-7283116,modern-daily-7283116-2014-07-13
11,4,Remand,,Spells,3,1,Splinter Twin,erpa,294 tix,"$ 1,134",240415,2014-07-13,Modern Daily #7283116,modern,modern-daily-7283116,modern-daily-7283116-2014-07-13
12,1,Dismember,,Spells,3,1,Splinter Twin,erpa,294 tix,"$ 1,134",240415,2014-07-13,Modern Daily #7283116,modern,modern-daily-7283116,modern-daily-7283116-2014-07-13
13,1,Electrolyze,,Spells,3,1,Splinter Twin,erpa,294 tix,"$ 1,134",240415,2014-07-13,Modern Daily #7283116,modern,modern-daily-7283116,modern-daily-7283116-2014-07-13
14,2,Cryptic Command,,Spells,3,1,Splinter Twin,erpa,294 tix,"$ 1,134",240415,2014-07-13,Modern Daily #7283116,modern,modern-daily-7283116,modern-daily-7283116-2014-07-13
16,2,Spreading Seas,,Enchantments,3,1,Splinter Twin,erpa,294 tix,"$ 1,134",240415,2014-07-13,Modern Daily #7283116,modern,modern-daily-7283116,modern-daily-7283116-2014-07-13
17,4,Splinter Twin,,Enchantments,3,1,Splinter Twin,erpa,294 tix,"$ 1,134",240415,2014-07-13,Modern Daily #7283116,modern,modern-daily-7283116,modern-daily-7283116-2014-07-13
19,1,Desolate Lighthouse,,Lands,3,1,Splinter Twin,erpa,294 tix,"$ 1,134",240415,2014-07-13,Modern Daily #7283116,modern,modern-daily-7283116,modern-daily-7283116-2014-07-13
20,4,Island,,Lands,3,1,Splinter Twin,erpa,294 tix,"$ 1,134",240415,2014-07-13,Modern Daily #7283116,modern,modern-daily-7283116,modern-daily-7283116-2014-07-13
21,4,Misty Rainforest,,Lands,3,1,Splinter Twin,erpa,294 tix,"$ 1,134",240415,2014-07-13,Modern Daily #7283116,modern,modern-daily-7283116,modern-daily-7283116-2014-07-13
22,1,Mountain,,Lands,3,1,Splinter Twin,erpa,294 tix,"$ 1,134",240415,2014-07-13,Modern Daily #7283116,modern,modern-daily-7283116,modern-daily-7283116-2014-07-13
23,4,Scalding Tarn,,Lands,3,1,Splinter Twin,erpa,294 tix,"$ 1,134",240415,2014-07-13,Modern Daily #7283116,modern,modern-daily-7283116,modern-daily-7283116-2014-07-13
24,3,Steam Vents,,Lands,3,1,Splinter Twin,erpa,294 tix,"$ 1,134",240415,2014-07-13,Modern Daily #7283116,modern,modern-daily-7283116,modern-daily-7283116-2014-07-13
25,1,Stomping Ground,,Lands,3,1,Splinter Twin,erpa,294 tix,"$ 1,134",240415,2014-07-13,Modern Daily #7283116,modern,modern-daily-7283116,modern-daily-7283116-2014-07-13
26,2,Sulfur Falls,,Lands,3,1,Splinter Twin,erpa,294 tix,"$ 1,134",240415,2014-07-13,Modern Daily #7283116,modern,modern-daily-7283116,modern-daily-7283116-2014-07-13
27,2,Tectonic Edge,,Lands,3,1,Splinter Twin,erpa,294 tix,"$ 1,134",240415,2014-07-13,Modern Daily #7283116,modern,modern-daily-7283116,modern-daily-7283116-2014-07-13
29,2,Dispel,,Sideboard,3,1,Splinter Twin,erpa,294 tix,"$ 1,134",240415,2014-07-13,Modern Daily #7283116,modern,modern-daily-7283116,modern-daily-7283116-2014-07-13
30,2,Relic of Progenitus,,Sideboard,3,1,Splinter Twin,erpa,294 tix,"$ 1,134",240415,2014-07-13,Modern Daily #7283116,modern,modern-daily-7283116,modern-daily-7283116-2014-07-13
31,2,Ancient Grudge,,Sideboard,3,1,Splinter Twin,erpa,294 tix,"$ 1,134",240415,2014-07-13,Modern Daily #7283116,modern,modern-daily-7283116,modern-daily-7283116-2014-07-13
32,1,Negate,,Sideboard,3,1,Splinter Twin,erpa,294 tix,"$ 1,134",240415,2014-07-13,Modern Daily #7283116,modern,modern-daily-7283116,modern-daily-7283116-2014-07-13
33,1,Spellskite,,Sideboard,3,1,Splinter Twin,erpa,294 tix,"$ 1,134",240415,2014-07-13,Modern Daily #7283116,modern,modern-daily-7283116,modern-daily-7283116-2014-07-13
34,1,Spreading Seas,,Sideboard,3,1,Splinter Twin,erpa,294 tix,"$ 1,134",240415,2014-07-13,Modern Daily #7283116,modern,modern-daily-7283116,modern-daily-7283116-2014-07-13
35,2,Blood Moon,,Sideboard,3,1,Splinter Twin,erpa,294 tix,"$ 1,134",240415,2014-07-13,Modern Daily #7283116,modern,modern-daily-7283116,modern-daily-7283116-2014-07-13
36,1,Threads of Disloyalty,,Sideboard,3,1,Splinter Twin,erpa,294 tix,"$ 1,134",240415,2014-07-13,Modern Daily #7283116,modern,modern-daily-7283116,modern-daily-7283116-2014-07-13
37,2,Batterskull,,Sideboard,3,1,Splinter Twin,erpa,294 tix,"$ 1,134",240415,2014-07-13,Modern Daily #7283116,modern,modern-daily-7283116,modern-daily-7283116-2014-07-13
38,1,"Keranos, God of Storms",,Sideboard,3,1,Splinter Twin,erpa,294 tix,"$ 1,134",240415,2014-07-13,Modern Daily #7283116,modern,modern-daily-7283116,modern-daily-7283116-2014-07-13
1,4,Glistener Elf,,Creatures,3,1,UG Infect,boromirofborg,245 tix,$ 596,240419,2014-07-13,Modern Daily #7283116,modern,modern-daily-7283116,modern-daily-7283116-2014-07-13
2,4,Noble Hierarch,,Creatures,3,1,UG Infect,boromirofborg,245 tix,$ 596,240419,2014-07-13,Modern Daily #7283116,modern,modern-daily-7283116,modern-daily-7283116-2014-07-13
3,4,Blighted Agent,,Creatures,3,1,UG Infect,boromirofborg,245 tix,$ 596,240419,2014-07-13,Modern Daily #7283116,modern,modern-daily-7283116,modern-daily-7283116-2014-07-13
4,2,Ichorclaw Myr,,Creatures,3,1,UG Infect,boromirofborg,245 tix,$ 596,240419,2014-07-13,Modern Daily #7283116,modern,modern-daily-7283116,modern-daily-7283116-2014-07-13
6,3,Gitaxian Probe,,Spells,3,1,UG Infect,boromirofborg,245 tix,$ 596,240419,2014-07-13,Modern Daily #7283116,modern,modern-daily-7283116,modern-daily-7283116-2014-07-13
7,4,Groundswell,,Spells,3,1,UG Infect,boromirofborg,245 tix,$ 596,240419,2014-07-13,Modern Daily #7283116,modern,modern-daily-7283116,modern-daily-7283116-2014-07-13
8,4,Mutagenic Growth,,Spells,3,1,UG Infect,boromirofborg,245 tix,$ 596,240419,2014-07-13,Modern Daily #7283116,modern,modern-daily-7283116,modern-daily-7283116-2014-07-13
9,4,Primal Bellow,,Spells,3,1,UG Infect,boromirofborg,245 tix,$ 596,240419,2014-07-13,Modern Daily #7283116,modern,modern-daily-7283116,modern-daily-7283116-2014-07-13
10,2,Serum Visions,,Spells,3,1,UG Infect,boromirofborg,245 tix,$ 596,240419,2014-07-13,Modern Daily #7283116,modern,modern-daily-7283116,modern-daily-7283116-2014-07-13
11,4,Vines of Vastwood,,Spells,3,1,UG Infect,boromirofborg,245 tix,$ 596,240419,2014-07-13,Modern Daily #7283116,modern,modern-daily-7283116,modern-daily-7283116-2014-07-13
12,2,Apostle's Blessing,,Spells,3,1,UG Infect,boromirofborg,245 tix,$ 596,240419,2014-07-13,Modern Daily #7283116,modern,modern-daily-7283116,modern-daily-7283116-2014-07-13
14,4,Rancor,,Enchantments,3,1,UG Infect,boromirofborg,245 tix,$ 596,240419,2014-07-13,Modern Daily #7283116,modern,modern-daily-7283116,modern-daily-7283116-2014-07-13
16,2,Breeding Pool,,Lands,3,1,UG Infect,boromirofborg,245 tix,$ 596,240419,2014-07-13,Modern Daily #7283116,modern,modern-daily-7283116,modern-daily-7283116-2014-07-13
17,1,Cathedral of War,,Lands,3,1,UG Infect,boromirofborg,245 tix,$ 596,240419,2014-07-13,Modern Daily #7283116,modern,modern-daily-7283116,modern-daily-7283116-2014-07-13
18,1,Forest,,Lands,3,1,UG Infect,boromirofborg,245 tix,$ 596,240419,2014-07-13,Modern Daily #7283116,modern,modern-daily-7283116,modern-daily-7283116-2014-07-13
19,4,Inkmoth Nexus,,Lands,3,1,UG Infect,boromirofborg,245 tix,$ 596,240419,2014-07-13,Modern Daily #7283116,modern,modern-daily-7283116,modern-daily-7283116-2014-07-13
20,4,Misty Rainforest,,Lands,3,1,UG Infect,boromirofborg,245 tix,$ 596,240419,2014-07-13,Modern Daily #7283116,modern,modern-daily-7283116,modern-daily-7283116-2014-07-13
21,1,Overgrown Tomb,,Lands,3,1,UG Infect,boromirofborg,245 tix,$ 596,240419,2014-07-13,Modern Daily #7283116,modern,modern-daily-7283116,modern-daily-7283116-2014-07-13
22,2,Pendelhaven,,Lands,3,1,UG Infect,boromirofborg,245 tix,$ 596,240419,2014-07-13,Modern Daily #7283116,modern,modern-daily-7283116,modern-daily-7283116-2014-07-13
23,4,Verdant Catacombs,,Lands,3,1,UG Infect,boromirofborg,245 tix,$ 596,240419,2014-07-13,Modern Daily #7283116,modern,modern-daily-7283116,modern-daily-7283116-2014-07-13
25,4,Distortion Strike,,Sideboard,3,1,UG Infect,boromirofborg,245 tix,$ 596,240419,2014-07-13,Modern Daily #7283116,modern,modern-daily-7283116,modern-daily-7283116-2014-07-13
26,4,Spell Pierce,,Sideboard,3,1,UG Infect,boromirofborg,245 tix,$ 596,240419,2014-07-13,Modern Daily #7283116,modern,modern-daily-7283116,modern-daily-7283116-2014-07-13
27,2,Negate,,Sideboard,3,1,UG Infect,boromirofborg,245 tix,$ 596,240419,2014-07-13,Modern Daily #7283116,modern,modern-daily-7283116,modern-daily-7283116-2014-07-13
28,2,Dismember,,Sideboard,3,1,UG Infect,boromirofborg,245 tix,$ 596,240419,2014-07-13,Modern Daily #7283116,modern,modern-daily-7283116,modern-daily-7283116-2014-07-13
29,3,Creeping Corrosion,,Sideboard,3,1,UG Infect,boromirofborg,245 tix,$ 596,240419,2014-07-13,Modern Daily #7283116,modern,modern-daily-7283116,modern-daily-7283116-2014-07-13
1,4,Delver of Secrets,,Creatures,3,1,UR Delver,sokos13,246 tix,$ 934,240417,2014-07-13,Modern Daily #7283116,modern,modern-daily-7283116,modern-daily-7283116-2014-07-13
2,2,Grim Lavamancer,,Creatures,3,1,UR Delver,sokos13,246 tix,$ 934,240417,2014-07-13,Modern Daily #7283116,modern,modern-daily-7283116,modern-daily-7283116-2014-07-13
3,4,Snapcaster Mage,,Creatures,3,1,UR Delver,sokos13,246 tix,$ 934,240417,2014-07-13,Modern Daily #7283116,modern,modern-daily-7283116,modern-daily-7283116-2014-07-13
4,4,Young Pyromancer,,Creatures,3,1,UR Delver,sokos13,246 tix,$ 934,240417,2014-07-13,Modern Daily #7283116,modern,modern-daily-7283116,modern-daily-7283116-2014-07-13
6,4,Gitaxian Probe,,Spells,3,1,UR Delver,sokos13,246 tix,$ 934,240417,2014-07-13,Modern Daily #7283116,modern,modern-daily-7283116,modern-daily-7283116-2014-07-13
7,4,Lightning Bolt,,Spells,3,1,UR Delver,sokos13,246 tix,$ 934,240417,2014-07-13,Modern Daily #7283116,modern,modern-daily-7283116,modern-daily-7283116-2014-07-13
8,2,Pillar of Flame,,Spells,3,1,UR Delver,sokos13,246 tix,$ 934,240417,2014-07-13,Modern Daily #7283116,modern,modern-daily-7283116,modern-daily-7283116-2014-07-13
9,4,Serum Visions,,Spells,3,1,UR Delver,sokos13,246 tix,$ 934,240417,2014-07-13,Modern Daily #7283116,modern,modern-daily-7283116,modern-daily-7283116-2014-07-13
10,1,Spell Pierce,,Spells,3,1,UR Delver,sokos13,246 tix,$ 934,240417,2014-07-13,Modern Daily #7283116,modern,modern-daily-7283116,modern-daily-7283116-2014-07-13
11,2,Spell Snare,,Spells,3,1,UR Delver,sokos13,246 tix,$ 934,240417,2014-07-13,Modern Daily #7283116,modern,modern-daily-7283116,modern-daily-7283116-2014-07-13
12,3,Vapor Snag,,Spells,3,1,UR Delver,sokos13,246 tix,$ 934,240417,2014-07-13,Modern Daily #7283116,modern,modern-daily-7283116,modern-daily-7283116-2014-07-13
13,3,Mana Leak,,Spells,3,1,UR Delver,sokos13,246 tix,$ 934,240417,2014-07-13,Modern Daily #7283116,modern,modern-daily-7283116,modern-daily-7283116-2014-07-13
14,3,Remand,,Spells,3,1,UR Delver,sokos13,246 tix,$ 934,240417,2014-07-13,Modern Daily #7283116,modern,modern-daily-7283116,modern-daily-7283116-2014-07-13
15,1,Electrolyze,,Spells,3,1,UR Delver,sokos13,246 tix,$ 934,240417,2014-07-13,Modern Daily #7283116,modern,modern-daily-7283116,modern-daily-7283116-2014-07-13
17,6,Island,,Lands,3,1,UR Delver,sokos13,246 tix,$ 934,240417,2014-07-13,Modern Daily #7283116,modern,modern-daily-7283116,modern-daily-7283116-2014-07-13
18,2,Mountain,,Lands,3,1,UR Delver,sokos13,246 tix,$ 934,240417,2014-07-13,Modern Daily #7283116,modern,modern-daily-7283116,modern-daily-7283116-2014-07-13
19,4,Scalding Tarn,,Lands,3,1,UR Delver,sokos13,246 tix,$ 934,240417,2014-07-13,Modern Daily #7283116,modern,modern-daily-7283116,modern-daily-7283116-2014-07-13
20,4,Steam Vents,,Lands,3,1,UR Delver,sokos13,246 tix,$ 934,240417,2014-07-13,Modern Daily #7283116,modern,modern-daily-7283116,modern-daily-7283116-2014-07-13
21,3,Sulfur Falls,,Lands,3,1,UR Delver,sokos13,246 tix,$ 934,240417,2014-07-13,Modern Daily #7283116,modern,modern-daily-7283116,modern-daily-7283116-2014-07-13
23,1,Engineered Explosives,,Sideboard,3,1,UR Delver,sokos13,246 tix,$ 934,240417,2014-07-13,Modern Daily #7283116,modern,modern-daily-7283116,modern-daily-7283116-2014-07-13
24,2,Relic of Progenitus,,Sideboard,3,1,UR Delver,sokos13,246 tix,$ 934,240417,2014-07-13,Modern Daily #7283116,modern,modern-daily-7283116,modern-daily-7283116-2014-07-13
25,1,Shattering Spree,,Sideboard,3,1,UR Delver,sokos13,246 tix,$ 934,240417,2014-07-13,Modern Daily #7283116,modern,modern-daily-7283116,modern-daily-7283116-2014-07-13
26,1,Vandalblast,,Sideboard,3,1,UR Delver,sokos13,246 tix,$ 934,240417,2014-07-13,Modern Daily #7283116,modern,modern-daily-7283116,modern-daily-7283116-2014-07-13
27,2,Combust,,Sideboard,3,1,UR Delver,sokos13,246 tix,$ 934,240417,2014-07-13,Modern Daily #7283116,modern,modern-daily-7283116,modern-daily-7283116-2014-07-13
28,1,Spellskite,,Sideboard,3,1,UR Delver,sokos13,246 tix,$ 934,240417,2014-07-13,Modern Daily #7283116,modern,modern-daily-7283116,modern-daily-7283116-2014-07-13
29,2,Blood Moon,,Sideboard,3,1,UR Delver,sokos13,246 tix,$ 934,240417,2014-07-13,Modern Daily #7283116,modern,modern-daily-7283116,modern-daily-7283116-2014-07-13
30,2,Counterflux,,Sideboard,3,1,UR Delver,sokos13,246 tix,$ 934,240417,2014-07-13,Modern Daily #7283116,modern,modern-daily-7283116,modern-daily-7283116-2014-07-13
31,1,Izzet Staticaster,,Sideboard,3,1,UR Delver,sokos13,246 tix,$ 934,240417,2014-07-13,Modern Daily #7283116,modern,modern-daily-7283116,modern-daily-7283116-2014-07-13
32,2,Threads of Disloyalty,,Sideboard,3,1,UR Delver,sokos13,246 tix,$ 934,240417,2014-07-13,Modern Daily #7283116,modern,modern-daily-7283116,modern-daily-7283116-2014-07-13
1,3,Snapcaster Mage,,Creatures,3,1,UWR Control,Destraschul,275 tix,"$ 1,113",240423,2014-07-13,Modern Daily #7283116,modern,modern-daily-7283116,modern-daily-7283116-2014-07-13
2,3,Wall of Omens,,Creatures,3,1,UWR Control,Destraschul,275 tix,"$ 1,113",240423,2014-07-13,Modern Daily #7283116,modern,modern-daily-7283116,modern-daily-7283116-2014-07-13
3,4,Restoration Angel,,Creatures,3,1,UWR Control,Destraschul,275 tix,"$ 1,113",240423,2014-07-13,Modern Daily #7283116,modern,modern-daily-7283116,modern-daily-7283116-2014-07-13
4,3,"Kiki-Jiki, Mirror Breaker",,Creatures,3,1,UWR Control,Destraschul,275 tix,"$ 1,113",240423,2014-07-13,Modern Daily #7283116,modern,modern-daily-7283116,modern-daily-7283116-2014-07-13
6,1,Ajani Vengeant,,Planeswalkers,3,1,UWR Control,Destraschul,275 tix,"$ 1,113",240423,2014-07-13,Modern Daily #7283116,modern,modern-daily-7283116,modern-daily-7283116-2014-07-13
8,1,Flame Slash,,Spells,3,1,UWR Control,Destraschul,275 tix,"$ 1,113",240423,2014-07-13,Modern Daily #7283116,modern,modern-daily-7283116,modern-daily-7283116-2014-07-13
9,2,Lightning Bolt,,Spells,3,1,UWR Control,Destraschul,275 tix,"$ 1,113",240423,2014-07-13,Modern Daily #7283116,modern,modern-daily-7283116,modern-daily-7283116-2014-07-13
10,4,Path to Exile,,Spells,3,1,UWR Control,Destraschul,275 tix,"$ 1,113",240423,2014-07-13,Modern Daily #7283116,modern,modern-daily-7283116,modern-daily-7283116-2014-07-13
11,1,Spell Snare,,Spells,3,1,UWR Control,Destraschul,275 tix,"$ 1,113",240423,2014-07-13,Modern Daily #7283116,modern,modern-daily-7283116,modern-daily-7283116-2014-07-13
12,4,Mana Leak,,Spells,3,1,UWR Control,Destraschul,275 tix,"$ 1,113",240423,2014-07-13,Modern Daily #7283116,modern,modern-daily-7283116,modern-daily-7283116-2014-07-13
13,3,Remand,,Spells,3,1,UWR Control,Destraschul,275 tix,"$ 1,113",240423,2014-07-13,Modern Daily #7283116,modern,modern-daily-7283116,modern-daily-7283116-2014-07-13
14,4,Electrolyze,,Spells,3,1,UWR Control,Destraschul,275 tix,"$ 1,113",240423,2014-07-13,Modern Daily #7283116,modern,modern-daily-7283116,modern-daily-7283116-2014-07-13
15,1,Sphinx's Revelation,,Spells,3,1,UWR Control,Destraschul,275 tix,"$ 1,113",240423,2014-07-13,Modern Daily #7283116,modern,modern-daily-7283116,modern-daily-7283116-2014-07-13
17,3,Arid Mesa,,Lands,3,1,UWR Control,Destraschul,275 tix,"$ 1,113",240423,2014-07-13,Modern Daily #7283116,modern,modern-daily-7283116,modern-daily-7283116-2014-07-13
18,1,Cascade Bluffs,,Lands,3,1,UWR Control,Destraschul,275 tix,"$ 1,113",240423,2014-07-13,Modern Daily #7283116,modern,modern-daily-7283116,modern-daily-7283116-2014-07-13
19,4,Celestial Colonnade,,Lands,3,1,UWR Control,Destraschul,275 tix,"$ 1,113",240423,2014-07-13,Modern Daily #7283116,modern,modern-daily-7283116,modern-daily-7283116-2014-07-13
20,1,Hallowed Fountain,,Lands,3,1,UWR Control,Destraschul,275 tix,"$ 1,113",240423,2014-07-13,Modern Daily #7283116,modern,modern-daily-7283116,modern-daily-7283116-2014-07-13
21,2,Island,,Lands,3,1,UWR Control,Destraschul,275 tix,"$ 1,113",240423,2014-07-13,Modern Daily #7283116,modern,modern-daily-7283116,modern-daily-7283116-2014-07-13
22,1,Mountain,,Lands,3,1,UWR Control,Destraschul,275 tix,"$ 1,113",240423,2014-07-13,Modern Daily #7283116,modern,modern-daily-7283116,modern-daily-7283116-2014-07-13
23,2,Plains,,Lands,3,1,UWR Control,Destraschul,275 tix,"$ 1,113",240423,2014-07-13,Modern Daily #7283116,modern,modern-daily-7283116,modern-daily-7283116-2014-07-13
24,1,Sacred Foundry,,Lands,3,1,UWR Control,Destraschul,275 tix,"$ 1,113",240423,2014-07-13,Modern Daily #7283116,modern,modern-daily-7283116,modern-daily-7283116-2014-07-13
25,4,Scalding Tarn,,Lands,3,1,UWR Control,Destraschul,275 tix,"$ 1,113",240423,2014-07-13,Modern Daily #7283116,modern,modern-daily-7283116,modern-daily-7283116-2014-07-13
26,2,Steam Vents,,Lands,3,1,UWR Control,Destraschul,275 tix,"$ 1,113",240423,2014-07-13,Modern Daily #7283116,modern,modern-daily-7283116,modern-daily-7283116-2014-07-13
27,3,Sulfur Falls,,Lands,3,1,UWR Control,Destraschul,275 tix,"$ 1,113",240423,2014-07-13,Modern Daily #7283116,modern,modern-daily-7283116,modern-daily-7283116-2014-07-13
28,2,Tectonic Edge,,Lands,3,1,UWR Control,Destraschul,275 tix,"$ 1,113",240423,2014-07-13,Modern Daily #7283116,modern,modern-daily-7283116,modern-daily-7283116-2014-07-13
30,2,Wear & Tear,,Sideboard,3,1,UWR Control,Destraschul,275 tix,"$ 1,113",240423,2014-07-13,Modern Daily #7283116,modern,modern-daily-7283116,modern-daily-7283116-2014-07-13
31,1,Dispel,,Sideboard,3,1,UWR Control,Destraschul,275 tix,"$ 1,113",240423,2014-07-13,Modern Daily #7283116,modern,modern-daily-7283116,modern-daily-7283116-2014-07-13
32,1,Celestial Purge,,Sideboard,3,1,UWR Control,Destraschul,275 tix,"$ 1,113",240423,2014-07-13,Modern Daily #7283116,modern,modern-daily-7283116,modern-daily-7283116-2014-07-13
33,2,Kor Firewalker,,Sideboard,3,1,UWR Control,Destraschul,275 tix,"$ 1,113",240423,2014-07-13,Modern Daily #7283116,modern,modern-daily-7283116,modern-daily-7283116-2014-07-13
34,1,Spellskite,,Sideboard,3,1,UWR Control,Destraschul,275 tix,"$ 1,113",240423,2014-07-13,Modern Daily #7283116,modern,modern-daily-7283116,modern-daily-7283116-2014-07-13
35,2,Stony Silence,,Sideboard,3,1,UWR Control,Destraschul,275 tix,"$ 1,113",240423,2014-07-13,Modern Daily #7283116,modern,modern-daily-7283116,modern-daily-7283116-2014-07-13
36,2,Counterflux,,Sideboard,3,1,UWR Control,Destraschul,275 tix,"$ 1,113",240423,2014-07-13,Modern Daily #7283116,modern,modern-daily-7283116,modern-daily-7283116-2014-07-13
37,1,Threads of Disloyalty,,Sideboard,3,1,UWR Control,Destraschul,275 tix,"$ 1,113",240423,2014-07-13,Modern Daily #7283116,modern,modern-daily-7283116,modern-daily-7283116-2014-07-13
38,1,Timely Reinforcements,,Sideboard,3,1,UWR Control,Destraschul,275 tix,"$ 1,113",240423,2014-07-13,Modern Daily #7283116,modern,modern-daily-7283116,modern-daily-7283116-2014-07-13
39,2,Wrath of God,,Sideboard,3,1,UWR Control,Destraschul,275 tix,"$ 1,113",240423,2014-07-13,Modern Daily #7283116,modern,modern-daily-7283116,modern-daily-7283116-2014-07-13
